/*--------------------------------*- C++ -*----------------------------------*\
  =========                 |
  \\      /  F ield         | OpenFOAM: The Open Source CFD Toolbox
   \\    /   O peration     | Website:  https://openfoam.org
    \\  /    A nd           | Version:  10
     \\/     M anipulation  |
\*---------------------------------------------------------------------------*/
FoamFile
{
    format      ascii;
    class       volScalarField;
    location    "0.3";
    object      Sb;
}
// * * * * * * * * * * * * * * * * * * * * * * * * * * * * * * * * * * * * * //

dimensions      [0 0 0 0 0 0 0];

internalField   nonuniform List<scalar> 
12225
(
0.781805
0.779946
0.777545
0.774942
0.772413
0.770174
0.768355
0.766927
0.765429
0.761847
0.743452
0.40259
0.00155046
1.1e-06
1.1e-06
1.1e-06
1.1e-06
1.1e-06
0.814333
0.812521
0.810305
0.807881
0.805346
0.802704
0.799853
0.79653
0.792118
0.784912
0.767079
0.557225
0.00761869
1.10018e-06
1.1e-06
1.1e-06
1.1e-06
1.1e-06
0.825494
0.823308
0.820687
0.817839
0.814846
0.811686
0.808235
0.80422
0.79905
0.791178
0.77406
0.627623
0.0170724
1.11136e-06
1.1e-06
1.1e-06
1.1e-06
1.1e-06
0.833568
0.830978
0.827914
0.824617
0.821182
0.817584
0.813689
0.809223
0.803621
0.795451
0.779105
0.677186
0.0361343
1.46369e-06
1.1e-06
1.1e-06
1.1e-06
1.1e-06
0.840565
0.83755
0.834013
0.830239
0.826346
0.822316
0.818012
0.813162
0.807225
0.798877
0.783263
0.708332
0.0682039
3.33233e-06
1.1e-06
1.1e-06
1.1e-06
1.1e-06
0.847104
0.843637
0.839596
0.835317
0.830944
0.826468
0.821757
0.816543
0.810305
0.801821
0.786882
0.728456
0.114064
1.00774e-05
1.1e-06
1.1e-06
1.1e-06
1.1e-06
0.85348
0.849525
0.844943
0.840126
0.835244
0.830301
0.825172
0.819595
0.813072
0.804472
0.790149
0.742831
0.173766
3.02436e-05
1.1e-06
1.1e-06
1.1e-06
1.1e-06
0.859877
0.855383
0.850212
0.844817
0.839393
0.833959
0.828393
0.822445
0.81564
0.806938
0.793178
0.753937
0.24724
8.89881e-05
1.1e-06
1.1e-06
1.1e-06
1.1e-06
0.866432
0.861329
0.855511
0.849488
0.843484
0.837526
0.831501
0.825165
0.818073
0.809271
0.796017
0.762867
0.334084
0.000287835
1.1e-06
1.1e-06
1.1e-06
1.1e-06
0.873265
0.867461
0.860917
0.854208
0.847577
0.841059
0.834546
0.827803
0.820408
0.811495
0.798677
0.770165
0.433533
0.00112368
1.1e-06
1.1e-06
1.1e-06
1.1e-06
0.880495
0.873862
0.866494
0.859023
0.85171
0.844591
0.837559
0.830382
0.822662
0.813609
0.801145
0.776116
0.540448
0.00493555
1.10003e-06
1.1e-06
1.1e-06
1.1e-06
0.888256
0.880618
0.872294
0.863968
0.855906
0.848138
0.84055
0.83291
0.824837
0.815602
0.803389
0.780888
0.628285
0.0180121
1.12189e-06
1.1e-06
1.1e-06
1.1e-06
0.895454
0.886743
0.877451
0.86829
0.859516
0.851141
0.843036
0.834962
0.826541
0.817081
0.804914
0.783758
0.673765
0.0437412
1.85733e-06
1.1e-06
1.1e-06
1.1e-06
0.904378
0.894157
0.883575
0.873346
0.86369
0.854582
0.845864
0.83728
0.828451
0.818716
0.806535
0.786451
0.702171
0.0855094
5.7715e-06
1.1e-06
1.1e-06
1.1e-06
0.915631
0.903193
0.890835
0.879207
0.868451
0.858456
0.849024
0.839858
0.83055
0.820463
0.808167
0.788814
0.719806
0.135642
1.71959e-05
1.1e-06
1.1e-06
1.1e-06
0.930273
0.914402
0.899457
0.885913
0.8739
0.862931
0.852663
0.842777
0.83288
0.822338
0.809772
0.790694
0.729617
0.174598
3.37488e-05
1.1e-06
1.1e-06
1.1e-06
0.951707
0.930474
0.911644
0.89534
0.881024
0.86836
0.856856
0.846038
0.835399
0.824236
0.811112
0.791385
0.727728
0.161993
2.8165e-05
1.1e-06
1.1e-06
1.1e-06
0.924136
0.90988
0.896413
0.883917
0.87234
0.861535
0.85128
0.841281
0.831123
0.820081
0.806396
0.783352
0.662145
0.0435627
1.926e-06
1.1e-06
1.1e-06
1.1e-06
0.89837
0.888739
0.878821
0.869087
0.859661
0.850503
0.841464
0.83227
0.822421
0.810787
0.793745
0.747041
0.250979
0.00010355
1.1e-06
1.1e-06
1.1e-06
1.1e-06
0.881142
0.874
0.866131
0.858025
0.849858
0.841624
0.833165
0.824109
0.813597
0.799064
0.767164
0.425518
0.00099288
1.1e-06
1.1e-06
1.1e-06
1.1e-06
1.1e-06
0.867062
0.861463
0.854973
0.847996
0.84068
0.832983
0.824644
0.814979
0.802002
0.77682
0.57009
0.00783865
1.10034e-06
1.1e-06
1.1e-06
1.1e-06
1.1e-06
1.1e-06
0.855177
0.850591
0.845048
0.838834
0.832018
0.824443
0.815567
0.803769
0.782336
0.6555
0.0305912
1.3426e-06
1.1e-06
1.1e-06
1.1e-06
1.1e-06
1.1e-06
1.1e-06
0.844835
0.840949
0.836067
0.830327
0.823658
0.81565
0.804977
0.786398
0.70326
0.0755564
4.07623e-06
1.1e-06
1.1e-06
1.1e-06
1.1e-06
1.1e-06
1.1e-06
1.1e-06
0.835545
0.832172
0.827752
0.822226
0.815259
0.805813
0.789842
0.732832
0.146107
1.74006e-05
1.1e-06
1.1e-06
1.1e-06
1.1e-06
1.1e-06
1.1e-06
1.1e-06
1.1e-06
0.826892
0.823918
0.819813
0.8142
0.806174
0.792745
0.752746
0.246001
7.26196e-05
1.1e-06
1.1e-06
1.1e-06
1.1e-06
1.1e-06
1.1e-06
1.1e-06
1.1e-06
1.1e-06
0.818431
0.815788
0.811869
0.805708
0.79482
0.766382
0.378897
0.000342125
1.1e-06
1.1e-06
1.1e-06
1.1e-06
1.1e-06
1.1e-06
1.1e-06
1.1e-06
1.1e-06
1.1e-06
0.809508
0.80715
0.803265
0.795564
0.775133
0.537311
0.00216914
1.1e-06
1.1e-06
1.1e-06
1.1e-06
1.1e-06
1.1e-06
1.1e-06
1.1e-06
1.1e-06
1.1e-06
1.1e-06
0.798643
0.796534
0.792414
0.780031
0.667054
0.0142393
1.10174e-06
1.1e-06
1.1e-06
1.1e-06
1.1e-06
1.1e-06
1.1e-06
1.1e-06
1.1e-06
1.1e-06
1.1e-06
1.1e-06
0.779764
0.778102
0.773232
0.731061
0.0715481
2.39731e-06
1.1e-06
1.1e-06
1.1e-06
1.1e-06
1.1e-06
1.1e-06
1.1e-06
1.1e-06
1.1e-06
1.1e-06
1.1e-06
1.1e-06
0.649267
0.647788
0.610575
0.195427
2.19527e-05
1.1e-06
1.1e-06
1.1e-06
1.1e-06
1.1e-06
1.1e-06
1.1e-06
1.1e-06
1.1e-06
1.1e-06
1.1e-06
1.1e-06
1.1e-06
1.1e-06
1.1e-06
1.1e-06
1.1e-06
1.1e-06
1.1e-06
1.1e-06
1.1e-06
1.1e-06
1.1e-06
1.1e-06
1.1e-06
1.1e-06
1.1e-06
1.1e-06
1.1e-06
1.1e-06
1.1e-06
1.1e-06
1.1e-06
1.1e-06
1.1e-06
1.1e-06
1.1e-06
1.1e-06
1.1e-06
1.1e-06
1.1e-06
1.1e-06
1.1e-06
1.1e-06
1.1e-06
1.1e-06
1.1e-06
1.1e-06
1.1e-06
1.1e-06
1.1e-06
1.1e-06
1.1e-06
1.1e-06
1.1e-06
1.1e-06
1.1e-06
1.1e-06
1.1e-06
1.1e-06
1.1e-06
1.1e-06
1.1e-06
1.1e-06
1.1e-06
1.1e-06
1.1e-06
1.1e-06
1.1e-06
1.1e-06
1.1e-06
1.1e-06
1.1e-06
1.1e-06
1.1e-06
1.1e-06
1.1e-06
1.1e-06
1.1e-06
1.1e-06
1.1e-06
1.1e-06
1.1e-06
1.1e-06
1.1e-06
1.1e-06
1.1e-06
1.1e-06
1.1e-06
1.1e-06
1.1e-06
1.1e-06
1.1e-06
1.1e-06
1.1e-06
1.1e-06
1.1e-06
1.1e-06
1.1e-06
1.1e-06
1.1e-06
1.1e-06
1.1e-06
1.1e-06
1.1e-06
1.1e-06
1.1e-06
1.1e-06
1.1e-06
1.1e-06
1.1e-06
1.1e-06
1.1e-06
1.1e-06
1.1e-06
1.1e-06
1.1e-06
1.1e-06
1.1e-06
1.1e-06
1.1e-06
1.1e-06
1.1e-06
1.1e-06
1.1e-06
1.1e-06
1.1e-06
1.1e-06
1.1e-06
1.1e-06
1.1e-06
1.1e-06
1.1e-06
1.1e-06
1.1e-06
1.1e-06
1.1e-06
1.1e-06
1.1e-06
1.1e-06
1.1e-06
1.1e-06
1.1e-06
1.1e-06
1.1e-06
1.1e-06
1.1e-06
1.1e-06
1.1e-06
1.1e-06
1.1e-06
1.1e-06
1.1e-06
1.1e-06
1.1e-06
1.1e-06
1.1e-06
1.1e-06
1.1e-06
1.1e-06
1.1e-06
1.1e-06
1.1e-06
1.1e-06
1.1e-06
1.1e-06
1.1e-06
1.1e-06
1.1e-06
1.1e-06
1.1e-06
1.1e-06
1.1e-06
1.1e-06
1.1e-06
1.1e-06
1.1e-06
1.1e-06
1.1e-06
1.1e-06
1.1e-06
1.1e-06
1.1e-06
1.1e-06
1.1e-06
1.1e-06
1.1e-06
1.1e-06
1.1e-06
1.1e-06
1.1e-06
1.1e-06
1.1e-06
1.1e-06
1.1e-06
1.1e-06
1.1e-06
1.1e-06
1.1e-06
1.1e-06
1.1e-06
1.1e-06
1.1e-06
1.1e-06
1.1e-06
1.1e-06
1.1e-06
1.1e-06
1.1e-06
1.1e-06
1.1e-06
1.1e-06
1.1e-06
1.1e-06
1.1e-06
1.1e-06
1.1e-06
1.1e-06
1.1e-06
1.1e-06
1.1e-06
1.1e-06
1.1e-06
1.1e-06
1.1e-06
1.1e-06
1.1e-06
1.1e-06
1.1e-06
1.1e-06
1.1e-06
1.1e-06
1.1e-06
1.1e-06
1.1e-06
1.1e-06
1.1e-06
1.1e-06
1.1e-06
1.1e-06
1.1e-06
1.1e-06
1.1e-06
1.1e-06
1.1e-06
1.1e-06
1.1e-06
1.1e-06
1.1e-06
1.1e-06
1.1e-06
1.1e-06
1.1e-06
1.1e-06
1.1e-06
1.1e-06
1.1e-06
1.1e-06
1.1e-06
1.1e-06
1.1e-06
1.1e-06
1.1e-06
1.1e-06
1.1e-06
1.1e-06
1.1e-06
1.1e-06
1.1e-06
1.1e-06
1.1e-06
1.1e-06
1.1e-06
1.1e-06
1.1e-06
1.1e-06
1.1e-06
1.1e-06
1.1e-06
1.1e-06
1.1e-06
1.1e-06
1.1e-06
1.1e-06
1.1e-06
1.1e-06
1.1e-06
1.1e-06
1.1e-06
1.1e-06
1.1e-06
1.1e-06
1.1e-06
1.1e-06
1.1e-06
1.1e-06
1.1e-06
1.1e-06
1.1e-06
1.1e-06
1.1e-06
1.1e-06
1.1e-06
1.1e-06
1.1e-06
1.1e-06
1.1e-06
1.1e-06
1.1e-06
1.1e-06
1.1e-06
1.1e-06
1.1e-06
1.1e-06
1.1e-06
1.1e-06
1.1e-06
1.1e-06
1.1e-06
1.1e-06
1.1e-06
1.1e-06
1.1e-06
1.1e-06
1.1e-06
1.1e-06
1.1e-06
1.1e-06
1.1e-06
1.1e-06
1.1e-06
1.1e-06
1.1e-06
1.1e-06
1.1e-06
1.1e-06
1.1e-06
1.1e-06
1.1e-06
1.1e-06
1.1e-06
1.1e-06
1.1e-06
1.1e-06
1.1e-06
1.1e-06
1.1e-06
1.1e-06
1.1e-06
1.1e-06
1.1e-06
1.1e-06
1.1e-06
1.1e-06
1.1e-06
1.1e-06
1.1e-06
1.1e-06
1.1e-06
1.1e-06
1.1e-06
1.1e-06
1.1e-06
1.1e-06
1.1e-06
1.1e-06
1.1e-06
1.1e-06
1.1e-06
1.1e-06
1.1e-06
1.1e-06
1.1e-06
1.1e-06
1.1e-06
1.1e-06
1.1e-06
1.1e-06
1.1e-06
1.1e-06
1.1e-06
1.1e-06
1.1e-06
1.1e-06
1.1e-06
1.1e-06
1.1e-06
1.1e-06
1.1e-06
1.1e-06
1.1e-06
1.1e-06
1.1e-06
1.1e-06
1.1e-06
1.1e-06
1.1e-06
1.1e-06
1.1e-06
1.1e-06
1.1e-06
1.1e-06
1.1e-06
1.1e-06
1.1e-06
1.1e-06
1.1e-06
1.1e-06
1.1e-06
1.1e-06
1.1e-06
1.1e-06
1.1e-06
1.1e-06
1.1e-06
1.1e-06
1.1e-06
1.1e-06
1.1e-06
1.1e-06
1.1e-06
1.1e-06
1.1e-06
1.1e-06
1.1e-06
1.1e-06
1.1e-06
1.1e-06
1.1e-06
1.1e-06
1.1e-06
1.1e-06
1.1e-06
1.1e-06
1.1e-06
1.1e-06
1.1e-06
1.1e-06
1.1e-06
1.1e-06
1.1e-06
1.1e-06
1.1e-06
1.1e-06
1.1e-06
1.1e-06
1.1e-06
1.1e-06
1.1e-06
1.1e-06
1.1e-06
1.1e-06
1.1e-06
1.1e-06
1.1e-06
1.1e-06
1.1e-06
1.1e-06
1.1e-06
1.1e-06
1.1e-06
1.1e-06
1.1e-06
1.1e-06
1.1e-06
1.1e-06
1.1e-06
1.1e-06
1.1e-06
1.1e-06
1.1e-06
1.1e-06
1.1e-06
1.1e-06
1.1e-06
1.1e-06
1.1e-06
1.1e-06
1.1e-06
1.1e-06
1.1e-06
1.1e-06
1.1e-06
1.1e-06
1.1e-06
1.1e-06
1.1e-06
1.1e-06
1.1e-06
1.1e-06
1.1e-06
1.1e-06
1.1e-06
1.1e-06
1.1e-06
1.1e-06
1.1e-06
1.1e-06
1.1e-06
1.1e-06
1.1e-06
1.1e-06
1.1e-06
1.1e-06
1.1e-06
1.1e-06
1.1e-06
1.1e-06
1.1e-06
1.1e-06
1.1e-06
1.1e-06
1.1e-06
1.1e-06
1.1e-06
1.1e-06
1.1e-06
1.1e-06
1.1e-06
1.1e-06
1.1e-06
1.1e-06
1.1e-06
1.1e-06
1.1e-06
1.1e-06
1.1e-06
1.1e-06
1.1e-06
1.1e-06
1.1e-06
1.1e-06
1.1e-06
1.1e-06
1.1e-06
1.1e-06
1.1e-06
1.1e-06
1.1e-06
1.1e-06
1.1e-06
1.1e-06
1.1e-06
1.1e-06
1.1e-06
1.1e-06
1.1e-06
1.1e-06
1.1e-06
1.1e-06
1.1e-06
1.1e-06
1.1e-06
1.1e-06
1.1e-06
1.1e-06
1.1e-06
1.1e-06
1.1e-06
1.1e-06
1.1e-06
1.1e-06
1.1e-06
1.1e-06
1.1e-06
1.1e-06
1.1e-06
1.1e-06
1.1e-06
1.1e-06
1.1e-06
1.1e-06
1.1e-06
1.1e-06
1.1e-06
1.1e-06
1.1e-06
1.1e-06
1.1e-06
1.1e-06
1.1e-06
1.1e-06
1.1e-06
1.1e-06
1.1e-06
1.1e-06
1.1e-06
1.1e-06
1.1e-06
1.1e-06
1.1e-06
1.1e-06
1.1e-06
1.1e-06
1.1e-06
1.1e-06
1.1e-06
1.1e-06
1.1e-06
1.1e-06
1.1e-06
1.1e-06
1.1e-06
1.1e-06
1.1e-06
1.1e-06
1.1e-06
1.1e-06
1.1e-06
1.1e-06
1.1e-06
1.1e-06
1.1e-06
1.1e-06
1.1e-06
1.1e-06
1.1e-06
1.1e-06
1.1e-06
1.1e-06
1.1e-06
1.1e-06
1.1e-06
1.1e-06
1.1e-06
1.1e-06
1.1e-06
1.1e-06
1.1e-06
1.1e-06
1.1e-06
1.1e-06
1.1e-06
1.1e-06
1.1e-06
1.1e-06
1.1e-06
1.1e-06
1.1e-06
1.1e-06
1.1e-06
1.1e-06
1.1e-06
1.1e-06
1.1e-06
1.1e-06
1.1e-06
1.1e-06
1.1e-06
1.1e-06
1.1e-06
1.1e-06
1.1e-06
1.1e-06
1.1e-06
1.1e-06
1.1e-06
1.1e-06
1.1e-06
1.1e-06
1.1e-06
1.1e-06
1.1e-06
1.1e-06
1.1e-06
1.1e-06
1.1e-06
1.1e-06
1.1e-06
1.1e-06
1.1e-06
1.1e-06
1.1e-06
1.1e-06
1.1e-06
1.1e-06
1.1e-06
1.1e-06
1.1e-06
1.1e-06
1.1e-06
1.1e-06
1.1e-06
1.1e-06
1.1e-06
1.1e-06
1.1e-06
1.1e-06
1.1e-06
1.1e-06
1.1e-06
1.1e-06
1.1e-06
1.1e-06
1.1e-06
1.1e-06
1.1e-06
1.1e-06
1.1e-06
1.1e-06
1.1e-06
1.1e-06
1.1e-06
1.1e-06
1.1e-06
1.1e-06
1.1e-06
1.1e-06
1.1e-06
1.1e-06
1.1e-06
1.1e-06
1.1e-06
1.1e-06
1.1e-06
1.1e-06
1.1e-06
1.1e-06
1.1e-06
1.1e-06
1.1e-06
1.1e-06
1.1e-06
1.1e-06
1.1e-06
1.1e-06
1.1e-06
1.1e-06
1.1e-06
1.1e-06
1.1e-06
1.1e-06
1.1e-06
1.1e-06
1.1e-06
1.1e-06
1.1e-06
1.1e-06
1.1e-06
1.1e-06
1.1e-06
1.1e-06
1.1e-06
1.1e-06
1.1e-06
1.1e-06
1.1e-06
1.1e-06
1.1e-06
1.1e-06
1.1e-06
1.1e-06
1.1e-06
1.1e-06
1.1e-06
1.1e-06
1.1e-06
1.1e-06
1.1e-06
1.1e-06
1.1e-06
1.1e-06
1.1e-06
1.1e-06
1.1e-06
1.1e-06
1.1e-06
1.1e-06
1.1e-06
1.1e-06
1.1e-06
1.1e-06
1.1e-06
1.1e-06
1.1e-06
1.1e-06
1.1e-06
1.1e-06
1.1e-06
1.1e-06
1.1e-06
1.1e-06
1.1e-06
1.1e-06
1.1e-06
1.1e-06
1.1e-06
1.1e-06
1.1e-06
1.1e-06
1.1e-06
1.1e-06
1.1e-06
1.1e-06
1.1e-06
1.1e-06
1.1e-06
1.1e-06
1.1e-06
1.1e-06
1.1e-06
1.1e-06
1.1e-06
1.1e-06
1.1e-06
1.1e-06
1.1e-06
1.1e-06
1.1e-06
1.1e-06
1.1e-06
1.1e-06
1.1e-06
1.1e-06
1.1e-06
1.1e-06
1.1e-06
1.1e-06
1.1e-06
1.1e-06
1.1e-06
1.1e-06
1.1e-06
1.1e-06
1.1e-06
1.1e-06
1.1e-06
1.1e-06
1.1e-06
1.1e-06
1.1e-06
1.1e-06
1.1e-06
1.1e-06
1.1e-06
1.1e-06
1.1e-06
1.1e-06
1.1e-06
1.1e-06
1.1e-06
1.1e-06
1.1e-06
1.1e-06
1.1e-06
1.1e-06
1.1e-06
1.1e-06
1.1e-06
1.1e-06
1.1e-06
1.1e-06
1.1e-06
1.1e-06
1.1e-06
1.1e-06
1.1e-06
1.1e-06
1.1e-06
1.1e-06
1.1e-06
1.1e-06
1.1e-06
1.1e-06
1.1e-06
1.1e-06
1.1e-06
1.1e-06
1.1e-06
1.1e-06
1.1e-06
1.1e-06
1.1e-06
1.1e-06
1.1e-06
1.1e-06
1.1e-06
1.1e-06
1.1e-06
1.1e-06
1.1e-06
1.1e-06
1.1e-06
1.1e-06
1.1e-06
1.1e-06
1.1e-06
1.1e-06
1.1e-06
1.1e-06
1.1e-06
1.1e-06
1.1e-06
1.1e-06
1.1e-06
1.1e-06
1.1e-06
1.1e-06
1.1e-06
1.1e-06
1.1e-06
1.1e-06
1.1e-06
1.1e-06
1.1e-06
1.1e-06
1.1e-06
1.1e-06
1.1e-06
1.1e-06
1.1e-06
1.1e-06
1.1e-06
1.1e-06
1.1e-06
1.1e-06
1.1e-06
1.1e-06
1.1e-06
1.1e-06
1.1e-06
1.1e-06
1.1e-06
1.1e-06
1.1e-06
1.1e-06
1.1e-06
1.1e-06
1.1e-06
1.1e-06
1.1e-06
1.1e-06
1.1e-06
1.1e-06
1.1e-06
1.1e-06
1.1e-06
1.1e-06
1.1e-06
1.1e-06
1.1e-06
1.1e-06
1.1e-06
1.1e-06
1.1e-06
1.1e-06
1.1e-06
1.1e-06
1.1e-06
1.1e-06
1.1e-06
1.1e-06
1.1e-06
1.1e-06
1.1e-06
1.1e-06
1.1e-06
1.1e-06
1.1e-06
1.1e-06
1.1e-06
1.1e-06
1.1e-06
1.1e-06
1.1e-06
1.1e-06
1.1e-06
1.1e-06
1.1e-06
1.1e-06
1.1e-06
1.1e-06
1.1e-06
1.1e-06
1.1e-06
1.1e-06
1.1e-06
1.1e-06
1.1e-06
1.1e-06
1.1e-06
1.1e-06
1.1e-06
1.1e-06
1.1e-06
1.1e-06
1.1e-06
1.1e-06
1.1e-06
1.1e-06
1.1e-06
1.1e-06
1.1e-06
1.1e-06
1.1e-06
1.1e-06
1.1e-06
1.1e-06
1.1e-06
1.1e-06
1.1e-06
1.1e-06
1.1e-06
1.1e-06
1.1e-06
1.1e-06
1.1e-06
1.1e-06
1.1e-06
1.1e-06
1.1e-06
1.1e-06
1.1e-06
1.1e-06
1.1e-06
1.1e-06
1.1e-06
1.1e-06
1.1e-06
1.1e-06
1.1e-06
1.1e-06
1.1e-06
1.1e-06
1.1e-06
1.1e-06
1.1e-06
1.1e-06
1.1e-06
1.1e-06
1.1e-06
1.1e-06
1.1e-06
1.1e-06
1.1e-06
1.1e-06
1.1e-06
1.1e-06
1.1e-06
1.1e-06
1.1e-06
1.1e-06
1.1e-06
1.1e-06
1.1e-06
1.1e-06
1.1e-06
1.1e-06
1.1e-06
1.1e-06
1.1e-06
1.1e-06
1.1e-06
1.1e-06
1.1e-06
1.1e-06
1.1e-06
1.1e-06
1.1e-06
1.1e-06
1.1e-06
1.1e-06
1.1e-06
1.1e-06
1.1e-06
1.1e-06
1.1e-06
1.1e-06
1.1e-06
1.1e-06
1.1e-06
1.1e-06
1.1e-06
1.1e-06
1.1e-06
1.1e-06
1.1e-06
1.1e-06
1.1e-06
1.1e-06
1.1e-06
1.1e-06
1.1e-06
1.1e-06
1.1e-06
1.1e-06
1.1e-06
1.1e-06
1.1e-06
1.1e-06
1.1e-06
1.1e-06
1.1e-06
1.1e-06
1.1e-06
1.1e-06
1.1e-06
1.1e-06
1.1e-06
1.1e-06
1.1e-06
1.1e-06
1.1e-06
1.1e-06
1.1e-06
1.1e-06
1.1e-06
1.1e-06
1.1e-06
1.1e-06
1.1e-06
1.1e-06
1.1e-06
1.1e-06
1.1e-06
1.1e-06
1.1e-06
1.1e-06
1.1e-06
1.1e-06
1.1e-06
1.1e-06
1.1e-06
1.1e-06
1.1e-06
1.1e-06
1.1e-06
1.1e-06
1.1e-06
1.1e-06
1.1e-06
1.1e-06
1.1e-06
1.1e-06
1.1e-06
1.1e-06
1.1e-06
1.1e-06
1.1e-06
1.1e-06
1.1e-06
1.1e-06
1.1e-06
1.1e-06
1.1e-06
1.1e-06
1.1e-06
1.1e-06
1.1e-06
1.1e-06
1.1e-06
1.1e-06
1.1e-06
1.1e-06
1.1e-06
1.1e-06
1.1e-06
1.1e-06
1.1e-06
1.1e-06
1.1e-06
1.1e-06
1.1e-06
1.1e-06
1.1e-06
1.1e-06
1.1e-06
1.1e-06
1.1e-06
1.1e-06
1.1e-06
1.1e-06
1.1e-06
1.1e-06
1.1e-06
1.1e-06
1.1e-06
1.1e-06
1.1e-06
1.1e-06
1.1e-06
1.1e-06
1.1e-06
1.1e-06
1.1e-06
1.1e-06
1.1e-06
1.1e-06
1.1e-06
1.1e-06
1.1e-06
1.1e-06
1.1e-06
1.1e-06
1.1e-06
1.1e-06
1.1e-06
1.1e-06
1.1e-06
1.1e-06
1.1e-06
1.1e-06
1.1e-06
1.1e-06
1.1e-06
1.1e-06
1.1e-06
1.1e-06
1.1e-06
1.1e-06
1.1e-06
1.1e-06
1.1e-06
1.1e-06
1.1e-06
1.1e-06
1.1e-06
1.1e-06
1.1e-06
1.1e-06
1.1e-06
1.1e-06
1.1e-06
1.1e-06
1.1e-06
1.1e-06
1.1e-06
1.1e-06
1.1e-06
1.1e-06
1.1e-06
1.1e-06
1.1e-06
1.1e-06
1.1e-06
1.1e-06
1.1e-06
1.1e-06
1.1e-06
1.1e-06
1.1e-06
1.1e-06
1.1e-06
1.1e-06
1.1e-06
1.1e-06
1.1e-06
1.1e-06
1.1e-06
1.1e-06
1.1e-06
1.1e-06
1.1e-06
1.1e-06
1.1e-06
1.1e-06
1.1e-06
1.1e-06
1.1e-06
1.1e-06
1.1e-06
1.1e-06
1.1e-06
1.1e-06
1.1e-06
1.1e-06
1.1e-06
1.1e-06
1.1e-06
1.1e-06
1.1e-06
1.1e-06
1.1e-06
1.1e-06
1.1e-06
1.1e-06
1.1e-06
1.1e-06
1.1e-06
1.1e-06
1.1e-06
1.1e-06
1.1e-06
1.1e-06
1.1e-06
1.1e-06
1.1e-06
1.1e-06
1.1e-06
1.1e-06
1.1e-06
1.1e-06
1.1e-06
1.1e-06
1.1e-06
1.1e-06
1.1e-06
1.1e-06
1.1e-06
1.1e-06
1.1e-06
1.1e-06
1.1e-06
1.1e-06
1.1e-06
1.1e-06
1.1e-06
1.1e-06
1.1e-06
1.1e-06
1.1e-06
1.1e-06
1.1e-06
1.1e-06
1.1e-06
1.1e-06
1.1e-06
1.1e-06
1.1e-06
1.1e-06
1.1e-06
1.1e-06
1.1e-06
1.1e-06
1.1e-06
1.1e-06
1.1e-06
1.1e-06
1.1e-06
1.1e-06
1.1e-06
1.1e-06
1.1e-06
1.1e-06
1.1e-06
1.1e-06
1.1e-06
1.1e-06
1.1e-06
1.1e-06
1.1e-06
1.1e-06
1.1e-06
1.1e-06
1.1e-06
1.1e-06
1.1e-06
1.1e-06
1.1e-06
1.1e-06
1.1e-06
1.1e-06
1.1e-06
1.1e-06
1.1e-06
1.1e-06
1.1e-06
1.1e-06
1.1e-06
1.1e-06
1.1e-06
1.1e-06
1.1e-06
1.1e-06
1.1e-06
1.1e-06
1.1e-06
1.1e-06
1.1e-06
1.1e-06
1.1e-06
1.1e-06
1.1e-06
1.1e-06
1.1e-06
1.1e-06
1.1e-06
1.1e-06
1.1e-06
1.1e-06
1.1e-06
1.1e-06
1.1e-06
1.1e-06
1.1e-06
1.1e-06
1.1e-06
1.1e-06
1.1e-06
1.1e-06
1.1e-06
1.1e-06
1.1e-06
1.1e-06
1.1e-06
1.1e-06
1.1e-06
1.1e-06
1.1e-06
1.1e-06
1.1e-06
1.1e-06
1.1e-06
1.1e-06
1.1e-06
1.1e-06
1.1e-06
1.1e-06
1.1e-06
1.1e-06
1.1e-06
1.1e-06
1.1e-06
1.1e-06
1.1e-06
1.1e-06
1.1e-06
1.1e-06
1.1e-06
1.1e-06
1.1e-06
1.1e-06
1.1e-06
1.1e-06
1.1e-06
1.1e-06
1.1e-06
1.1e-06
1.1e-06
1.1e-06
1.1e-06
1.1e-06
1.1e-06
1.1e-06
1.1e-06
1.1e-06
1.1e-06
1.1e-06
1.1e-06
1.1e-06
1.1e-06
1.1e-06
1.1e-06
1.1e-06
1.1e-06
1.1e-06
1.1e-06
1.1e-06
1.1e-06
1.1e-06
1.1e-06
1.1e-06
1.1e-06
1.1e-06
1.1e-06
1.1e-06
1.1e-06
1.1e-06
1.1e-06
1.1e-06
1.1e-06
1.1e-06
1.1e-06
1.1e-06
1.1e-06
1.1e-06
1.1e-06
1.1e-06
1.1e-06
1.1e-06
1.1e-06
1.1e-06
1.1e-06
1.1e-06
1.1e-06
1.1e-06
1.1e-06
1.1e-06
1.1e-06
1.1e-06
1.1e-06
1.1e-06
1.1e-06
1.1e-06
1.1e-06
1.1e-06
1.1e-06
1.1e-06
1.1e-06
1.1e-06
1.1e-06
1.1e-06
1.1e-06
1.1e-06
1.1e-06
1.1e-06
1.1e-06
1.1e-06
1.1e-06
1.1e-06
1.1e-06
1.1e-06
1.1e-06
1.1e-06
1.1e-06
1.1e-06
1.1e-06
1.1e-06
1.1e-06
1.1e-06
1.1e-06
1.1e-06
1.1e-06
1.1e-06
1.1e-06
1.1e-06
1.1e-06
1.1e-06
1.1e-06
1.1e-06
1.1e-06
1.1e-06
1.1e-06
1.1e-06
1.1e-06
1.1e-06
1.1e-06
1.1e-06
1.1e-06
1.1e-06
1.1e-06
1.1e-06
1.1e-06
1.1e-06
1.1e-06
1.1e-06
1.1e-06
1.1e-06
1.1e-06
1.1e-06
1.1e-06
1.1e-06
1.1e-06
1.1e-06
1.1e-06
1.1e-06
1.1e-06
1.1e-06
1.1e-06
1.1e-06
1.1e-06
1.1e-06
1.1e-06
1.1e-06
1.1e-06
1.1e-06
1.1e-06
1.1e-06
1.1e-06
1.1e-06
1.1e-06
1.1e-06
1.1e-06
1.1e-06
1.1e-06
1.1e-06
1.1e-06
1.1e-06
1.1e-06
1.1e-06
1.1e-06
1.1e-06
1.1e-06
1.1e-06
1.1e-06
1.1e-06
1.1e-06
1.1e-06
1.1e-06
1.1e-06
1.1e-06
1.1e-06
1.1e-06
1.1e-06
1.1e-06
1.1e-06
1.1e-06
1.1e-06
1.1e-06
1.1e-06
1.1e-06
1.1e-06
1.1e-06
1.1e-06
1.1e-06
1.1e-06
1.1e-06
1.1e-06
1.1e-06
1.1e-06
1.1e-06
1.1e-06
1.1e-06
1.1e-06
1.1e-06
1.1e-06
1.1e-06
1.1e-06
1.1e-06
1.1e-06
1.1e-06
1.1e-06
1.1e-06
1.1e-06
1.1e-06
1.1e-06
1.1e-06
1.1e-06
1.1e-06
1.1e-06
1.1e-06
1.1e-06
1.1e-06
1.1e-06
1.1e-06
1.1e-06
1.1e-06
1.1e-06
1.1e-06
1.1e-06
1.1e-06
1.1e-06
1.1e-06
1.1e-06
1.1e-06
1.1e-06
1.1e-06
1.1e-06
1.1e-06
1.1e-06
1.1e-06
1.1e-06
1.1e-06
1.1e-06
1.1e-06
1.1e-06
1.1e-06
1.1e-06
1.1e-06
1.1e-06
1.1e-06
1.1e-06
1.1e-06
1.1e-06
1.1e-06
1.1e-06
1.1e-06
1.1e-06
1.1e-06
1.1e-06
1.1e-06
1.1e-06
1.1e-06
1.1e-06
1.1e-06
1.1e-06
1.1e-06
1.1e-06
1.1e-06
1.1e-06
1.1e-06
1.1e-06
1.1e-06
1.1e-06
1.1e-06
1.1e-06
1.1e-06
1.1e-06
1.1e-06
1.1e-06
1.1e-06
1.1e-06
1.1e-06
1.1e-06
1.1e-06
1.1e-06
1.1e-06
1.1e-06
1.1e-06
1.1e-06
1.1e-06
1.1e-06
1.1e-06
1.1e-06
1.1e-06
1.1e-06
1.1e-06
1.1e-06
1.1e-06
1.1e-06
1.1e-06
1.1e-06
1.1e-06
1.1e-06
1.1e-06
1.1e-06
1.1e-06
1.1e-06
1.1e-06
1.1e-06
1.1e-06
1.1e-06
1.1e-06
1.1e-06
1.1e-06
1.1e-06
1.1e-06
1.1e-06
1.1e-06
1.1e-06
1.1e-06
1.1e-06
1.1e-06
1.1e-06
1.1e-06
1.1e-06
1.1e-06
1.1e-06
1.1e-06
1.1e-06
1.1e-06
1.1e-06
1.1e-06
1.1e-06
1.1e-06
1.1e-06
1.1e-06
1.1e-06
1.1e-06
1.1e-06
1.1e-06
1.1e-06
1.1e-06
1.1e-06
1.1e-06
1.1e-06
1.1e-06
1.1e-06
1.1e-06
1.1e-06
1.1e-06
1.1e-06
1.1e-06
1.1e-06
1.1e-06
1.1e-06
1.1e-06
1.1e-06
1.1e-06
1.1e-06
1.1e-06
1.1e-06
1.1e-06
1.1e-06
1.1e-06
1.1e-06
1.1e-06
1.1e-06
1.1e-06
1.1e-06
1.1e-06
1.1e-06
1.1e-06
1.1e-06
1.1e-06
1.1e-06
1.1e-06
1.1e-06
1.1e-06
1.1e-06
1.1e-06
1.1e-06
1.1e-06
1.1e-06
1.1e-06
1.1e-06
1.1e-06
1.1e-06
1.1e-06
1.1e-06
1.1e-06
1.1e-06
1.1e-06
1.1e-06
1.1e-06
1.1e-06
1.1e-06
1.1e-06
1.1e-06
1.1e-06
1.1e-06
1.1e-06
1.1e-06
1.1e-06
1.1e-06
1.1e-06
1.1e-06
1.1e-06
1.1e-06
1.1e-06
1.1e-06
1.1e-06
1.1e-06
1.1e-06
1.1e-06
1.1e-06
1.1e-06
1.1e-06
1.1e-06
1.1e-06
1.1e-06
1.1e-06
1.1e-06
1.1e-06
1.1e-06
1.1e-06
1.1e-06
1.1e-06
1.1e-06
1.1e-06
1.1e-06
1.1e-06
1.1e-06
1.1e-06
1.1e-06
1.1e-06
1.1e-06
1.1e-06
1.1e-06
1.1e-06
1.1e-06
1.1e-06
1.1e-06
1.1e-06
1.1e-06
1.1e-06
1.1e-06
1.1e-06
1.1e-06
1.1e-06
1.1e-06
1.1e-06
1.1e-06
1.1e-06
1.1e-06
1.1e-06
1.1e-06
1.1e-06
1.1e-06
1.1e-06
1.1e-06
1.1e-06
1.1e-06
1.1e-06
1.1e-06
1.1e-06
1.1e-06
1.1e-06
1.1e-06
1.1e-06
1.1e-06
1.1e-06
1.1e-06
1.1e-06
1.1e-06
1.1e-06
1.1e-06
1.1e-06
1.1e-06
1.1e-06
1.1e-06
1.1e-06
1.1e-06
1.1e-06
1.1e-06
1.1e-06
1.1e-06
1.1e-06
1.1e-06
1.1e-06
1.1e-06
1.1e-06
1.1e-06
1.1e-06
1.1e-06
1.1e-06
1.1e-06
1.1e-06
1.1e-06
1.1e-06
1.1e-06
1.1e-06
1.1e-06
1.1e-06
1.1e-06
1.1e-06
1.1e-06
1.1e-06
1.1e-06
1.1e-06
1.1e-06
1.1e-06
1.1e-06
1.1e-06
1.1e-06
1.1e-06
1.1e-06
1.1e-06
1.1e-06
1.1e-06
1.1e-06
1.1e-06
1.1e-06
1.1e-06
1.1e-06
1.1e-06
1.1e-06
1.1e-06
1.1e-06
1.1e-06
1.1e-06
1.1e-06
1.1e-06
1.1e-06
1.1e-06
1.1e-06
1.1e-06
1.1e-06
1.1e-06
1.1e-06
1.1e-06
1.1e-06
1.1e-06
1.1e-06
1.1e-06
1.1e-06
1.1e-06
1.1e-06
1.1e-06
1.1e-06
1.1e-06
1.1e-06
1.1e-06
1.1e-06
1.1e-06
1.1e-06
1.1e-06
1.1e-06
1.1e-06
1.1e-06
1.1e-06
1.1e-06
1.1e-06
1.1e-06
1.1e-06
1.1e-06
1.1e-06
1.1e-06
1.1e-06
1.1e-06
1.1e-06
1.1e-06
1.1e-06
1.1e-06
1.1e-06
1.1e-06
1.1e-06
1.1e-06
1.1e-06
1.1e-06
1.1e-06
1.1e-06
1.1e-06
1.1e-06
1.1e-06
1.1e-06
1.1e-06
1.1e-06
1.1e-06
1.1e-06
1.1e-06
1.1e-06
1.1e-06
1.1e-06
1.1e-06
1.1e-06
1.1e-06
1.1e-06
1.1e-06
1.1e-06
1.1e-06
1.1e-06
1.1e-06
1.1e-06
1.1e-06
1.1e-06
1.1e-06
1.1e-06
1.1e-06
1.1e-06
1.1e-06
1.1e-06
1.1e-06
1.1e-06
1.1e-06
1.1e-06
1.1e-06
1.1e-06
1.1e-06
1.1e-06
1.1e-06
1.1e-06
1.1e-06
1.1e-06
1.1e-06
1.1e-06
1.1e-06
1.1e-06
1.1e-06
1.1e-06
1.1e-06
1.1e-06
1.1e-06
1.1e-06
1.1e-06
1.1e-06
1.1e-06
1.1e-06
1.1e-06
1.1e-06
1.1e-06
1.1e-06
1.1e-06
1.1e-06
1.1e-06
1.1e-06
1.1e-06
1.1e-06
1.1e-06
1.1e-06
1.1e-06
1.1e-06
1.1e-06
1.1e-06
1.1e-06
1.1e-06
1.1e-06
1.1e-06
1.1e-06
1.1e-06
1.1e-06
1.1e-06
1.1e-06
1.1e-06
1.1e-06
1.1e-06
1.1e-06
1.1e-06
1.1e-06
1.1e-06
1.1e-06
1.1e-06
1.1e-06
1.1e-06
1.1e-06
1.1e-06
1.1e-06
1.1e-06
1.1e-06
1.1e-06
1.1e-06
1.1e-06
1.1e-06
1.1e-06
1.1e-06
1.1e-06
1.1e-06
1.1e-06
1.1e-06
1.1e-06
1.1e-06
1.1e-06
1.1e-06
1.1e-06
1.1e-06
1.1e-06
1.1e-06
1.1e-06
1.1e-06
1.1e-06
1.1e-06
1.1e-06
1.1e-06
1.1e-06
1.1e-06
1.1e-06
1.1e-06
1.1e-06
1.1e-06
1.1e-06
1.1e-06
1.1e-06
1.1e-06
1.1e-06
1.1e-06
1.1e-06
1.1e-06
1.1e-06
1.1e-06
1.1e-06
1.1e-06
1.1e-06
1.1e-06
1.1e-06
1.1e-06
1.1e-06
1.1e-06
1.1e-06
1.1e-06
1.1e-06
1.1e-06
1.1e-06
1.1e-06
1.1e-06
1.1e-06
1.1e-06
1.1e-06
1.1e-06
1.1e-06
1.1e-06
1.1e-06
1.1e-06
1.1e-06
1.1e-06
1.1e-06
1.1e-06
1.1e-06
1.1e-06
1.1e-06
1.1e-06
1.1e-06
1.1e-06
1.1e-06
1.1e-06
1.1e-06
1.1e-06
1.1e-06
1.1e-06
1.1e-06
1.1e-06
1.1e-06
1.1e-06
1.1e-06
1.1e-06
1.1e-06
1.1e-06
1.1e-06
1.1e-06
1.1e-06
1.1e-06
1.1e-06
1.1e-06
1.1e-06
1.1e-06
1.1e-06
1.1e-06
1.1e-06
1.1e-06
1.1e-06
1.1e-06
1.1e-06
1.1e-06
1.1e-06
1.1e-06
1.1e-06
1.1e-06
1.1e-06
1.1e-06
1.1e-06
1.1e-06
1.1e-06
1.1e-06
1.1e-06
1.1e-06
1.1e-06
1.1e-06
1.1e-06
1.1e-06
1.1e-06
1.1e-06
1.1e-06
1.1e-06
1.1e-06
1.1e-06
1.1e-06
1.1e-06
1.1e-06
1.1e-06
1.1e-06
1.1e-06
1.1e-06
1.1e-06
1.1e-06
1.1e-06
1.1e-06
1.1e-06
1.1e-06
1.1e-06
1.1e-06
1.1e-06
1.1e-06
1.1e-06
1.1e-06
1.1e-06
1.1e-06
1.1e-06
1.1e-06
1.1e-06
1.1e-06
1.1e-06
1.1e-06
1.1e-06
1.1e-06
1.1e-06
1.1e-06
1.1e-06
1.1e-06
1.1e-06
1.1e-06
1.1e-06
1.1e-06
1.1e-06
1.1e-06
1.1e-06
1.1e-06
1.1e-06
1.1e-06
1.1e-06
1.1e-06
1.1e-06
1.1e-06
1.1e-06
1.1e-06
1.1e-06
1.1e-06
1.1e-06
1.1e-06
1.1e-06
1.1e-06
1.1e-06
1.1e-06
1.1e-06
1.1e-06
1.1e-06
1.1e-06
1.1e-06
1.1e-06
1.1e-06
1.1e-06
1.1e-06
1.1e-06
1.1e-06
1.1e-06
1.1e-06
1.1e-06
1.1e-06
1.1e-06
1.1e-06
1.1e-06
1.1e-06
1.1e-06
1.1e-06
1.1e-06
1.1e-06
1.1e-06
1.1e-06
1.1e-06
1.1e-06
1.1e-06
1.1e-06
1.1e-06
1.1e-06
1.1e-06
1.1e-06
1.1e-06
1.1e-06
1.1e-06
1.1e-06
1.1e-06
1.1e-06
1.1e-06
1.1e-06
1.1e-06
1.1e-06
1.1e-06
1.1e-06
1.1e-06
1.1e-06
1.1e-06
1.1e-06
1.1e-06
1.1e-06
1.1e-06
1.1e-06
1.1e-06
1.1e-06
1.1e-06
1.1e-06
1.1e-06
1.1e-06
1.1e-06
1.1e-06
1.1e-06
1.1e-06
1.1e-06
1.1e-06
1.1e-06
1.1e-06
1.1e-06
1.1e-06
1.1e-06
1.1e-06
1.1e-06
1.1e-06
1.1e-06
1.1e-06
1.1e-06
1.1e-06
1.1e-06
1.1e-06
1.1e-06
1.1e-06
1.1e-06
1.1e-06
1.1e-06
1.1e-06
1.1e-06
1.1e-06
1.1e-06
1.1e-06
1.1e-06
1.1e-06
1.1e-06
1.1e-06
1.1e-06
1.1e-06
1.1e-06
1.1e-06
1.1e-06
1.1e-06
1.1e-06
1.1e-06
1.1e-06
1.1e-06
1.1e-06
1.1e-06
1.1e-06
1.1e-06
1.1e-06
1.1e-06
1.1e-06
1.1e-06
1.1e-06
1.1e-06
1.1e-06
1.1e-06
1.1e-06
1.1e-06
1.1e-06
1.1e-06
1.1e-06
1.1e-06
1.1e-06
1.1e-06
1.1e-06
1.1e-06
1.1e-06
1.1e-06
1.1e-06
1.1e-06
1.1e-06
1.1e-06
1.1e-06
1.1e-06
1.1e-06
1.1e-06
1.1e-06
1.1e-06
1.1e-06
1.1e-06
1.1e-06
1.1e-06
1.1e-06
1.1e-06
1.1e-06
1.1e-06
1.1e-06
1.1e-06
1.1e-06
1.1e-06
1.1e-06
1.1e-06
1.1e-06
1.1e-06
1.1e-06
1.1e-06
1.1e-06
1.1e-06
1.1e-06
1.1e-06
1.1e-06
1.1e-06
1.1e-06
1.1e-06
1.1e-06
1.1e-06
1.1e-06
1.1e-06
1.1e-06
1.1e-06
1.1e-06
1.1e-06
1.1e-06
1.1e-06
1.1e-06
1.1e-06
1.1e-06
1.1e-06
1.1e-06
1.1e-06
1.1e-06
1.1e-06
1.1e-06
1.1e-06
1.1e-06
1.1e-06
1.1e-06
1.1e-06
1.1e-06
1.1e-06
1.1e-06
1.1e-06
1.1e-06
1.1e-06
1.1e-06
1.1e-06
1.1e-06
1.1e-06
1.1e-06
1.1e-06
1.1e-06
1.1e-06
1.1e-06
1.1e-06
1.1e-06
1.1e-06
1.1e-06
1.1e-06
1.1e-06
1.1e-06
1.1e-06
1.1e-06
1.1e-06
1.1e-06
1.1e-06
1.1e-06
1.1e-06
1.1e-06
1.1e-06
1.1e-06
1.1e-06
1.1e-06
1.1e-06
1.1e-06
1.1e-06
1.1e-06
1.1e-06
1.1e-06
1.1e-06
1.1e-06
1.1e-06
1.1e-06
1.1e-06
1.1e-06
1.1e-06
1.1e-06
1.1e-06
1.1e-06
1.1e-06
1.1e-06
1.1e-06
1.1e-06
1.1e-06
1.1e-06
1.1e-06
1.1e-06
1.1e-06
1.1e-06
1.1e-06
1.1e-06
1.1e-06
1.1e-06
1.1e-06
1.1e-06
1.1e-06
1.1e-06
1.1e-06
1.1e-06
1.1e-06
1.1e-06
1.1e-06
1.1e-06
1.1e-06
1.1e-06
1.1e-06
1.1e-06
1.1e-06
1.1e-06
1.1e-06
1.1e-06
1.1e-06
1.1e-06
1.1e-06
1.1e-06
1.1e-06
1.1e-06
1.1e-06
1.1e-06
1.1e-06
1.1e-06
1.1e-06
1.1e-06
1.1e-06
1.1e-06
1.1e-06
1.1e-06
1.1e-06
1.1e-06
1.1e-06
1.1e-06
1.1e-06
1.1e-06
1.1e-06
1.1e-06
1.1e-06
1.1e-06
1.1e-06
1.1e-06
1.1e-06
1.1e-06
1.1e-06
1.1e-06
1.1e-06
1.1e-06
1.1e-06
1.1e-06
1.1e-06
1.1e-06
1.1e-06
1.1e-06
1.1e-06
1.1e-06
1.1e-06
1.1e-06
1.1e-06
1.1e-06
1.1e-06
1.1e-06
1.1e-06
1.1e-06
1.1e-06
1.1e-06
1.1e-06
1.1e-06
1.1e-06
1.1e-06
1.1e-06
1.1e-06
1.1e-06
1.1e-06
1.1e-06
1.1e-06
1.1e-06
1.1e-06
1.1e-06
1.1e-06
1.1e-06
1.1e-06
1.1e-06
1.1e-06
1.1e-06
1.1e-06
1.1e-06
1.1e-06
1.1e-06
1.1e-06
1.1e-06
1.1e-06
1.1e-06
1.1e-06
1.1e-06
1.1e-06
1.1e-06
1.1e-06
1.1e-06
1.1e-06
1.1e-06
1.1e-06
1.1e-06
1.1e-06
1.1e-06
1.1e-06
1.1e-06
1.1e-06
1.1e-06
1.1e-06
1.1e-06
1.1e-06
1.1e-06
1.1e-06
1.1e-06
1.1e-06
1.1e-06
1.1e-06
1.1e-06
1.1e-06
1.1e-06
1.1e-06
1.1e-06
1.1e-06
1.1e-06
1.1e-06
1.1e-06
1.1e-06
1.1e-06
1.1e-06
1.1e-06
1.1e-06
1.1e-06
1.1e-06
1.1e-06
1.1e-06
1.1e-06
1.1e-06
1.1e-06
1.1e-06
1.1e-06
1.1e-06
1.1e-06
1.1e-06
1.1e-06
1.1e-06
1.1e-06
1.1e-06
1.1e-06
1.1e-06
1.1e-06
1.1e-06
1.1e-06
1.1e-06
1.1e-06
1.1e-06
1.1e-06
1.1e-06
1.1e-06
1.1e-06
1.1e-06
1.1e-06
1.1e-06
1.1e-06
1.1e-06
1.1e-06
1.1e-06
1.1e-06
1.1e-06
1.1e-06
1.1e-06
1.1e-06
1.1e-06
1.1e-06
1.1e-06
1.1e-06
1.1e-06
1.1e-06
1.1e-06
1.1e-06
1.1e-06
1.1e-06
1.1e-06
1.1e-06
1.1e-06
1.1e-06
1.1e-06
1.1e-06
1.1e-06
1.1e-06
1.1e-06
1.1e-06
1.1e-06
1.1e-06
1.1e-06
1.1e-06
1.1e-06
1.1e-06
1.1e-06
1.1e-06
1.1e-06
1.1e-06
1.1e-06
1.1e-06
1.1e-06
1.1e-06
1.1e-06
1.1e-06
1.1e-06
1.1e-06
1.1e-06
1.1e-06
1.1e-06
1.1e-06
1.1e-06
1.1e-06
1.1e-06
1.1e-06
1.1e-06
1.1e-06
1.1e-06
1.1e-06
1.1e-06
1.1e-06
1.1e-06
1.1e-06
1.1e-06
1.1e-06
1.1e-06
1.1e-06
1.1e-06
1.1e-06
1.1e-06
1.1e-06
1.1e-06
1.1e-06
1.1e-06
1.1e-06
1.1e-06
1.1e-06
1.1e-06
1.1e-06
1.1e-06
1.1e-06
1.1e-06
1.1e-06
1.1e-06
1.1e-06
1.1e-06
1.1e-06
1.1e-06
1.1e-06
1.1e-06
1.1e-06
1.1e-06
1.1e-06
1.1e-06
1.1e-06
1.1e-06
1.1e-06
1.1e-06
1.1e-06
1.1e-06
1.1e-06
1.1e-06
1.1e-06
1.1e-06
1.1e-06
1.1e-06
1.1e-06
1.1e-06
1.1e-06
1.1e-06
1.1e-06
1.1e-06
1.1e-06
1.1e-06
1.1e-06
1.1e-06
1.1e-06
1.1e-06
1.1e-06
1.1e-06
1.1e-06
1.1e-06
1.1e-06
1.1e-06
1.1e-06
1.1e-06
1.1e-06
1.1e-06
1.1e-06
1.1e-06
1.1e-06
1.1e-06
1.1e-06
1.1e-06
1.1e-06
1.1e-06
1.1e-06
1.1e-06
1.1e-06
1.1e-06
1.1e-06
1.1e-06
1.1e-06
1.1e-06
1.1e-06
1.1e-06
1.1e-06
1.1e-06
1.1e-06
1.1e-06
1.1e-06
1.1e-06
1.1e-06
1.1e-06
1.1e-06
1.1e-06
1.1e-06
1.1e-06
1.1e-06
1.1e-06
1.1e-06
1.1e-06
1.1e-06
1.1e-06
1.1e-06
1.1e-06
1.1e-06
1.1e-06
1.1e-06
1.1e-06
1.1e-06
1.1e-06
1.1e-06
1.1e-06
1.1e-06
1.1e-06
1.1e-06
1.1e-06
1.1e-06
1.1e-06
1.1e-06
1.1e-06
1.1e-06
1.1e-06
1.1e-06
1.1e-06
1.1e-06
1.1e-06
1.1e-06
1.1e-06
1.1e-06
1.1e-06
1.1e-06
1.1e-06
1.1e-06
1.1e-06
1.1e-06
1.1e-06
1.1e-06
1.1e-06
1.1e-06
1.1e-06
1.1e-06
1.1e-06
1.1e-06
1.1e-06
1.1e-06
1.1e-06
1.1e-06
1.1e-06
1.1e-06
1.1e-06
1.1e-06
1.1e-06
1.1e-06
1.1e-06
1.1e-06
1.1e-06
1.1e-06
1.1e-06
1.1e-06
1.1e-06
1.1e-06
1.1e-06
1.1e-06
1.1e-06
1.1e-06
1.1e-06
1.1e-06
1.1e-06
1.1e-06
1.1e-06
1.1e-06
1.1e-06
1.1e-06
1.1e-06
1.1e-06
1.1e-06
1.1e-06
1.1e-06
1.1e-06
1.1e-06
1.1e-06
1.1e-06
1.1e-06
1.1e-06
1.1e-06
1.1e-06
1.1e-06
1.1e-06
1.1e-06
1.1e-06
1.1e-06
1.1e-06
1.1e-06
1.1e-06
1.1e-06
1.1e-06
1.1e-06
1.1e-06
1.1e-06
1.1e-06
1.1e-06
1.1e-06
1.1e-06
1.1e-06
1.1e-06
1.1e-06
1.1e-06
1.1e-06
1.1e-06
1.1e-06
1.1e-06
1.1e-06
1.1e-06
1.1e-06
1.1e-06
1.1e-06
1.1e-06
1.1e-06
1.1e-06
1.1e-06
1.1e-06
1.1e-06
1.1e-06
1.1e-06
1.1e-06
1.1e-06
1.1e-06
1.1e-06
1.1e-06
1.1e-06
1.1e-06
1.1e-06
1.1e-06
1.1e-06
1.1e-06
1.1e-06
1.1e-06
1.1e-06
1.1e-06
1.1e-06
1.1e-06
1.1e-06
1.1e-06
1.1e-06
1.1e-06
1.1e-06
1.1e-06
1.1e-06
1.1e-06
1.1e-06
1.1e-06
1.1e-06
1.1e-06
1.1e-06
1.1e-06
1.1e-06
1.1e-06
1.1e-06
1.1e-06
1.1e-06
1.1e-06
1.1e-06
1.1e-06
1.1e-06
1.1e-06
1.1e-06
1.1e-06
1.1e-06
1.1e-06
1.1e-06
1.1e-06
1.1e-06
1.1e-06
1.1e-06
1.1e-06
1.1e-06
1.1e-06
1.1e-06
1.1e-06
1.1e-06
1.1e-06
1.1e-06
1.1e-06
1.1e-06
1.1e-06
1.1e-06
1.1e-06
1.1e-06
1.1e-06
1.1e-06
1.1e-06
1.1e-06
1.1e-06
1.1e-06
1.1e-06
1.1e-06
1.1e-06
1.1e-06
1.1e-06
1.1e-06
1.1e-06
1.1e-06
1.1e-06
1.1e-06
1.1e-06
1.1e-06
1.1e-06
1.1e-06
1.1e-06
1.1e-06
1.1e-06
1.1e-06
1.1e-06
1.1e-06
1.1e-06
1.1e-06
1.1e-06
1.1e-06
1.1e-06
1.1e-06
1.1e-06
1.1e-06
1.1e-06
1.1e-06
1.1e-06
1.1e-06
1.1e-06
1.1e-06
1.1e-06
1.1e-06
1.1e-06
1.1e-06
1.1e-06
1.1e-06
1.1e-06
1.1e-06
1.1e-06
1.1e-06
1.1e-06
1.1e-06
1.1e-06
1.1e-06
1.1e-06
1.1e-06
1.1e-06
1.1e-06
1.1e-06
1.1e-06
1.1e-06
1.1e-06
1.1e-06
1.1e-06
1.1e-06
1.1e-06
1.1e-06
1.1e-06
1.1e-06
1.1e-06
1.1e-06
1.1e-06
1.1e-06
1.1e-06
1.1e-06
1.1e-06
1.1e-06
1.1e-06
1.1e-06
1.1e-06
1.1e-06
1.1e-06
1.1e-06
1.1e-06
1.1e-06
1.1e-06
1.1e-06
1.1e-06
1.1e-06
1.1e-06
1.1e-06
1.1e-06
1.1e-06
1.1e-06
1.1e-06
1.1e-06
1.1e-06
1.1e-06
1.1e-06
1.1e-06
1.1e-06
1.1e-06
1.1e-06
1.1e-06
1.1e-06
1.1e-06
1.1e-06
1.1e-06
1.1e-06
1.1e-06
1.1e-06
1.1e-06
1.1e-06
1.1e-06
1.1e-06
1.1e-06
1.1e-06
1.1e-06
1.1e-06
1.1e-06
1.1e-06
1.1e-06
1.1e-06
1.1e-06
1.1e-06
1.1e-06
1.1e-06
1.1e-06
1.1e-06
1.1e-06
1.1e-06
1.1e-06
1.1e-06
1.1e-06
1.1e-06
1.1e-06
1.1e-06
1.1e-06
1.1e-06
1.1e-06
1.1e-06
1.1e-06
1.1e-06
1.1e-06
1.1e-06
1.1e-06
1.1e-06
1.1e-06
1.1e-06
1.1e-06
1.1e-06
1.1e-06
1.1e-06
1.1e-06
1.1e-06
1.1e-06
1.1e-06
1.1e-06
1.1e-06
1.1e-06
1.1e-06
1.1e-06
1.1e-06
1.1e-06
1.1e-06
1.1e-06
1.1e-06
1.1e-06
1.1e-06
1.1e-06
1.1e-06
1.1e-06
1.1e-06
1.1e-06
1.1e-06
1.1e-06
1.1e-06
1.1e-06
1.1e-06
1.1e-06
1.1e-06
1.1e-06
1.1e-06
1.1e-06
1.1e-06
1.1e-06
1.1e-06
1.1e-06
1.1e-06
1.1e-06
1.1e-06
1.1e-06
1.1e-06
1.1e-06
1.1e-06
1.1e-06
1.1e-06
1.1e-06
1.1e-06
1.1e-06
1.1e-06
1.1e-06
1.1e-06
1.1e-06
1.1e-06
1.1e-06
1.1e-06
1.1e-06
1.1e-06
1.1e-06
1.1e-06
1.1e-06
1.1e-06
1.1e-06
1.1e-06
1.1e-06
1.1e-06
1.1e-06
1.1e-06
1.1e-06
1.1e-06
1.1e-06
1.1e-06
1.1e-06
1.1e-06
1.1e-06
1.1e-06
1.1e-06
1.1e-06
1.1e-06
1.1e-06
1.1e-06
1.1e-06
1.1e-06
1.1e-06
1.1e-06
1.1e-06
1.1e-06
1.1e-06
1.1e-06
1.1e-06
1.1e-06
1.1e-06
1.1e-06
1.1e-06
1.1e-06
1.1e-06
1.1e-06
1.1e-06
1.1e-06
1.1e-06
1.1e-06
1.1e-06
1.1e-06
1.1e-06
1.1e-06
1.1e-06
1.1e-06
1.1e-06
1.1e-06
1.1e-06
1.1e-06
1.1e-06
1.1e-06
1.1e-06
1.1e-06
1.1e-06
1.1e-06
1.1e-06
1.1e-06
1.1e-06
1.1e-06
1.1e-06
1.1e-06
1.1e-06
1.1e-06
1.1e-06
1.1e-06
1.1e-06
1.1e-06
1.1e-06
1.1e-06
1.1e-06
1.1e-06
1.1e-06
1.1e-06
1.1e-06
1.1e-06
1.1e-06
1.1e-06
1.1e-06
1.1e-06
1.1e-06
1.1e-06
1.1e-06
1.1e-06
1.1e-06
1.1e-06
1.1e-06
1.1e-06
1.1e-06
1.1e-06
1.1e-06
1.1e-06
1.1e-06
1.1e-06
1.1e-06
1.1e-06
1.1e-06
1.1e-06
1.1e-06
1.1e-06
1.1e-06
1.1e-06
1.1e-06
1.1e-06
1.1e-06
1.1e-06
1.1e-06
1.1e-06
1.1e-06
1.1e-06
1.1e-06
1.1e-06
1.1e-06
1.1e-06
1.1e-06
1.1e-06
1.1e-06
1.1e-06
1.1e-06
1.1e-06
1.1e-06
1.1e-06
1.1e-06
1.1e-06
1.1e-06
1.1e-06
1.1e-06
1.1e-06
1.1e-06
1.1e-06
1.1e-06
1.1e-06
1.1e-06
1.1e-06
1.1e-06
1.1e-06
1.1e-06
1.1e-06
1.1e-06
1.1e-06
1.1e-06
1.1e-06
1.1e-06
1.1e-06
1.1e-06
1.1e-06
1.1e-06
1.1e-06
1.1e-06
1.1e-06
1.1e-06
1.1e-06
1.1e-06
1.1e-06
1.1e-06
1.1e-06
1.1e-06
1.1e-06
1.1e-06
1.1e-06
1.1e-06
1.1e-06
1.1e-06
1.1e-06
1.1e-06
1.1e-06
1.1e-06
1.1e-06
1.1e-06
1.1e-06
1.1e-06
1.1e-06
1.1e-06
1.1e-06
1.1e-06
1.1e-06
1.1e-06
1.1e-06
1.1e-06
1.1e-06
1.1e-06
1.1e-06
1.1e-06
1.1e-06
1.1e-06
1.1e-06
1.1e-06
1.1e-06
1.1e-06
1.1e-06
1.1e-06
1.1e-06
1.1e-06
1.1e-06
1.1e-06
1.1e-06
1.1e-06
1.1e-06
1.1e-06
1.1e-06
1.1e-06
1.1e-06
1.1e-06
1.1e-06
1.1e-06
1.1e-06
1.1e-06
1.1e-06
1.1e-06
1.1e-06
1.1e-06
1.1e-06
1.1e-06
1.1e-06
1.1e-06
1.1e-06
1.1e-06
1.1e-06
1.1e-06
1.1e-06
1.1e-06
1.1e-06
1.1e-06
1.1e-06
1.1e-06
1.1e-06
1.1e-06
1.1e-06
1.1e-06
1.1e-06
1.1e-06
1.1e-06
1.1e-06
1.1e-06
1.1e-06
1.1e-06
1.1e-06
1.1e-06
1.1e-06
1.1e-06
1.1e-06
1.1e-06
1.1e-06
1.1e-06
1.1e-06
1.1e-06
1.1e-06
1.1e-06
1.1e-06
1.1e-06
1.1e-06
1.1e-06
1.1e-06
1.1e-06
1.1e-06
1.1e-06
1.1e-06
1.1e-06
1.1e-06
1.1e-06
1.1e-06
1.1e-06
1.1e-06
1.1e-06
1.1e-06
1.1e-06
1.1e-06
1.1e-06
1.1e-06
1.1e-06
1.1e-06
1.1e-06
1.1e-06
1.1e-06
1.1e-06
1.1e-06
1.1e-06
1.1e-06
1.1e-06
1.1e-06
1.1e-06
1.1e-06
1.1e-06
1.1e-06
1.1e-06
1.1e-06
1.1e-06
1.1e-06
1.1e-06
1.1e-06
1.1e-06
1.1e-06
1.1e-06
1.1e-06
1.1e-06
1.1e-06
1.1e-06
1.1e-06
1.1e-06
1.1e-06
1.1e-06
1.1e-06
1.1e-06
1.1e-06
1.1e-06
1.1e-06
1.1e-06
1.1e-06
1.1e-06
1.1e-06
1.1e-06
1.1e-06
1.1e-06
1.1e-06
1.1e-06
1.1e-06
1.1e-06
1.1e-06
1.1e-06
1.1e-06
1.1e-06
1.1e-06
1.1e-06
1.1e-06
1.1e-06
1.1e-06
1.1e-06
1.1e-06
1.1e-06
1.1e-06
1.1e-06
1.1e-06
1.1e-06
1.1e-06
1.1e-06
1.1e-06
1.1e-06
1.1e-06
1.1e-06
1.1e-06
1.1e-06
1.1e-06
1.1e-06
1.1e-06
1.1e-06
1.1e-06
1.1e-06
1.1e-06
1.1e-06
1.1e-06
1.1e-06
1.1e-06
1.1e-06
1.1e-06
1.1e-06
1.1e-06
1.1e-06
1.1e-06
1.1e-06
1.1e-06
1.1e-06
1.1e-06
1.1e-06
1.1e-06
1.1e-06
1.1e-06
1.1e-06
1.1e-06
1.1e-06
1.1e-06
1.1e-06
1.1e-06
1.1e-06
1.1e-06
1.1e-06
1.1e-06
1.1e-06
1.1e-06
1.1e-06
1.1e-06
1.1e-06
1.1e-06
1.1e-06
1.1e-06
1.1e-06
1.1e-06
1.1e-06
1.1e-06
1.1e-06
1.1e-06
1.1e-06
1.1e-06
1.1e-06
1.1e-06
1.1e-06
1.1e-06
1.1e-06
1.1e-06
1.1e-06
1.1e-06
1.1e-06
1.1e-06
1.1e-06
1.1e-06
1.1e-06
1.1e-06
1.1e-06
1.1e-06
1.1e-06
1.1e-06
1.1e-06
1.1e-06
1.1e-06
1.1e-06
1.1e-06
1.1e-06
1.1e-06
1.1e-06
1.1e-06
1.1e-06
1.1e-06
1.1e-06
1.1e-06
1.1e-06
1.1e-06
1.1e-06
1.1e-06
1.1e-06
1.1e-06
1.1e-06
1.1e-06
1.1e-06
1.1e-06
1.1e-06
1.1e-06
1.1e-06
1.1e-06
1.1e-06
1.1e-06
1.1e-06
1.1e-06
1.1e-06
1.1e-06
1.1e-06
1.1e-06
1.1e-06
1.1e-06
1.1e-06
1.1e-06
1.1e-06
1.1e-06
1.1e-06
1.1e-06
1.1e-06
1.1e-06
1.1e-06
1.1e-06
1.1e-06
1.1e-06
1.1e-06
1.1e-06
1.1e-06
1.1e-06
1.1e-06
1.1e-06
1.1e-06
1.1e-06
1.1e-06
1.1e-06
1.1e-06
1.1e-06
1.1e-06
1.1e-06
1.1e-06
1.1e-06
1.1e-06
1.1e-06
1.1e-06
1.1e-06
1.1e-06
1.1e-06
1.1e-06
1.1e-06
1.1e-06
1.1e-06
1.1e-06
1.1e-06
1.1e-06
1.1e-06
1.1e-06
1.1e-06
1.1e-06
1.1e-06
1.1e-06
1.1e-06
1.1e-06
1.1e-06
1.1e-06
1.1e-06
1.1e-06
1.1e-06
1.1e-06
1.1e-06
1.1e-06
1.1e-06
1.1e-06
1.1e-06
1.1e-06
1.1e-06
1.1e-06
1.1e-06
1.1e-06
1.1e-06
1.1e-06
1.1e-06
1.1e-06
1.1e-06
1.1e-06
1.1e-06
1.1e-06
1.1e-06
1.1e-06
1.1e-06
1.1e-06
1.1e-06
1.1e-06
1.1e-06
1.1e-06
1.1e-06
1.1e-06
1.1e-06
1.1e-06
1.1e-06
1.1e-06
1.1e-06
1.1e-06
1.1e-06
1.1e-06
1.1e-06
1.1e-06
1.1e-06
1.1e-06
1.1e-06
1.1e-06
1.1e-06
1.1e-06
1.1e-06
1.1e-06
1.1e-06
1.1e-06
1.1e-06
1.1e-06
1.1e-06
1.1e-06
1.1e-06
1.1e-06
1.1e-06
1.1e-06
1.1e-06
1.1e-06
1.1e-06
1.1e-06
1.1e-06
1.1e-06
1.1e-06
1.1e-06
1.1e-06
1.1e-06
1.1e-06
1.1e-06
1.1e-06
1.1e-06
1.1e-06
1.1e-06
1.1e-06
1.1e-06
1.1e-06
1.1e-06
1.1e-06
1.1e-06
1.1e-06
1.1e-06
1.1e-06
1.1e-06
1.1e-06
1.1e-06
1.1e-06
1.1e-06
1.1e-06
1.1e-06
1.1e-06
1.1e-06
1.1e-06
1.1e-06
1.1e-06
1.1e-06
1.1e-06
1.1e-06
1.1e-06
1.1e-06
1.1e-06
1.1e-06
1.1e-06
1.1e-06
1.1e-06
1.1e-06
1.1e-06
1.1e-06
1.1e-06
1.1e-06
1.1e-06
1.1e-06
1.1e-06
1.1e-06
1.1e-06
1.1e-06
1.1e-06
1.1e-06
1.1e-06
1.1e-06
1.1e-06
1.1e-06
1.1e-06
1.1e-06
1.1e-06
1.1e-06
1.1e-06
1.1e-06
1.1e-06
1.1e-06
1.1e-06
1.1e-06
1.1e-06
1.1e-06
1.1e-06
1.1e-06
1.1e-06
1.1e-06
1.1e-06
1.1e-06
1.1e-06
1.1e-06
1.1e-06
1.1e-06
1.1e-06
1.1e-06
1.1e-06
1.1e-06
1.1e-06
1.1e-06
1.1e-06
1.1e-06
1.1e-06
1.1e-06
1.1e-06
1.1e-06
1.1e-06
1.1e-06
1.1e-06
1.1e-06
1.1e-06
1.1e-06
1.1e-06
1.1e-06
1.1e-06
1.1e-06
1.1e-06
1.1e-06
1.1e-06
1.1e-06
1.1e-06
1.1e-06
1.1e-06
1.1e-06
1.1e-06
1.1e-06
1.1e-06
1.1e-06
1.1e-06
1.1e-06
1.1e-06
1.1e-06
1.1e-06
1.1e-06
1.1e-06
1.1e-06
1.1e-06
1.1e-06
1.1e-06
1.1e-06
1.1e-06
1.1e-06
1.1e-06
1.1e-06
1.1e-06
1.1e-06
1.1e-06
1.1e-06
1.1e-06
1.1e-06
1.1e-06
1.1e-06
1.1e-06
1.1e-06
1.1e-06
1.1e-06
1.1e-06
1.1e-06
1.1e-06
1.1e-06
1.1e-06
1.1e-06
1.1e-06
1.1e-06
1.1e-06
1.1e-06
1.1e-06
1.1e-06
1.1e-06
1.1e-06
1.1e-06
1.1e-06
1.1e-06
1.1e-06
1.1e-06
1.1e-06
1.1e-06
1.1e-06
1.1e-06
1.1e-06
1.1e-06
1.1e-06
1.1e-06
1.1e-06
1.1e-06
1.1e-06
1.1e-06
1.1e-06
1.1e-06
1.1e-06
1.1e-06
1.1e-06
1.1e-06
1.1e-06
1.1e-06
1.1e-06
1.1e-06
1.1e-06
1.1e-06
1.1e-06
1.1e-06
1.1e-06
1.1e-06
1.1e-06
1.1e-06
1.1e-06
1.1e-06
1.1e-06
1.1e-06
1.1e-06
1.1e-06
1.1e-06
1.1e-06
1.1e-06
1.1e-06
1.1e-06
1.1e-06
1.1e-06
1.1e-06
1.1e-06
1.1e-06
1.1e-06
1.1e-06
1.1e-06
1.1e-06
1.1e-06
1.1e-06
1.1e-06
1.1e-06
1.1e-06
1.1e-06
1.1e-06
1.1e-06
1.1e-06
1.1e-06
1.1e-06
1.1e-06
1.1e-06
1.1e-06
1.1e-06
1.1e-06
1.1e-06
1.1e-06
1.1e-06
1.1e-06
1.1e-06
1.1e-06
1.1e-06
1.1e-06
1.1e-06
1.1e-06
1.1e-06
1.1e-06
1.1e-06
1.1e-06
1.1e-06
1.1e-06
1.1e-06
1.1e-06
1.1e-06
1.1e-06
1.1e-06
1.1e-06
1.1e-06
1.1e-06
1.1e-06
1.1e-06
1.1e-06
1.1e-06
1.1e-06
1.1e-06
1.1e-06
1.1e-06
1.1e-06
1.1e-06
1.1e-06
1.1e-06
1.1e-06
1.1e-06
1.1e-06
1.1e-06
1.1e-06
1.1e-06
1.1e-06
1.1e-06
1.1e-06
1.1e-06
1.1e-06
1.1e-06
1.1e-06
1.1e-06
1.1e-06
1.1e-06
1.1e-06
1.1e-06
1.1e-06
1.1e-06
1.1e-06
1.1e-06
1.1e-06
1.1e-06
1.1e-06
1.1e-06
1.1e-06
1.1e-06
1.1e-06
1.1e-06
1.1e-06
1.1e-06
1.1e-06
1.1e-06
1.1e-06
1.1e-06
1.1e-06
1.1e-06
1.1e-06
1.1e-06
1.1e-06
1.1e-06
1.1e-06
1.1e-06
1.1e-06
1.1e-06
1.1e-06
1.1e-06
1.1e-06
1.1e-06
1.1e-06
1.1e-06
1.1e-06
1.1e-06
1.1e-06
1.1e-06
1.1e-06
1.1e-06
1.1e-06
1.1e-06
1.1e-06
1.1e-06
1.1e-06
1.1e-06
1.1e-06
1.1e-06
1.1e-06
1.1e-06
1.1e-06
1.1e-06
1.1e-06
1.1e-06
1.1e-06
1.1e-06
1.1e-06
1.1e-06
1.1e-06
1.1e-06
1.1e-06
1.1e-06
1.1e-06
1.1e-06
1.1e-06
1.1e-06
1.1e-06
1.1e-06
1.1e-06
1.1e-06
1.1e-06
1.1e-06
1.1e-06
1.1e-06
1.1e-06
1.1e-06
1.1e-06
1.1e-06
1.1e-06
1.1e-06
1.1e-06
1.1e-06
1.1e-06
1.1e-06
1.1e-06
1.1e-06
1.1e-06
1.1e-06
1.1e-06
1.1e-06
1.1e-06
1.1e-06
1.1e-06
1.1e-06
1.1e-06
1.1e-06
1.1e-06
1.1e-06
1.1e-06
1.1e-06
1.1e-06
1.1e-06
1.1e-06
1.1e-06
1.1e-06
1.1e-06
1.1e-06
1.1e-06
1.1e-06
1.1e-06
1.1e-06
1.1e-06
1.1e-06
1.1e-06
1.1e-06
1.1e-06
1.1e-06
1.1e-06
1.1e-06
1.1e-06
1.1e-06
1.1e-06
1.1e-06
1.1e-06
1.1e-06
1.1e-06
1.1e-06
1.1e-06
1.1e-06
1.1e-06
1.1e-06
1.1e-06
1.1e-06
1.1e-06
1.1e-06
1.1e-06
1.1e-06
1.1e-06
1.1e-06
1.1e-06
1.1e-06
1.1e-06
1.1e-06
1.1e-06
1.1e-06
1.1e-06
1.1e-06
1.1e-06
1.1e-06
1.1e-06
1.1e-06
1.1e-06
1.1e-06
1.1e-06
1.1e-06
1.1e-06
1.1e-06
1.1e-06
1.1e-06
1.1e-06
1.1e-06
1.1e-06
1.1e-06
1.1e-06
1.1e-06
1.1e-06
1.1e-06
1.1e-06
1.1e-06
1.1e-06
1.1e-06
1.1e-06
1.1e-06
1.1e-06
1.1e-06
1.1e-06
1.1e-06
1.1e-06
1.1e-06
1.1e-06
1.1e-06
1.1e-06
1.1e-06
1.1e-06
1.1e-06
1.1e-06
1.1e-06
1.1e-06
1.1e-06
1.1e-06
1.1e-06
1.1e-06
1.1e-06
1.1e-06
1.1e-06
1.1e-06
1.1e-06
1.1e-06
1.1e-06
1.1e-06
1.1e-06
1.1e-06
1.1e-06
1.1e-06
1.1e-06
1.1e-06
1.1e-06
1.1e-06
1.1e-06
1.1e-06
1.1e-06
1.1e-06
1.1e-06
1.1e-06
1.1e-06
1.1e-06
1.1e-06
1.1e-06
1.1e-06
1.1e-06
1.1e-06
1.1e-06
1.1e-06
1.1e-06
1.1e-06
1.1e-06
1.1e-06
1.1e-06
1.1e-06
1.1e-06
1.1e-06
1.1e-06
1.1e-06
1.1e-06
1.1e-06
1.1e-06
1.1e-06
1.1e-06
1.1e-06
1.1e-06
1.1e-06
1.1e-06
1.1e-06
1.1e-06
1.1e-06
1.1e-06
1.1e-06
1.1e-06
1.1e-06
1.1e-06
1.1e-06
1.1e-06
1.1e-06
1.1e-06
1.1e-06
1.1e-06
1.1e-06
1.1e-06
1.1e-06
1.1e-06
1.1e-06
1.1e-06
1.1e-06
1.1e-06
1.1e-06
1.1e-06
1.1e-06
1.1e-06
1.1e-06
1.1e-06
1.1e-06
1.1e-06
1.1e-06
1.1e-06
1.1e-06
1.1e-06
1.1e-06
1.1e-06
1.1e-06
1.1e-06
1.1e-06
1.1e-06
1.1e-06
1.1e-06
1.1e-06
1.1e-06
1.1e-06
1.1e-06
1.1e-06
1.1e-06
1.1e-06
1.1e-06
1.1e-06
1.1e-06
1.1e-06
1.1e-06
1.1e-06
1.1e-06
1.1e-06
1.1e-06
1.1e-06
1.1e-06
1.1e-06
1.1e-06
1.1e-06
1.1e-06
1.1e-06
1.1e-06
1.1e-06
1.1e-06
1.1e-06
1.1e-06
1.1e-06
1.1e-06
1.1e-06
1.1e-06
1.1e-06
1.1e-06
1.1e-06
1.1e-06
1.1e-06
1.1e-06
1.1e-06
1.1e-06
1.1e-06
1.1e-06
1.1e-06
1.1e-06
1.1e-06
1.1e-06
1.1e-06
1.1e-06
1.1e-06
1.1e-06
1.1e-06
1.1e-06
1.1e-06
1.1e-06
1.1e-06
1.1e-06
1.1e-06
1.1e-06
1.1e-06
1.1e-06
1.1e-06
1.1e-06
1.1e-06
1.1e-06
1.1e-06
1.1e-06
1.1e-06
1.1e-06
1.1e-06
1.1e-06
1.1e-06
1.1e-06
1.1e-06
1.1e-06
1.1e-06
1.1e-06
1.1e-06
1.1e-06
1.1e-06
1.1e-06
1.1e-06
1.1e-06
1.1e-06
1.1e-06
1.1e-06
1.1e-06
1.1e-06
1.1e-06
1.1e-06
1.1e-06
1.1e-06
1.1e-06
1.1e-06
1.1e-06
1.1e-06
1.1e-06
1.1e-06
1.1e-06
1.1e-06
1.1e-06
1.1e-06
1.1e-06
1.1e-06
1.1e-06
1.1e-06
1.1e-06
1.1e-06
1.1e-06
1.1e-06
1.1e-06
1.1e-06
1.1e-06
1.1e-06
1.1e-06
1.1e-06
1.1e-06
1.1e-06
1.1e-06
1.1e-06
1.1e-06
1.1e-06
1.1e-06
1.1e-06
1.1e-06
1.1e-06
1.1e-06
1.1e-06
1.1e-06
1.1e-06
1.1e-06
1.1e-06
1.1e-06
1.1e-06
1.1e-06
1.1e-06
1.1e-06
1.1e-06
1.1e-06
1.1e-06
1.1e-06
1.1e-06
1.1e-06
1.1e-06
1.1e-06
1.1e-06
1.1e-06
1.1e-06
1.1e-06
1.1e-06
1.1e-06
1.1e-06
1.1e-06
1.1e-06
1.1e-06
1.1e-06
1.1e-06
1.1e-06
1.1e-06
1.1e-06
1.1e-06
1.1e-06
1.1e-06
1.1e-06
1.1e-06
1.1e-06
1.1e-06
1.1e-06
1.1e-06
1.1e-06
1.1e-06
1.1e-06
1.1e-06
1.1e-06
1.1e-06
1.1e-06
1.1e-06
1.1e-06
1.1e-06
1.1e-06
1.1e-06
1.1e-06
1.1e-06
1.1e-06
1.1e-06
1.1e-06
1.1e-06
1.1e-06
1.1e-06
1.1e-06
1.1e-06
1.1e-06
1.1e-06
1.1e-06
1.1e-06
1.1e-06
1.1e-06
1.1e-06
1.1e-06
1.1e-06
1.1e-06
1.1e-06
1.1e-06
1.1e-06
1.1e-06
1.1e-06
1.1e-06
1.1e-06
1.1e-06
1.1e-06
1.1e-06
1.1e-06
1.1e-06
1.1e-06
1.1e-06
1.1e-06
1.1e-06
1.1e-06
1.1e-06
1.1e-06
1.1e-06
1.1e-06
1.1e-06
1.1e-06
1.1e-06
1.1e-06
1.1e-06
1.1e-06
1.1e-06
1.1e-06
1.1e-06
1.1e-06
1.1e-06
1.1e-06
1.1e-06
1.1e-06
1.1e-06
1.1e-06
1.1e-06
1.1e-06
1.1e-06
1.1e-06
1.1e-06
1.1e-06
1.1e-06
1.1e-06
1.1e-06
1.1e-06
1.1e-06
1.1e-06
1.1e-06
1.1e-06
1.1e-06
1.1e-06
1.1e-06
1.1e-06
1.1e-06
1.1e-06
1.1e-06
1.1e-06
1.1e-06
1.1e-06
1.1e-06
1.1e-06
1.1e-06
1.1e-06
1.1e-06
1.1e-06
1.1e-06
1.1e-06
1.1e-06
1.1e-06
1.1e-06
1.1e-06
1.1e-06
1.1e-06
1.1e-06
1.1e-06
1.1e-06
1.1e-06
1.1e-06
1.1e-06
1.1e-06
1.1e-06
1.1e-06
1.1e-06
1.1e-06
1.1e-06
1.1e-06
1.1e-06
1.1e-06
1.1e-06
1.1e-06
1.1e-06
1.1e-06
1.1e-06
1.1e-06
1.1e-06
1.1e-06
1.1e-06
1.1e-06
1.1e-06
1.1e-06
1.1e-06
1.1e-06
1.1e-06
1.1e-06
1.1e-06
1.1e-06
1.1e-06
1.1e-06
1.1e-06
1.1e-06
1.1e-06
1.1e-06
1.1e-06
1.1e-06
1.1e-06
1.1e-06
1.1e-06
1.1e-06
1.1e-06
1.1e-06
1.1e-06
1.1e-06
1.1e-06
1.1e-06
1.1e-06
1.1e-06
1.1e-06
1.1e-06
1.1e-06
1.1e-06
1.1e-06
1.1e-06
1.1e-06
1.1e-06
1.1e-06
1.1e-06
1.1e-06
1.1e-06
1.1e-06
1.1e-06
1.1e-06
1.1e-06
1.1e-06
1.1e-06
1.1e-06
1.1e-06
1.1e-06
1.1e-06
1.1e-06
1.1e-06
1.1e-06
1.1e-06
1.1e-06
1.1e-06
1.1e-06
1.1e-06
1.1e-06
1.1e-06
1.1e-06
1.1e-06
1.1e-06
1.1e-06
1.1e-06
1.1e-06
1.1e-06
1.1e-06
1.1e-06
1.1e-06
1.1e-06
1.1e-06
1.1e-06
1.1e-06
1.1e-06
1.1e-06
1.1e-06
1.1e-06
1.1e-06
1.1e-06
1.1e-06
1.1e-06
1.1e-06
1.1e-06
1.1e-06
1.1e-06
1.1e-06
1.1e-06
1.1e-06
1.1e-06
1.1e-06
1.1e-06
1.1e-06
1.1e-06
1.1e-06
1.1e-06
1.1e-06
1.1e-06
1.1e-06
1.1e-06
1.1e-06
1.1e-06
1.1e-06
1.1e-06
1.1e-06
1.1e-06
1.1e-06
1.1e-06
1.1e-06
1.1e-06
1.1e-06
1.1e-06
1.1e-06
1.1e-06
1.1e-06
1.1e-06
1.1e-06
1.1e-06
1.1e-06
1.1e-06
1.1e-06
1.1e-06
1.1e-06
1.1e-06
1.1e-06
1.1e-06
1.1e-06
1.1e-06
1.1e-06
1.1e-06
1.1e-06
1.1e-06
1.1e-06
1.1e-06
1.1e-06
1.1e-06
1.1e-06
1.1e-06
1.1e-06
1.1e-06
1.1e-06
1.1e-06
1.1e-06
1.1e-06
1.1e-06
1.1e-06
1.1e-06
1.1e-06
1.1e-06
1.1e-06
1.1e-06
1.1e-06
1.1e-06
1.1e-06
1.1e-06
1.1e-06
1.1e-06
1.1e-06
1.1e-06
1.1e-06
1.1e-06
1.1e-06
1.1e-06
1.1e-06
1.1e-06
1.1e-06
1.1e-06
1.1e-06
1.1e-06
1.1e-06
1.1e-06
1.1e-06
1.1e-06
1.1e-06
1.1e-06
1.1e-06
1.1e-06
1.1e-06
1.1e-06
1.1e-06
1.1e-06
1.1e-06
1.1e-06
1.1e-06
1.1e-06
1.1e-06
1.1e-06
1.1e-06
1.1e-06
1.1e-06
1.1e-06
1.1e-06
1.1e-06
1.1e-06
1.1e-06
1.1e-06
1.1e-06
1.1e-06
1.1e-06
1.1e-06
1.1e-06
1.1e-06
1.1e-06
1.1e-06
1.1e-06
1.1e-06
1.1e-06
1.1e-06
1.1e-06
1.1e-06
1.1e-06
1.1e-06
1.1e-06
1.1e-06
1.1e-06
1.1e-06
1.1e-06
1.1e-06
1.1e-06
1.1e-06
1.1e-06
1.1e-06
1.1e-06
1.1e-06
1.1e-06
1.1e-06
1.1e-06
1.1e-06
1.1e-06
1.1e-06
1.1e-06
1.1e-06
1.1e-06
1.1e-06
1.1e-06
1.1e-06
1.1e-06
1.1e-06
1.1e-06
1.1e-06
1.1e-06
1.1e-06
1.1e-06
1.1e-06
1.1e-06
1.1e-06
1.1e-06
1.1e-06
1.1e-06
1.1e-06
1.1e-06
1.1e-06
1.1e-06
1.1e-06
1.1e-06
1.1e-06
1.1e-06
1.1e-06
1.1e-06
1.1e-06
1.1e-06
1.1e-06
1.1e-06
1.1e-06
1.1e-06
1.1e-06
1.1e-06
1.1e-06
1.1e-06
1.1e-06
1.1e-06
1.1e-06
1.1e-06
1.1e-06
1.1e-06
1.1e-06
1.1e-06
1.1e-06
1.1e-06
1.1e-06
1.1e-06
1.1e-06
1.1e-06
1.1e-06
1.1e-06
1.1e-06
1.1e-06
1.1e-06
1.1e-06
1.1e-06
1.1e-06
1.1e-06
1.1e-06
1.1e-06
1.1e-06
1.1e-06
1.1e-06
1.1e-06
1.1e-06
1.1e-06
1.1e-06
1.1e-06
1.1e-06
1.1e-06
1.1e-06
1.1e-06
1.1e-06
1.1e-06
1.1e-06
1.1e-06
1.1e-06
1.1e-06
1.1e-06
1.1e-06
1.1e-06
1.1e-06
1.1e-06
1.1e-06
1.1e-06
1.1e-06
1.1e-06
1.1e-06
1.1e-06
1.1e-06
1.1e-06
1.1e-06
1.1e-06
1.1e-06
1.1e-06
1.1e-06
1.1e-06
1.1e-06
1.1e-06
1.1e-06
1.1e-06
1.1e-06
1.1e-06
1.1e-06
1.1e-06
1.1e-06
1.1e-06
1.1e-06
1.1e-06
1.1e-06
1.1e-06
1.1e-06
1.1e-06
1.1e-06
1.1e-06
1.1e-06
1.1e-06
1.1e-06
1.1e-06
1.1e-06
1.1e-06
1.1e-06
1.1e-06
1.1e-06
1.1e-06
1.1e-06
1.1e-06
1.1e-06
1.1e-06
1.1e-06
1.1e-06
1.1e-06
1.1e-06
1.1e-06
1.1e-06
1.1e-06
1.1e-06
1.1e-06
1.1e-06
1.1e-06
1.1e-06
1.1e-06
1.1e-06
1.1e-06
1.1e-06
1.1e-06
1.1e-06
1.1e-06
1.1e-06
1.1e-06
1.1e-06
1.1e-06
1.1e-06
1.1e-06
1.1e-06
1.1e-06
1.1e-06
1.1e-06
1.1e-06
1.1e-06
1.1e-06
1.1e-06
1.1e-06
1.1e-06
1.1e-06
1.1e-06
1.1e-06
1.1e-06
1.1e-06
1.1e-06
1.1e-06
1.1e-06
1.1e-06
1.1e-06
1.1e-06
1.1e-06
1.1e-06
1.1e-06
1.1e-06
1.1e-06
1.1e-06
1.1e-06
1.1e-06
1.1e-06
1.1e-06
1.1e-06
1.1e-06
1.1e-06
1.1e-06
1.1e-06
1.1e-06
1.1e-06
1.1e-06
1.1e-06
1.1e-06
1.1e-06
1.1e-06
1.1e-06
1.1e-06
1.1e-06
1.1e-06
1.1e-06
1.1e-06
1.1e-06
1.1e-06
1.1e-06
1.1e-06
1.1e-06
1.1e-06
1.1e-06
1.1e-06
1.1e-06
1.1e-06
1.1e-06
1.1e-06
1.1e-06
1.1e-06
1.1e-06
1.1e-06
1.1e-06
1.1e-06
1.1e-06
1.1e-06
1.1e-06
1.1e-06
1.1e-06
1.1e-06
1.1e-06
1.1e-06
1.1e-06
1.1e-06
1.1e-06
1.1e-06
1.1e-06
1.1e-06
1.1e-06
1.1e-06
1.1e-06
1.1e-06
1.1e-06
1.1e-06
1.1e-06
1.1e-06
1.1e-06
1.1e-06
1.1e-06
1.1e-06
1.1e-06
1.1e-06
1.1e-06
1.1e-06
1.1e-06
1.1e-06
1.1e-06
1.1e-06
1.1e-06
1.1e-06
1.1e-06
1.1e-06
1.1e-06
1.1e-06
1.1e-06
1.1e-06
1.1e-06
1.1e-06
1.1e-06
1.1e-06
1.1e-06
1.1e-06
1.1e-06
1.1e-06
1.1e-06
1.1e-06
1.1e-06
1.1e-06
1.1e-06
1.1e-06
1.1e-06
1.1e-06
1.1e-06
1.1e-06
1.1e-06
1.1e-06
1.1e-06
1.1e-06
1.1e-06
1.1e-06
1.1e-06
1.1e-06
1.1e-06
1.1e-06
1.1e-06
1.1e-06
1.1e-06
1.1e-06
1.1e-06
1.1e-06
1.1e-06
1.1e-06
1.1e-06
1.1e-06
1.1e-06
1.1e-06
1.1e-06
1.1e-06
1.1e-06
1.1e-06
1.1e-06
1.1e-06
1.1e-06
1.1e-06
1.1e-06
1.1e-06
1.1e-06
1.1e-06
1.1e-06
1.1e-06
1.1e-06
1.1e-06
1.1e-06
1.1e-06
1.1e-06
1.1e-06
1.1e-06
1.1e-06
1.1e-06
1.1e-06
1.1e-06
1.1e-06
1.1e-06
1.1e-06
1.1e-06
1.1e-06
1.1e-06
1.1e-06
1.1e-06
1.1e-06
1.1e-06
1.1e-06
1.1e-06
1.1e-06
1.1e-06
1.1e-06
1.1e-06
1.1e-06
1.1e-06
1.1e-06
1.1e-06
1.1e-06
1.1e-06
1.1e-06
1.1e-06
1.1e-06
1.1e-06
1.1e-06
1.1e-06
1.1e-06
1.1e-06
1.1e-06
1.1e-06
1.1e-06
1.1e-06
1.1e-06
1.1e-06
1.1e-06
1.1e-06
1.1e-06
1.1e-06
1.1e-06
1.1e-06
1.1e-06
1.1e-06
1.1e-06
1.1e-06
1.1e-06
1.1e-06
1.1e-06
1.1e-06
1.1e-06
1.1e-06
1.1e-06
1.1e-06
1.1e-06
1.1e-06
1.1e-06
1.1e-06
1.1e-06
1.1e-06
1.1e-06
1.1e-06
1.1e-06
1.1e-06
1.1e-06
1.1e-06
1.1e-06
1.1e-06
1.1e-06
1.1e-06
1.1e-06
1.1e-06
1.1e-06
1.1e-06
1.1e-06
1.1e-06
1.1e-06
1.1e-06
1.1e-06
1.1e-06
1.1e-06
1.1e-06
1.1e-06
1.1e-06
1.1e-06
1.1e-06
1.1e-06
1.1e-06
1.1e-06
1.1e-06
1.1e-06
1.1e-06
1.1e-06
1.1e-06
1.1e-06
1.1e-06
1.1e-06
1.1e-06
1.1e-06
1.1e-06
1.1e-06
1.1e-06
1.1e-06
1.1e-06
1.1e-06
1.1e-06
1.1e-06
1.1e-06
1.1e-06
1.1e-06
1.1e-06
1.1e-06
1.1e-06
1.1e-06
1.1e-06
1.1e-06
1.1e-06
1.1e-06
1.1e-06
1.1e-06
1.1e-06
1.1e-06
1.1e-06
1.1e-06
1.1e-06
1.1e-06
1.1e-06
1.1e-06
1.1e-06
1.1e-06
1.1e-06
1.1e-06
1.1e-06
1.1e-06
1.1e-06
1.1e-06
1.1e-06
1.1e-06
1.1e-06
1.1e-06
1.1e-06
1.1e-06
1.1e-06
1.1e-06
1.1e-06
1.1e-06
1.1e-06
1.1e-06
1.1e-06
1.1e-06
1.1e-06
1.1e-06
1.1e-06
1.1e-06
1.1e-06
1.1e-06
1.1e-06
1.1e-06
1.1e-06
1.1e-06
1.1e-06
1.1e-06
1.1e-06
1.1e-06
1.1e-06
1.1e-06
1.1e-06
1.1e-06
1.1e-06
1.1e-06
1.1e-06
1.1e-06
1.1e-06
1.1e-06
1.1e-06
1.1e-06
1.1e-06
1.1e-06
1.1e-06
1.1e-06
1.1e-06
1.1e-06
1.1e-06
1.1e-06
1.1e-06
1.1e-06
1.1e-06
1.1e-06
1.1e-06
1.1e-06
1.1e-06
1.1e-06
1.1e-06
1.1e-06
1.1e-06
1.1e-06
1.1e-06
1.1e-06
1.1e-06
1.1e-06
1.1e-06
1.1e-06
1.1e-06
1.1e-06
1.1e-06
1.1e-06
1.1e-06
1.1e-06
1.1e-06
1.1e-06
1.1e-06
1.1e-06
1.1e-06
1.1e-06
1.1e-06
1.1e-06
1.1e-06
1.1e-06
1.1e-06
1.1e-06
1.1e-06
1.1e-06
1.1e-06
1.1e-06
1.1e-06
1.1e-06
1.1e-06
1.1e-06
1.1e-06
1.1e-06
1.1e-06
1.1e-06
1.1e-06
1.1e-06
1.1e-06
1.1e-06
1.1e-06
1.1e-06
1.1e-06
1.1e-06
1.1e-06
1.1e-06
1.1e-06
1.1e-06
1.1e-06
1.1e-06
1.1e-06
1.1e-06
1.1e-06
1.1e-06
1.1e-06
1.1e-06
1.1e-06
1.1e-06
1.1e-06
1.1e-06
1.1e-06
1.1e-06
1.1e-06
1.1e-06
1.1e-06
1.1e-06
1.1e-06
1.1e-06
1.1e-06
1.1e-06
1.1e-06
1.1e-06
1.1e-06
1.1e-06
1.1e-06
1.1e-06
1.1e-06
1.1e-06
1.1e-06
1.1e-06
1.1e-06
1.1e-06
1.1e-06
1.1e-06
1.1e-06
1.1e-06
1.1e-06
1.1e-06
1.1e-06
1.1e-06
1.1e-06
1.1e-06
1.1e-06
1.1e-06
1.1e-06
1.1e-06
1.1e-06
1.1e-06
1.1e-06
1.1e-06
1.1e-06
1.1e-06
1.1e-06
1.1e-06
1.1e-06
1.1e-06
1.1e-06
1.1e-06
1.1e-06
1.1e-06
1.1e-06
1.1e-06
1.1e-06
1.1e-06
1.1e-06
1.1e-06
1.1e-06
1.1e-06
1.1e-06
1.1e-06
1.1e-06
1.1e-06
1.1e-06
1.1e-06
1.1e-06
1.1e-06
1.1e-06
1.1e-06
1.1e-06
1.1e-06
1.1e-06
1.1e-06
1.1e-06
1.1e-06
1.1e-06
1.1e-06
1.1e-06
1.1e-06
1.1e-06
1.1e-06
1.1e-06
1.1e-06
1.1e-06
1.1e-06
1.1e-06
1.1e-06
1.1e-06
1.1e-06
1.1e-06
1.1e-06
1.1e-06
1.1e-06
1.1e-06
1.1e-06
1.1e-06
1.1e-06
1.1e-06
1.1e-06
1.1e-06
1.1e-06
1.1e-06
1.1e-06
1.1e-06
1.1e-06
1.1e-06
1.1e-06
1.1e-06
1.1e-06
1.1e-06
1.1e-06
1.1e-06
1.1e-06
1.1e-06
1.1e-06
1.1e-06
1.1e-06
1.1e-06
1.1e-06
1.1e-06
1.1e-06
1.1e-06
1.1e-06
1.1e-06
1.1e-06
1.1e-06
1.1e-06
1.1e-06
1.1e-06
1.1e-06
1.1e-06
1.1e-06
1.1e-06
1.1e-06
1.1e-06
1.1e-06
1.1e-06
1.1e-06
1.1e-06
1.1e-06
1.1e-06
1.1e-06
1.1e-06
1.1e-06
1.1e-06
1.1e-06
1.1e-06
1.1e-06
1.1e-06
1.1e-06
1.1e-06
1.1e-06
1.1e-06
1.1e-06
1.1e-06
1.1e-06
1.1e-06
1.1e-06
1.1e-06
1.1e-06
1.1e-06
1.1e-06
1.1e-06
1.1e-06
1.1e-06
1.1e-06
1.1e-06
1.1e-06
1.1e-06
1.1e-06
1.1e-06
1.1e-06
1.1e-06
1.1e-06
1.1e-06
1.1e-06
1.1e-06
1.1e-06
1.1e-06
1.1e-06
1.1e-06
1.1e-06
1.1e-06
1.1e-06
1.1e-06
1.1e-06
1.1e-06
1.1e-06
1.1e-06
1.1e-06
1.1e-06
1.1e-06
1.1e-06
1.1e-06
1.1e-06
1.1e-06
1.1e-06
1.1e-06
1.1e-06
1.1e-06
1.1e-06
1.1e-06
1.1e-06
1.1e-06
1.1e-06
1.1e-06
1.1e-06
1.1e-06
1.1e-06
1.1e-06
1.1e-06
1.1e-06
1.1e-06
1.1e-06
1.1e-06
1.1e-06
1.1e-06
1.1e-06
1.1e-06
1.1e-06
1.1e-06
1.1e-06
1.1e-06
1.1e-06
1.1e-06
1.1e-06
1.1e-06
1.1e-06
1.1e-06
1.1e-06
1.1e-06
1.1e-06
1.1e-06
1.1e-06
1.1e-06
1.1e-06
1.1e-06
1.1e-06
1.1e-06
1.1e-06
1.1e-06
1.1e-06
1.1e-06
1.1e-06
1.1e-06
1.1e-06
1.1e-06
1.1e-06
1.1e-06
1.1e-06
1.1e-06
1.1e-06
1.1e-06
1.1e-06
1.1e-06
1.1e-06
1.1e-06
1.1e-06
1.1e-06
1.1e-06
1.1e-06
1.1e-06
1.1e-06
1.1e-06
1.1e-06
1.1e-06
1.1e-06
1.1e-06
1.1e-06
1.1e-06
1.1e-06
1.1e-06
1.1e-06
1.1e-06
1.1e-06
1.1e-06
1.1e-06
1.1e-06
1.1e-06
1.1e-06
1.1e-06
1.1e-06
1.1e-06
1.1e-06
1.1e-06
1.1e-06
1.1e-06
1.1e-06
1.1e-06
1.1e-06
1.1e-06
1.1e-06
1.1e-06
1.1e-06
1.1e-06
1.1e-06
1.1e-06
1.1e-06
1.1e-06
1.1e-06
1.1e-06
1.1e-06
1.1e-06
1.1e-06
1.1e-06
1.1e-06
1.1e-06
1.1e-06
1.1e-06
1.1e-06
1.1e-06
1.1e-06
1.1e-06
1.1e-06
1.1e-06
1.1e-06
1.1e-06
1.1e-06
1.1e-06
1.1e-06
1.1e-06
1.1e-06
1.1e-06
1.1e-06
1.1e-06
1.1e-06
1.1e-06
1.1e-06
1.1e-06
1.1e-06
1.1e-06
1.1e-06
1.1e-06
1.1e-06
1.1e-06
1.1e-06
1.1e-06
1.1e-06
1.1e-06
1.1e-06
1.1e-06
1.1e-06
1.1e-06
1.1e-06
1.1e-06
1.1e-06
1.1e-06
1.1e-06
1.1e-06
1.1e-06
1.1e-06
1.1e-06
1.1e-06
1.1e-06
1.1e-06
1.1e-06
1.1e-06
1.1e-06
1.1e-06
1.1e-06
1.1e-06
1.1e-06
1.1e-06
1.1e-06
1.1e-06
1.1e-06
1.1e-06
1.1e-06
1.1e-06
1.1e-06
1.1e-06
1.1e-06
1.1e-06
1.1e-06
1.1e-06
1.1e-06
1.1e-06
1.1e-06
1.1e-06
1.1e-06
1.1e-06
1.1e-06
1.1e-06
1.1e-06
1.1e-06
1.1e-06
1.1e-06
1.1e-06
1.1e-06
1.1e-06
1.1e-06
1.1e-06
1.1e-06
1.1e-06
1.1e-06
1.1e-06
1.1e-06
1.1e-06
1.1e-06
1.1e-06
1.1e-06
1.1e-06
1.1e-06
1.1e-06
1.1e-06
1.1e-06
1.1e-06
1.1e-06
1.1e-06
1.1e-06
1.1e-06
1.1e-06
1.1e-06
1.1e-06
1.1e-06
1.1e-06
1.1e-06
1.1e-06
1.1e-06
1.1e-06
1.1e-06
1.1e-06
1.1e-06
1.1e-06
1.1e-06
1.1e-06
1.1e-06
1.1e-06
1.1e-06
1.1e-06
1.1e-06
1.1e-06
1.1e-06
1.1e-06
1.1e-06
1.1e-06
1.1e-06
1.1e-06
1.1e-06
1.1e-06
1.1e-06
1.1e-06
1.1e-06
1.1e-06
1.1e-06
1.1e-06
1.1e-06
1.1e-06
1.1e-06
1.1e-06
1.1e-06
1.1e-06
1.1e-06
1.1e-06
1.1e-06
1.1e-06
1.1e-06
1.1e-06
1.1e-06
1.1e-06
1.1e-06
1.1e-06
1.1e-06
1.1e-06
1.1e-06
1.1e-06
1.1e-06
1.1e-06
1.1e-06
1.1e-06
1.1e-06
1.1e-06
1.1e-06
1.1e-06
1.1e-06
1.1e-06
1.1e-06
1.1e-06
1.1e-06
1.1e-06
1.1e-06
1.1e-06
1.1e-06
1.1e-06
1.1e-06
1.1e-06
1.1e-06
1.1e-06
1.1e-06
1.1e-06
1.1e-06
1.1e-06
1.1e-06
1.1e-06
1.1e-06
1.1e-06
1.1e-06
1.1e-06
1.1e-06
1.1e-06
1.1e-06
1.1e-06
1.1e-06
1.1e-06
1.1e-06
1.1e-06
1.1e-06
1.1e-06
1.1e-06
1.1e-06
1.1e-06
1.1e-06
1.1e-06
1.1e-06
1.1e-06
1.1e-06
1.1e-06
1.1e-06
1.1e-06
1.1e-06
1.1e-06
1.1e-06
1.1e-06
1.1e-06
1.1e-06
1.1e-06
1.1e-06
1.1e-06
1.1e-06
1.1e-06
1.1e-06
1.1e-06
1.1e-06
1.1e-06
1.1e-06
1.1e-06
1.1e-06
1.1e-06
1.1e-06
1.1e-06
1.1e-06
1.1e-06
1.1e-06
1.1e-06
1.1e-06
1.1e-06
1.1e-06
1.1e-06
1.1e-06
1.1e-06
1.1e-06
1.1e-06
1.1e-06
1.1e-06
1.1e-06
1.1e-06
1.1e-06
1.1e-06
1.1e-06
1.1e-06
1.1e-06
1.1e-06
1.1e-06
1.1e-06
1.1e-06
1.1e-06
1.1e-06
1.1e-06
1.1e-06
1.1e-06
1.1e-06
1.1e-06
1.1e-06
1.1e-06
1.1e-06
1.1e-06
1.1e-06
1.1e-06
1.1e-06
1.1e-06
1.1e-06
1.1e-06
1.1e-06
1.1e-06
1.1e-06
1.1e-06
1.1e-06
1.1e-06
1.1e-06
1.1e-06
1.1e-06
1.1e-06
1.1e-06
1.1e-06
1.1e-06
1.1e-06
1.1e-06
1.1e-06
1.1e-06
1.1e-06
1.1e-06
1.1e-06
1.1e-06
1.1e-06
1.1e-06
1.1e-06
1.1e-06
1.1e-06
1.1e-06
1.1e-06
1.1e-06
1.1e-06
1.1e-06
1.1e-06
1.1e-06
1.1e-06
1.1e-06
1.1e-06
1.1e-06
1.1e-06
1.1e-06
1.1e-06
1.1e-06
1.1e-06
1.1e-06
1.1e-06
1.1e-06
1.1e-06
1.1e-06
1.1e-06
1.1e-06
1.1e-06
1.1e-06
1.1e-06
1.1e-06
1.1e-06
1.1e-06
1.1e-06
1.1e-06
1.1e-06
1.1e-06
1.1e-06
1.1e-06
1.1e-06
1.1e-06
1.1e-06
1.1e-06
1.1e-06
1.1e-06
1.1e-06
1.1e-06
1.1e-06
1.1e-06
1.1e-06
1.1e-06
1.1e-06
1.1e-06
1.1e-06
1.1e-06
1.1e-06
1.1e-06
1.1e-06
1.1e-06
1.1e-06
1.1e-06
1.1e-06
1.1e-06
1.1e-06
1.1e-06
1.1e-06
1.1e-06
1.1e-06
1.1e-06
1.1e-06
1.1e-06
1.1e-06
1.1e-06
1.1e-06
1.1e-06
1.1e-06
1.1e-06
1.1e-06
1.1e-06
1.1e-06
1.1e-06
1.1e-06
1.1e-06
1.1e-06
1.1e-06
1.1e-06
1.1e-06
1.1e-06
1.1e-06
1.1e-06
1.1e-06
1.1e-06
1.1e-06
1.1e-06
1.1e-06
1.1e-06
1.1e-06
1.1e-06
1.1e-06
1.1e-06
1.1e-06
1.1e-06
1.1e-06
1.1e-06
1.1e-06
1.1e-06
1.1e-06
1.1e-06
1.1e-06
1.1e-06
1.1e-06
1.1e-06
1.1e-06
1.1e-06
1.1e-06
1.1e-06
1.1e-06
1.1e-06
1.1e-06
1.1e-06
1.1e-06
1.1e-06
1.1e-06
1.1e-06
1.1e-06
1.1e-06
1.1e-06
1.1e-06
1.1e-06
1.1e-06
1.1e-06
1.1e-06
1.1e-06
1.1e-06
1.1e-06
1.1e-06
1.1e-06
1.1e-06
1.1e-06
1.1e-06
1.1e-06
1.1e-06
1.1e-06
1.1e-06
1.1e-06
1.1e-06
1.1e-06
1.1e-06
1.1e-06
1.1e-06
1.1e-06
1.1e-06
1.1e-06
1.1e-06
1.1e-06
1.1e-06
1.1e-06
1.1e-06
1.1e-06
1.1e-06
1.1e-06
1.1e-06
1.1e-06
1.1e-06
1.1e-06
1.1e-06
1.1e-06
1.1e-06
1.1e-06
1.1e-06
1.1e-06
1.1e-06
1.1e-06
1.1e-06
1.1e-06
1.1e-06
1.1e-06
1.1e-06
1.1e-06
1.1e-06
1.1e-06
1.1e-06
1.1e-06
1.1e-06
1.1e-06
1.1e-06
1.1e-06
1.1e-06
1.1e-06
1.1e-06
1.1e-06
1.1e-06
1.1e-06
1.1e-06
1.1e-06
1.1e-06
1.1e-06
1.1e-06
1.1e-06
1.1e-06
1.1e-06
1.1e-06
1.1e-06
1.1e-06
1.1e-06
1.1e-06
1.1e-06
1.1e-06
1.1e-06
1.1e-06
1.1e-06
1.1e-06
1.1e-06
1.1e-06
1.1e-06
1.1e-06
1.1e-06
1.1e-06
1.1e-06
1.1e-06
1.1e-06
1.1e-06
1.1e-06
1.1e-06
1.1e-06
1.1e-06
1.1e-06
1.1e-06
1.1e-06
1.1e-06
1.1e-06
1.1e-06
1.1e-06
1.1e-06
1.1e-06
1.1e-06
1.1e-06
1.1e-06
1.1e-06
1.1e-06
1.1e-06
1.1e-06
1.1e-06
1.1e-06
1.1e-06
1.1e-06
1.1e-06
1.1e-06
1.1e-06
1.1e-06
1.1e-06
1.1e-06
1.1e-06
1.1e-06
1.1e-06
1.1e-06
1.1e-06
1.1e-06
1.1e-06
1.1e-06
1.1e-06
1.1e-06
1.1e-06
1.1e-06
1.1e-06
1.1e-06
1.1e-06
1.1e-06
1.1e-06
1.1e-06
1.1e-06
1.1e-06
1.1e-06
1.1e-06
1.1e-06
1.1e-06
1.1e-06
1.1e-06
1.1e-06
1.1e-06
1.1e-06
1.1e-06
1.1e-06
1.1e-06
1.1e-06
1.1e-06
1.1e-06
1.1e-06
1.1e-06
1.1e-06
1.1e-06
1.1e-06
1.1e-06
1.1e-06
1.1e-06
1.1e-06
1.1e-06
1.1e-06
1.1e-06
1.1e-06
1.1e-06
1.1e-06
1.1e-06
1.1e-06
1.1e-06
1.1e-06
1.1e-06
1.1e-06
1.1e-06
1.1e-06
1.1e-06
1.1e-06
1.1e-06
1.1e-06
1.1e-06
1.1e-06
1.1e-06
1.1e-06
1.1e-06
1.1e-06
1.1e-06
1.1e-06
1.1e-06
1.1e-06
1.1e-06
1.1e-06
1.1e-06
1.1e-06
1.1e-06
1.1e-06
1.1e-06
1.1e-06
1.1e-06
1.1e-06
1.1e-06
1.1e-06
1.1e-06
1.1e-06
1.1e-06
1.1e-06
1.1e-06
1.1e-06
1.1e-06
1.1e-06
1.1e-06
1.1e-06
1.1e-06
1.1e-06
1.1e-06
1.1e-06
1.1e-06
1.1e-06
1.1e-06
1.1e-06
1.1e-06
1.1e-06
1.1e-06
1.1e-06
1.1e-06
1.1e-06
1.1e-06
1.1e-06
1.1e-06
1.1e-06
1.1e-06
1.1e-06
1.1e-06
1.1e-06
1.1e-06
1.1e-06
1.1e-06
1.1e-06
1.1e-06
1.1e-06
1.1e-06
1.1e-06
1.1e-06
1.1e-06
1.1e-06
1.1e-06
1.1e-06
1.1e-06
1.1e-06
1.1e-06
1.1e-06
1.1e-06
1.1e-06
1.1e-06
1.1e-06
1.1e-06
1.1e-06
1.1e-06
1.1e-06
1.1e-06
1.1e-06
1.1e-06
1.1e-06
1.1e-06
1.1e-06
1.1e-06
1.1e-06
1.1e-06
1.1e-06
1.1e-06
1.1e-06
1.1e-06
1.1e-06
1.1e-06
1.1e-06
1.1e-06
1.1e-06
1.1e-06
1.1e-06
1.1e-06
1.1e-06
1.1e-06
1.1e-06
1.1e-06
1.1e-06
1.1e-06
1.1e-06
1.1e-06
1.1e-06
1.1e-06
1.1e-06
1.1e-06
1.1e-06
1.1e-06
1.1e-06
1.1e-06
1.1e-06
1.1e-06
1.1e-06
1.1e-06
1.1e-06
1.1e-06
1.1e-06
1.1e-06
1.1e-06
1.1e-06
1.1e-06
1.1e-06
1.1e-06
1.1e-06
1.1e-06
1.1e-06
1.1e-06
1.1e-06
1.1e-06
1.1e-06
1.1e-06
1.1e-06
1.1e-06
1.1e-06
1.1e-06
1.1e-06
1.1e-06
1.1e-06
1.1e-06
1.1e-06
1.1e-06
1.1e-06
1.1e-06
1.1e-06
1.1e-06
1.1e-06
1.1e-06
1.1e-06
1.1e-06
1.1e-06
1.1e-06
1.1e-06
1.1e-06
1.1e-06
1.1e-06
1.1e-06
1.1e-06
1.1e-06
1.1e-06
1.1e-06
1.1e-06
1.1e-06
1.1e-06
1.1e-06
1.1e-06
1.1e-06
1.1e-06
1.1e-06
1.1e-06
1.1e-06
1.1e-06
1.1e-06
1.1e-06
1.1e-06
1.1e-06
1.1e-06
1.1e-06
1.1e-06
1.1e-06
1.1e-06
1.1e-06
1.1e-06
1.1e-06
1.1e-06
1.1e-06
1.1e-06
1.1e-06
1.1e-06
1.1e-06
1.1e-06
1.1e-06
1.1e-06
1.1e-06
1.1e-06
1.1e-06
1.1e-06
1.1e-06
1.1e-06
1.1e-06
1.1e-06
1.1e-06
1.1e-06
1.1e-06
1.1e-06
1.1e-06
1.1e-06
1.1e-06
1.1e-06
1.1e-06
1.1e-06
1.1e-06
1.1e-06
1.1e-06
1.1e-06
1.1e-06
1.1e-06
1.1e-06
1.1e-06
1.1e-06
1.1e-06
1.1e-06
1.1e-06
1.1e-06
1.1e-06
1.1e-06
1.1e-06
1.1e-06
1.1e-06
1.1e-06
1.1e-06
1.1e-06
1.1e-06
1.1e-06
1.1e-06
1.1e-06
1.1e-06
1.1e-06
1.1e-06
1.1e-06
1.1e-06
1.1e-06
1.1e-06
1.1e-06
1.1e-06
1.1e-06
1.1e-06
1.1e-06
1.1e-06
1.1e-06
1.1e-06
1.1e-06
1.1e-06
1.1e-06
1.1e-06
1.1e-06
1.1e-06
1.1e-06
1.1e-06
1.1e-06
1.1e-06
1.1e-06
1.1e-06
1.1e-06
1.1e-06
1.1e-06
1.1e-06
1.1e-06
1.1e-06
1.1e-06
1.1e-06
1.1e-06
1.1e-06
1.1e-06
1.1e-06
1.1e-06
1.1e-06
1.1e-06
1.1e-06
1.1e-06
1.1e-06
1.1e-06
1.1e-06
1.1e-06
1.1e-06
1.1e-06
1.1e-06
1.1e-06
1.1e-06
1.1e-06
1.1e-06
1.1e-06
1.1e-06
1.1e-06
1.1e-06
1.1e-06
1.1e-06
1.1e-06
1.1e-06
1.1e-06
1.1e-06
1.1e-06
1.1e-06
1.1e-06
1.1e-06
1.1e-06
1.1e-06
1.1e-06
1.1e-06
1.1e-06
1.1e-06
1.1e-06
1.1e-06
1.1e-06
1.1e-06
1.1e-06
1.1e-06
1.1e-06
1.1e-06
1.1e-06
1.1e-06
1.1e-06
1.1e-06
1.1e-06
1.1e-06
1.1e-06
1.1e-06
1.1e-06
1.1e-06
1.1e-06
1.1e-06
1.1e-06
1.1e-06
1.1e-06
1.1e-06
1.1e-06
1.1e-06
1.1e-06
1.1e-06
1.1e-06
1.1e-06
1.1e-06
1.1e-06
1.1e-06
1.1e-06
1.1e-06
1.1e-06
1.1e-06
1.1e-06
1.1e-06
1.1e-06
1.1e-06
1.1e-06
1.1e-06
1.1e-06
1.1e-06
1.1e-06
1.1e-06
1.1e-06
1.1e-06
1.1e-06
1.1e-06
1.1e-06
1.1e-06
1.1e-06
1.1e-06
1.1e-06
1.1e-06
1.1e-06
1.1e-06
1.1e-06
1.1e-06
1.1e-06
1.1e-06
1.1e-06
1.1e-06
1.1e-06
1.1e-06
1.1e-06
1.1e-06
1.1e-06
1.1e-06
1.1e-06
1.1e-06
1.1e-06
1.1e-06
1.1e-06
1.1e-06
1.1e-06
1.1e-06
1.1e-06
1.1e-06
1.1e-06
1.1e-06
1.1e-06
1.1e-06
1.1e-06
1.1e-06
1.1e-06
1.1e-06
1.1e-06
1.1e-06
1.1e-06
1.1e-06
1.1e-06
1.1e-06
1.1e-06
1.1e-06
1.1e-06
1.1e-06
1.1e-06
1.1e-06
1.1e-06
1.1e-06
1.1e-06
1.1e-06
1.1e-06
1.1e-06
1.1e-06
1.1e-06
1.1e-06
1.1e-06
1.1e-06
1.1e-06
1.1e-06
1.1e-06
1.1e-06
1.1e-06
1.1e-06
1.1e-06
1.1e-06
1.1e-06
1.1e-06
1.1e-06
1.1e-06
1.1e-06
1.1e-06
1.1e-06
1.1e-06
1.1e-06
1.1e-06
1.1e-06
1.1e-06
1.1e-06
1.1e-06
1.1e-06
1.1e-06
1.1e-06
1.1e-06
1.1e-06
1.1e-06
1.1e-06
1.1e-06
1.1e-06
1.1e-06
1.1e-06
1.1e-06
1.1e-06
1.1e-06
1.1e-06
1.1e-06
1.1e-06
1.1e-06
1.1e-06
1.1e-06
1.1e-06
1.1e-06
1.1e-06
1.1e-06
1.1e-06
1.1e-06
1.1e-06
1.1e-06
1.1e-06
1.1e-06
1.1e-06
1.1e-06
1.1e-06
1.1e-06
1.1e-06
1.1e-06
1.1e-06
1.1e-06
1.1e-06
1.1e-06
1.1e-06
1.1e-06
1.1e-06
1.1e-06
1.1e-06
1.1e-06
1.1e-06
1.1e-06
1.1e-06
1.1e-06
1.1e-06
1.1e-06
1.1e-06
1.1e-06
1.1e-06
1.1e-06
1.1e-06
1.1e-06
1.1e-06
1.1e-06
1.1e-06
1.1e-06
1.1e-06
1.1e-06
1.1e-06
1.1e-06
1.1e-06
1.1e-06
1.1e-06
1.1e-06
1.1e-06
1.1e-06
1.1e-06
1.1e-06
1.1e-06
1.1e-06
1.1e-06
1.1e-06
1.1e-06
1.1e-06
1.1e-06
1.1e-06
1.1e-06
1.1e-06
1.1e-06
1.1e-06
1.1e-06
1.1e-06
1.1e-06
1.1e-06
1.1e-06
1.1e-06
1.1e-06
1.1e-06
1.1e-06
1.1e-06
1.1e-06
1.1e-06
1.1e-06
1.1e-06
1.1e-06
1.1e-06
1.1e-06
1.1e-06
1.1e-06
1.1e-06
1.1e-06
1.1e-06
1.1e-06
1.1e-06
1.1e-06
1.1e-06
1.1e-06
1.1e-06
1.1e-06
1.1e-06
1.1e-06
1.1e-06
1.1e-06
1.1e-06
1.1e-06
1.1e-06
1.1e-06
1.1e-06
1.1e-06
1.1e-06
1.1e-06
1.1e-06
1.1e-06
1.1e-06
1.1e-06
1.1e-06
1.1e-06
1.1e-06
1.1e-06
1.1e-06
1.1e-06
1.1e-06
1.1e-06
1.1e-06
1.1e-06
1.1e-06
1.1e-06
1.1e-06
1.1e-06
1.1e-06
1.1e-06
1.1e-06
1.1e-06
1.1e-06
1.1e-06
1.1e-06
1.1e-06
1.1e-06
1.1e-06
1.1e-06
1.1e-06
1.1e-06
1.1e-06
1.1e-06
1.1e-06
1.1e-06
1.1e-06
1.1e-06
1.1e-06
1.1e-06
1.1e-06
1.1e-06
1.1e-06
1.1e-06
1.1e-06
1.1e-06
1.1e-06
1.1e-06
1.1e-06
1.1e-06
1.1e-06
1.1e-06
1.1e-06
1.1e-06
1.1e-06
1.1e-06
1.1e-06
1.1e-06
1.1e-06
1.1e-06
1.1e-06
1.1e-06
1.1e-06
1.1e-06
1.1e-06
1.1e-06
1.1e-06
1.1e-06
1.1e-06
1.1e-06
1.1e-06
1.1e-06
1.1e-06
1.1e-06
1.1e-06
1.1e-06
1.1e-06
1.1e-06
1.1e-06
1.1e-06
1.1e-06
1.1e-06
1.1e-06
1.1e-06
1.1e-06
1.1e-06
1.1e-06
1.1e-06
1.1e-06
1.1e-06
1.1e-06
1.1e-06
1.1e-06
1.1e-06
1.1e-06
1.1e-06
1.1e-06
1.1e-06
1.1e-06
1.1e-06
1.1e-06
1.1e-06
1.1e-06
1.1e-06
1.1e-06
1.1e-06
1.1e-06
1.1e-06
1.1e-06
1.1e-06
1.1e-06
1.1e-06
1.1e-06
1.1e-06
1.1e-06
1.1e-06
1.1e-06
1.1e-06
1.1e-06
1.1e-06
1.1e-06
1.1e-06
1.1e-06
1.1e-06
1.1e-06
1.1e-06
1.1e-06
1.1e-06
1.1e-06
1.1e-06
1.1e-06
1.1e-06
1.1e-06
1.1e-06
1.1e-06
1.1e-06
1.1e-06
1.1e-06
1.1e-06
1.1e-06
1.1e-06
1.1e-06
1.1e-06
1.1e-06
1.1e-06
1.1e-06
1.1e-06
1.1e-06
1.1e-06
1.1e-06
1.1e-06
1.1e-06
1.1e-06
1.1e-06
1.1e-06
1.1e-06
1.1e-06
1.1e-06
1.1e-06
1.1e-06
1.1e-06
1.1e-06
1.1e-06
1.1e-06
1.1e-06
1.1e-06
1.1e-06
1.1e-06
1.1e-06
1.1e-06
1.1e-06
1.1e-06
1.1e-06
1.1e-06
1.1e-06
1.1e-06
1.1e-06
1.1e-06
1.1e-06
1.1e-06
1.1e-06
1.1e-06
1.1e-06
1.1e-06
1.1e-06
1.1e-06
1.1e-06
1.1e-06
1.1e-06
1.1e-06
1.1e-06
1.1e-06
1.1e-06
1.1e-06
1.1e-06
1.1e-06
1.1e-06
1.1e-06
1.1e-06
1.1e-06
1.1e-06
1.1e-06
1.1e-06
1.1e-06
1.1e-06
1.1e-06
1.1e-06
1.1e-06
1.1e-06
1.1e-06
1.1e-06
1.1e-06
1.1e-06
1.1e-06
1.1e-06
1.1e-06
1.1e-06
1.1e-06
1.1e-06
1.1e-06
1.1e-06
1.1e-06
1.1e-06
1.1e-06
1.1e-06
1.1e-06
1.1e-06
1.1e-06
1.1e-06
1.1e-06
1.1e-06
1.1e-06
1.1e-06
1.1e-06
1.1e-06
1.1e-06
1.1e-06
1.1e-06
1.1e-06
1.1e-06
1.1e-06
1.1e-06
1.1e-06
1.1e-06
1.1e-06
1.1e-06
1.1e-06
1.1e-06
1.1e-06
1.1e-06
1.1e-06
1.1e-06
1.1e-06
1.1e-06
1.1e-06
1.1e-06
1.1e-06
1.1e-06
1.1e-06
1.1e-06
1.1e-06
1.1e-06
1.1e-06
1.1e-06
1.1e-06
1.1e-06
1.1e-06
1.1e-06
1.1e-06
1.1e-06
1.1e-06
1.1e-06
1.1e-06
1.1e-06
1.1e-06
1.1e-06
1.1e-06
1.1e-06
1.1e-06
1.1e-06
1.1e-06
1.1e-06
1.1e-06
1.1e-06
1.1e-06
1.1e-06
1.1e-06
1.1e-06
1.1e-06
1.1e-06
1.1e-06
1.1e-06
1.1e-06
1.1e-06
1.1e-06
1.1e-06
1.1e-06
1.1e-06
1.1e-06
1.1e-06
1.1e-06
1.1e-06
1.1e-06
1.1e-06
1.1e-06
1.1e-06
1.1e-06
1.1e-06
1.1e-06
1.1e-06
1.1e-06
1.1e-06
1.1e-06
1.1e-06
1.1e-06
1.1e-06
1.1e-06
1.1e-06
1.1e-06
1.1e-06
1.1e-06
1.1e-06
1.1e-06
1.1e-06
1.1e-06
1.1e-06
1.1e-06
1.1e-06
1.1e-06
1.1e-06
1.1e-06
1.1e-06
1.1e-06
1.1e-06
1.1e-06
1.1e-06
1.1e-06
1.1e-06
1.1e-06
1.1e-06
1.1e-06
1.1e-06
1.1e-06
1.1e-06
1.1e-06
1.1e-06
1.1e-06
1.1e-06
1.1e-06
1.1e-06
1.1e-06
1.1e-06
1.1e-06
1.1e-06
1.1e-06
1.1e-06
1.1e-06
1.1e-06
1.1e-06
1.1e-06
1.1e-06
1.1e-06
1.1e-06
1.1e-06
1.1e-06
1.1e-06
1.1e-06
1.1e-06
1.1e-06
1.1e-06
1.1e-06
1.1e-06
1.1e-06
1.1e-06
1.1e-06
1.1e-06
1.1e-06
1.1e-06
1.1e-06
1.1e-06
1.1e-06
1.1e-06
1.1e-06
1.1e-06
1.1e-06
1.1e-06
1.1e-06
1.1e-06
1.1e-06
1.1e-06
1.1e-06
1.1e-06
1.1e-06
1.1e-06
1.1e-06
1.1e-06
1.1e-06
1.1e-06
1.1e-06
1.1e-06
1.1e-06
1.1e-06
1.1e-06
1.1e-06
1.1e-06
1.1e-06
1.1e-06
1.1e-06
1.1e-06
1.1e-06
1.1e-06
1.1e-06
1.1e-06
1.1e-06
1.1e-06
1.1e-06
1.1e-06
1.1e-06
1.1e-06
1.1e-06
1.1e-06
1.1e-06
1.1e-06
1.1e-06
1.1e-06
1.1e-06
1.1e-06
1.1e-06
1.1e-06
1.1e-06
1.1e-06
1.1e-06
1.1e-06
1.1e-06
1.1e-06
1.1e-06
1.1e-06
1.1e-06
1.1e-06
1.1e-06
1.1e-06
1.1e-06
1.1e-06
1.1e-06
1.1e-06
1.1e-06
1.1e-06
1.1e-06
1.1e-06
1.1e-06
1.1e-06
1.1e-06
1.1e-06
1.1e-06
1.1e-06
1.1e-06
1.1e-06
1.1e-06
1.1e-06
1.1e-06
1.1e-06
1.1e-06
1.1e-06
1.1e-06
1.1e-06
1.1e-06
1.1e-06
1.1e-06
1.1e-06
1.1e-06
1.1e-06
1.1e-06
1.1e-06
1.1e-06
1.1e-06
1.1e-06
1.1e-06
1.1e-06
1.1e-06
1.1e-06
1.1e-06
1.1e-06
1.1e-06
1.1e-06
1.1e-06
1.1e-06
1.1e-06
1.1e-06
1.1e-06
1.1e-06
1.1e-06
1.1e-06
1.1e-06
1.1e-06
1.1e-06
1.1e-06
1.1e-06
1.1e-06
1.1e-06
1.1e-06
1.1e-06
1.1e-06
1.1e-06
1.1e-06
1.1e-06
1.1e-06
1.1e-06
1.1e-06
1.1e-06
1.1e-06
1.1e-06
1.1e-06
1.1e-06
1.1e-06
1.1e-06
1.1e-06
1.1e-06
1.1e-06
1.1e-06
1.1e-06
1.1e-06
1.1e-06
1.1e-06
1.1e-06
1.1e-06
1.1e-06
1.1e-06
1.1e-06
1.1e-06
1.1e-06
1.1e-06
1.1e-06
1.1e-06
1.1e-06
1.1e-06
1.1e-06
1.1e-06
1.1e-06
1.1e-06
1.1e-06
1.1e-06
1.1e-06
1.1e-06
1.1e-06
1.1e-06
1.1e-06
1.1e-06
1.1e-06
1.1e-06
1.1e-06
1.1e-06
1.1e-06
1.1e-06
1.1e-06
1.1e-06
1.1e-06
1.1e-06
1.1e-06
1.1e-06
1.1e-06
1.1e-06
1.1e-06
1.1e-06
1.1e-06
1.1e-06
1.1e-06
1.1e-06
1.1e-06
1.1e-06
1.1e-06
1.1e-06
1.1e-06
1.1e-06
1.1e-06
1.1e-06
1.1e-06
1.1e-06
1.1e-06
1.1e-06
1.1e-06
1.1e-06
1.1e-06
1.1e-06
1.1e-06
1.1e-06
1.1e-06
1.1e-06
1.1e-06
1.1e-06
1.1e-06
1.1e-06
1.1e-06
1.1e-06
1.1e-06
1.1e-06
1.1e-06
1.1e-06
1.1e-06
1.1e-06
1.1e-06
1.1e-06
1.1e-06
1.1e-06
1.1e-06
1.1e-06
1.1e-06
1.1e-06
1.1e-06
1.1e-06
1.1e-06
1.1e-06
1.1e-06
1.1e-06
1.1e-06
1.1e-06
1.1e-06
1.1e-06
1.1e-06
1.1e-06
1.1e-06
1.1e-06
1.1e-06
1.1e-06
1.1e-06
1.1e-06
1.1e-06
1.1e-06
1.1e-06
1.1e-06
1.1e-06
1.1e-06
1.1e-06
1.1e-06
1.1e-06
1.1e-06
1.1e-06
1.1e-06
1.1e-06
1.1e-06
1.1e-06
1.1e-06
1.1e-06
1.1e-06
1.1e-06
1.1e-06
1.1e-06
1.1e-06
1.1e-06
1.1e-06
1.1e-06
1.1e-06
1.1e-06
1.1e-06
1.1e-06
1.1e-06
1.1e-06
1.1e-06
1.1e-06
1.1e-06
1.1e-06
1.1e-06
1.1e-06
1.1e-06
1.1e-06
1.1e-06
1.1e-06
1.1e-06
1.1e-06
1.1e-06
1.1e-06
1.1e-06
1.1e-06
1.1e-06
1.1e-06
1.1e-06
1.1e-06
1.1e-06
1.1e-06
1.1e-06
1.1e-06
1.1e-06
1.1e-06
1.1e-06
1.1e-06
1.1e-06
1.1e-06
1.1e-06
1.1e-06
1.1e-06
1.1e-06
1.1e-06
1.1e-06
1.1e-06
1.1e-06
1.1e-06
1.1e-06
1.1e-06
1.1e-06
1.1e-06
1.1e-06
1.1e-06
1.1e-06
1.1e-06
1.1e-06
1.1e-06
1.1e-06
1.1e-06
1.1e-06
1.1e-06
1.1e-06
1.1e-06
1.1e-06
1.1e-06
1.1e-06
1.1e-06
1.1e-06
1.1e-06
1.1e-06
1.1e-06
1.1e-06
1.1e-06
1.1e-06
1.1e-06
1.1e-06
1.1e-06
1.1e-06
1.1e-06
1.1e-06
1.1e-06
1.1e-06
1.1e-06
1.1e-06
1.1e-06
1.1e-06
1.1e-06
1.1e-06
1.1e-06
1.1e-06
1.1e-06
1.1e-06
1.1e-06
1.1e-06
1.1e-06
1.1e-06
1.1e-06
1.1e-06
1.1e-06
1.1e-06
1.1e-06
1.1e-06
1.1e-06
1.1e-06
1.1e-06
1.1e-06
1.1e-06
1.1e-06
1.1e-06
1.1e-06
1.1e-06
1.1e-06
1.1e-06
1.1e-06
1.1e-06
1.1e-06
1.1e-06
1.1e-06
1.1e-06
1.1e-06
1.1e-06
1.1e-06
1.1e-06
1.1e-06
1.1e-06
1.1e-06
1.1e-06
1.1e-06
1.1e-06
1.1e-06
1.1e-06
1.1e-06
1.1e-06
1.1e-06
1.1e-06
1.1e-06
1.1e-06
1.1e-06
1.1e-06
1.1e-06
1.1e-06
1.1e-06
1.1e-06
1.1e-06
1.1e-06
1.1e-06
1.1e-06
1.1e-06
1.1e-06
1.1e-06
1.1e-06
1.1e-06
1.1e-06
1.1e-06
1.1e-06
1.1e-06
1.1e-06
1.1e-06
1.1e-06
1.1e-06
1.1e-06
1.1e-06
1.1e-06
1.1e-06
1.1e-06
1.1e-06
1.1e-06
1.1e-06
1.1e-06
1.1e-06
1.1e-06
1.1e-06
1.1e-06
1.1e-06
1.1e-06
1.1e-06
1.1e-06
1.1e-06
1.1e-06
1.1e-06
1.1e-06
1.1e-06
1.1e-06
1.1e-06
1.1e-06
1.1e-06
1.1e-06
1.1e-06
1.1e-06
1.1e-06
1.1e-06
1.1e-06
1.1e-06
1.1e-06
1.1e-06
1.1e-06
1.1e-06
1.1e-06
1.1e-06
1.1e-06
1.1e-06
1.1e-06
1.1e-06
1.1e-06
1.1e-06
1.1e-06
1.1e-06
1.1e-06
1.1e-06
1.1e-06
1.1e-06
1.1e-06
1.1e-06
1.1e-06
1.1e-06
1.1e-06
1.1e-06
1.1e-06
1.1e-06
1.1e-06
1.1e-06
1.1e-06
1.1e-06
1.1e-06
1.1e-06
1.1e-06
1.1e-06
1.1e-06
1.1e-06
1.1e-06
1.1e-06
1.1e-06
1.1e-06
1.1e-06
1.1e-06
1.1e-06
1.1e-06
1.1e-06
1.1e-06
1.1e-06
1.1e-06
1.1e-06
1.1e-06
1.1e-06
1.1e-06
1.1e-06
1.1e-06
1.1e-06
1.1e-06
1.1e-06
1.1e-06
1.1e-06
1.1e-06
1.1e-06
1.1e-06
1.1e-06
1.1e-06
1.1e-06
1.1e-06
1.1e-06
1.1e-06
1.1e-06
1.1e-06
1.1e-06
1.1e-06
1.1e-06
1.1e-06
1.1e-06
1.1e-06
1.1e-06
1.1e-06
1.1e-06
1.1e-06
1.1e-06
1.1e-06
1.1e-06
1.1e-06
1.1e-06
1.1e-06
1.1e-06
1.1e-06
1.1e-06
1.1e-06
1.1e-06
1.1e-06
1.1e-06
1.1e-06
1.1e-06
1.1e-06
1.1e-06
1.1e-06
1.1e-06
1.1e-06
1.1e-06
1.1e-06
1.1e-06
1.1e-06
1.1e-06
1.1e-06
1.1e-06
1.1e-06
1.1e-06
1.1e-06
1.1e-06
1.1e-06
1.1e-06
1.1e-06
1.1e-06
1.1e-06
1.1e-06
1.1e-06
1.1e-06
1.1e-06
1.1e-06
1.1e-06
1.1e-06
1.1e-06
1.1e-06
1.1e-06
1.1e-06
1.1e-06
1.1e-06
1.1e-06
1.1e-06
1.1e-06
1.1e-06
1.1e-06
1.1e-06
1.1e-06
1.1e-06
1.1e-06
1.1e-06
1.1e-06
1.1e-06
1.1e-06
1.1e-06
1.1e-06
1.1e-06
1.1e-06
1.1e-06
1.1e-06
1.1e-06
1.1e-06
1.1e-06
1.1e-06
1.1e-06
1.1e-06
1.1e-06
1.1e-06
1.1e-06
1.1e-06
1.1e-06
1.1e-06
1.1e-06
1.1e-06
1.1e-06
1.1e-06
1.1e-06
1.1e-06
1.1e-06
1.1e-06
1.1e-06
1.1e-06
1.1e-06
1.1e-06
1.1e-06
1.1e-06
1.1e-06
1.1e-06
1.1e-06
1.1e-06
1.1e-06
1.1e-06
1.1e-06
1.1e-06
1.1e-06
1.1e-06
1.1e-06
1.1e-06
1.1e-06
1.1e-06
1.1e-06
1.1e-06
1.1e-06
1.1e-06
1.1e-06
1.1e-06
1.1e-06
1.1e-06
1.1e-06
1.1e-06
1.1e-06
1.1e-06
1.1e-06
1.1e-06
1.1e-06
1.1e-06
1.1e-06
1.1e-06
1.1e-06
1.1e-06
1.1e-06
1.1e-06
1.1e-06
1.1e-06
1.1e-06
1.1e-06
1.1e-06
1.1e-06
1.1e-06
1.1e-06
1.1e-06
1.1e-06
1.1e-06
1.1e-06
1.1e-06
1.1e-06
1.1e-06
1.1e-06
1.1e-06
1.1e-06
1.1e-06
1.1e-06
1.1e-06
1.1e-06
1.1e-06
1.1e-06
1.1e-06
1.1e-06
1.1e-06
1.1e-06
1.1e-06
1.1e-06
1.1e-06
1.1e-06
1.1e-06
1.1e-06
1.1e-06
1.1e-06
1.1e-06
1.1e-06
1.1e-06
1.1e-06
1.1e-06
1.1e-06
1.1e-06
1.1e-06
1.1e-06
1.1e-06
1.1e-06
1.1e-06
1.1e-06
1.1e-06
1.1e-06
1.1e-06
1.1e-06
1.1e-06
1.1e-06
1.1e-06
1.1e-06
1.1e-06
1.1e-06
1.1e-06
1.1e-06
1.1e-06
1.1e-06
1.1e-06
1.1e-06
1.1e-06
1.1e-06
1.1e-06
1.1e-06
1.1e-06
1.1e-06
1.1e-06
1.1e-06
1.1e-06
1.1e-06
1.1e-06
1.1e-06
1.1e-06
1.1e-06
1.1e-06
1.1e-06
1.1e-06
1.1e-06
1.1e-06
1.1e-06
1.1e-06
1.1e-06
1.1e-06
1.1e-06
1.1e-06
1.1e-06
1.1e-06
1.1e-06
1.1e-06
1.1e-06
1.1e-06
1.1e-06
1.1e-06
1.1e-06
1.1e-06
1.1e-06
1.1e-06
1.1e-06
1.1e-06
1.1e-06
1.1e-06
1.1e-06
1.1e-06
1.1e-06
1.1e-06
1.1e-06
1.1e-06
1.1e-06
1.1e-06
1.1e-06
1.1e-06
1.1e-06
1.1e-06
1.1e-06
1.1e-06
1.1e-06
1.1e-06
1.1e-06
1.1e-06
1.1e-06
1.1e-06
1.1e-06
1.1e-06
1.1e-06
1.1e-06
1.1e-06
1.1e-06
1.1e-06
1.1e-06
1.1e-06
1.1e-06
1.1e-06
1.1e-06
1.1e-06
1.1e-06
1.1e-06
1.1e-06
1.1e-06
1.1e-06
1.1e-06
1.1e-06
1.1e-06
1.1e-06
1.1e-06
1.1e-06
1.1e-06
1.1e-06
1.1e-06
1.1e-06
1.1e-06
1.1e-06
1.1e-06
1.1e-06
1.1e-06
1.1e-06
1.1e-06
1.1e-06
1.1e-06
1.1e-06
1.1e-06
1.1e-06
1.1e-06
1.1e-06
1.1e-06
1.1e-06
1.1e-06
1.1e-06
1.1e-06
1.1e-06
1.1e-06
1.1e-06
1.1e-06
1.1e-06
1.1e-06
1.1e-06
1.1e-06
1.1e-06
1.1e-06
1.1e-06
1.1e-06
1.1e-06
1.1e-06
1.1e-06
1.1e-06
1.1e-06
1.1e-06
1.1e-06
1.1e-06
1.1e-06
1.1e-06
1.1e-06
1.1e-06
1.1e-06
1.1e-06
1.1e-06
1.1e-06
1.1e-06
1.1e-06
1.1e-06
1.1e-06
1.1e-06
1.1e-06
1.1e-06
1.1e-06
1.1e-06
1.1e-06
1.1e-06
1.1e-06
1.1e-06
1.1e-06
1.1e-06
1.1e-06
1.1e-06
1.1e-06
1.1e-06
1.1e-06
1.1e-06
1.1e-06
1.1e-06
1.1e-06
1.1e-06
1.1e-06
1.1e-06
1.1e-06
1.1e-06
1.1e-06
1.1e-06
1.1e-06
1.1e-06
1.1e-06
1.1e-06
1.1e-06
1.1e-06
1.1e-06
1.1e-06
1.1e-06
1.1e-06
1.1e-06
1.1e-06
1.1e-06
1.1e-06
1.1e-06
1.1e-06
1.1e-06
1.1e-06
1.1e-06
1.1e-06
1.1e-06
1.1e-06
1.1e-06
1.1e-06
1.1e-06
1.1e-06
1.1e-06
1.1e-06
1.1e-06
1.1e-06
1.1e-06
1.1e-06
1.1e-06
1.1e-06
1.1e-06
1.1e-06
1.1e-06
1.1e-06
1.1e-06
1.1e-06
1.1e-06
1.1e-06
1.1e-06
1.1e-06
1.1e-06
1.1e-06
1.1e-06
1.1e-06
1.1e-06
1.1e-06
1.1e-06
1.1e-06
1.1e-06
1.1e-06
1.1e-06
1.1e-06
1.1e-06
1.1e-06
1.1e-06
1.1e-06
1.1e-06
1.1e-06
1.1e-06
1.1e-06
1.1e-06
1.1e-06
1.1e-06
1.1e-06
1.1e-06
1.1e-06
1.1e-06
1.1e-06
1.1e-06
1.1e-06
1.1e-06
1.1e-06
1.1e-06
1.1e-06
1.1e-06
1.1e-06
1.1e-06
1.1e-06
1.1e-06
1.1e-06
1.1e-06
1.1e-06
1.1e-06
1.1e-06
1.1e-06
1.1e-06
1.1e-06
1.1e-06
1.1e-06
1.1e-06
1.1e-06
1.1e-06
1.1e-06
1.1e-06
1.1e-06
1.1e-06
1.1e-06
1.1e-06
1.1e-06
1.1e-06
1.1e-06
1.1e-06
1.1e-06
1.1e-06
1.1e-06
1.1e-06
1.1e-06
1.1e-06
1.1e-06
1.1e-06
1.1e-06
1.1e-06
1.1e-06
1.1e-06
1.1e-06
1.1e-06
1.1e-06
1.1e-06
1.1e-06
1.1e-06
1.1e-06
1.1e-06
1.1e-06
1.1e-06
1.1e-06
1.1e-06
1.1e-06
1.1e-06
1.1e-06
1.1e-06
1.1e-06
1.1e-06
1.1e-06
1.1e-06
1.1e-06
1.1e-06
1.1e-06
1.1e-06
1.1e-06
1.1e-06
1.1e-06
1.1e-06
1.1e-06
1.1e-06
1.1e-06
1.1e-06
1.1e-06
1.1e-06
1.1e-06
1.1e-06
1.1e-06
1.1e-06
1.1e-06
1.1e-06
1.1e-06
1.1e-06
1.1e-06
1.1e-06
1.1e-06
1.1e-06
1.1e-06
1.1e-06
1.1e-06
1.1e-06
1.1e-06
1.1e-06
1.1e-06
1.1e-06
1.1e-06
1.1e-06
1.1e-06
1.1e-06
1.1e-06
1.1e-06
1.1e-06
1.1e-06
1.1e-06
1.1e-06
1.1e-06
1.1e-06
1.1e-06
1.1e-06
1.1e-06
1.1e-06
1.1e-06
1.1e-06
1.1e-06
1.1e-06
1.1e-06
1.1e-06
1.1e-06
1.1e-06
1.1e-06
1.1e-06
1.1e-06
1.1e-06
1.1e-06
1.1e-06
1.1e-06
1.1e-06
1.1e-06
1.1e-06
1.1e-06
1.1e-06
1.1e-06
1.1e-06
1.1e-06
1.1e-06
1.1e-06
1.1e-06
1.1e-06
1.1e-06
1.1e-06
1.1e-06
1.1e-06
1.1e-06
1.1e-06
1.1e-06
1.1e-06
1.1e-06
1.1e-06
1.1e-06
1.1e-06
1.1e-06
1.1e-06
1.1e-06
1.1e-06
1.1e-06
1.1e-06
1.1e-06
1.1e-06
1.1e-06
1.1e-06
1.1e-06
1.1e-06
1.1e-06
1.1e-06
1.1e-06
1.1e-06
1.1e-06
1.1e-06
1.1e-06
1.1e-06
1.1e-06
1.1e-06
1.1e-06
1.1e-06
1.1e-06
1.1e-06
1.1e-06
1.1e-06
1.1e-06
1.1e-06
1.1e-06
1.1e-06
1.1e-06
1.1e-06
1.1e-06
1.1e-06
1.1e-06
1.1e-06
1.1e-06
1.1e-06
1.1e-06
1.1e-06
1.1e-06
1.1e-06
1.1e-06
1.1e-06
1.1e-06
1.1e-06
1.1e-06
1.1e-06
1.1e-06
1.1e-06
1.1e-06
1.1e-06
1.1e-06
1.1e-06
1.1e-06
1.1e-06
1.1e-06
1.1e-06
1.1e-06
1.1e-06
1.1e-06
1.1e-06
1.1e-06
1.1e-06
1.1e-06
1.1e-06
1.1e-06
1.1e-06
1.1e-06
1.1e-06
1.1e-06
1.1e-06
1.1e-06
1.1e-06
1.1e-06
1.1e-06
1.1e-06
1.1e-06
1.1e-06
1.1e-06
1.1e-06
1.1e-06
1.1e-06
1.1e-06
1.1e-06
1.1e-06
1.1e-06
1.1e-06
1.1e-06
1.1e-06
1.1e-06
1.1e-06
1.1e-06
1.1e-06
1.1e-06
1.1e-06
1.1e-06
1.1e-06
1.1e-06
1.1e-06
1.1e-06
1.1e-06
1.1e-06
1.1e-06
1.1e-06
1.1e-06
1.1e-06
1.1e-06
1.1e-06
1.1e-06
1.1e-06
1.1e-06
1.1e-06
1.1e-06
1.1e-06
1.1e-06
1.1e-06
1.1e-06
1.1e-06
1.1e-06
1.1e-06
1.1e-06
1.1e-06
1.1e-06
1.1e-06
1.1e-06
1.1e-06
1.1e-06
1.1e-06
1.1e-06
1.1e-06
1.1e-06
1.1e-06
1.1e-06
1.1e-06
1.1e-06
1.1e-06
1.1e-06
1.1e-06
1.1e-06
1.1e-06
1.1e-06
1.1e-06
1.1e-06
1.1e-06
1.1e-06
1.1e-06
1.1e-06
1.1e-06
1.1e-06
1.1e-06
1.1e-06
1.1e-06
1.1e-06
1.1e-06
1.1e-06
1.1e-06
1.1e-06
1.1e-06
1.1e-06
1.1e-06
1.1e-06
1.1e-06
1.1e-06
1.1e-06
1.1e-06
1.1e-06
1.1e-06
1.1e-06
1.1e-06
1.1e-06
1.1e-06
1.1e-06
1.1e-06
1.1e-06
1.1e-06
1.1e-06
1.1e-06
1.1e-06
1.1e-06
1.1e-06
1.1e-06
1.1e-06
1.1e-06
1.1e-06
1.1e-06
1.1e-06
1.1e-06
1.1e-06
1.1e-06
1.1e-06
1.1e-06
1.1e-06
1.1e-06
1.1e-06
1.1e-06
1.1e-06
1.1e-06
1.1e-06
1.1e-06
1.1e-06
1.1e-06
1.1e-06
1.1e-06
1.1e-06
1.1e-06
1.1e-06
1.1e-06
1.1e-06
1.1e-06
1.1e-06
1.1e-06
1.1e-06
1.1e-06
1.1e-06
1.1e-06
1.1e-06
1.1e-06
1.1e-06
1.1e-06
1.1e-06
1.1e-06
1.1e-06
1.1e-06
1.1e-06
1.1e-06
1.1e-06
1.1e-06
1.1e-06
1.1e-06
1.1e-06
1.1e-06
1.1e-06
1.1e-06
1.1e-06
1.1e-06
1.1e-06
1.1e-06
1.1e-06
1.1e-06
1.1e-06
1.1e-06
1.1e-06
1.1e-06
1.1e-06
1.1e-06
1.1e-06
1.1e-06
1.1e-06
1.1e-06
1.1e-06
1.1e-06
1.1e-06
1.1e-06
1.1e-06
1.1e-06
1.1e-06
1.1e-06
1.1e-06
1.1e-06
1.1e-06
1.1e-06
1.1e-06
1.1e-06
1.1e-06
1.1e-06
1.1e-06
1.1e-06
1.1e-06
1.1e-06
1.1e-06
1.1e-06
1.1e-06
1.1e-06
1.1e-06
1.1e-06
1.1e-06
1.1e-06
1.1e-06
1.1e-06
1.1e-06
1.1e-06
1.1e-06
1.1e-06
1.1e-06
1.1e-06
1.1e-06
1.1e-06
1.1e-06
1.1e-06
1.1e-06
1.1e-06
1.1e-06
1.1e-06
1.1e-06
1.1e-06
1.1e-06
1.1e-06
1.1e-06
1.1e-06
1.1e-06
1.1e-06
1.1e-06
1.1e-06
1.1e-06
1.1e-06
1.1e-06
1.1e-06
1.1e-06
1.1e-06
1.1e-06
1.1e-06
1.1e-06
1.1e-06
1.1e-06
1.1e-06
1.1e-06
1.1e-06
1.1e-06
1.1e-06
1.1e-06
1.1e-06
1.1e-06
1.1e-06
1.1e-06
1.1e-06
1.1e-06
1.1e-06
1.1e-06
1.1e-06
1.1e-06
1.1e-06
1.1e-06
1.1e-06
1.1e-06
1.1e-06
1.1e-06
1.1e-06
1.1e-06
1.1e-06
1.1e-06
1.1e-06
1.1e-06
1.1e-06
1.1e-06
1.1e-06
1.1e-06
1.1e-06
1.1e-06
1.1e-06
1.1e-06
1.1e-06
1.1e-06
1.1e-06
1.1e-06
1.1e-06
1.1e-06
1.1e-06
1.1e-06
1.1e-06
1.1e-06
1.1e-06
1.1e-06
1.1e-06
1.1e-06
1.1e-06
1.1e-06
1.1e-06
1.1e-06
1.1e-06
1.1e-06
1.1e-06
1.1e-06
1.1e-06
1.1e-06
1.1e-06
1.1e-06
1.1e-06
1.1e-06
1.1e-06
1.1e-06
1.1e-06
1.1e-06
1.1e-06
1.1e-06
1.1e-06
1.1e-06
1.1e-06
1.1e-06
1.1e-06
1.1e-06
1.1e-06
1.1e-06
1.1e-06
1.1e-06
1.1e-06
1.1e-06
1.1e-06
1.1e-06
1.1e-06
1.1e-06
1.1e-06
1.1e-06
1.1e-06
1.1e-06
1.1e-06
1.1e-06
1.1e-06
1.1e-06
1.1e-06
1.1e-06
1.1e-06
1.1e-06
1.1e-06
1.1e-06
1.1e-06
1.1e-06
1.1e-06
1.1e-06
1.1e-06
1.1e-06
1.1e-06
1.1e-06
1.1e-06
1.1e-06
1.1e-06
1.1e-06
1.1e-06
1.1e-06
1.1e-06
1.1e-06
1.1e-06
1.1e-06
1.1e-06
1.1e-06
1.1e-06
1.1e-06
1.1e-06
1.1e-06
1.1e-06
1.1e-06
1.1e-06
1.1e-06
1.1e-06
1.1e-06
1.1e-06
1.1e-06
1.1e-06
1.1e-06
1.1e-06
1.1e-06
1.1e-06
1.1e-06
1.1e-06
1.1e-06
1.1e-06
1.1e-06
1.1e-06
1.1e-06
1.1e-06
1.1e-06
1.1e-06
1.1e-06
1.1e-06
1.1e-06
1.1e-06
1.1e-06
1.1e-06
1.1e-06
1.1e-06
1.1e-06
1.1e-06
1.1e-06
1.1e-06
1.1e-06
1.1e-06
1.1e-06
1.1e-06
1.1e-06
1.1e-06
1.1e-06
1.1e-06
1.1e-06
1.1e-06
1.1e-06
1.1e-06
1.1e-06
1.1e-06
1.1e-06
1.1e-06
1.1e-06
1.1e-06
1.1e-06
1.1e-06
1.1e-06
1.1e-06
1.1e-06
1.1e-06
1.1e-06
1.1e-06
1.1e-06
1.1e-06
1.1e-06
1.1e-06
1.1e-06
1.1e-06
1.1e-06
1.1e-06
1.1e-06
1.1e-06
1.1e-06
1.1e-06
1.1e-06
1.1e-06
1.1e-06
1.1e-06
1.1e-06
1.1e-06
1.1e-06
1.1e-06
1.1e-06
1.1e-06
1.1e-06
1.1e-06
1.1e-06
1.1e-06
1.1e-06
1.1e-06
1.1e-06
1.1e-06
1.1e-06
1.1e-06
1.1e-06
1.1e-06
1.1e-06
1.1e-06
1.1e-06
1.1e-06
1.1e-06
1.1e-06
1.1e-06
1.1e-06
1.1e-06
1.1e-06
1.1e-06
1.1e-06
1.1e-06
1.1e-06
1.1e-06
1.1e-06
1.1e-06
1.1e-06
1.1e-06
1.1e-06
1.1e-06
1.1e-06
1.1e-06
1.1e-06
1.1e-06
1.1e-06
1.1e-06
1.1e-06
1.1e-06
1.1e-06
1.1e-06
1.1e-06
1.1e-06
1.1e-06
1.1e-06
1.1e-06
1.1e-06
1.1e-06
1.1e-06
1.1e-06
1.1e-06
1.1e-06
1.1e-06
1.1e-06
1.1e-06
1.1e-06
1.1e-06
1.1e-06
1.1e-06
1.1e-06
1.1e-06
1.1e-06
1.1e-06
1.1e-06
1.1e-06
1.1e-06
1.1e-06
1.1e-06
1.1e-06
1.1e-06
1.1e-06
1.1e-06
1.1e-06
1.1e-06
1.1e-06
1.1e-06
1.1e-06
1.1e-06
1.1e-06
1.1e-06
1.1e-06
1.1e-06
1.1e-06
1.1e-06
1.1e-06
1.1e-06
1.1e-06
1.1e-06
1.1e-06
1.1e-06
1.1e-06
1.1e-06
1.1e-06
1.1e-06
1.1e-06
1.1e-06
1.1e-06
1.1e-06
1.1e-06
1.1e-06
1.1e-06
1.1e-06
1.1e-06
1.1e-06
1.1e-06
1.1e-06
1.1e-06
1.1e-06
1.1e-06
1.1e-06
1.1e-06
1.1e-06
1.1e-06
1.1e-06
1.1e-06
1.1e-06
1.1e-06
1.1e-06
1.1e-06
1.1e-06
1.1e-06
1.1e-06
1.1e-06
1.1e-06
1.1e-06
1.1e-06
1.1e-06
1.1e-06
1.1e-06
1.1e-06
1.1e-06
1.1e-06
1.1e-06
1.1e-06
1.1e-06
1.1e-06
1.1e-06
1.1e-06
1.1e-06
1.1e-06
1.1e-06
1.1e-06
1.1e-06
1.1e-06
1.1e-06
1.1e-06
1.1e-06
1.1e-06
1.1e-06
1.1e-06
1.1e-06
1.1e-06
1.1e-06
1.1e-06
1.1e-06
1.1e-06
1.1e-06
1.1e-06
1.1e-06
1.1e-06
1.1e-06
1.1e-06
1.1e-06
1.1e-06
1.1e-06
1.1e-06
1.1e-06
1.1e-06
1.1e-06
1.1e-06
1.1e-06
1.1e-06
1.1e-06
1.1e-06
1.1e-06
1.1e-06
1.1e-06
1.1e-06
1.1e-06
1.1e-06
1.1e-06
1.1e-06
1.1e-06
1.1e-06
1.1e-06
1.1e-06
1.1e-06
1.1e-06
1.1e-06
1.1e-06
1.1e-06
1.1e-06
1.1e-06
1.1e-06
1.1e-06
1.1e-06
1.1e-06
1.1e-06
1.1e-06
1.1e-06
1.1e-06
1.1e-06
1.1e-06
1.1e-06
1.1e-06
1.1e-06
1.1e-06
1.1e-06
1.1e-06
1.1e-06
1.1e-06
1.1e-06
1.1e-06
1.1e-06
1.1e-06
1.1e-06
1.1e-06
1.1e-06
1.1e-06
1.1e-06
1.1e-06
1.1e-06
1.1e-06
1.1e-06
1.1e-06
1.1e-06
1.1e-06
1.1e-06
1.1e-06
1.1e-06
1.1e-06
1.1e-06
1.1e-06
1.1e-06
1.1e-06
1.1e-06
1.1e-06
1.1e-06
1.1e-06
1.1e-06
1.1e-06
1.1e-06
1.1e-06
1.1e-06
1.1e-06
1.1e-06
1.1e-06
1.1e-06
1.1e-06
1.1e-06
1.1e-06
1.1e-06
1.1e-06
1.1e-06
1.1e-06
1.1e-06
1.1e-06
1.1e-06
1.1e-06
1.1e-06
1.1e-06
1.1e-06
1.1e-06
1.1e-06
1.1e-06
1.1e-06
1.1e-06
1.1e-06
1.1e-06
1.1e-06
1.1e-06
1.1e-06
1.1e-06
1.1e-06
1.1e-06
1.1e-06
1.1e-06
1.1e-06
1.1e-06
1.1e-06
1.1e-06
1.1e-06
1.1e-06
1.1e-06
1.1e-06
1.1e-06
1.1e-06
1.1e-06
1.1e-06
1.1e-06
1.1e-06
1.1e-06
1.1e-06
1.1e-06
1.1e-06
1.1e-06
1.1e-06
1.1e-06
1.1e-06
1.1e-06
1.1e-06
1.1e-06
1.1e-06
1.1e-06
1.1e-06
1.1e-06
1.1e-06
1.1e-06
1.1e-06
1.1e-06
1.1e-06
1.1e-06
1.1e-06
1.1e-06
1.1e-06
1.1e-06
1.1e-06
1.1e-06
1.1e-06
1.1e-06
1.1e-06
1.1e-06
1.1e-06
1.1e-06
1.1e-06
1.1e-06
1.1e-06
1.1e-06
1.1e-06
1.1e-06
1.1e-06
1.1e-06
1.1e-06
1.1e-06
1.1e-06
1.1e-06
1.1e-06
1.1e-06
1.1e-06
1.1e-06
1.1e-06
1.1e-06
1.1e-06
1.1e-06
1.1e-06
1.1e-06
1.1e-06
1.1e-06
1.1e-06
1.1e-06
1.1e-06
1.1e-06
1.1e-06
1.1e-06
1.1e-06
1.1e-06
1.1e-06
1.1e-06
1.1e-06
1.1e-06
1.1e-06
1.1e-06
1.1e-06
1.1e-06
1.1e-06
1.1e-06
1.1e-06
1.1e-06
1.1e-06
1.1e-06
1.1e-06
1.1e-06
1.1e-06
1.1e-06
1.1e-06
1.1e-06
1.1e-06
1.1e-06
1.1e-06
1.1e-06
1.1e-06
1.1e-06
1.1e-06
1.1e-06
1.1e-06
1.1e-06
1.1e-06
1.1e-06
1.1e-06
1.1e-06
1.1e-06
1.1e-06
1.1e-06
1.1e-06
1.1e-06
1.1e-06
1.1e-06
1.1e-06
1.1e-06
1.1e-06
1.1e-06
1.1e-06
1.1e-06
1.1e-06
1.1e-06
1.1e-06
1.1e-06
1.1e-06
1.1e-06
1.1e-06
1.1e-06
1.1e-06
1.1e-06
1.1e-06
1.1e-06
1.1e-06
1.1e-06
1.1e-06
1.1e-06
1.1e-06
1.1e-06
1.1e-06
1.1e-06
1.1e-06
1.1e-06
1.1e-06
1.1e-06
1.1e-06
1.1e-06
1.1e-06
1.1e-06
1.1e-06
1.1e-06
1.1e-06
1.1e-06
1.1e-06
1.1e-06
1.1e-06
1.1e-06
1.1e-06
1.1e-06
1.1e-06
1.1e-06
1.1e-06
1.1e-06
1.1e-06
1.1e-06
1.1e-06
1.1e-06
1.1e-06
1.1e-06
1.1e-06
1.1e-06
1.1e-06
1.1e-06
1.1e-06
1.1e-06
1.1e-06
1.1e-06
1.1e-06
1.1e-06
1.1e-06
1.1e-06
1.1e-06
1.1e-06
1.1e-06
1.1e-06
1.1e-06
1.1e-06
1.1e-06
1.1e-06
1.1e-06
1.1e-06
1.1e-06
1.1e-06
1.1e-06
1.1e-06
1.1e-06
1.1e-06
1.1e-06
1.1e-06
1.1e-06
1.1e-06
1.1e-06
1.1e-06
1.1e-06
1.1e-06
1.1e-06
1.1e-06
1.1e-06
1.1e-06
1.1e-06
1.1e-06
1.1e-06
1.1e-06
1.1e-06
1.1e-06
1.1e-06
1.1e-06
1.1e-06
1.1e-06
1.1e-06
1.1e-06
1.1e-06
1.1e-06
1.1e-06
1.1e-06
1.1e-06
1.1e-06
1.1e-06
1.1e-06
1.1e-06
1.1e-06
1.1e-06
1.1e-06
1.1e-06
1.1e-06
1.1e-06
1.1e-06
1.1e-06
1.1e-06
1.1e-06
1.1e-06
1.1e-06
1.1e-06
1.1e-06
1.1e-06
1.1e-06
1.1e-06
1.1e-06
1.1e-06
1.1e-06
1.1e-06
1.1e-06
1.1e-06
1.1e-06
1.1e-06
1.1e-06
1.1e-06
1.1e-06
1.1e-06
1.1e-06
1.1e-06
1.1e-06
1.1e-06
1.1e-06
1.1e-06
1.1e-06
1.1e-06
1.1e-06
1.1e-06
1.1e-06
1.1e-06
1.1e-06
1.1e-06
1.1e-06
1.1e-06
1.1e-06
1.1e-06
1.1e-06
1.1e-06
1.1e-06
1.1e-06
1.1e-06
1.1e-06
1.1e-06
1.1e-06
1.1e-06
1.1e-06
1.1e-06
1.1e-06
1.1e-06
1.1e-06
1.1e-06
1.1e-06
1.1e-06
1.1e-06
1.1e-06
1.1e-06
1.1e-06
1.1e-06
1.1e-06
1.1e-06
1.1e-06
1.1e-06
1.1e-06
1.1e-06
1.1e-06
1.1e-06
1.1e-06
1.1e-06
1.1e-06
1.1e-06
1.1e-06
1.1e-06
1.1e-06
1.1e-06
1.1e-06
1.1e-06
1.1e-06
1.1e-06
1.1e-06
1.1e-06
1.1e-06
1.1e-06
1.1e-06
1.1e-06
1.1e-06
1.1e-06
1.1e-06
1.1e-06
1.1e-06
1.1e-06
1.1e-06
1.1e-06
1.1e-06
1.1e-06
1.1e-06
1.1e-06
1.1e-06
1.1e-06
1.1e-06
1.1e-06
1.1e-06
1.1e-06
1.1e-06
1.1e-06
1.1e-06
1.1e-06
1.1e-06
1.1e-06
1.1e-06
1.1e-06
1.1e-06
1.1e-06
1.1e-06
1.1e-06
1.1e-06
1.1e-06
1.1e-06
1.1e-06
1.1e-06
1.1e-06
1.1e-06
1.1e-06
1.1e-06
1.1e-06
1.1e-06
1.1e-06
1.1e-06
1.1e-06
1.1e-06
1.1e-06
1.1e-06
1.1e-06
1.1e-06
1.1e-06
1.1e-06
1.1e-06
1.1e-06
1.1e-06
1.1e-06
1.1e-06
1.1e-06
1.1e-06
1.1e-06
1.1e-06
1.1e-06
1.1e-06
1.1e-06
1.1e-06
1.1e-06
1.1e-06
1.1e-06
1.1e-06
1.1e-06
1.1e-06
1.1e-06
1.1e-06
1.1e-06
1.1e-06
1.1e-06
1.1e-06
1.1e-06
1.1e-06
1.1e-06
1.1e-06
1.1e-06
1.1e-06
1.1e-06
1.1e-06
1.1e-06
1.1e-06
1.1e-06
1.1e-06
1.1e-06
1.1e-06
1.1e-06
1.1e-06
1.1e-06
1.1e-06
1.1e-06
1.1e-06
1.1e-06
1.1e-06
1.1e-06
1.1e-06
1.1e-06
1.1e-06
1.1e-06
1.1e-06
1.1e-06
1.1e-06
1.1e-06
1.1e-06
1.1e-06
1.1e-06
1.1e-06
1.1e-06
1.1e-06
1.1e-06
1.1e-06
1.1e-06
1.1e-06
1.1e-06
1.1e-06
1.1e-06
1.1e-06
1.1e-06
1.1e-06
1.1e-06
1.1e-06
1.1e-06
1.1e-06
1.1e-06
1.1e-06
1.1e-06
1.1e-06
1.1e-06
1.1e-06
1.1e-06
1.1e-06
1.1e-06
1.1e-06
1.1e-06
1.1e-06
1.1e-06
1.1e-06
1.1e-06
1.1e-06
1.1e-06
1.1e-06
1.1e-06
1.1e-06
1.1e-06
1.1e-06
1.1e-06
1.1e-06
1.1e-06
1.1e-06
1.1e-06
1.1e-06
1.1e-06
1.1e-06
1.1e-06
1.1e-06
1.1e-06
1.1e-06
1.1e-06
1.1e-06
1.1e-06
1.1e-06
1.1e-06
1.1e-06
1.1e-06
1.1e-06
1.1e-06
1.1e-06
1.1e-06
1.1e-06
1.1e-06
1.1e-06
1.1e-06
1.1e-06
1.1e-06
1.1e-06
1.1e-06
1.1e-06
1.1e-06
1.1e-06
1.1e-06
1.1e-06
1.1e-06
1.1e-06
1.1e-06
1.1e-06
1.1e-06
1.1e-06
1.1e-06
1.1e-06
1.1e-06
1.1e-06
1.1e-06
1.1e-06
1.1e-06
1.1e-06
1.1e-06
1.1e-06
1.1e-06
1.1e-06
1.1e-06
1.1e-06
1.1e-06
1.1e-06
1.1e-06
1.1e-06
1.1e-06
1.1e-06
1.1e-06
1.1e-06
1.1e-06
1.1e-06
1.1e-06
1.1e-06
1.1e-06
1.1e-06
1.1e-06
1.1e-06
1.1e-06
1.1e-06
1.1e-06
1.1e-06
1.1e-06
1.1e-06
1.1e-06
1.1e-06
1.1e-06
1.1e-06
1.1e-06
1.1e-06
1.1e-06
1.1e-06
1.1e-06
1.1e-06
1.1e-06
1.1e-06
1.1e-06
1.1e-06
1.1e-06
1.1e-06
1.1e-06
1.1e-06
1.1e-06
1.1e-06
1.1e-06
1.1e-06
1.1e-06
1.1e-06
1.1e-06
1.1e-06
1.1e-06
1.1e-06
1.1e-06
1.1e-06
1.1e-06
1.1e-06
1.1e-06
1.1e-06
1.1e-06
1.1e-06
1.1e-06
1.1e-06
1.1e-06
1.1e-06
1.1e-06
1.1e-06
1.1e-06
1.1e-06
1.1e-06
1.1e-06
1.1e-06
1.1e-06
1.1e-06
1.1e-06
1.1e-06
1.1e-06
1.1e-06
1.1e-06
1.1e-06
1.1e-06
1.1e-06
1.1e-06
1.1e-06
1.1e-06
1.1e-06
1.1e-06
1.1e-06
1.1e-06
1.1e-06
1.1e-06
1.1e-06
1.1e-06
1.1e-06
1.1e-06
1.1e-06
1.1e-06
1.1e-06
1.1e-06
1.1e-06
1.1e-06
1.1e-06
1.1e-06
1.1e-06
1.1e-06
1.1e-06
1.1e-06
1.1e-06
1.1e-06
1.1e-06
1.1e-06
1.1e-06
1.1e-06
1.1e-06
1.1e-06
1.1e-06
1.1e-06
1.1e-06
1.1e-06
1.1e-06
1.1e-06
1.1e-06
1.1e-06
1.1e-06
1.1e-06
1.1e-06
1.1e-06
1.1e-06
1.1e-06
1.1e-06
1.1e-06
1.1e-06
1.1e-06
1.1e-06
1.1e-06
1.1e-06
1.1e-06
1.1e-06
1.1e-06
1.1e-06
1.1e-06
1.1e-06
1.1e-06
1.1e-06
1.1e-06
1.1e-06
1.1e-06
1.1e-06
1.1e-06
1.1e-06
1.1e-06
1.1e-06
1.1e-06
1.1e-06
1.1e-06
1.1e-06
1.1e-06
1.1e-06
1.1e-06
1.1e-06
1.1e-06
1.1e-06
1.1e-06
1.1e-06
1.1e-06
1.1e-06
1.1e-06
1.1e-06
1.1e-06
1.1e-06
1.1e-06
1.1e-06
1.1e-06
1.1e-06
1.1e-06
1.1e-06
1.1e-06
1.1e-06
1.1e-06
1.1e-06
1.1e-06
1.1e-06
1.1e-06
1.1e-06
1.1e-06
1.1e-06
1.1e-06
1.1e-06
1.1e-06
1.1e-06
1.1e-06
1.1e-06
1.1e-06
1.1e-06
1.1e-06
1.1e-06
1.1e-06
1.1e-06
1.1e-06
1.1e-06
1.1e-06
1.1e-06
1.1e-06
1.1e-06
1.1e-06
1.1e-06
1.1e-06
1.1e-06
1.1e-06
1.1e-06
1.1e-06
1.1e-06
1.1e-06
1.1e-06
1.1e-06
1.1e-06
1.1e-06
1.1e-06
1.1e-06
1.1e-06
1.1e-06
1.1e-06
1.1e-06
1.1e-06
1.1e-06
1.1e-06
1.1e-06
1.1e-06
1.1e-06
1.1e-06
1.1e-06
1.1e-06
1.1e-06
1.1e-06
1.1e-06
1.1e-06
1.1e-06
1.1e-06
1.1e-06
1.1e-06
1.1e-06
1.1e-06
1.1e-06
1.1e-06
1.1e-06
1.1e-06
1.1e-06
1.1e-06
1.1e-06
1.1e-06
1.1e-06
1.1e-06
1.1e-06
1.1e-06
1.1e-06
1.1e-06
1.1e-06
1.1e-06
1.1e-06
1.1e-06
1.1e-06
1.1e-06
1.1e-06
1.1e-06
1.1e-06
1.1e-06
1.1e-06
1.1e-06
1.1e-06
1.1e-06
1.1e-06
1.1e-06
1.1e-06
1.1e-06
1.1e-06
1.1e-06
1.1e-06
1.1e-06
1.1e-06
1.1e-06
1.1e-06
1.1e-06
1.1e-06
1.1e-06
1.1e-06
1.1e-06
1.1e-06
1.1e-06
1.1e-06
1.1e-06
1.1e-06
1.1e-06
1.1e-06
1.1e-06
1.1e-06
1.1e-06
1.1e-06
1.1e-06
1.1e-06
1.1e-06
1.1e-06
1.1e-06
1.1e-06
1.1e-06
1.1e-06
1.1e-06
1.1e-06
1.1e-06
1.1e-06
1.1e-06
1.1e-06
1.1e-06
1.1e-06
1.1e-06
1.1e-06
1.1e-06
1.1e-06
1.1e-06
1.1e-06
1.1e-06
1.1e-06
1.1e-06
1.1e-06
1.1e-06
1.1e-06
1.1e-06
1.1e-06
1.1e-06
1.1e-06
1.1e-06
1.1e-06
1.1e-06
1.1e-06
1.1e-06
1.1e-06
1.1e-06
1.1e-06
1.1e-06
1.1e-06
1.1e-06
1.1e-06
1.1e-06
1.1e-06
1.1e-06
1.1e-06
1.1e-06
1.1e-06
1.1e-06
1.1e-06
1.1e-06
1.1e-06
1.1e-06
1.1e-06
1.1e-06
1.1e-06
1.1e-06
1.1e-06
1.1e-06
1.1e-06
1.1e-06
1.1e-06
1.1e-06
1.1e-06
1.1e-06
1.1e-06
1.1e-06
1.1e-06
1.1e-06
1.1e-06
1.1e-06
1.1e-06
1.1e-06
1.1e-06
1.1e-06
1.1e-06
1.1e-06
1.1e-06
1.1e-06
1.1e-06
1.1e-06
1.1e-06
1.1e-06
1.1e-06
1.1e-06
1.1e-06
1.1e-06
1.1e-06
1.1e-06
1.1e-06
1.1e-06
1.1e-06
1.1e-06
1.1e-06
1.1e-06
1.1e-06
1.1e-06
1.1e-06
1.1e-06
1.1e-06
1.1e-06
1.1e-06
1.1e-06
1.1e-06
1.1e-06
1.1e-06
1.1e-06
1.1e-06
1.1e-06
1.1e-06
1.1e-06
1.1e-06
1.1e-06
1.1e-06
1.1e-06
1.1e-06
1.1e-06
1.1e-06
1.1e-06
1.1e-06
1.1e-06
1.1e-06
1.1e-06
1.1e-06
1.1e-06
1.1e-06
1.1e-06
1.1e-06
1.1e-06
1.1e-06
1.1e-06
1.1e-06
1.1e-06
1.1e-06
1.1e-06
1.1e-06
1.1e-06
1.1e-06
1.1e-06
1.1e-06
1.1e-06
1.1e-06
1.1e-06
1.1e-06
1.1e-06
1.1e-06
1.1e-06
1.1e-06
1.1e-06
1.1e-06
1.1e-06
1.1e-06
1.1e-06
1.1e-06
1.1e-06
1.1e-06
1.1e-06
1.1e-06
1.1e-06
1.1e-06
1.1e-06
1.1e-06
1.1e-06
1.1e-06
1.1e-06
1.1e-06
1.1e-06
1.1e-06
1.1e-06
1.1e-06
1.1e-06
1.1e-06
1.1e-06
1.1e-06
1.1e-06
1.1e-06
1.1e-06
1.1e-06
1.1e-06
1.1e-06
1.1e-06
1.1e-06
1.1e-06
1.1e-06
1.1e-06
1.1e-06
1.1e-06
1.1e-06
1.1e-06
1.1e-06
1.1e-06
1.1e-06
1.1e-06
1.1e-06
1.1e-06
1.1e-06
1.1e-06
1.1e-06
1.1e-06
1.1e-06
1.1e-06
1.1e-06
1.1e-06
1.1e-06
1.1e-06
1.1e-06
1.1e-06
1.1e-06
1.1e-06
1.1e-06
1.1e-06
1.1e-06
1.1e-06
1.1e-06
1.1e-06
1.1e-06
1.1e-06
1.1e-06
1.1e-06
1.1e-06
1.1e-06
1.1e-06
1.1e-06
1.1e-06
1.1e-06
1.1e-06
1.1e-06
1.1e-06
1.1e-06
1.1e-06
1.1e-06
1.1e-06
1.1e-06
1.1e-06
1.1e-06
1.1e-06
1.1e-06
1.1e-06
1.1e-06
1.1e-06
1.1e-06
1.1e-06
1.1e-06
1.1e-06
1.1e-06
1.1e-06
1.1e-06
1.1e-06
1.1e-06
1.1e-06
1.1e-06
1.1e-06
1.1e-06
1.1e-06
1.1e-06
1.1e-06
1.1e-06
1.1e-06
1.1e-06
1.1e-06
1.1e-06
1.1e-06
1.1e-06
1.1e-06
1.1e-06
1.1e-06
1.1e-06
1.1e-06
1.1e-06
1.1e-06
1.1e-06
1.1e-06
1.1e-06
1.1e-06
1.1e-06
1.1e-06
1.1e-06
1.1e-06
1.1e-06
1.1e-06
1.1e-06
1.1e-06
1.1e-06
1.1e-06
1.1e-06
1.1e-06
1.1e-06
1.1e-06
1.1e-06
1.1e-06
1.1e-06
1.1e-06
1.1e-06
1.1e-06
1.1e-06
1.1e-06
1.1e-06
1.1e-06
1.1e-06
1.1e-06
1.1e-06
1.1e-06
1.1e-06
1.1e-06
1.1e-06
1.1e-06
1.1e-06
1.1e-06
1.1e-06
1.1e-06
1.1e-06
1.1e-06
1.1e-06
1.1e-06
1.1e-06
1.1e-06
1.1e-06
1.1e-06
1.1e-06
1.1e-06
1.1e-06
1.1e-06
1.1e-06
1.1e-06
1.1e-06
1.1e-06
1.1e-06
1.1e-06
1.1e-06
1.1e-06
1.1e-06
1.1e-06
1.1e-06
1.1e-06
1.1e-06
1.1e-06
1.1e-06
1.1e-06
1.1e-06
1.1e-06
1.1e-06
1.1e-06
1.1e-06
1.1e-06
1.1e-06
1.1e-06
1.1e-06
1.1e-06
1.1e-06
1.1e-06
1.1e-06
1.1e-06
1.1e-06
1.1e-06
1.1e-06
1.1e-06
1.1e-06
1.1e-06
1.1e-06
1.1e-06
1.1e-06
1.1e-06
1.1e-06
1.1e-06
1.1e-06
1.1e-06
1.1e-06
1.1e-06
1.1e-06
1.1e-06
1.1e-06
1.1e-06
1.1e-06
1.1e-06
1.1e-06
1.1e-06
1.1e-06
1.1e-06
1.1e-06
1.1e-06
1.1e-06
1.1e-06
1.1e-06
1.1e-06
1.1e-06
1.1e-06
1.1e-06
1.1e-06
1.1e-06
1.1e-06
1.1e-06
1.1e-06
1.1e-06
1.1e-06
1.1e-06
1.1e-06
1.1e-06
1.1e-06
1.1e-06
1.1e-06
1.1e-06
1.1e-06
1.1e-06
1.1e-06
1.1e-06
1.1e-06
1.1e-06
1.1e-06
1.1e-06
1.1e-06
1.1e-06
1.1e-06
1.1e-06
1.1e-06
1.1e-06
1.1e-06
1.1e-06
1.1e-06
1.1e-06
1.1e-06
1.1e-06
1.1e-06
1.1e-06
1.1e-06
1.1e-06
1.1e-06
1.1e-06
1.1e-06
1.1e-06
1.1e-06
1.1e-06
1.1e-06
1.1e-06
1.1e-06
1.1e-06
1.1e-06
1.1e-06
1.1e-06
1.1e-06
1.1e-06
1.1e-06
1.1e-06
1.1e-06
1.1e-06
1.1e-06
1.1e-06
1.1e-06
1.1e-06
1.1e-06
1.1e-06
1.1e-06
1.1e-06
1.1e-06
1.1e-06
1.1e-06
1.1e-06
1.1e-06
1.1e-06
1.1e-06
1.1e-06
1.1e-06
1.1e-06
1.1e-06
1.1e-06
1.1e-06
1.1e-06
1.1e-06
1.1e-06
1.1e-06
1.1e-06
1.1e-06
1.1e-06
1.1e-06
1.1e-06
1.1e-06
1.1e-06
1.1e-06
1.1e-06
1.1e-06
1.1e-06
1.1e-06
1.1e-06
1.1e-06
1.1e-06
1.1e-06
1.1e-06
1.1e-06
1.1e-06
1.1e-06
1.1e-06
1.1e-06
1.1e-06
1.1e-06
1.1e-06
1.1e-06
1.1e-06
1.1e-06
1.1e-06
1.1e-06
1.1e-06
1.1e-06
1.1e-06
1.1e-06
1.1e-06
1.1e-06
1.1e-06
1.1e-06
1.1e-06
1.1e-06
1.1e-06
1.1e-06
1.1e-06
1.1e-06
1.1e-06
1.1e-06
1.1e-06
1.1e-06
1.1e-06
1.1e-06
1.1e-06
1.1e-06
1.1e-06
1.1e-06
1.1e-06
1.1e-06
1.1e-06
1.1e-06
1.1e-06
1.1e-06
1.1e-06
1.1e-06
1.1e-06
1.1e-06
1.1e-06
1.1e-06
1.1e-06
1.1e-06
1.1e-06
1.1e-06
1.1e-06
1.1e-06
1.1e-06
1.1e-06
1.1e-06
1.1e-06
1.1e-06
1.1e-06
1.1e-06
1.1e-06
1.1e-06
1.1e-06
1.1e-06
1.1e-06
1.1e-06
1.1e-06
1.1e-06
1.1e-06
1.1e-06
1.1e-06
1.1e-06
1.1e-06
1.1e-06
1.1e-06
1.1e-06
1.1e-06
1.1e-06
1.1e-06
1.1e-06
1.1e-06
1.1e-06
1.1e-06
1.1e-06
1.1e-06
1.1e-06
1.1e-06
1.1e-06
1.1e-06
1.1e-06
1.1e-06
1.1e-06
1.1e-06
1.1e-06
1.1e-06
1.1e-06
1.1e-06
1.1e-06
1.1e-06
1.1e-06
1.1e-06
1.1e-06
1.1e-06
1.1e-06
1.1e-06
1.1e-06
1.1e-06
1.1e-06
1.1e-06
1.1e-06
1.1e-06
1.1e-06
1.1e-06
1.1e-06
1.1e-06
1.1e-06
1.1e-06
1.1e-06
1.1e-06
1.1e-06
1.1e-06
1.1e-06
1.1e-06
1.1e-06
1.1e-06
1.1e-06
1.1e-06
1.1e-06
1.1e-06
1.1e-06
1.1e-06
1.1e-06
1.1e-06
1.1e-06
1.1e-06
1.1e-06
1.1e-06
1.1e-06
1.1e-06
1.1e-06
1.1e-06
1.1e-06
1.1e-06
1.1e-06
1.1e-06
1.1e-06
1.1e-06
1.1e-06
1.1e-06
1.1e-06
1.1e-06
1.1e-06
1.1e-06
1.1e-06
1.1e-06
1.1e-06
1.1e-06
1.1e-06
1.1e-06
1.1e-06
1.1e-06
1.1e-06
1.1e-06
1.1e-06
1.1e-06
1.1e-06
1.1e-06
1.1e-06
1.1e-06
1.1e-06
1.1e-06
1.1e-06
1.1e-06
1.1e-06
1.1e-06
1.1e-06
1.1e-06
1.1e-06
1.1e-06
1.1e-06
1.1e-06
1.1e-06
1.1e-06
1.1e-06
1.1e-06
1.1e-06
1.1e-06
1.1e-06
1.1e-06
1.1e-06
1.1e-06
1.1e-06
1.1e-06
1.1e-06
1.1e-06
1.1e-06
1.1e-06
1.1e-06
1.1e-06
1.1e-06
1.1e-06
1.1e-06
1.1e-06
1.1e-06
1.1e-06
1.1e-06
1.1e-06
1.1e-06
1.1e-06
1.1e-06
1.1e-06
1.1e-06
1.1e-06
1.1e-06
1.1e-06
1.1e-06
1.1e-06
1.1e-06
1.1e-06
1.1e-06
1.1e-06
1.1e-06
1.1e-06
1.1e-06
1.1e-06
1.1e-06
1.1e-06
1.1e-06
1.1e-06
1.1e-06
1.1e-06
1.1e-06
1.1e-06
1.1e-06
1.1e-06
1.1e-06
1.1e-06
1.1e-06
1.1e-06
1.1e-06
1.1e-06
1.1e-06
1.1e-06
1.1e-06
1.1e-06
1.1e-06
1.1e-06
1.1e-06
1.1e-06
1.1e-06
1.1e-06
1.1e-06
1.1e-06
1.1e-06
1.1e-06
1.1e-06
1.1e-06
1.1e-06
1.1e-06
1.1e-06
1.1e-06
1.1e-06
1.1e-06
1.1e-06
1.1e-06
1.1e-06
1.1e-06
1.1e-06
1.1e-06
1.1e-06
1.1e-06
1.1e-06
1.1e-06
1.1e-06
1.1e-06
1.1e-06
1.1e-06
1.1e-06
1.1e-06
1.1e-06
1.1e-06
1.1e-06
1.1e-06
1.1e-06
1.1e-06
1.1e-06
1.1e-06
1.1e-06
1.1e-06
1.1e-06
1.1e-06
1.1e-06
1.1e-06
1.1e-06
1.1e-06
1.1e-06
1.1e-06
1.1e-06
1.1e-06
1.1e-06
1.1e-06
1.1e-06
1.1e-06
1.1e-06
1.1e-06
1.1e-06
1.1e-06
1.1e-06
1.1e-06
1.1e-06
1.1e-06
1.1e-06
1.1e-06
1.1e-06
1.1e-06
1.1e-06
1.1e-06
1.1e-06
1.1e-06
1.1e-06
1.1e-06
1.1e-06
1.1e-06
1.1e-06
1.1e-06
1.1e-06
1.1e-06
1.1e-06
1.1e-06
1.1e-06
1.1e-06
1.1e-06
1.1e-06
1.1e-06
1.1e-06
1.1e-06
1.1e-06
1.1e-06
1.1e-06
1.1e-06
1.1e-06
1.1e-06
1.1e-06
1.1e-06
1.1e-06
1.1e-06
1.1e-06
1.1e-06
1.1e-06
1.1e-06
1.1e-06
1.1e-06
1.1e-06
1.1e-06
1.1e-06
1.1e-06
1.1e-06
1.1e-06
1.1e-06
1.1e-06
1.1e-06
1.1e-06
1.1e-06
1.1e-06
1.1e-06
1.1e-06
1.1e-06
1.1e-06
1.1e-06
1.1e-06
1.1e-06
1.1e-06
1.1e-06
1.1e-06
1.1e-06
1.1e-06
1.1e-06
1.1e-06
1.1e-06
1.1e-06
1.1e-06
1.1e-06
1.1e-06
1.1e-06
1.1e-06
1.1e-06
1.1e-06
1.1e-06
1.1e-06
1.1e-06
1.1e-06
1.1e-06
1.1e-06
1.1e-06
1.1e-06
1.1e-06
1.1e-06
1.1e-06
1.1e-06
1.1e-06
1.1e-06
1.1e-06
1.1e-06
1.1e-06
1.1e-06
1.1e-06
1.1e-06
1.1e-06
1.1e-06
1.1e-06
1.1e-06
1.1e-06
1.1e-06
1.1e-06
1.1e-06
1.1e-06
1.1e-06
1.1e-06
1.1e-06
1.1e-06
1.1e-06
1.1e-06
1.1e-06
1.1e-06
1.1e-06
1.1e-06
1.1e-06
1.1e-06
1.1e-06
1.1e-06
1.1e-06
1.1e-06
1.1e-06
1.1e-06
1.1e-06
1.1e-06
1.1e-06
1.1e-06
1.1e-06
1.1e-06
1.1e-06
1.1e-06
1.1e-06
1.1e-06
1.1e-06
1.1e-06
1.1e-06
1.1e-06
1.1e-06
1.1e-06
1.1e-06
1.1e-06
1.1e-06
1.1e-06
1.1e-06
1.1e-06
1.1e-06
1.1e-06
1.1e-06
1.1e-06
1.1e-06
1.1e-06
1.1e-06
1.1e-06
1.1e-06
1.1e-06
1.1e-06
1.1e-06
1.1e-06
1.1e-06
1.1e-06
1.1e-06
1.1e-06
1.1e-06
1.1e-06
1.1e-06
1.1e-06
1.1e-06
1.1e-06
1.1e-06
1.1e-06
1.1e-06
1.1e-06
1.1e-06
1.1e-06
1.1e-06
1.1e-06
1.1e-06
1.1e-06
1.1e-06
1.1e-06
1.1e-06
1.1e-06
1.1e-06
1.1e-06
1.1e-06
1.1e-06
1.1e-06
1.1e-06
1.1e-06
1.1e-06
1.1e-06
1.1e-06
1.1e-06
1.1e-06
1.1e-06
1.1e-06
1.1e-06
1.1e-06
1.1e-06
1.1e-06
1.1e-06
1.1e-06
1.1e-06
1.1e-06
1.1e-06
1.1e-06
1.1e-06
1.1e-06
1.1e-06
1.1e-06
1.1e-06
1.1e-06
1.1e-06
1.1e-06
1.1e-06
1.1e-06
1.1e-06
1.1e-06
1.1e-06
1.1e-06
1.1e-06
1.1e-06
1.1e-06
1.1e-06
1.1e-06
1.1e-06
1.1e-06
1.1e-06
1.1e-06
1.1e-06
1.1e-06
1.1e-06
1.1e-06
1.1e-06
1.1e-06
1.1e-06
1.1e-06
1.1e-06
1.1e-06
1.1e-06
1.1e-06
1.1e-06
1.1e-06
1.1e-06
1.1e-06
1.1e-06
1.1e-06
1.1e-06
1.1e-06
1.1e-06
1.1e-06
1.1e-06
1.1e-06
1.1e-06
1.1e-06
1.1e-06
1.1e-06
1.1e-06
1.1e-06
1.1e-06
1.1e-06
1.1e-06
1.1e-06
1.1e-06
1.1e-06
1.1e-06
1.1e-06
1.1e-06
1.1e-06
1.1e-06
1.1e-06
1.1e-06
1.1e-06
1.1e-06
1.1e-06
1.1e-06
1.1e-06
1.1e-06
1.1e-06
1.1e-06
1.1e-06
1.1e-06
1.1e-06
1.1e-06
1.1e-06
1.1e-06
1.1e-06
1.1e-06
1.1e-06
1.1e-06
1.1e-06
1.1e-06
1.1e-06
1.1e-06
1.1e-06
1.1e-06
1.1e-06
1.1e-06
1.1e-06
1.1e-06
1.1e-06
1.1e-06
1.1e-06
1.1e-06
1.1e-06
1.1e-06
1.1e-06
1.1e-06
1.1e-06
1.1e-06
1.1e-06
1.1e-06
1.1e-06
1.1e-06
1.1e-06
1.1e-06
1.1e-06
1.1e-06
1.1e-06
1.1e-06
1.1e-06
1.1e-06
1.1e-06
1.1e-06
1.1e-06
1.1e-06
1.1e-06
1.1e-06
1.1e-06
1.1e-06
1.1e-06
1.1e-06
1.1e-06
1.1e-06
1.1e-06
1.1e-06
1.1e-06
1.1e-06
1.1e-06
1.1e-06
1.1e-06
1.1e-06
1.1e-06
1.1e-06
1.1e-06
1.1e-06
1.1e-06
1.1e-06
1.1e-06
1.1e-06
1.1e-06
1.1e-06
1.1e-06
1.1e-06
1.1e-06
1.1e-06
1.1e-06
1.1e-06
1.1e-06
1.1e-06
1.1e-06
1.1e-06
1.1e-06
1.1e-06
1.1e-06
1.1e-06
1.1e-06
1.1e-06
1.1e-06
1.1e-06
1.1e-06
1.1e-06
1.1e-06
1.1e-06
1.1e-06
1.1e-06
1.1e-06
1.1e-06
1.1e-06
1.1e-06
1.1e-06
1.1e-06
1.1e-06
1.1e-06
1.1e-06
1.1e-06
1.1e-06
1.1e-06
1.1e-06
1.1e-06
1.1e-06
1.1e-06
1.1e-06
1.1e-06
1.1e-06
1.1e-06
1.1e-06
1.1e-06
1.1e-06
1.1e-06
1.1e-06
1.1e-06
1.1e-06
1.1e-06
1.1e-06
1.1e-06
1.1e-06
1.1e-06
1.1e-06
1.1e-06
1.1e-06
1.1e-06
1.1e-06
1.1e-06
1.1e-06
1.1e-06
1.1e-06
1.1e-06
1.1e-06
1.1e-06
1.1e-06
1.1e-06
1.1e-06
1.1e-06
1.1e-06
1.1e-06
1.1e-06
1.1e-06
1.1e-06
1.1e-06
1.1e-06
1.1e-06
1.1e-06
1.1e-06
1.1e-06
1.1e-06
1.1e-06
1.1e-06
1.1e-06
1.1e-06
1.1e-06
1.1e-06
1.1e-06
1.1e-06
1.1e-06
1.1e-06
1.1e-06
1.1e-06
1.1e-06
1.1e-06
1.1e-06
1.1e-06
1.1e-06
1.1e-06
1.1e-06
1.1e-06
1.1e-06
1.1e-06
1.1e-06
1.1e-06
1.1e-06
1.1e-06
1.1e-06
1.1e-06
1.1e-06
1.1e-06
1.1e-06
1.1e-06
1.1e-06
1.1e-06
1.1e-06
1.1e-06
1.1e-06
1.1e-06
1.1e-06
1.1e-06
1.1e-06
1.1e-06
1.1e-06
1.1e-06
1.1e-06
1.1e-06
1.1e-06
1.1e-06
1.1e-06
1.1e-06
1.1e-06
1.1e-06
1.1e-06
1.1e-06
1.1e-06
1.1e-06
1.1e-06
1.1e-06
1.1e-06
1.1e-06
1.1e-06
1.1e-06
1.1e-06
1.1e-06
1.1e-06
1.1e-06
1.1e-06
1.1e-06
1.1e-06
1.1e-06
1.1e-06
1.1e-06
1.1e-06
1.1e-06
1.1e-06
1.1e-06
1.1e-06
1.1e-06
1.1e-06
1.1e-06
1.1e-06
1.1e-06
1.1e-06
1.1e-06
1.1e-06
1.1e-06
1.1e-06
1.1e-06
1.1e-06
1.1e-06
1.1e-06
1.1e-06
1.1e-06
1.1e-06
1.1e-06
1.1e-06
1.1e-06
1.1e-06
1.1e-06
1.1e-06
1.1e-06
1.1e-06
1.1e-06
1.1e-06
1.1e-06
1.1e-06
1.1e-06
1.1e-06
1.1e-06
1.1e-06
1.1e-06
1.1e-06
1.1e-06
1.1e-06
1.1e-06
1.1e-06
1.1e-06
1.1e-06
1.1e-06
1.1e-06
1.1e-06
1.1e-06
1.1e-06
1.1e-06
1.1e-06
1.1e-06
1.1e-06
1.1e-06
1.1e-06
1.1e-06
1.1e-06
1.1e-06
1.1e-06
1.1e-06
1.1e-06
1.1e-06
1.1e-06
1.1e-06
1.1e-06
1.1e-06
1.1e-06
1.1e-06
1.1e-06
1.1e-06
1.1e-06
1.1e-06
1.1e-06
1.1e-06
1.1e-06
1.1e-06
1.1e-06
1.1e-06
1.1e-06
1.1e-06
1.1e-06
1.1e-06
1.1e-06
1.1e-06
1.1e-06
1.1e-06
1.1e-06
1.1e-06
1.1e-06
1.1e-06
1.1e-06
1.1e-06
1.1e-06
1.1e-06
1.1e-06
1.1e-06
1.1e-06
1.1e-06
1.1e-06
1.1e-06
1.1e-06
1.1e-06
1.1e-06
1.1e-06
1.1e-06
1.1e-06
1.1e-06
1.1e-06
1.1e-06
1.1e-06
1.1e-06
1.1e-06
1.1e-06
1.1e-06
1.1e-06
1.1e-06
1.1e-06
1.1e-06
1.1e-06
1.1e-06
1.1e-06
1.1e-06
1.1e-06
1.1e-06
1.1e-06
1.1e-06
1.1e-06
1.1e-06
1.1e-06
1.1e-06
1.1e-06
1.1e-06
1.1e-06
1.1e-06
1.1e-06
1.1e-06
1.1e-06
1.1e-06
1.1e-06
1.1e-06
1.1e-06
1.1e-06
1.1e-06
1.1e-06
1.1e-06
1.1e-06
1.1e-06
1.1e-06
1.1e-06
1.1e-06
1.1e-06
1.1e-06
1.1e-06
1.1e-06
1.1e-06
1.1e-06
1.1e-06
1.1e-06
1.1e-06
1.1e-06
1.1e-06
1.1e-06
1.1e-06
1.1e-06
1.1e-06
1.1e-06
1.1e-06
1.1e-06
1.1e-06
1.1e-06
1.1e-06
1.1e-06
1.1e-06
1.1e-06
1.1e-06
1.1e-06
1.1e-06
1.1e-06
1.1e-06
1.1e-06
1.1e-06
1.1e-06
1.1e-06
1.1e-06
1.1e-06
1.1e-06
1.1e-06
1.1e-06
1.1e-06
1.1e-06
1.1e-06
1.1e-06
1.1e-06
1.1e-06
1.1e-06
1.1e-06
1.1e-06
1.1e-06
1.1e-06
1.1e-06
1.1e-06
1.1e-06
1.1e-06
1.1e-06
1.1e-06
1.1e-06
1.1e-06
1.1e-06
1.1e-06
1.1e-06
1.1e-06
1.1e-06
1.1e-06
1.1e-06
1.1e-06
1.1e-06
1.1e-06
1.1e-06
1.1e-06
1.1e-06
1.1e-06
1.1e-06
1.1e-06
1.1e-06
1.1e-06
1.1e-06
1.1e-06
1.1e-06
1.1e-06
1.1e-06
1.1e-06
1.1e-06
1.1e-06
1.1e-06
1.1e-06
1.1e-06
1.1e-06
1.1e-06
1.1e-06
1.1e-06
1.1e-06
1.1e-06
1.1e-06
1.1e-06
1.1e-06
1.1e-06
1.1e-06
1.1e-06
1.1e-06
1.1e-06
1.1e-06
1.1e-06
1.1e-06
1.1e-06
1.1e-06
1.1e-06
1.1e-06
1.1e-06
1.1e-06
1.1e-06
1.1e-06
1.1e-06
1.1e-06
1.1e-06
)
;

boundaryField
{
    inlet
    {
        type            zeroGradient;
    }
    outlet
    {
        type            zeroGradient;
    }
    upperWall
    {
        type            zeroGradient;
    }
    lowerWall
    {
        type            zeroGradient;
    }
    frontAndBack
    {
        type            empty;
    }
}


// ************************************************************************* //
