/*--------------------------------*- C++ -*----------------------------------*\
  =========                 |
  \\      /  F ield         | OpenFOAM: The Open Source CFD Toolbox
   \\    /   O peration     | Website:  https://openfoam.org
    \\  /    A nd           | Version:  10
     \\/     M anipulation  |
\*---------------------------------------------------------------------------*/
FoamFile
{
    format      ascii;
    class       surfaceScalarField;
    location    "17500";
    object      phi;
}
// * * * * * * * * * * * * * * * * * * * * * * * * * * * * * * * * * * * * * //

dimensions      [0 3 -1 0 0 0 0];

internalField   nonuniform List<scalar> 
6280
(
-2.21712e-07
2.21712e-07
-4.45036e-07
2.23325e-07
-6.75576e-07
2.3054e-07
-9.19563e-07
2.43986e-07
-1.18459e-06
2.65028e-07
-1.48066e-06
2.96072e-07
-1.82183e-06
3.41169e-07
-2.22897e-06
4.07138e-07
-2.73469e-06
5.05719e-07
-3.39241e-06
6.57725e-07
-4.29369e-06
9.01279e-07
-5.60216e-06
1.30846e-06
-7.62174e-06
2.01959e-06
-1.09364e-05
3.31465e-06
-1.67001e-05
5.76372e-06
-2.27007e-05
6.00063e-06
-2.32746e-05
5.73887e-07
-2.36015e-05
3.26912e-07
-2.38471e-05
2.45516e-07
-2.40422e-05
1.9515e-07
-2.42018e-05
1.59576e-07
-2.43349e-05
1.33116e-07
-2.44477e-05
1.1282e-07
-2.45446e-05
9.6888e-08
-2.46288e-05
8.41493e-08
-2.47026e-05
7.38008e-08
-2.47678e-05
6.5279e-08
-2.4826e-05
5.8176e-08
-2.48782e-05
5.21916e-08
-2.49253e-05
4.70991e-08
-2.46964e-05
-2.28881e-07
-2.36187e-05
-1.07771e-06
-2.26157e-05
-1.00298e-06
-2.1624e-05
-9.91778e-07
-2.04926e-05
-1.13138e-06
-1.9012e-05
-1.48057e-06
-1.68823e-05
-2.12973e-06
-1.36517e-05
-3.23056e-06
-8.61194e-06
-5.03976e-06
-7.31233e-06
-1.29961e-06
-2.09891e-07
4.31603e-07
-4.20291e-07
4.33724e-07
-6.35315e-07
4.45564e-07
-8.59181e-07
4.67852e-07
-1.09641e-06
5.02258e-07
-1.35194e-06
5.51604e-07
-1.63101e-06
6.20238e-07
-1.93847e-06
7.14594e-07
-2.27666e-06
8.43913e-07
-2.63991e-06
1.02097e-06
-3.00077e-06
1.26214e-06
-3.27725e-06
1.58495e-06
-3.25553e-06
1.99787e-06
-2.4103e-06
2.46942e-06
5.08943e-07
2.84447e-06
3.87807e-06
2.6315e-06
2.72363e-06
1.72833e-06
1.83383e-06
1.21671e-06
1.15417e-06
9.25178e-07
5.92964e-07
7.56353e-07
9.06127e-08
6.61927e-07
-3.95098e-07
6.18827e-07
-9.00397e-07
6.18118e-07
-1.46417e-06
6.60666e-07
-2.13676e-06
7.56734e-07
-2.99175e-06
9.28793e-07
-4.14472e-06
1.21824e-06
-5.78477e-06
1.69823e-06
-8.2294e-06
2.49682e-06
-1.20042e-05
3.82191e-06
-1.43163e-05
2.08323e-06
-1.5586e-05
1.91947e-07
-1.674e-05
1.51045e-07
-1.78606e-05
1.28829e-07
-1.91019e-05
1.09873e-07
-2.06749e-05
9.24904e-08
-2.28805e-05
7.58798e-08
-2.61702e-05
5.91388e-08
-2.57168e-05
-5.49321e-06
-3.1959e-05
-1.07015e-06
-1.89062e-07
6.20664e-07
-3.77056e-07
6.21719e-07
-5.66009e-07
6.34517e-07
-7.57556e-07
6.59399e-07
-9.52723e-07
6.97425e-07
-1.15148e-06
7.50361e-07
-1.3519e-06
8.2066e-07
-1.54865e-06
9.11341e-07
-1.73038e-06
1.02564e-06
-1.87555e-06
1.16614e-06
-1.94629e-06
1.33288e-06
-1.88124e-06
1.5199e-06
-1.59274e-06
1.70936e-06
-9.87224e-07
1.86391e-06
-6.48336e-08
1.92208e-06
7.50224e-07
1.81644e-06
9.03545e-07
1.57501e-06
7.75174e-07
1.34508e-06
5.347e-07
1.16565e-06
2.51664e-07
1.03939e-06
-4.6481e-08
9.60072e-07
-3.49045e-07
9.21391e-07
-6.50214e-07
9.19286e-07
-9.41661e-07
9.52114e-07
-1.20484e-06
1.01992e-06
-1.39886e-06
1.12281e-06
-1.4383e-06
1.25769e-06
-1.15138e-06
1.4113e-06
-2.00744e-07
1.54619e-06
2.04896e-06
1.57221e-06
2.83878e-06
1.29341e-06
2.08978e-06
9.40951e-07
1.51714e-06
7.23681e-07
1.05838e-06
5.87596e-07
6.65412e-07
5.02838e-07
3.03857e-07
4.54046e-07
-5.4928e-08
4.34664e-07
-4.34872e-07
4.39083e-07
-5.76666e-06
-1.61416e-07
-3.98838e-05
2.1582e-06
-1.63385e-07
7.8405e-07
-3.24344e-07
7.82677e-07
-4.83084e-07
7.93257e-07
-6.39265e-07
8.1558e-07
-7.9168e-07
8.4984e-07
-9.37805e-07
8.96486e-07
-1.07317e-06
9.56029e-07
-1.19057e-06
1.02873e-06
-1.27905e-06
1.11412e-06
-1.32316e-06
1.21026e-06
-1.30299e-06
1.31271e-06
-1.19649e-06
1.4134e-06
-9.86816e-07
1.49969e-06
-6.77792e-07
1.55489e-06
-3.17719e-07
1.56201e-06
-1.43436e-08
1.51307e-06
1.38783e-07
1.42188e-06
1.64767e-07
1.3191e-06
1.05299e-07
1.22512e-06
-5.06967e-09
1.14976e-06
-1.41402e-07
1.0964e-06
-2.85218e-07
1.06521e-06
-4.20703e-07
1.05477e-06
-5.31366e-07
1.06278e-06
-5.97285e-07
1.08583e-06
-5.93319e-07
1.11885e-06
-4.89624e-07
1.15399e-06
-2.58004e-07
1.17968e-06
1.07863e-07
1.18032e-06
5.4121e-07
1.13886e-06
7.87621e-07
1.047e-06
7.95912e-07
9.3266e-07
6.93227e-07
8.26365e-07
5.43335e-07
7.37487e-07
3.78989e-07
6.67184e-07
2.19257e-07
6.13778e-07
7.92401e-08
5.74681e-07
-2.8366e-08
5.46689e-07
-1.99002e-07
9.21989e-09
-4.03359e-05
2.53082e-07
-1.36742e-07
9.20792e-07
-2.70264e-07
9.16199e-07
-3.9961e-07
9.22603e-07
-5.23391e-07
9.39361e-07
-6.3954e-07
9.65989e-07
-7.45061e-07
1.00201e-06
-8.35788e-07
1.04676e-06
-9.0622e-07
1.09916e-06
-9.49546e-07
1.15745e-06
-9.58109e-07
1.21882e-06
-9.24602e-07
1.2792e-06
-8.44381e-07
1.33318e-06
-7.19017e-07
1.37433e-06
-5.60438e-07
1.39631e-06
-3.93203e-07
1.39478e-06
-2.49933e-07
1.3698e-06
-1.55247e-07
1.32719e-06
-1.12511e-07
1.27636e-06
-1.13118e-07
1.22573e-06
-1.44359e-07
1.181e-06
-1.93222e-07
1.14527e-06
-2.4758e-07
1.11956e-06
-2.96233e-07
1.10342e-06
-3.28679e-07
1.09522e-06
-3.35188e-07
1.09234e-06
-3.07598e-07
1.09126e-06
-2.41235e-07
1.08763e-06
-1.38234e-07
1.07668e-06
-1.19096e-08
1.05399e-06
1.10091e-07
1.01686e-06
1.90988e-07
9.661e-07
2.16556e-07
9.07091e-07
1.96747e-07
8.46175e-07
1.46629e-07
7.87606e-07
8.02332e-08
7.3358e-07
9.04526e-09
6.84966e-07
-5.8345e-08
6.42071e-07
-1.17012e-07
6.05356e-07
-1.28202e-07
2.04104e-08
-4.06493e-05
1.85211e-07
-1.11837e-07
1.03263e-06
-2.20232e-07
1.02459e-06
-3.23695e-07
1.02607e-06
-4.20508e-07
1.03617e-06
-5.08589e-07
1.05407e-06
-5.85408e-07
1.07883e-06
-6.47972e-07
1.10932e-06
-6.92923e-07
1.14412e-06
-7.16826e-07
1.18135e-06
-7.16687e-07
1.21868e-06
-6.90781e-07
1.2533e-06
-6.39704e-07
1.2821e-06
-5.67455e-07
1.30208e-06
-4.82007e-07
1.31086e-06
-3.9464e-07
1.30741e-06
-3.17381e-07
1.29254e-06
-2.59075e-07
1.26889e-06
-2.22858e-07
1.24015e-06
-2.07074e-07
1.20994e-06
-2.07178e-07
1.1811e-06
-2.17326e-07
1.15541e-06
-2.31397e-07
1.13364e-06
-2.43626e-07
1.11565e-06
-2.49043e-07
1.10064e-06
-2.43929e-07
1.08723e-06
-2.26367e-07
1.07369e-06
-1.96891e-07
1.05815e-06
-1.59053e-07
1.03885e-06
-1.1952e-07
1.01446e-06
-8.7125e-08
9.84462e-07
-7.02683e-08
9.49244e-07
-7.31523e-08
9.09975e-07
-9.49299e-08
8.67952e-07
-1.31298e-07
8.23974e-07
-1.7576e-07
7.78042e-07
-2.2007e-07
7.29277e-07
-2.53926e-07
6.75927e-07
-2.63984e-07
6.15414e-07
-1.22122e-07
-1.21452e-07
-4.09594e-05
1.87891e-07
-9.00821e-08
1.12271e-06
-1.76907e-07
1.11142e-06
-2.58883e-07
1.10804e-06
-3.34368e-07
1.11166e-06
-4.01614e-07
1.12132e-06
-4.58767e-07
1.13598e-06
-5.03923e-07
1.15448e-06
-5.35274e-07
1.17547e-06
-5.51335e-07
1.19741e-06
-5.51272e-07
1.21862e-06
-5.35278e-07
1.2373e-06
-5.04927e-07
1.25175e-06
-4.63375e-07
1.26052e-06
-4.15218e-07
1.2627e-06
-3.65889e-07
1.25808e-06
-3.20607e-07
1.24726e-06
-2.83238e-07
1.23152e-06
-2.55616e-07
1.21252e-06
-2.37629e-07
1.19195e-06
-2.27727e-07
1.1712e-06
-2.23539e-07
1.15123e-06
-2.22422e-07
1.13252e-06
-2.21902e-07
1.11513e-06
-2.20034e-07
1.09877e-06
-2.15692e-07
1.08289e-06
-2.08803e-07
1.06681e-06
-2.0049e-07
1.04984e-06
-1.93068e-07
1.03142e-06
-1.89811e-07
1.01121e-06
-1.94464e-07
9.89116e-07
-2.1055e-07
9.65329e-07
-2.40727e-07
9.40152e-07
-2.86577e-07
9.13803e-07
-3.48765e-07
8.86161e-07
-4.2722e-07
8.56497e-07
-5.21081e-07
8.23138e-07
-6.28136e-07
7.82982e-07
-7.43383e-07
7.30661e-07
-1.10367e-07
-7.54468e-07
-4.12691e-05
1.99416e-07
-7.19043e-08
1.19461e-06
-1.40951e-07
1.18047e-06
-2.05679e-07
1.17277e-06
-2.6469e-07
1.17067e-06
-3.16636e-07
1.17326e-06
-3.60241e-07
1.17958e-06
-3.94365e-07
1.1886e-06
-4.18106e-07
1.19921e-06
-4.30936e-07
1.21024e-06
-4.3285e-07
1.22053e-06
-4.24509e-07
1.22896e-06
-4.07312e-07
1.23455e-06
-3.83367e-07
1.23658e-06
-3.55303e-07
1.23464e-06
-3.2594e-07
1.22872e-06
-2.9786e-07
1.21918e-06
-2.73017e-07
1.20667e-06
-2.5252e-07
1.19203e-06
-2.36636e-07
1.17607e-06
-2.24963e-07
1.15953e-06
-2.16685e-07
1.14295e-06
-2.10834e-07
1.12667e-06
-2.06532e-07
1.11083e-06
-2.03186e-07
1.09543e-06
-2.00644e-07
1.08035e-06
-1.99287e-07
1.06545e-06
-2.00075e-07
1.05063e-06
-2.04517e-07
1.03586e-06
-2.14595e-07
1.02128e-06
-2.32666e-07
1.00719e-06
-2.61394e-07
9.94057e-07
-3.03826e-07
9.82584e-07
-3.63695e-07
9.73672e-07
-4.46044e-07
9.6851e-07
-5.58265e-07
9.68719e-07
-7.11753e-07
9.76626e-07
-9.24531e-07
9.9576e-07
-1.22537e-06
1.0315e-06
-8.74306e-08
-1.8924e-06
-4.15681e-05
2.11583e-07
-5.71343e-08
1.25175e-06
-1.11879e-07
1.23521e-06
-1.62999e-07
1.22389e-06
-2.09371e-07
1.21704e-06
-2.49994e-07
1.21388e-06
-2.84007e-07
1.2136e-06
-3.1074e-07
1.21533e-06
-3.29764e-07
1.21823e-06
-3.40961e-07
1.22144e-06
-3.44576e-07
1.22415e-06
-3.41255e-07
1.22564e-06
-3.32029e-07
1.22533e-06
-3.18256e-07
1.22281e-06
-3.01485e-07
1.21787e-06
-2.83293e-07
1.21053e-06
-2.651e-07
1.20098e-06
-2.48014e-07
1.18959e-06
-2.3276e-07
1.17677e-06
-2.19675e-07
1.16298e-06
-2.08778e-07
1.14863e-06
-1.99883e-07
1.13405e-06
-1.92717e-07
1.1195e-06
-1.87039e-07
1.10515e-06
-1.82728e-07
1.09112e-06
-1.79858e-07
1.07748e-06
-1.78727e-07
1.06432e-06
-1.79864e-07
1.05176e-06
-1.84003e-07
1.04e-06
-1.92037e-07
1.02932e-06
-2.04963e-07
1.02011e-06
-2.23828e-07
1.01292e-06
-2.49692e-07
1.00845e-06
-2.83595e-07
1.00757e-06
-3.26502e-07
1.01142e-06
-3.7915e-07
1.02137e-06
-4.41689e-07
1.03917e-06
-5.12873e-07
1.06694e-06
-5.87904e-07
1.10653e-06
-8.99027e-08
-2.3904e-06
-4.18432e-05
1.8517e-07
-4.53257e-08
1.29707e-06
-8.87141e-08
1.2786e-06
-1.29165e-07
1.26434e-06
-1.65807e-07
1.25368e-06
-1.97902e-07
1.24598e-06
-2.24869e-07
1.24056e-06
-2.46302e-07
1.23677e-06
-2.62004e-07
1.23393e-06
-2.72004e-07
1.23144e-06
-2.76573e-07
1.22872e-06
-2.76221e-07
1.22529e-06
-2.71665e-07
1.22077e-06
-2.63776e-07
1.21492e-06
-2.53503e-07
1.20759e-06
-2.41784e-07
1.19881e-06
-2.29462e-07
1.18866e-06
-2.17222e-07
1.17735e-06
-2.05555e-07
1.16511e-06
-1.94761e-07
1.15219e-06
-1.84976e-07
1.13885e-06
-1.76221e-07
1.1253e-06
-1.68451e-07
1.11173e-06
-1.61607e-07
1.09831e-06
-1.55651e-07
1.08516e-06
-1.50586e-07
1.07241e-06
-1.46459e-07
1.06019e-06
-1.43343e-07
1.04865e-06
-1.41298e-07
1.03796e-06
-1.40313e-07
1.02833e-06
-1.40229e-07
1.02003e-06
-1.40647e-07
1.01334e-06
-1.40794e-07
1.0086e-06
-1.39364e-07
1.00615e-06
-1.34293e-07
1.00634e-06
-1.22443e-07
1.00952e-06
-9.91898e-08
1.01591e-06
-5.78733e-08
1.02563e-06
1.12639e-08
1.03739e-06
-8.76308e-08
-2.29151e-06
-4.20468e-05
1.15964e-07
-3.59567e-08
1.33303e-06
-7.03708e-08
1.31301e-06
-1.02455e-07
1.29642e-06
-1.31538e-07
1.28277e-06
-1.57078e-07
1.27152e-06
-1.78671e-07
1.26216e-06
-1.96059e-07
1.25416e-06
-2.09147e-07
1.24702e-06
-2.18002e-07
1.24029e-06
-2.22847e-07
1.23356e-06
-2.24054e-07
1.22649e-06
-2.22108e-07
1.21883e-06
-2.17574e-07
1.21038e-06
-2.11052e-07
1.20107e-06
-2.03125e-07
1.19088e-06
-1.9432e-07
1.17986e-06
-1.85079e-07
1.16811e-06
-1.75735e-07
1.15576e-06
-1.6652e-07
1.14298e-06
-1.57567e-07
1.12989e-06
-1.48934e-07
1.11667e-06
-1.4062e-07
1.10342e-06
-1.32586e-07
1.09027e-06
-1.2476e-07
1.07733e-06
-1.17045e-07
1.0647e-06
-1.09303e-07
1.05245e-06
-1.0134e-07
1.04069e-06
-9.28674e-08
1.02949e-06
-8.346e-08
1.01893e-06
-7.24994e-08
1.00907e-06
-5.91029e-08
9.99943e-07
-4.20402e-08
9.91532e-07
-1.96304e-08
9.83736e-07
1.0381e-08
9.76333e-07
5.09715e-08
9.68927e-07
1.06021e-07
9.60863e-07
1.80524e-07
9.51124e-07
2.80888e-07
9.37025e-07
-6.22238e-09
-2.0044e-06
-4.20669e-05
1.38723e-08
-2.85351e-08
1.36157e-06
-5.58539e-08
1.34033e-06
-8.13435e-08
1.32191e-06
-1.04491e-07
1.30591e-06
-1.24892e-07
1.29192e-06
-1.42254e-07
1.27952e-06
-1.56405e-07
1.26831e-06
-1.67289e-07
1.2579e-06
-1.74966e-07
1.24797e-06
-1.79603e-07
1.2382e-06
-1.81456e-07
1.22835e-06
-1.80853e-07
1.21822e-06
-1.78161e-07
1.20769e-06
-1.73769e-07
1.19668e-06
-1.68049e-07
1.18516e-06
-1.61341e-07
1.17315e-06
-1.53935e-07
1.1607e-06
-1.46058e-07
1.14789e-06
-1.37871e-07
1.13479e-06
-1.29475e-07
1.1215e-06
-1.20917e-07
1.10811e-06
-1.12191e-07
1.09469e-06
-1.0325e-07
1.08133e-06
-9.40029e-08
1.06809e-06
-8.43182e-08
1.05501e-06
-7.40129e-08
1.04214e-06
-6.28446e-08
1.02952e-06
-5.04978e-08
1.01714e-06
-3.65693e-08
1.005e-06
-2.05544e-08
9.93053e-07
-1.8383e-09
9.81227e-07
2.03033e-08
9.69391e-07
4.66855e-08
9.57353e-07
7.81669e-08
9.44852e-07
1.15555e-07
9.31539e-07
1.59437e-07
9.16981e-07
2.09896e-07
9.00665e-07
2.66086e-07
8.80835e-07
1.97194e-08
-1.75803e-06
-4.2039e-05
-8.2409e-09
-2.26418e-08
1.38421e-06
-4.43288e-08
1.36202e-06
-6.45856e-08
1.34217e-06
-8.30182e-08
1.32435e-06
-9.93198e-08
1.30822e-06
-1.13273e-07
1.29347e-06
-1.2475e-07
1.27978e-06
-1.33711e-07
1.26687e-06
-1.40199e-07
1.25446e-06
-1.44327e-07
1.24233e-06
-1.46269e-07
1.23029e-06
-1.46241e-07
1.2182e-06
-1.44488e-07
1.20594e-06
-1.41261e-07
1.19345e-06
-1.36806e-07
1.1807e-06
-1.31345e-07
1.16769e-06
-1.2507e-07
1.15443e-06
-1.18136e-07
1.14095e-06
-1.10653e-07
1.12731e-06
-1.02693e-07
1.11354e-06
-9.42875e-08
1.0997e-06
-8.54298e-08
1.08584e-06
-7.60792e-08
1.07198e-06
-6.61612e-08
1.05817e-06
-5.5569e-08
1.04442e-06
-4.4163e-08
1.03074e-06
-3.17712e-08
1.01713e-06
-1.81905e-08
1.00356e-06
-3.19064e-09
9.89997e-07
1.34768e-08
9.76386e-07
3.20624e-08
9.62642e-07
5.27931e-08
9.4866e-07
7.58331e-08
9.34313e-07
1.01229e-07
9.19456e-07
1.28836e-07
9.03932e-07
1.58227e-07
8.8759e-07
1.88584e-07
8.70308e-07
2.18647e-07
8.50772e-07
1.4265e-08
-1.55365e-06
-4.20071e-05
-1.75436e-08
-1.79395e-08
1.40215e-06
-3.513e-08
1.37921e-06
-5.12018e-08
1.35824e-06
-6.585e-08
1.339e-06
-7.88376e-08
1.32121e-06
-8.99968e-08
1.30463e-06
-9.92279e-08
1.28901e-06
-1.06496e-07
1.27413e-06
-1.11823e-07
1.25978e-06
-1.15285e-07
1.24579e-06
-1.16995e-07
1.232e-06
-1.17096e-07
1.2183e-06
-1.1575e-07
1.20459e-06
-1.13124e-07
1.19083e-06
-1.09381e-07
1.17696e-06
-1.0467e-07
1.16298e-06
-9.91209e-08
1.14888e-06
-9.28407e-08
1.13467e-06
-8.59087e-08
1.12037e-06
-7.83779e-08
1.10601e-06
-7.02747e-08
1.0916e-06
-6.16011e-08
1.07716e-06
-5.23359e-08
1.06272e-06
-4.2438e-08
1.04827e-06
-3.18486e-08
1.03383e-06
-2.04945e-08
1.01938e-06
-8.29299e-09
1.00492e-06
4.84241e-09
9.90422e-07
1.89936e-08
9.75846e-07
3.42271e-08
9.61153e-07
5.05794e-08
9.46289e-07
6.80402e-08
9.31199e-07
8.65318e-08
9.15822e-07
1.05889e-07
9.00099e-07
1.25838e-07
8.83983e-07
1.45986e-07
8.67442e-07
1.65824e-07
8.5047e-07
1.84806e-07
8.31789e-07
1.1741e-08
-1.38059e-06
-4.19721e-05
-2.32955e-08
-1.4165e-08
1.41631e-06
-2.77415e-08
1.39279e-06
-4.04408e-08
1.37094e-06
-5.2024e-08
1.35058e-06
-6.23051e-08
1.33149e-06
-7.1151e-08
1.31348e-06
-7.84797e-08
1.29634e-06
-8.42574e-08
1.27991e-06
-8.84925e-08
1.26402e-06
-9.12302e-08
1.24853e-06
-9.2544e-08
1.23331e-06
-9.25286e-08
1.21828e-06
-9.1291e-08
1.20336e-06
-8.89438e-08
1.18848e-06
-8.55973e-08
1.17361e-06
-8.13549e-08
1.15874e-06
-7.6308e-08
1.14383e-06
-7.05337e-08
1.1289e-06
-6.40927e-08
1.11393e-06
-5.70294e-08
1.09895e-06
-4.93722e-08
1.08394e-06
-4.1135e-08
1.06893e-06
-3.23192e-08
1.0539e-06
-2.29158e-08
1.03887e-06
-1.29095e-08
1.02382e-06
-2.28172e-09
1.00876e-06
8.98478e-09
9.93657e-07
2.09002e-08
9.78507e-07
3.34621e-08
9.63284e-07
4.66477e-08
9.47967e-07
6.04077e-08
9.32529e-07
7.46582e-08
9.16949e-07
8.92749e-08
9.01205e-07
1.04089e-07
8.85285e-07
1.18888e-07
8.69185e-07
1.33416e-07
8.52913e-07
1.47393e-07
8.36494e-07
1.60582e-07
8.186e-07
1.02911e-08
-1.2303e-06
-4.19349e-05
-2.68981e-08
-1.11161e-08
1.42743e-06
-2.17694e-08
1.40344e-06
-3.17319e-08
1.3809e-06
-4.08147e-08
1.35966e-06
-4.88693e-08
1.33955e-06
-5.57879e-08
1.3204e-06
-6.15014e-08
1.30206e-06
-6.59766e-08
1.28439e-06
-6.92119e-08
1.26725e-06
-7.12325e-08
1.25055e-06
-7.20851e-08
1.23417e-06
-7.18317e-08
1.21803e-06
-7.05448e-08
1.20207e-06
-6.83012e-08
1.18624e-06
-6.51782e-08
1.17049e-06
-6.12498e-08
1.15481e-06
-5.65833e-08
1.13917e-06
-5.12383e-08
1.12355e-06
-4.52647e-08
1.10796e-06
-3.87036e-08
1.09238e-06
-3.15871e-08
1.07682e-06
-2.39396e-08
1.06128e-06
-1.57797e-08
1.04574e-06
-7.12236e-09
1.03021e-06
2.019e-09
1.01468e-06
1.16293e-08
9.99146e-07
2.16887e-08
9.83598e-07
3.21696e-08
9.68026e-07
4.30329e-08
9.52421e-07
5.42252e-08
9.36774e-07
6.56762e-08
9.21078e-07
7.72967e-08
9.05328e-07
8.89781e-08
8.89524e-07
1.00594e-07
8.73669e-07
1.12002e-07
8.57777e-07
1.2305e-07
8.41864e-07
1.33586e-07
8.25958e-07
1.43521e-07
8.08665e-07
9.54451e-09
-1.09632e-06
-4.18962e-05
-2.9154e-08
-8.63918e-09
1.43607e-06
-1.69139e-08
1.41171e-06
-2.46426e-08
1.38863e-06
-3.16739e-08
1.36669e-06
-3.78881e-08
1.34576e-06
-4.31962e-08
1.3257e-06
-4.75393e-08
1.3064e-06
-5.08853e-08
1.28773e-06
-5.32263e-08
1.2696e-06
-5.45749e-08
1.2519e-06
-5.49599e-08
1.23455e-06
-5.44223e-08
1.21749e-06
-5.30118e-08
1.20066e-06
-5.07827e-08
1.18401e-06
-4.77908e-08
1.1675e-06
-4.40913e-08
1.15111e-06
-3.97366e-08
1.13481e-06
-3.47751e-08
1.11859e-06
-2.92505e-08
1.10243e-06
-2.32018e-08
1.08634e-06
-1.66638e-08
1.07029e-06
-9.66769e-09
1.05428e-06
-2.24263e-09
1.03832e-06
5.58323e-09
1.02238e-06
1.37809e-08
1.00648e-06
2.2319e-08
9.90608e-07
3.11617e-08
9.74755e-07
4.02675e-08
9.5892e-07
4.95878e-08
9.43101e-07
5.90656e-08
9.27297e-07
6.86353e-08
9.11509e-07
7.82227e-08
8.95741e-07
8.77464e-08
8.8e-07
9.71191e-08
8.64297e-07
1.0625e-07
8.48645e-07
1.15051e-07
8.33064e-07
1.23436e-07
8.17573e-07
1.31387e-07
8.00714e-07
9.28625e-09
-9.74218e-07
-4.18564e-05
-3.0499e-08
-6.61687e-09
1.44269e-06
-1.29469e-08
1.41804e-06
-1.88438e-08
1.39453e-06
-2.41853e-08
1.37203e-06
-2.88735e-08
1.35045e-06
-3.28346e-08
1.32966e-06
-3.60176e-08
1.30958e-06
-3.83926e-08
1.29011e-06
-3.99483e-08
1.27115e-06
-4.06893e-08
1.25264e-06
-4.06332e-08
1.23449e-06
-3.98074e-08
1.21666e-06
-3.82468e-08
1.1991e-06
-3.59909e-08
1.18175e-06
-3.30819e-08
1.16459e-06
-2.95627e-08
1.14759e-06
-2.54756e-08
1.13072e-06
-2.08617e-08
1.11398e-06
-1.576e-08
1.09733e-06
-1.02076e-08
1.08078e-06
-4.23993e-09
1.06432e-06
2.10896e-09
1.04793e-06
8.80557e-09
1.03162e-06
1.58162e-08
1.01537e-06
2.3106e-08
9.99194e-07
3.06383e-08
9.83076e-07
3.83737e-08
9.6702e-07
4.62693e-08
9.51024e-07
5.42787e-08
9.35091e-07
6.23518e-08
9.19224e-07
7.04348e-08
9.03426e-07
7.84712e-08
8.87704e-07
8.64028e-08
8.72068e-07
9.4171e-08
8.56529e-07
1.01719e-07
8.41098e-07
1.08991e-07
8.25791e-07
1.1594e-07
8.10624e-07
1.22587e-07
7.94067e-07
9.37114e-09
-8.61002e-07
-4.18159e-05
-3.11922e-08
-4.95937e-09
1.44764e-06
-9.69342e-09
1.42278e-06
-1.40834e-08
1.39892e-06
-1.80293e-08
1.37598e-06
-2.14505e-08
1.35387e-06
-2.42851e-08
1.3325e-06
-2.64892e-08
1.31179e-06
-2.80356e-08
1.29165e-06
-2.89113e-08
1.27203e-06
-2.91165e-08
1.25284e-06
-2.86616e-08
1.23404e-06
-2.75654e-08
1.21557e-06
-2.58532e-08
1.19739e-06
-2.35549e-08
1.17945e-06
-2.07034e-08
1.16174e-06
-1.73332e-08
1.14422e-06
-1.34798e-08
1.12687e-06
-9.17859e-09
1.10967e-06
-4.4647e-09
1.09262e-06
6.27254e-10
1.07569e-06
6.06314e-09
1.05888e-06
1.18091e-08
1.04219e-06
1.78313e-08
1.0256e-06
2.40955e-08
1.00911e-06
3.05667e-08
9.92722e-07
3.7209e-08
9.76434e-07
4.39852e-08
9.60244e-07
5.08566e-08
9.44153e-07
5.77832e-08
9.28165e-07
6.47242e-08
9.12283e-07
7.1638e-08
8.96512e-07
7.84828e-08
8.8086e-07
8.52177e-08
8.65333e-07
9.18035e-08
8.49943e-07
9.82036e-08
8.34698e-07
1.04385e-07
8.1961e-07
1.10318e-07
8.04691e-07
1.16057e-07
7.88328e-07
9.6894e-09
-7.54634e-07
-4.17748e-05
-3.13972e-08
-3.59734e-09
1.45124e-06
-7.01856e-09
1.4262e-06
-1.01663e-08
1.40207e-06
-1.29581e-08
1.37877e-06
-1.53269e-08
1.35624e-06
-1.72208e-08
1.33439e-06
-1.86019e-08
1.31317e-06
-1.94457e-08
1.2925e-06
-1.97392e-08
1.27232e-06
-1.948e-08
1.25258e-06
-1.86742e-08
1.23323e-06
-1.73351e-08
1.21423e-06
-1.54818e-08
1.19553e-06
-1.31376e-08
1.17711e-06
-1.0329e-08
1.15893e-06
-7.08459e-09
1.14097e-06
-3.43461e-09
1.12322e-06
5.90003e-10
1.10565e-06
4.95783e-09
1.08825e-06
9.63725e-09
1.07101e-06
1.45965e-08
1.05392e-06
1.98039e-08
1.03698e-06
2.52274e-08
1.02017e-06
3.0835e-08
1.0035e-06
3.65944e-08
9.86963e-07
4.24732e-08
9.70555e-07
4.84385e-08
9.54278e-07
5.44575e-08
9.38134e-07
6.04976e-08
9.22125e-07
6.65264e-08
9.06254e-07
7.25123e-08
8.90526e-07
7.84251e-08
8.74947e-07
8.42362e-08
8.59522e-07
8.99192e-08
8.4426e-07
9.54507e-08
8.29166e-07
1.00811e-07
8.1425e-07
1.05983e-07
7.99519e-07
1.11015e-07
7.83295e-07
1.01536e-08
-6.53772e-07
-4.17334e-05
-3.12187e-08
-2.47681e-09
1.45372e-06
-4.81703e-09
1.42854e-06
-6.94005e-09
1.40419e-06
-8.77744e-09
1.38061e-06
-1.02731e-08
1.35773e-06
-1.1383e-08
1.3355e-06
-1.20747e-08
1.31386e-06
-1.23263e-08
1.29275e-06
-1.21257e-08
1.27212e-06
-1.1469e-08
1.25193e-06
-1.03598e-08
1.23212e-06
-8.80808e-09
1.21268e-06
-6.82845e-09
1.19355e-06
-4.43977e-09
1.17472e-06
-1.66396e-09
1.15616e-06
1.4747e-09
1.13784e-06
4.95024e-09
1.11974e-06
8.73548e-09
1.10186e-06
1.28024e-08
1.08418e-06
1.71226e-08
1.06669e-06
2.16672e-08
1.04938e-06
2.64074e-08
1.03224e-06
3.13142e-08
1.01527e-06
3.63587e-08
9.98458e-07
4.15124e-08
9.81809e-07
4.6747e-08
9.6532e-07
5.20346e-08
9.48991e-07
5.7348e-08
9.32821e-07
6.26609e-08
9.16812e-07
6.79481e-08
9.00967e-07
7.31858e-08
8.85288e-07
7.83518e-08
8.69781e-07
8.34261e-08
8.54448e-07
8.83905e-08
8.39295e-07
9.32296e-08
8.24327e-07
9.79306e-08
8.09549e-07
1.02483e-07
7.94966e-07
1.06955e-07
7.78823e-07
1.06941e-08
-5.57511e-07
-4.1692e-05
-3.07252e-08
-1.55538e-09
1.45527e-06
-3.00604e-09
1.42999e-06
-4.28469e-09
1.40547e-06
-5.33399e-09
1.38166e-06
-6.10667e-09
1.35851e-06
-6.56532e-09
1.33596e-06
-6.68195e-09
1.31398e-06
-6.43732e-09
1.2925e-06
-5.82018e-09
1.2715e-06
-4.82638e-09
1.25093e-06
-3.45802e-09
1.23076e-06
-1.72251e-09
1.21094e-06
3.68274e-10
1.19146e-06
2.79875e-09
1.17229e-06
5.55041e-09
1.1534e-06
8.60238e-09
1.13478e-06
1.1932e-08
1.11641e-06
1.55154e-08
1.09828e-06
1.93276e-08
1.08037e-06
2.33432e-08
1.06268e-06
2.75362e-08
1.04519e-06
3.18808e-08
1.02789e-06
3.63512e-08
1.0108e-06
4.09218e-08
9.93887e-07
4.55677e-08
9.77163e-07
5.02644e-08
9.60624e-07
5.49885e-08
9.44267e-07
5.97177e-08
9.28091e-07
6.44307e-08
9.12099e-07
6.91078e-08
8.96289e-07
7.3731e-08
8.80665e-07
7.82839e-08
8.65228e-07
8.27522e-08
8.4998e-07
8.71238e-08
8.34924e-07
9.13886e-08
8.20062e-07
9.5539e-08
8.05399e-07
9.95699e-08
7.90936e-07
1.03541e-07
7.74852e-07
1.12629e-08
-4.65233e-07
-4.16508e-05
-2.99663e-08
-7.99548e-10
1.45607e-06
-1.52011e-09
1.43071e-06
-2.10497e-09
1.40605e-06
-2.50564e-09
1.38206e-06
-2.68199e-09
1.35868e-06
-2.60199e-09
1.33588e-06
-2.24144e-09
1.31362e-06
-1.58343e-09
1.29185e-06
-6.17738e-10
1.27054e-06
6.5982e-10
1.24965e-06
2.24808e-09
1.22917e-06
4.14124e-09
1.20905e-06
6.32949e-09
1.18927e-06
8.79971e-09
1.16982e-06
1.1536e-08
1.15067e-06
1.45201e-08
1.1318e-06
1.77322e-08
1.1132e-06
2.1151e-08
1.09486e-06
2.47543e-08
1.07677e-06
2.85191e-08
1.05891e-06
3.24222e-08
1.04128e-06
3.64402e-08
1.02388e-06
4.05502e-08
1.00669e-06
4.47294e-08
9.89708e-07
4.89557e-08
9.72937e-07
5.3208e-08
9.56371e-07
5.74664e-08
9.40008e-07
6.17119e-08
9.23846e-07
6.59273e-08
9.07883e-07
7.00968e-08
8.9212e-07
7.42065e-08
8.76556e-07
7.8244e-08
8.6119e-07
8.21991e-08
8.46025e-07
8.6063e-08
8.3106e-07
8.98291e-08
8.16296e-07
9.34921e-08
8.01736e-07
9.70484e-08
7.87379e-07
1.00569e-07
7.71331e-07
1.18454e-08
-3.76509e-07
-4.16099e-05
-2.89788e-08
-1.82726e-10
1.45626e-06
-3.07197e-10
1.43084e-06
-3.25103e-10
1.40607e-06
-1.95045e-10
1.38193e-06
1.17427e-10
1.35837e-06
6.39951e-10
1.33536e-06
1.39363e-09
1.31286e-06
2.39342e-09
1.29085e-06
3.64859e-09
1.26928e-06
5.16326e-09
1.24814e-06
6.93689e-09
1.22739e-06
8.96488e-09
1.20702e-06
1.1239e-08
1.187e-06
1.37481e-08
1.16731e-06
1.64784e-08
1.14794e-06
1.94137e-08
1.12886e-06
2.25365e-08
1.11008e-06
2.58277e-08
1.09157e-06
2.92671e-08
1.07333e-06
3.28338e-08
1.05534e-06
3.65068e-08
1.03761e-06
4.02647e-08
1.02012e-06
4.40863e-08
1.00286e-06
4.79509e-08
9.85843e-07
5.18386e-08
9.69049e-07
5.57304e-08
9.5248e-07
5.96084e-08
9.3613e-07
6.34563e-08
9.19998e-07
6.72593e-08
9.0408e-07
7.10044e-08
8.88375e-07
7.46803e-08
8.7288e-07
7.82776e-08
8.57593e-07
8.1789e-08
8.42513e-07
8.52087e-08
8.2764e-07
8.85327e-08
8.12972e-07
9.17589e-08
7.9851e-07
9.48863e-08
7.84252e-07
9.79569e-08
7.68261e-07
1.24609e-08
-2.91014e-07
-4.15697e-05
-2.77987e-08
3.16217e-10
1.45594e-06
6.74076e-10
1.43048e-06
1.11521e-09
1.40563e-06
1.67542e-09
1.38137e-06
2.38461e-09
1.35766e-06
3.26694e-09
1.33448e-06
4.34105e-09
1.31179e-06
5.62035e-09
1.28957e-06
7.11337e-09
1.26779e-06
8.82421e-09
1.24643e-06
1.07529e-08
1.22547e-06
1.28958e-08
1.20488e-06
1.52462e-08
1.18465e-06
1.77945e-08
1.16476e-06
2.05286e-08
1.1452e-06
2.34344e-08
1.12596e-06
2.6496e-08
1.10702e-06
2.96961e-08
1.08837e-06
3.30163e-08
1.07001e-06
3.64373e-08
1.05192e-06
3.99393e-08
1.03411e-06
4.35021e-08
1.01656e-06
4.71056e-08
9.99261e-07
5.07303e-08
9.82219e-07
5.43568e-08
9.65423e-07
5.79671e-08
9.48869e-07
6.15443e-08
9.32553e-07
6.50728e-08
9.16469e-07
6.8539e-08
9.00614e-07
7.19312e-08
8.84983e-07
7.52397e-08
8.69571e-07
7.84571e-08
8.54376e-07
8.1578e-08
8.39393e-07
8.45991e-08
8.24619e-07
8.75188e-08
8.10053e-07
9.03373e-08
7.95691e-07
9.30557e-08
7.81533e-07
9.56977e-08
7.65619e-07
1.31543e-08
-2.0847e-07
-4.15301e-05
-2.64588e-08
7.14039e-10
1.45523e-06
1.45653e-09
1.42974e-06
2.26384e-09
1.40482e-06
3.16735e-09
1.38047e-06
4.19341e-09
1.35664e-06
5.3635e-09
1.33331e-06
6.69436e-09
1.31046e-06
8.19827e-09
1.28806e-06
9.88332e-09
1.2661e-06
1.17538e-08
1.24456e-06
1.38102e-08
1.22341e-06
1.60502e-08
1.20264e-06
1.84683e-08
1.18223e-06
2.10564e-08
1.16217e-06
2.38042e-08
1.14246e-06
2.66993e-08
1.12306e-06
2.97275e-08
1.10399e-06
3.2873e-08
1.08523e-06
3.61187e-08
1.06676e-06
3.94465e-08
1.0486e-06
4.28373e-08
1.03072e-06
4.62716e-08
1.01312e-06
4.97293e-08
9.95803e-07
5.31905e-08
9.78757e-07
5.66355e-08
9.61978e-07
6.00454e-08
9.45459e-07
6.34024e-08
9.29196e-07
6.669e-08
9.13182e-07
6.98938e-08
8.9741e-07
7.30016e-08
8.81875e-07
7.60036e-08
8.66569e-07
7.88932e-08
8.51486e-07
8.16664e-08
8.36619e-07
8.43223e-08
8.21963e-07
8.68624e-08
8.07512e-07
8.92908e-08
7.93263e-07
9.16133e-08
7.79211e-07
9.38111e-08
7.63421e-07
1.39684e-08
-1.28627e-07
-4.14911e-05
-2.49905e-08
1.02398e-09
1.4542e-06
2.06609e-09
1.42869e-06
3.15856e-09
1.40373e-06
4.32932e-09
1.37929e-06
5.60198e-09
1.35536e-06
6.99599e-09
1.33191e-06
8.52674e-09
1.30893e-06
1.02058e-08
1.28638e-06
1.20411e-08
1.26427e-06
1.40374e-08
1.24256e-06
1.6196e-08
1.22125e-06
1.85158e-08
1.20032e-06
2.09927e-08
1.17975e-06
2.36204e-08
1.15955e-06
2.63905e-08
1.13968e-06
2.92923e-08
1.12016e-06
3.23134e-08
1.10097e-06
3.54397e-08
1.0821e-06
3.86556e-08
1.06355e-06
4.19437e-08
1.04531e-06
4.52857e-08
1.02738e-06
4.86618e-08
1.00975e-06
5.20514e-08
9.92414e-07
5.54332e-08
9.75375e-07
5.87856e-08
9.58625e-07
6.20868e-08
9.42158e-07
6.53157e-08
9.25967e-07
6.84522e-08
9.10045e-07
7.14781e-08
8.94384e-07
7.43777e-08
8.78975e-07
7.71384e-08
8.63808e-07
7.97515e-08
8.48873e-07
8.22128e-08
8.34158e-07
8.45227e-08
8.19653e-07
8.66862e-08
8.05349e-07
8.87126e-08
7.91236e-07
9.06149e-08
7.77309e-07
9.23443e-08
7.61691e-07
1.49163e-08
-5.11995e-08
-4.14528e-05
-2.3416e-08
1.25646e-09
1.45295e-06
2.52312e-09
1.42743e-06
3.82898e-09
1.40243e-06
5.19929e-09
1.37792e-06
6.65558e-09
1.35391e-06
8.21581e-09
1.33035e-06
9.89446e-09
1.30725e-06
1.17028e-08
1.28458e-06
1.36489e-08
1.26232e-06
1.57382e-08
1.24047e-06
1.79733e-08
1.21901e-06
2.03542e-08
1.19794e-06
2.2879e-08
1.17723e-06
2.55432e-08
1.15688e-06
2.83406e-08
1.13689e-06
3.12629e-08
1.11724e-06
3.43e-08
1.09793e-06
3.74399e-08
1.07896e-06
4.06687e-08
1.06032e-06
4.39707e-08
1.04201e-06
4.73283e-08
1.02402e-06
5.07221e-08
1.00635e-06
5.41304e-08
9.89005e-07
5.75301e-08
9.71976e-07
6.0896e-08
9.5526e-07
6.42019e-08
9.38852e-07
6.74204e-08
9.22749e-07
7.05239e-08
9.06942e-07
7.34858e-08
8.91423e-07
7.62811e-08
8.7618e-07
7.88886e-08
8.61201e-07
8.12918e-08
8.4647e-07
8.34811e-08
8.31969e-07
8.54546e-08
8.1768e-07
8.72194e-08
8.03584e-07
8.87919e-08
7.89664e-07
9.01964e-08
7.75904e-07
9.13628e-08
7.60525e-07
1.5965e-08
2.41983e-08
-4.14151e-05
-2.17439e-08
1.41967e-09
1.45153e-06
2.84363e-09
1.426e-06
4.29831e-09
1.40097e-06
5.80685e-09
1.37642e-06
7.38922e-09
1.35232e-06
9.0623e-09
1.32868e-06
1.084e-08
1.30547e-06
1.27336e-08
1.28268e-06
1.47518e-08
1.2603e-06
1.69006e-08
1.23832e-06
1.91843e-08
1.21673e-06
2.16046e-08
1.19552e-06
2.41617e-08
1.17467e-06
2.68537e-08
1.15419e-06
2.96771e-08
1.13406e-06
3.26267e-08
1.11429e-06
3.56955e-08
1.09486e-06
3.88746e-08
1.07578e-06
4.21534e-08
1.05704e-06
4.55188e-08
1.03864e-06
4.89558e-08
1.02058e-06
5.24462e-08
1.00286e-06
5.5969e-08
9.85483e-07
5.94998e-08
9.68445e-07
6.30105e-08
9.51749e-07
6.64689e-08
9.35394e-07
6.98393e-08
9.19378e-07
7.30823e-08
9.03699e-07
7.61559e-08
8.88349e-07
7.9017e-08
8.73319e-07
8.16238e-08
8.58594e-07
8.39388e-08
8.44155e-07
8.5933e-08
8.29975e-07
8.75898e-08
8.16023e-07
8.89097e-08
8.02264e-07
8.99135e-08
7.8866e-07
9.06431e-08
7.75174e-07
9.10163e-08
7.60152e-07
1.70528e-08
9.81618e-08
-4.1378e-05
-1.99642e-08
1.52013e-09
1.45001e-06
3.04029e-09
1.42448e-06
4.58482e-09
1.39943e-06
6.17518e-09
1.37483e-06
7.83007e-09
1.35067e-06
9.56559e-09
1.32694e-06
1.13954e-08
1.30364e-06
1.33309e-08
1.28075e-06
1.53813e-08
1.25825e-06
1.75539e-08
1.23615e-06
1.98545e-08
1.21443e-06
2.22869e-08
1.19308e-06
2.48537e-08
1.17211e-06
2.75561e-08
1.15149e-06
3.03939e-08
1.13123e-06
3.33658e-08
1.11132e-06
3.6469e-08
1.09176e-06
3.96994e-08
1.07255e-06
4.30512e-08
1.05369e-06
4.65168e-08
1.03517e-06
5.00861e-08
1.01701e-06
5.3746e-08
9.99201e-07
5.74797e-08
9.81749e-07
6.12656e-08
9.64659e-07
6.50764e-08
9.47938e-07
6.88774e-08
9.31593e-07
7.26256e-08
9.1563e-07
7.62686e-08
9.00056e-07
7.97434e-08
8.84874e-07
8.29771e-08
8.70085e-07
8.58885e-08
8.55683e-07
8.83918e-08
8.41651e-07
9.04039e-08
8.27963e-07
9.18546e-08
8.14572e-07
9.27007e-08
8.01418e-07
9.29418e-08
7.88419e-07
9.26341e-08
7.75482e-07
9.17086e-08
7.61077e-07
1.81346e-08
1.71736e-07
-4.13419e-05
-1.80474e-08
1.56315e-09
1.44844e-06
3.12344e-09
1.42292e-06
4.70338e-09
1.39785e-06
6.32297e-09
1.37321e-06
7.99984e-09
1.34899e-06
9.74945e-09
1.32519e-06
1.15852e-08
1.3018e-06
1.35187e-08
1.27881e-06
1.55599e-08
1.25621e-06
1.77172e-08
1.23399e-06
1.99978e-08
1.21215e-06
2.24079e-08
1.19067e-06
2.49526e-08
1.16956e-06
2.76362e-08
1.1488e-06
3.04624e-08
1.1284e-06
3.34343e-08
1.10835e-06
3.65545e-08
1.08864e-06
3.9825e-08
1.06928e-06
4.32472e-08
1.05027e-06
4.68215e-08
1.0316e-06
5.05471e-08
1.01329e-06
5.44211e-08
9.95327e-07
5.84379e-08
9.77732e-07
6.25875e-08
9.60509e-07
6.68538e-08
9.43672e-07
7.12117e-08
9.27235e-07
7.56239e-08
9.11218e-07
8.00364e-08
8.95643e-07
8.43732e-08
8.80537e-07
8.85309e-08
8.65928e-07
9.23731e-08
8.51841e-07
9.57274e-08
8.38297e-07
9.8388e-08
8.25302e-07
1.00127e-07
8.12833e-07
1.00724e-07
8.00821e-07
1.00017e-07
7.89127e-07
9.7976e-08
7.77523e-07
9.4552e-08
7.64501e-07
1.92225e-08
2.47065e-07
-4.13067e-05
-1.59398e-08
1.55333e-09
1.44689e-06
3.10198e-09
1.42137e-06
4.66676e-09
1.39628e-06
6.26627e-09
1.37161e-06
7.9171e-09
1.34734e-06
9.63403e-09
1.32348e-06
1.14302e-08
1.30001e-06
1.33172e-08
1.27693e-06
1.53055e-08
1.25422e-06
1.74046e-08
1.2319e-06
1.96229e-08
1.20993e-06
2.19683e-08
1.18833e-06
2.44485e-08
1.16708e-06
2.70706e-08
1.14618e-06
2.9842e-08
1.12563e-06
3.27704e-08
1.10542e-06
3.58636e-08
1.08555e-06
3.91305e-08
1.06601e-06
4.25807e-08
1.04682e-06
4.62247e-08
1.02796e-06
5.00744e-08
1.00944e-06
5.41427e-08
9.91259e-07
5.84429e-08
9.73432e-07
6.29889e-08
9.55963e-07
6.77928e-08
9.38868e-07
7.28634e-08
9.22164e-07
7.82012e-08
9.0588e-07
8.37925e-08
8.90052e-07
8.95985e-08
8.74731e-07
9.55394e-08
8.59987e-07
1.01471e-07
8.45909e-07
1.07155e-07
8.32613e-07
1.12214e-07
8.20243e-07
1.16094e-07
8.08953e-07
1.18032e-07
7.98883e-07
1.1709e-07
7.90068e-07
1.12349e-07
7.82264e-07
1.03143e-07
7.73708e-07
2.04002e-08
3.29808e-07
-4.12728e-05
-1.35288e-08
1.49491e-09
1.44539e-06
2.98418e-09
1.41988e-06
4.48687e-09
1.39478e-06
6.02012e-09
1.37007e-06
7.59938e-09
1.34576e-06
9.23857e-09
1.32184e-06
1.09503e-08
1.2983e-06
1.2746e-08
1.27513e-06
1.46364e-08
1.25233e-06
1.66312e-08
1.2299e-06
1.87398e-08
1.20782e-06
2.09714e-08
1.1861e-06
2.33352e-08
1.16472e-06
2.58403e-08
1.14368e-06
2.8497e-08
1.12297e-06
3.1316e-08
1.1026e-06
3.43097e-08
1.08255e-06
3.74921e-08
1.06283e-06
4.08798e-08
1.04343e-06
4.44923e-08
1.02434e-06
4.83534e-08
1.00557e-06
5.24919e-08
9.87121e-07
5.6943e-08
9.68981e-07
6.175e-08
9.51156e-07
6.69664e-08
9.33652e-07
7.26575e-08
9.16473e-07
7.8903e-08
8.99635e-07
8.57975e-08
8.83158e-07
9.34493e-08
8.6708e-07
1.01973e-07
8.51463e-07
1.11466e-07
8.36415e-07
1.21962e-07
8.22117e-07
1.33324e-07
8.08881e-07
1.45028e-07
7.97249e-07
1.55745e-07
7.88166e-07
1.62528e-07
7.83284e-07
1.5929e-07
7.85502e-07
1.33536e-07
7.99463e-07
4.22492e-09
4.59119e-07
6.42934e-10
-1.02649e-08
1.39216e-09
1.444e-06
2.77838e-09
1.4185e-06
4.17582e-09
1.39338e-06
5.59999e-09
1.36865e-06
7.06499e-09
1.3443e-06
8.58364e-09
1.32032e-06
1.01677e-08
1.29671e-06
1.18281e-08
1.27347e-06
1.35751e-08
1.25059e-06
1.54184e-08
1.22806e-06
1.73675e-08
1.20587e-06
1.94318e-08
1.18403e-06
2.16209e-08
1.16253e-06
2.3945e-08
1.14135e-06
2.6415e-08
1.1205e-06
2.90429e-08
1.09997e-06
3.18424e-08
1.07975e-06
3.48295e-08
1.05984e-06
3.80231e-08
1.04023e-06
4.1446e-08
1.02092e-06
4.51263e-08
1.00189e-06
4.90992e-08
9.83148e-07
5.34094e-08
9.64671e-07
5.81147e-08
9.46451e-07
6.32915e-08
9.28475e-07
6.90422e-08
9.10723e-07
7.5508e-08
8.93169e-07
8.28876e-08
8.75778e-07
9.1469e-08
8.58498e-07
1.01681e-07
8.41252e-07
1.14179e-07
8.23917e-07
1.29998e-07
8.06298e-07
1.50808e-07
7.88071e-07
1.79367e-07
7.68691e-07
2.20313e-07
7.47219e-07
2.81561e-07
7.22036e-07
3.76748e-07
6.90315e-07
5.29096e-07
6.47115e-07
4.04357e-07
5.83857e-07
5.30932e-07
-1.25932e-07
1.24962e-09
1.44275e-06
2.49348e-09
1.41725e-06
3.74666e-09
1.39213e-06
5.02281e-09
1.36737e-06
6.3344e-09
1.34299e-06
7.69287e-09
1.31896e-06
9.10881e-09
1.2953e-06
1.05921e-08
1.27199e-06
1.21521e-08
1.24903e-06
1.37978e-08
1.22641e-06
1.55381e-08
1.20413e-06
1.73816e-08
1.18219e-06
1.93374e-08
1.16057e-06
2.14146e-08
1.13928e-06
2.36233e-08
1.11829e-06
2.59742e-08
1.09762e-06
2.84791e-08
1.07725e-06
3.11514e-08
1.05717e-06
3.40066e-08
1.03738e-06
3.70626e-08
1.01786e-06
4.03407e-08
9.98617e-07
4.38663e-08
9.79622e-07
4.76703e-08
9.60867e-07
5.17904e-08
9.42331e-07
5.62728e-08
9.23992e-07
6.11747e-08
9.05821e-07
6.65658e-08
8.87778e-07
7.25301e-08
8.69814e-07
7.91654e-08
8.51863e-07
8.65773e-08
8.3384e-07
9.48618e-08
8.15632e-07
1.04063e-07
7.97097e-07
1.1408e-07
7.78054e-07
1.24476e-07
7.58294e-07
1.34099e-07
7.37597e-07
1.40338e-07
7.15797e-07
1.37721e-07
6.92932e-07
1.15285e-07
6.69551e-07
5.18005e-08
6.47341e-07
6.30319e-07
-4.75865e-08
1.07224e-09
1.44168e-06
2.1393e-09
1.41619e-06
3.2139e-09
1.39105e-06
4.30761e-09
1.36628e-06
5.43102e-09
1.34186e-06
6.59386e-09
1.3178e-06
7.80521e-09
1.29409e-06
9.07353e-09
1.27072e-06
1.04069e-08
1.24769e-06
1.1813e-08
1.22501e-06
1.32993e-08
1.20265e-06
1.48732e-08
1.18062e-06
1.6542e-08
1.1589e-06
1.8313e-08
1.1375e-06
2.01938e-08
1.11641e-06
2.2192e-08
1.09562e-06
2.43154e-08
1.07512e-06
2.65721e-08
1.05491e-06
2.89703e-08
1.03498e-06
3.15182e-08
1.01532e-06
3.42239e-08
9.95911e-07
3.7095e-08
9.76751e-07
4.01377e-08
9.57824e-07
4.33558e-08
9.39113e-07
4.67489e-08
9.20599e-07
5.03094e-08
9.0226e-07
5.40172e-08
8.8407e-07
5.78327e-08
8.65998e-07
6.16842e-08
8.48011e-07
6.54506e-08
8.30073e-07
6.89338e-08
8.12149e-07
7.18218e-08
7.94209e-07
7.36368e-08
7.76239e-07
7.36741e-08
7.58257e-07
7.09392e-08
7.40331e-07
6.41201e-08
7.22616e-07
5.16697e-08
7.05383e-07
3.21732e-08
6.89048e-07
5.34625e-09
6.74168e-07
6.61326e-07
-2.56602e-08
8.65483e-10
1.44082e-06
1.72665e-09
1.41533e-06
2.59366e-09
1.39019e-06
3.47575e-09
1.3654e-06
4.38138e-09
1.34096e-06
5.31837e-09
1.31686e-06
6.29397e-09
1.29311e-06
7.31497e-09
1.2697e-06
8.38778e-09
1.24662e-06
9.51846e-09
1.22387e-06
1.07128e-08
1.20145e-06
1.19764e-08
1.17935e-06
1.33145e-08
1.15756e-06
1.47322e-08
1.13609e-06
1.6234e-08
1.11491e-06
1.78241e-08
1.09403e-06
1.95061e-08
1.07344e-06
2.12824e-08
1.05314e-06
2.31542e-08
1.03311e-06
2.51207e-08
1.01335e-06
2.71783e-08
9.93853e-07
2.93198e-08
9.7461e-07
3.15326e-08
9.55611e-07
3.3797e-08
9.36849e-07
3.60835e-08
9.18313e-07
3.83496e-08
8.99994e-07
4.05352e-08
8.81884e-07
4.25574e-08
8.63976e-07
4.43038e-08
8.46265e-07
4.56251e-08
8.28752e-07
4.6328e-08
8.11446e-07
4.61696e-08
7.94367e-07
4.48566e-08
7.77552e-07
4.20553e-08
7.61058e-07
3.74194e-08
7.44967e-07
3.06458e-08
7.2939e-07
2.15693e-08
7.14459e-07
1.02965e-08
7.00321e-07
-2.64318e-09
6.87108e-07
6.74904e-07
-1.62214e-08
6.35311e-10
1.44018e-06
1.26739e-09
1.41469e-06
1.90362e-09
1.38955e-06
2.55074e-09
1.36475e-06
3.21492e-09
1.34029e-06
3.90185e-09
1.31617e-06
4.6168e-09
1.2924e-06
5.36469e-09
1.26895e-06
6.15012e-09
1.24584e-06
6.97739e-09
1.22305e-06
7.85053e-09
1.20058e-06
8.77323e-09
1.17843e-06
9.74884e-09
1.15659e-06
1.07802e-08
1.13505e-06
1.18697e-08
1.11382e-06
1.30188e-08
1.09288e-06
1.42279e-08
1.07223e-06
1.54958e-08
1.05187e-06
1.68197e-08
1.03179e-06
1.81938e-08
1.01198e-06
1.96091e-08
9.92438e-07
2.1052e-08
9.73167e-07
2.25036e-08
9.5416e-07
2.39374e-08
9.35415e-07
2.53184e-08
9.16932e-07
2.66011e-08
8.98711e-07
2.77275e-08
8.80758e-07
2.86256e-08
8.63078e-07
2.92081e-08
8.45682e-07
2.93728e-08
8.28587e-07
2.90044e-08
8.11815e-07
2.79789e-08
7.95393e-07
2.61731e-08
7.79358e-07
2.34778e-08
7.63753e-07
1.98172e-08
7.48628e-07
1.51737e-08
7.34033e-07
9.61308e-09
7.2002e-07
3.30587e-09
7.06628e-07
-3.46855e-09
6.93882e-07
6.81782e-07
-1.0347e-08
3.88094e-10
1.43979e-06
7.74187e-10
1.41431e-06
1.16277e-09
1.38916e-06
1.55793e-09
1.36435e-06
1.96342e-09
1.33989e-06
2.38268e-09
1.31576e-06
2.81893e-09
1.29196e-06
3.27511e-09
1.26849e-06
3.75398e-09
1.24536e-06
4.25808e-09
1.22254e-06
4.78973e-09
1.20005e-06
5.351e-09
1.17787e-06
5.94365e-09
1.156e-06
6.56903e-09
1.13443e-06
7.22798e-09
1.11316e-06
7.92063e-09
1.09219e-06
8.64619e-09
1.07151e-06
9.40264e-09
1.05111e-06
1.01864e-08
1.031e-06
1.09917e-08
1.01117e-06
1.18103e-08
9.91619e-07
1.26308e-08
9.72346e-07
1.34377e-08
9.53353e-07
1.4211e-08
9.34641e-07
1.49253e-08
9.16217e-07
1.55492e-08
8.98087e-07
1.60453e-08
8.80262e-07
1.63698e-08
8.62753e-07
1.64738e-08
8.45578e-07
1.63046e-08
8.28757e-07
1.58087e-08
8.12311e-07
1.49359e-08
7.96266e-07
1.36448e-08
7.80649e-07
1.19098e-08
7.65488e-07
9.72775e-09
7.5081e-07
7.12487e-09
7.36636e-07
4.16106e-09
7.22984e-07
9.29919e-10
7.09859e-07
-2.44706e-09
6.97259e-07
6.85168e-07
-5.83293e-09
1.30523e-10
2.60367e-10
3.91041e-10
5.23915e-10
6.60246e-10
8.01192e-10
9.47821e-10
1.10112e-09
1.26201e-09
1.43131e-09
1.6098e-09
1.79812e-09
1.9968e-09
2.20624e-09
2.4266e-09
2.65778e-09
2.89934e-09
3.15033e-09
3.40924e-09
3.67378e-09
3.94071e-09
4.20564e-09
4.46282e-09
4.70494e-09
4.92298e-09
5.10607e-09
5.24159e-09
5.31535e-09
5.31203e-09
5.21599e-09
5.01229e-09
4.68814e-09
4.23452e-09
3.64798e-09
2.93224e-09
2.09929e-09
1.16974e-09
1.71927e-10
-8.60211e-10
-1.89032e-09
7.55132e-06
-8.85093e-06
1.35881e-05
-6.03679e-06
1.73789e-05
-3.79078e-06
1.97853e-05
-2.40646e-06
2.13631e-05
-1.57779e-06
2.24812e-05
-1.11811e-06
2.3402e-05
-9.20761e-07
2.43384e-05
-9.36428e-07
2.5495e-05
-1.15654e-06
2.70559e-05
-1.56094e-06
2.77522e-05
-6.96246e-07
2.77318e-05
2.03177e-08
2.77091e-05
2.27571e-08
2.76834e-05
2.56493e-08
2.76543e-05
2.91156e-08
2.7621e-05
3.33173e-08
2.75825e-05
3.8475e-08
2.75376e-05
4.48962e-08
2.74846e-05
5.30226e-08
2.74211e-05
6.35052e-08
2.73438e-05
7.73428e-08
2.72476e-05
9.61372e-08
2.7125e-05
1.22651e-07
2.69627e-05
1.62261e-07
2.67345e-05
2.28246e-07
2.63544e-05
3.80038e-07
2.17603e-05
4.59414e-06
1.36937e-05
8.06662e-06
9.11448e-06
4.5792e-06
6.42641e-06
2.68807e-06
4.7415e-06
1.68491e-06
3.61246e-06
1.12903e-06
2.80578e-06
8.06682e-07
2.19432e-06
6.11465e-07
1.70552e-06
4.88792e-07
1.29578e-06
4.09741e-07
9.37259e-07
3.58524e-07
6.10896e-07
3.26363e-07
3.02449e-07
3.08448e-07
3.02449e-07
3.08724e-05
-4.07935e-05
3.12471e-05
-6.41147e-06
2.74302e-05
2.61521e-08
2.4988e-05
3.5754e-08
2.3364e-05
4.62044e-08
2.21877e-05
5.82102e-08
2.11941e-05
7.27859e-08
2.0166e-05
9.16629e-08
1.88902e-05
1.19244e-07
1.71473e-05
1.82039e-07
1.38824e-05
2.5686e-06
9.384e-06
4.51873e-06
6.49777e-06
2.90898e-06
4.58511e-06
1.93831e-06
3.25915e-06
1.35509e-06
2.29187e-06
1.0006e-06
1.54577e-06
7.84575e-07
9.35002e-07
6.5566e-07
4.0296e-07
5.85065e-07
-9.1248e-08
5.57714e-07
-5.81726e-07
5.67821e-07
-1.10307e-06
6.1748e-07
-1.69845e-06
7.18031e-07
-2.43151e-06
8.95326e-07
-3.40556e-06
1.20229e-06
-4.77212e-06
1.7466e-06
-2.92232e-06
2.74433e-06
1.69828e-06
3.44602e-06
3.19024e-06
3.08725e-06
3.38019e-06
2.49812e-06
3.10263e-06
1.96247e-06
2.68794e-06
1.54372e-06
2.2597e-06
1.23493e-06
1.85843e-06
1.01273e-06
1.49252e-06
8.54709e-07
1.15869e-06
7.43567e-07
8.50077e-07
6.67136e-07
5.59077e-07
6.17363e-07
2.78188e-07
5.89337e-07
5.80637e-07
4.93536e-06
-4.35707e-05
2.61187e-07
-1.7373e-06
-1.50323e-07
4.37662e-07
-5.34408e-07
4.19839e-07
-9.13638e-07
4.25435e-07
-1.31319e-06
4.57766e-07
-1.76115e-06
5.20744e-07
-2.29443e-06
6.24943e-07
-2.96637e-06
7.91181e-07
-3.84212e-06
1.05779e-06
-2.76553e-06
1.49201e-06
-6.47948e-08
1.81799e-06
1.07459e-06
1.76959e-06
1.42293e-06
1.58997e-06
1.3886e-06
1.38942e-06
1.17683e-06
1.21236e-06
8.88129e-07
1.07328e-06
5.6946e-07
9.74328e-07
2.40853e-07
9.13672e-07
-9.08068e-08
8.89373e-07
-4.24221e-07
9.01236e-07
-7.58538e-07
9.51797e-07
-1.08747e-06
1.04696e-06
-1.38825e-06
1.19611e-06
-1.59631e-06
1.41036e-06
-1.54421e-06
1.6945e-06
-8.19076e-07
2.0192e-06
3.89943e-07
2.237e-06
1.25531e-06
2.22188e-06
1.6984e-06
2.05502e-06
1.8333e-06
1.82757e-06
1.77992e-06
1.59711e-06
1.62335e-06
1.3915e-06
1.41562e-06
1.22046e-06
1.18575e-06
1.08457e-06
9.48556e-07
9.80762e-07
7.10602e-07
9.0509e-07
4.73836e-07
8.54129e-07
2.37645e-07
8.25527e-07
8.18282e-07
-3.98545e-08
-4.32777e-05
-2.54258e-07
-1.5229e-06
-3.80815e-07
5.64219e-07
-5.48518e-07
5.87542e-07
-7.39582e-07
6.16498e-07
-9.40758e-07
6.58942e-07
-1.13862e-06
7.18605e-07
-1.31256e-06
7.9888e-07
-1.4235e-06
9.02121e-07
-1.39269e-06
1.02699e-06
-1.06208e-06
1.16139e-06
-5.09801e-07
1.26572e-06
-4.60433e-08
1.30584e-06
2.5085e-07
1.29308e-06
3.91182e-07
1.24909e-06
4.10386e-07
1.19316e-06
3.44499e-07
1.13917e-06
2.22672e-07
1.09615e-06
6.65786e-08
1.06977e-06
-1.07699e-07
1.06365e-06
-2.86968e-07
1.08051e-06
-4.57833e-07
1.12266e-06
-6.0301e-07
1.19214e-06
-6.96822e-07
1.28992e-06
-7.00427e-07
1.41396e-06
-5.61168e-07
1.55524e-06
-2.33718e-07
1.69175e-06
2.18129e-07
1.78515e-06
6.34727e-07
1.80528e-06
9.32617e-07
1.75713e-06
1.09723e-06
1.66296e-06
1.14778e-06
1.54656e-06
1.11291e-06
1.42637e-06
1.01908e-06
1.31428e-06
8.86764e-07
1.21689e-06
7.30244e-07
1.13728e-06
5.58806e-07
1.07653e-06
3.78082e-07
1.03485e-06
1.91252e-07
1.01236e-06
1.00953e-06
-5.99304e-08
-4.30326e-05
-2.0243e-07
-1.3804e-06
-3.0789e-07
6.6968e-07
-4.14033e-07
6.93685e-07
-5.18409e-07
7.20873e-07
-6.15398e-07
7.55932e-07
-6.96376e-07
7.99583e-07
-7.49414e-07
8.51918e-07
-7.59149e-07
9.11856e-07
-7.08519e-07
9.7636e-07
-5.86739e-07
1.03961e-06
-4.14083e-07
1.09306e-06
-2.37852e-07
1.1296e-06
-9.28682e-08
1.14809e-06
4.35637e-09
1.15187e-06
5.11093e-08
1.1464e-06
5.27227e-08
1.13755e-06
1.82914e-08
1.13059e-06
-4.17928e-08
1.12985e-06
-1.1687e-07
1.13873e-06
-1.96078e-07
1.15971e-06
-2.67832e-07
1.19442e-06
-3.19099e-07
1.24341e-06
-3.34932e-07
1.30575e-06
-2.99214e-07
1.37824e-06
-1.98364e-07
1.45439e-06
-3.0424e-08
1.52381e-06
1.81175e-07
1.57355e-06
3.92967e-07
1.59349e-06
5.68464e-07
1.58163e-06
6.88375e-07
1.54305e-06
7.48595e-07
1.48634e-06
7.54375e-07
1.42059e-06
7.15072e-07
1.35359e-06
6.40721e-07
1.29125e-06
5.40288e-07
1.23771e-06
4.21043e-07
1.19577e-06
2.88574e-07
1.16732e-06
1.47112e-07
1.15382e-06
1.15665e-06
-6.05964e-08
-4.27841e-05
-1.83607e-07
-1.25739e-06
-2.4584e-07
7.31913e-07
-3.06353e-07
7.54199e-07
-3.62463e-07
7.76983e-07
-4.10747e-07
8.04216e-07
-4.47014e-07
8.35849e-07
-4.6656e-07
8.71465e-07
-4.64825e-07
9.10121e-07
-4.38686e-07
9.50221e-07
-3.88599e-07
9.89525e-07
-3.20992e-07
1.02545e-06
-2.47235e-07
1.05585e-06
-1.789e-07
1.07976e-06
-1.24618e-07
1.09758e-06
-8.90452e-08
1.11083e-06
-7.31374e-08
1.12164e-06
-7.49637e-08
1.13241e-06
-9.05507e-08
1.14544e-06
-1.14536e-07
1.16271e-06
-1.4059e-07
1.18577e-06
-1.61669e-07
1.2155e-06
-1.70275e-07
1.25201e-06
-1.58931e-07
1.29441e-06
-1.2121e-07
1.34052e-06
-5.36037e-08
1.38678e-06
4.18416e-08
1.42836e-06
1.55426e-07
1.45997e-06
2.71574e-07
1.47734e-06
3.74488e-07
1.47872e-06
4.52444e-07
1.46509e-06
4.99234e-07
1.43955e-06
5.13527e-07
1.4063e-06
4.97379e-07
1.36973e-06
4.54711e-07
1.33391e-06
3.90152e-07
1.30227e-06
3.08324e-07
1.2776e-06
2.13495e-07
1.26215e-06
1.09525e-07
1.25779e-06
1.26617e-06
-6.06545e-08
-4.2524e-05
-1.70772e-07
-1.14727e-06
-2.05571e-07
7.66712e-07
-2.38744e-07
7.87371e-07
-2.6875e-07
8.0699e-07
-2.93705e-07
8.2917e-07
-3.11643e-07
8.53787e-07
-3.20712e-07
8.80533e-07
-3.19476e-07
9.08885e-07
-3.07353e-07
9.38098e-07
-2.85085e-07
9.67257e-07
-2.55026e-07
9.95393e-07
-2.20861e-07
1.02168e-06
-1.86747e-07
1.04564e-06
-1.56397e-07
1.06723e-06
-1.3244e-07
1.08687e-06
-1.1612e-07
1.10532e-06
-1.07284e-07
1.12358e-06
-1.04529e-07
1.14268e-06
-1.05432e-07
1.16362e-06
-1.0681e-07
1.18714e-06
-1.04992e-07
1.21368e-06
-9.61592e-08
1.24318e-06
-7.67938e-08
1.27504e-06
-4.42974e-08
1.30803e-06
2.22009e-09
1.34027e-06
6.11531e-08
1.36943e-06
1.28037e-07
1.39308e-06
1.9617e-07
1.40921e-06
2.58169e-07
1.41672e-06
3.07571e-07
1.41569e-06
3.39832e-07
1.40729e-06
3.52628e-07
1.3935e-06
3.45614e-07
1.37675e-06
3.19942e-07
1.35959e-06
2.77735e-07
1.34448e-06
2.2166e-07
1.33368e-06
1.54638e-07
1.32917e-06
7.97042e-08
1.33272e-06
1.34587e-06
-6.05312e-08
-4.22519e-05
-1.62006e-07
-1.04579e-06
-1.80883e-07
7.85588e-07
-1.98588e-07
8.05076e-07
-2.14428e-07
8.2283e-07
-2.27414e-07
8.42156e-07
-2.36594e-07
8.62968e-07
-2.41153e-07
8.85092e-07
-2.40534e-07
9.08266e-07
-2.34581e-07
9.32145e-07
-2.23651e-07
9.56326e-07
-2.08654e-07
9.80397e-07
-1.90967e-07
1.004e-06
-1.72202e-07
1.02688e-06
-1.53924e-07
1.04896e-06
-1.37388e-07
1.07034e-06
-1.23336e-07
1.09127e-06
-1.11907e-07
1.11215e-06
-1.02621e-07
1.1334e-06
-9.44372e-08
1.15543e-06
-8.58783e-08
1.17858e-06
-7.51966e-08
1.203e-06
-6.05949e-08
1.22858e-06
-4.05019e-08
1.25495e-06
-1.38951e-08
1.28142e-06
1.93609e-08
1.30701e-06
5.82426e-08
1.33055e-06
1.00491e-07
1.35084e-06
1.42847e-07
1.36685e-06
1.81576e-07
1.37799e-06
2.13101e-07
1.38416e-06
2.34521e-07
1.38587e-06
2.43918e-07
1.3841e-06
2.4043e-07
1.38024e-06
2.24163e-07
1.37585e-06
1.9601e-07
1.37263e-06
1.57455e-07
1.37223e-06
1.10409e-07
1.37622e-06
5.70945e-08
1.38604e-06
1.40297e-06
-6.11983e-08
-4.20056e-05
-1.5628e-07
-9.50713e-07
-1.65615e-07
7.94923e-07
-1.74367e-07
8.13828e-07
-1.82214e-07
8.30677e-07
-1.88585e-07
8.48527e-07
-1.92958e-07
8.6734e-07
-1.94902e-07
8.87037e-07
-1.9413e-07
9.07494e-07
-1.90539e-07
9.28554e-07
-1.84246e-07
9.50033e-07
-1.75592e-07
9.71743e-07
-1.65107e-07
9.9351e-07
-1.53436e-07
1.01521e-06
-1.41239e-07
1.03676e-06
-1.29078e-07
1.05818e-06
-1.17329e-07
1.07952e-06
-1.06114e-07
1.10093e-06
-9.52751e-08
1.12256e-06
-8.43862e-08
1.14455e-06
-7.28045e-08
1.167e-06
-5.97576e-08
1.18995e-06
-4.44636e-08
1.21328e-06
-2.62779e-08
1.23676e-06
-4.85416e-09
1.26e-06
1.97026e-08
1.28245e-06
4.6727e-08
1.30352e-06
7.49695e-08
1.32259e-06
1.02691e-07
1.33913e-06
1.27869e-07
1.35281e-06
1.48467e-07
1.36357e-06
1.62693e-07
1.37164e-06
1.69202e-07
1.3776e-06
1.67208e-07
1.38223e-06
1.56508e-07
1.38655e-06
1.37452e-07
1.39169e-06
1.10873e-07
1.39881e-06
7.80065e-08
1.40909e-06
4.04276e-08
1.42362e-06
1.4434e-06
-5.91218e-08
-4.18305e-05
-1.49725e-07
-8.6011e-07
-1.53978e-07
7.99177e-07
-1.57899e-07
8.17749e-07
-1.61395e-07
8.34173e-07
-1.64122e-07
8.51254e-07
-1.65768e-07
8.68987e-07
-1.66079e-07
8.87347e-07
-1.64872e-07
9.06287e-07
-1.62056e-07
9.25737e-07
-1.5764e-07
9.45617e-07
-1.51734e-07
9.65837e-07
-1.44535e-07
9.86311e-07
-1.36297e-07
1.00697e-06
-1.27292e-07
1.02775e-06
-1.17766e-07
1.04865e-06
-1.07896e-07
1.06965e-06
-9.77588e-08
1.0908e-06
-8.73109e-08
1.11211e-06
-7.63924e-08
1.13363e-06
-6.4748e-08
1.15536e-06
-5.207e-08
1.17727e-06
-3.80587e-08
1.19927e-06
-2.24966e-08
1.2212e-06
-5.32716e-09
1.24283e-06
1.32733e-08
1.26385e-06
3.28468e-08
1.28395e-06
5.26438e-08
1.3028e-06
7.16634e-08
1.32011e-06
8.87432e-08
1.33573e-06
1.02683e-07
1.34963e-06
1.12378e-07
1.36195e-06
1.16938e-07
1.37304e-06
1.15775e-07
1.38339e-06
1.08655e-07
1.39367e-06
9.57074e-08
1.40464e-06
7.74172e-08
1.4171e-06
5.45939e-08
1.43191e-06
2.83369e-08
1.44987e-06
1.47173e-06
-5.43712e-08
-4.17622e-05
-1.41563e-07
-7.72918e-07
-1.43397e-07
8.01011e-07
-1.45048e-07
8.194e-07
-1.46439e-07
8.35564e-07
-1.47334e-07
8.52148e-07
-1.47539e-07
8.69193e-07
-1.46905e-07
8.86712e-07
-1.45317e-07
9.04699e-07
-1.4271e-07
9.2313e-07
-1.39063e-07
9.4197e-07
-1.344e-07
9.61175e-07
-1.2879e-07
9.80701e-07
-1.22326e-07
1.0005e-06
-1.15121e-07
1.02055e-06
-1.07278e-07
1.04081e-06
-9.88807e-08
1.06126e-06
-8.9975e-08
1.08189e-06
-8.05602e-08
1.10269e-06
-7.059e-08
1.12366e-06
-5.99824e-08
1.14475e-06
-4.86407e-08
1.16593e-06
-3.6483e-08
1.18711e-06
-2.34789e-08
1.2082e-06
-9.68743e-09
1.22903e-06
4.70813e-09
1.24946e-06
1.93779e-08
1.26928e-06
3.38407e-08
1.28833e-06
4.74834e-08
1.30647e-06
5.96028e-08
1.32361e-06
6.94674e-08
1.33976e-06
7.63883e-08
1.35503e-06
7.9789e-08
1.36963e-06
7.92648e-08
1.38392e-06
7.46268e-08
1.39831e-06
6.59262e-08
1.41334e-06
5.3462e-08
1.42957e-06
3.77752e-08
1.4476e-06
1.96321e-08
1.46802e-06
1.49137e-06
-4.37135e-08
-4.17268e-05
-1.2992e-07
-6.86712e-07
-1.32701e-07
8.03792e-07
-1.34311e-07
8.21009e-07
-1.35162e-07
8.36416e-07
-1.35337e-07
8.52323e-07
-1.34852e-07
8.68707e-07
-1.33689e-07
8.85549e-07
-1.31822e-07
9.02832e-07
-1.29226e-07
9.20535e-07
-1.2589e-07
9.38634e-07
-1.21818e-07
9.57103e-07
-1.17031e-07
9.75913e-07
-1.11562e-07
9.95036e-07
-1.05457e-07
1.01444e-06
-9.876e-08
1.03411e-06
-9.1512e-08
1.05401e-06
-8.37423e-08
1.07412e-06
-7.54658e-08
1.09442e-06
-6.66833e-08
1.11487e-06
-5.73868e-08
1.13545e-06
-4.75701e-08
1.15611e-06
-3.72427e-08
1.17679e-06
-2.64482e-08
1.1974e-06
-1.52826e-08
1.21787e-06
-3.91069e-09
1.23808e-06
7.42372e-09
1.25795e-06
1.8396e-08
1.27736e-06
2.86111e-08
1.29626e-06
3.7625e-08
1.3146e-06
4.49781e-08
1.33241e-06
5.02338e-08
1.34977e-06
5.30206e-08
1.36685e-06
5.30707e-08
1.38387e-06
5.02517e-08
1.40113e-06
4.45899e-08
1.419e-06
3.62822e-08
1.43787e-06
2.56987e-08
1.45818e-06
1.33757e-08
1.48034e-06
1.50474e-06
-4.72719e-08
-4.1697e-05
-1.29504e-07
-6.0448e-07
-1.29593e-07
8.03881e-07
-1.29315e-07
8.20731e-07
-1.2876e-07
8.35861e-07
-1.27856e-07
8.5142e-07
-1.26552e-07
8.67403e-07
-1.24802e-07
8.838e-07
-1.22573e-07
9.00602e-07
-1.19835e-07
9.17797e-07
-1.16569e-07
9.35368e-07
-1.12766e-07
9.533e-07
-1.08426e-07
9.71573e-07
-1.03557e-07
9.90167e-07
-9.81738e-08
1.00906e-06
-9.22961e-08
1.02823e-06
-8.5945e-08
1.04766e-06
-7.9141e-08
1.06732e-06
-7.19031e-08
1.08718e-06
-6.425e-08
1.10722e-06
-5.62022e-08
1.12741e-06
-4.77879e-08
1.1477e-06
-3.90498e-08
1.16805e-06
-3.00541e-08
1.18841e-06
-2.08992e-08
1.20871e-06
-1.1723e-08
1.22891e-06
-2.70804e-09
1.24893e-06
5.91933e-09
1.26873e-06
1.38946e-08
1.28828e-06
2.09279e-08
1.30757e-06
2.67221e-08
1.32661e-06
3.09961e-08
1.3455e-06
3.351e-08
1.36433e-06
3.40898e-08
1.38329e-06
3.26497e-08
1.40257e-06
2.92097e-08
1.42244e-06
2.39072e-08
1.44318e-06
1.7001e-08
1.46509e-06
8.8695e-09
1.48847e-06
1.51361e-06
-4.94838e-08
-4.16708e-05
-1.28965e-07
-5.24999e-07
-1.27753e-07
8.0267e-07
-1.26304e-07
8.19282e-07
-1.24739e-07
8.34296e-07
-1.22994e-07
8.49675e-07
-1.21016e-07
8.65425e-07
-1.1876e-07
8.81543e-07
-1.16186e-07
8.98029e-07
-1.13265e-07
9.14876e-07
-1.09973e-07
9.32076e-07
-1.06292e-07
9.4962e-07
-1.02214e-07
9.67495e-07
-9.77343e-08
9.85687e-07
-9.2856e-08
1.00418e-06
-8.75865e-08
1.02296e-06
-8.19372e-08
1.04201e-06
-7.59234e-08
1.0613e-06
-6.95637e-08
1.08082e-06
-6.2881e-08
1.10054e-06
-5.59044e-08
1.12043e-06
-4.86713e-08
1.14046e-06
-4.1232e-08
1.16061e-06
-3.36528e-08
1.18083e-06
-2.60209e-08
1.20108e-06
-1.84475e-08
1.22133e-06
-1.10692e-08
1.24155e-06
-4.04753e-09
1.26171e-06
2.43583e-09
1.2818e-06
8.1862e-09
1.30181e-06
1.30073e-08
1.32179e-06
1.67152e-08
1.34179e-06
1.91539e-08
1.3619e-06
2.02117e-08
1.38223e-06
1.98359e-08
1.40295e-06
1.80455e-08
1.42423e-06
1.49402e-08
1.44628e-06
1.07051e-08
1.46932e-06
5.60922e-09
1.49357e-06
1.51922e-06
-5.08654e-08
-4.16469e-05
-1.27937e-07
-4.47928e-07
-1.26052e-07
8.00785e-07
-1.23955e-07
8.17185e-07
-1.21786e-07
8.32127e-07
-1.19506e-07
8.47396e-07
-1.17078e-07
8.62996e-07
-1.14467e-07
8.78932e-07
-1.11642e-07
8.95204e-07
-1.08577e-07
9.1181e-07
-1.05249e-07
9.28748e-07
-1.01641e-07
9.46012e-07
-9.77408e-08
9.63595e-07
-9.35409e-08
9.81487e-07
-8.90387e-08
9.9968e-07
-8.42362e-08
1.01816e-06
-7.91403e-08
1.03691e-06
-7.37624e-08
1.05592e-06
-6.8119e-08
1.07518e-06
-6.2232e-08
1.09465e-06
-5.61301e-08
1.11433e-06
-4.98499e-08
1.13418e-06
-4.3438e-08
1.1542e-06
-3.69529e-08
1.17434e-06
-3.04666e-08
1.1946e-06
-2.40665e-08
1.21493e-06
-1.78547e-08
1.23534e-06
-1.19479e-08
1.2558e-06
-6.47326e-09
1.27632e-06
-1.56423e-09
1.29691e-06
2.64708e-09
1.31758e-06
6.03857e-09
1.3384e-06
8.50823e-09
1.35943e-06
9.98461e-09
1.38075e-06
1.0437e-08
1.40249e-06
9.88398e-09
1.42478e-06
8.40026e-09
1.44776e-06
6.12e-09
1.4716e-06
3.2369e-09
1.49645e-06
1.52246e-06
-5.17399e-08
-4.16243e-05
-1.26567e-07
-3.731e-07
-1.24304e-07
7.98523e-07
-1.21849e-07
8.14729e-07
-1.19339e-07
8.29616e-07
-1.16749e-07
8.44806e-07
-1.14054e-07
8.60302e-07
-1.11232e-07
8.7611e-07
-1.08258e-07
8.9223e-07
-1.05113e-07
9.08665e-07
-1.01779e-07
9.25414e-07
-9.82404e-08
9.42474e-07
-9.44866e-08
9.59841e-07
-9.05095e-08
9.7751e-07
-8.63052e-08
9.95475e-07
-8.18738e-08
1.01373e-06
-7.72198e-08
1.03226e-06
-7.2352e-08
1.05106e-06
-6.72842e-08
1.07011e-06
-6.20354e-08
1.0894e-06
-5.66307e-08
1.10892e-06
-5.1102e-08
1.12866e-06
-4.5489e-08
1.14858e-06
-3.98398e-08
1.16869e-06
-3.42119e-08
1.18897e-06
-2.86727e-08
1.2094e-06
-2.32985e-08
1.22997e-06
-1.8174e-08
1.25068e-06
-1.33896e-08
1.27154e-06
-9.03801e-09
1.29255e-06
-5.20955e-09
1.31375e-06
-1.98624e-09
1.33518e-06
5.64694e-10
1.35687e-06
2.39785e-09
1.37892e-06
3.49637e-09
1.40139e-06
3.87801e-09
1.4244e-06
3.59968e-09
1.44804e-06
2.76016e-09
1.47244e-06
1.50024e-09
1.49771e-06
1.52396e-06
-5.2241e-08
-4.16025e-05
-1.24931e-07
-3.00411e-07
-1.22467e-07
7.96059e-07
-1.19824e-07
8.12086e-07
-1.17135e-07
8.26928e-07
-1.14385e-07
8.42055e-07
-1.11556e-07
8.57473e-07
-1.08632e-07
8.73185e-07
-1.05596e-07
8.89194e-07
-1.02433e-07
9.05503e-07
-9.913e-08
9.22111e-07
-9.56752e-08
9.39019e-07
-9.20593e-08
9.56225e-07
-8.82757e-08
9.73727e-07
-8.43207e-08
9.9152e-07
-8.0194e-08
1.0096e-06
-7.58988e-08
1.02796e-06
-7.14421e-08
1.0466e-06
-6.68352e-08
1.0655e-06
-6.2094e-08
1.08466e-06
-5.72392e-08
1.10407e-06
-5.22973e-08
1.12371e-06
-4.73003e-08
1.14359e-06
-4.22867e-08
1.16368e-06
-3.73014e-08
1.18398e-06
-3.23958e-08
1.20449e-06
-2.76268e-08
1.2252e-06
-2.30562e-08
1.24611e-06
-1.87489e-08
1.26723e-06
-1.477e-08
1.28858e-06
-1.1182e-08
1.31017e-06
-8.04063e-09
1.33203e-06
-5.39035e-09
1.35422e-06
-3.25988e-09
1.37679e-06
-1.65752e-09
1.39979e-06
-5.67006e-10
1.42331e-06
5.565e-11
1.44742e-06
2.84071e-10
1.47221e-06
2.21705e-10
1.49777e-06
1.52418e-06
-5.24138e-08
-4.15813e-05
-1.23049e-07
-2.29775e-07
-1.205e-07
7.9351e-07
-1.17784e-07
8.09369e-07
-1.15028e-07
8.24172e-07
-1.12221e-07
8.39248e-07
-1.09351e-07
8.54603e-07
-1.06406e-07
8.7024e-07
-1.03375e-07
8.86163e-07
-1.00246e-07
9.02373e-07
-9.70085e-08
9.18874e-07
-9.36548e-08
9.35665e-07
-9.01776e-08
9.52748e-07
-8.65716e-08
9.70121e-07
-8.2834e-08
9.87783e-07
-7.89647e-08
1.00573e-06
-7.49661e-08
1.02396e-06
-7.08442e-08
1.04248e-06
-6.6608e-08
1.06127e-06
-6.22704e-08
1.08032e-06
-5.78485e-08
1.09965e-06
-5.33632e-08
1.11923e-06
-4.88402e-08
1.13906e-06
-4.43096e-08
1.15915e-06
-3.98061e-08
1.17948e-06
-3.53686e-08
1.20005e-06
-3.10396e-08
1.22087e-06
-2.68646e-08
1.24193e-06
-2.28902e-08
1.26326e-06
-1.91627e-08
1.28485e-06
-1.57259e-08
1.30673e-06
-1.26177e-08
1.32893e-06
-9.86782e-09
1.35147e-06
-7.49427e-09
1.37442e-06
-5.50016e-09
1.3978e-06
-3.87102e-09
1.42168e-06
-2.5725e-09
1.44612e-06
-1.54909e-09
1.47119e-06
-7.23907e-10
1.49695e-06
1.52346e-06
-5.22756e-08
-4.15604e-05
-1.2093e-07
-1.61121e-07
-1.18381e-07
7.90961e-07
-1.15674e-07
8.06663e-07
-1.12931e-07
8.21429e-07
-1.10143e-07
8.3646e-07
-1.07301e-07
8.51761e-07
-1.04396e-07
8.67335e-07
-1.01419e-07
8.83186e-07
-9.83633e-08
8.99317e-07
-9.52201e-08
9.15731e-07
-9.19833e-08
9.32428e-07
-8.86477e-08
9.49412e-07
-8.52096e-08
9.66683e-07
-8.16672e-08
9.8424e-07
-7.80203e-08
1.00209e-06
-7.42714e-08
1.02022e-06
-7.04252e-08
1.03863e-06
-6.64894e-08
1.05733e-06
-6.24744e-08
1.07631e-06
-5.83939e-08
1.09557e-06
-5.42646e-08
1.1151e-06
-5.01069e-08
1.13491e-06
-4.59441e-08
1.15499e-06
-4.1803e-08
1.17534e-06
-3.7713e-08
1.19596e-06
-3.37062e-08
1.21686e-06
-2.98158e-08
1.23804e-06
-2.6076e-08
1.25952e-06
-2.25199e-08
1.28129e-06
-1.91783e-08
1.30339e-06
-1.60773e-08
1.32583e-06
-1.32368e-08
1.34863e-06
-1.0668e-08
1.37185e-06
-8.3708e-09
1.3955e-06
-6.33269e-09
1.41964e-06
-4.52655e-09
1.44432e-06
-2.91002e-09
1.46957e-06
-1.42529e-09
1.49546e-06
1.52203e-06
-5.18517e-08
-4.15398e-05
-1.18588e-07
-9.43846e-08
-1.16109e-07
7.88482e-07
-1.13476e-07
8.0403e-07
-1.10806e-07
8.18759e-07
-1.08092e-07
8.33747e-07
-1.05329e-07
8.48998e-07
-1.02508e-07
8.64515e-07
-9.96246e-08
8.80303e-07
-9.66714e-08
8.96364e-07
-9.36433e-08
9.12702e-07
-9.05354e-08
9.2932e-07
-8.73441e-08
9.46221e-07
-8.40667e-08
9.63405e-07
-8.07021e-08
9.80876e-07
-7.72506e-08
9.98634e-07
-7.37146e-08
1.01668e-06
-7.00981e-08
1.03501e-06
-6.64076e-08
1.05364e-06
-6.26518e-08
1.07255e-06
-5.88416e-08
1.09176e-06
-5.49907e-08
1.11125e-06
-5.11151e-08
1.13103e-06
-4.72332e-08
1.1511e-06
-4.33657e-08
1.17147e-06
-3.95351e-08
1.19213e-06
-3.57655e-08
1.21309e-06
-3.20818e-08
1.23436e-06
-2.8509e-08
1.25594e-06
-2.50711e-08
1.27785e-06
-2.179e-08
1.30011e-06
-1.86839e-08
1.32272e-06
-1.5766e-08
1.34572e-06
-1.30429e-08
1.36912e-06
-1.05132e-08
1.39297e-06
-8.16575e-09
1.41729e-06
-5.97907e-09
1.44213e-06
-3.92037e-09
1.46751e-06
-1.9456e-09
1.49349e-06
1.52008e-06
-5.11944e-08
-4.15193e-05
-1.16071e-07
-2.95084e-08
-1.13712e-07
7.86123e-07
-1.11201e-07
8.01518e-07
-1.08649e-07
8.16208e-07
-1.06052e-07
8.3115e-07
-1.03405e-07
8.4635e-07
-1.00702e-07
8.61812e-07
-9.79381e-08
8.77539e-07
-9.51093e-08
8.93535e-07
-9.2211e-08
9.09804e-07
-8.924e-08
9.26349e-07
-8.61933e-08
9.43174e-07
-8.30695e-08
9.60281e-07
-7.98679e-08
9.77674e-07
-7.65893e-08
9.95355e-07
-7.32359e-08
1.01333e-06
-6.98118e-08
1.03159e-06
-6.63224e-08
1.05015e-06
-6.27751e-08
1.06901e-06
-5.91793e-08
1.08816e-06
-5.55462e-08
1.10762e-06
-5.18886e-08
1.12737e-06
-4.82213e-08
1.14744e-06
-4.45605e-08
1.16781e-06
-4.09239e-08
1.1885e-06
-3.73299e-08
1.2095e-06
-3.37972e-08
1.23083e-06
-3.03446e-08
1.25249e-06
-2.69896e-08
1.2745e-06
-2.37478e-08
1.29686e-06
-2.06322e-08
1.3196e-06
-1.76514e-08
1.34274e-06
-1.48093e-08
1.36628e-06
-1.21033e-08
1.39027e-06
-9.52399e-09
1.41472e-06
-7.05389e-09
1.43966e-06
-4.66726e-09
1.46513e-06
-2.32999e-09
1.49115e-06
1.51775e-06
-5.03858e-08
-4.14989e-05
-1.1345e-07
3.35554e-08
-1.11246e-07
7.83919e-07
-1.08891e-07
7.99163e-07
-1.0649e-07
8.13807e-07
-1.04039e-07
8.28699e-07
-1.01535e-07
8.43846e-07
-9.89719e-08
8.59249e-07
-9.63473e-08
8.74914e-07
-9.3657e-08
8.90845e-07
-9.08977e-08
9.07045e-07
-8.80668e-08
9.23518e-07
-8.51625e-08
9.4027e-07
-8.21836e-08
9.57303e-07
-7.91303e-08
9.74621e-07
-7.60038e-08
9.92229e-07
-7.28065e-08
1.01013e-06
-6.95425e-08
1.02833e-06
-6.62168e-08
1.04682e-06
-6.28363e-08
1.06563e-06
-5.9409e-08
1.08473e-06
-5.59447e-08
1.10415e-06
-5.24543e-08
1.12388e-06
-4.89499e-08
1.14393e-06
-4.54447e-08
1.1643e-06
-4.19528e-08
1.185e-06
-3.84886e-08
1.20603e-06
-3.50668e-08
1.22741e-06
-3.17013e-08
1.24913e-06
-2.84054e-08
1.2712e-06
-2.51905e-08
1.29365e-06
-2.20656e-08
1.31648e-06
-1.90366e-08
1.33971e-06
-1.61052e-08
1.36335e-06
-1.32686e-08
1.38743e-06
-1.05183e-08
1.41197e-06
-7.84005e-09
1.43698e-06
-5.21323e-09
1.4625e-06
-2.61087e-09
1.48855e-06
1.51514e-06
-4.9522e-08
-4.14784e-05
-1.10811e-07
9.48442e-08
-1.08786e-07
7.81894e-07
-1.06608e-07
7.96985e-07
-1.04378e-07
8.11577e-07
-1.02094e-07
8.26415e-07
-9.97502e-08
8.41502e-07
-9.73436e-08
8.56843e-07
-9.48703e-08
8.72441e-07
-9.23269e-08
8.88301e-07
-8.97104e-08
9.04428e-07
-8.70187e-08
9.20827e-07
-8.42504e-08
9.37501e-07
-8.14052e-08
9.54457e-07
-7.84838e-08
9.71699e-07
-7.54881e-08
9.89233e-07
-7.24209e-08
1.00706e-06
-6.92867e-08
1.02519e-06
-6.60908e-08
1.04363e-06
-6.28398e-08
1.06237e-06
-5.95415e-08
1.08143e-06
-5.62048e-08
1.10081e-06
-5.28393e-08
1.12052e-06
-4.94558e-08
1.14055e-06
-4.60654e-08
1.16091e-06
-4.26798e-08
1.18162e-06
-3.93107e-08
1.20267e-06
-3.59698e-08
1.22407e-06
-3.26681e-08
1.24582e-06
-2.94154e-08
1.26795e-06
-2.62204e-08
1.29045e-06
-2.30893e-08
1.31335e-06
-2.0026e-08
1.33664e-06
-1.70309e-08
1.36035e-06
-1.41009e-08
1.3845e-06
-1.12285e-08
1.40909e-06
-8.40156e-09
1.43415e-06
-5.60316e-09
1.4597e-06
-2.81147e-09
1.48575e-06
1.51233e-06
-4.86874e-08
-4.14575e-05
-1.08235e-07
1.54391e-07
-1.06399e-07
7.80059e-07
-1.04414e-07
7.95e-07
-1.02373e-07
8.09536e-07
-1.00271e-07
8.24313e-07
-9.81034e-08
8.39334e-07
-9.58649e-08
8.54604e-07
-9.35513e-08
8.70127e-07
-9.11586e-08
8.85909e-07
-8.86841e-08
9.01954e-07
-8.61258e-08
9.18268e-07
-8.34829e-08
9.34858e-07
-8.07557e-08
9.5173e-07
-7.7946e-08
9.6889e-07
-7.50564e-08
9.86343e-07
-7.20911e-08
1.0041e-06
-6.90553e-08
1.02216e-06
-6.59551e-08
1.04053e-06
-6.27978e-08
1.05922e-06
-5.95915e-08
1.07823e-06
-5.63449e-08
1.09757e-06
-5.30674e-08
1.11724e-06
-4.97688e-08
1.13725e-06
-4.64592e-08
1.1576e-06
-4.31488e-08
1.17831e-06
-3.98474e-08
1.19936e-06
-3.65647e-08
1.22078e-06
-3.33095e-08
1.24257e-06
-3.00895e-08
1.26473e-06
-2.69111e-08
1.28728e-06
-2.37786e-08
1.31022e-06
-2.06945e-08
1.33356e-06
-1.76581e-08
1.35732e-06
-1.46662e-08
1.38151e-06
-1.17117e-08
1.40614e-06
-8.78409e-09
1.43123e-06
-5.86906e-09
1.45679e-06
-2.94834e-09
1.48283e-06
1.50938e-06
-4.79191e-08
-4.1436e-05
-1.05766e-07
2.12238e-07
-1.0414e-07
7.78433e-07
-1.0237e-07
7.9323e-07
-1.00539e-07
8.07706e-07
-9.86405e-08
8.22414e-07
-9.66658e-08
8.3736e-07
-9.4608e-08
8.52546e-07
-9.24611e-08
8.6798e-07
-9.02203e-08
8.83668e-07
-8.78824e-08
8.99616e-07
-8.54459e-08
9.15832e-07
-8.29108e-08
9.32323e-07
-8.02788e-08
9.49098e-07
-7.75532e-08
9.66164e-07
-7.47387e-08
9.83529e-07
-7.18412e-08
1.0012e-06
-6.88677e-08
1.01918e-06
-6.5826e-08
1.03749e-06
-6.27246e-08
1.05612e-06
-5.95728e-08
1.07508e-06
-5.63798e-08
1.09437e-06
-5.31554e-08
1.11402e-06
-4.99091e-08
1.134e-06
-4.66506e-08
1.15435e-06
-4.3389e-08
1.17505e-06
-4.01331e-08
1.19611e-06
-3.68911e-08
1.21754e-06
-3.367e-08
1.23935e-06
-3.0476e-08
1.26154e-06
-2.73137e-08
1.28411e-06
-2.41862e-08
1.30709e-06
-2.10943e-08
1.33047e-06
-1.8037e-08
1.35426e-06
-1.50103e-08
1.37848e-06
-1.20078e-08
1.40314e-06
-9.01968e-09
1.42824e-06
-6.0334e-09
1.4538e-06
-3.03311e-09
1.47983e-06
1.50635e-06
-4.71895e-08
-4.14138e-05
-1.0341e-07
2.68458e-07
-1.02042e-07
7.77065e-07
-1.00532e-07
7.9172e-07
-9.89542e-08
8.06128e-07
-9.72948e-08
8.20755e-07
-9.55409e-08
8.35606e-07
-9.36819e-08
8.50687e-07
-9.17093e-08
8.66008e-07
-8.96176e-08
8.81576e-07
-8.74037e-08
8.97402e-07
-8.50675e-08
9.13496e-07
-8.26112e-08
9.29867e-07
-8.00393e-08
9.46526e-07
-7.73583e-08
9.63483e-07
-7.45762e-08
9.80747e-07
-7.17021e-08
9.98325e-07
-6.8746e-08
1.01623e-06
-6.57186e-08
1.03446e-06
-6.26305e-08
1.05303e-06
-5.94925e-08
1.07194e-06
-5.63155e-08
1.0912e-06
-5.31096e-08
1.11081e-06
-4.98847e-08
1.13078e-06
-4.66503e-08
1.15111e-06
-4.34148e-08
1.17181e-06
-4.01861e-08
1.19288e-06
-3.69712e-08
1.21433e-06
-3.37758e-08
1.23615e-06
-3.06046e-08
1.25837e-06
-2.74607e-08
1.28097e-06
-2.43459e-08
1.30397e-06
-2.126e-08
1.32738e-06
-1.8201e-08
1.3512e-06
-1.51645e-08
1.37544e-06
-1.21439e-08
1.40012e-06
-9.13015e-09
1.42522e-06
-6.11152e-09
1.45078e-06
-3.07374e-09
1.4768e-06
1.50328e-06
-4.64213e-08
-4.13908e-05
-1.01157e-07
3.23194e-07
-1.00147e-07
7.76055e-07
-9.89911e-08
7.90564e-07
-9.77463e-08
8.04883e-07
-9.63891e-08
8.19398e-07
-9.48999e-08
8.34117e-07
-9.32635e-08
8.49051e-07
-9.147e-08
8.64214e-07
-8.95141e-08
8.7962e-07
-8.73957e-08
8.95284e-07
-8.51187e-08
9.11219e-07
-8.26907e-08
9.27439e-07
-8.01221e-08
9.43958e-07
-7.74254e-08
9.60786e-07
-7.46141e-08
9.77935e-07
-7.17028e-08
9.95414e-07
-6.87061e-08
1.01323e-06
-6.56383e-08
1.03139e-06
-6.25133e-08
1.0499e-06
-5.9344e-08
1.06877e-06
-5.61427e-08
1.088e-06
-5.29205e-08
1.10759e-06
-4.96875e-08
1.12755e-06
-4.64527e-08
1.14788e-06
-4.3224e-08
1.16858e-06
-4.00083e-08
1.18966e-06
-3.68112e-08
1.21113e-06
-3.3637e-08
1.23298e-06
-3.0489e-08
1.25522e-06
-2.73689e-08
1.27785e-06
-2.42769e-08
1.30088e-06
-2.12118e-08
1.32432e-06
-1.81704e-08
1.34816e-06
-1.51479e-08
1.37242e-06
-1.21373e-08
1.3971e-06
-9.12953e-09
1.42222e-06
-6.11339e-09
1.44777e-06
-3.07542e-09
1.47376e-06
1.5002e-06
-4.55393e-08
-4.1367e-05
-9.90439e-08
3.76698e-07
-9.85845e-08
7.75595e-07
-9.79504e-08
7.8993e-07
-9.71733e-08
8.04106e-07
-9.62157e-08
8.1844e-07
-9.50491e-08
8.3295e-07
-9.36552e-08
8.47657e-07
-9.2026e-08
8.62585e-07
-9.01626e-08
8.77757e-07
-8.8074e-08
8.93195e-07
-8.57751e-08
9.0892e-07
-8.32849e-08
9.24949e-07
-8.06252e-08
9.41298e-07
-7.78188e-08
9.5798e-07
-7.48886e-08
9.75005e-07
-7.18565e-08
9.92382e-07
-6.87432e-08
1.01012e-06
-6.55677e-08
1.02822e-06
-6.23472e-08
1.04668e-06
-5.90967e-08
1.06552e-06
-5.58294e-08
1.08473e-06
-5.25569e-08
1.10431e-06
-4.92887e-08
1.12428e-06
-4.60331e-08
1.14462e-06
-4.27967e-08
1.16535e-06
-3.95848e-08
1.18645e-06
-3.64013e-08
1.20795e-06
-3.3249e-08
1.22983e-06
-3.01291e-08
1.2521e-06
-2.70418e-08
1.27476e-06
-2.39858e-08
1.29782e-06
-2.09584e-08
1.32129e-06
-1.79554e-08
1.34516e-06
-1.4971e-08
1.36944e-06
-1.19976e-08
1.39413e-06
-9.02601e-09
1.41925e-06
-6.04492e-09
1.44478e-06
-3.04126e-09
1.47075e-06
1.49716e-06
-4.45288e-08
-4.13425e-05
-9.72583e-08
4.29428e-07
-9.76944e-08
7.76031e-07
-9.78703e-08
7.90106e-07
-9.77743e-08
8.0401e-07
-9.73468e-08
8.18013e-07
-9.65523e-08
8.32155e-07
-9.5379e-08
8.46484e-07
-9.38347e-08
8.61041e-07
-9.19426e-08
8.75865e-07
-8.97364e-08
8.90989e-07
-8.72554e-08
9.06439e-07
-8.45413e-08
9.22235e-07
-8.16351e-08
9.38392e-07
-7.85756e-08
9.5492e-07
-7.53979e-08
9.71827e-07
-7.21333e-08
9.89117e-07
-6.88085e-08
1.00679e-06
-6.54464e-08
1.02485e-06
-6.20662e-08
1.0433e-06
-5.86835e-08
1.06214e-06
-5.5311e-08
1.08136e-06
-5.19588e-08
1.10096e-06
-4.86348e-08
1.12095e-06
-4.5345e-08
1.14133e-06
-4.20938e-08
1.16209e-06
-3.88839e-08
1.18324e-06
-3.57171e-08
1.20478e-06
-3.25936e-08
1.2267e-06
-2.95127e-08
1.24902e-06
-2.64724e-08
1.27172e-06
-2.34696e-08
1.29482e-06
-2.05001e-08
1.31832e-06
-1.75584e-08
1.34222e-06
-1.46375e-08
1.36652e-06
-1.17291e-08
1.39122e-06
-8.82346e-09
1.41634e-06
-5.9091e-09
1.44187e-06
-2.97289e-09
1.46782e-06
1.49419e-06
-4.34458e-08
-4.13171e-05
-9.62933e-08
4.82275e-07
-9.82994e-08
7.78038e-07
-9.97987e-08
7.91606e-07
-1.00699e-07
8.04911e-07
-1.00921e-07
8.18234e-07
-1.00449e-07
8.31683e-07
-9.93188e-08
8.45354e-07
-9.75995e-08
8.59321e-07
-9.53758e-08
8.73641e-07
-9.27378e-08
8.88351e-07
-8.97722e-08
9.03473e-07
-8.65579e-08
9.1902e-07
-8.31629e-08
9.34997e-07
-7.96448e-08
9.51402e-07
-7.60504e-08
9.68233e-07
-7.24172e-08
9.85484e-07
-6.87745e-08
1.00315e-06
-6.51448e-08
1.02122e-06
-6.1545e-08
1.0397e-06
-5.79876e-08
1.05858e-06
-5.44814e-08
1.07785e-06
-5.10324e-08
1.09751e-06
-4.76444e-08
1.11757e-06
-4.43193e-08
1.13801e-06
-4.10577e-08
1.15883e-06
-3.7859e-08
1.18004e-06
-3.47214e-08
1.20164e-06
-3.16424e-08
1.22362e-06
-2.86185e-08
1.24599e-06
-2.56455e-08
1.26875e-06
-2.27183e-08
1.29189e-06
-1.98309e-08
1.31543e-06
-1.69763e-08
1.33936e-06
-1.41465e-08
1.36369e-06
-1.13321e-08
1.38841e-06
-8.52292e-09
1.41353e-06
-5.70694e-09
1.43905e-06
-2.87093e-09
1.46498e-06
1.49132e-06
-4.23601e-08
-4.12906e-05
-9.7432e-08
5.37347e-07
-1.02535e-07
7.83141e-07
-1.06295e-07
7.95365e-07
-1.08524e-07
8.0714e-07
-1.09238e-07
8.18949e-07
-1.08606e-07
8.31051e-07
-1.06864e-07
8.43611e-07
-1.04258e-07
8.56716e-07
-1.01018e-07
8.70401e-07
-9.73345e-08
8.84668e-07
-9.33641e-08
8.99503e-07
-8.9226e-08
9.14882e-07
-8.50095e-08
9.3078e-07
-8.07792e-08
9.47172e-07
-7.65808e-08
9.64035e-07
-7.24453e-08
9.81348e-07
-6.83929e-08
9.99097e-07
-6.44361e-08
1.01727e-06
-6.05818e-08
1.03585e-06
-5.68329e-08
1.05483e-06
-5.31894e-08
1.07421e-06
-4.96497e-08
1.09397e-06
-4.62104e-08
1.11413e-06
-4.28676e-08
1.13466e-06
-3.96165e-08
1.15558e-06
-3.6452e-08
1.17688e-06
-3.33684e-08
1.19856e-06
-3.03597e-08
1.22061e-06
-2.74197e-08
1.24305e-06
-2.45416e-08
1.26587e-06
-2.17181e-08
1.28907e-06
-1.89415e-08
1.31266e-06
-1.62034e-08
1.33662e-06
-1.34947e-08
1.36098e-06
-1.08051e-08
1.38572e-06
-8.12379e-09
1.41085e-06
-5.43839e-09
1.43637e-06
-2.73545e-09
1.46228e-06
1.48858e-06
-4.12648e-08
-4.12629e-05
-1.05064e-07
6.01147e-07
-1.17215e-07
7.95291e-07
-1.24452e-07
8.02602e-07
-1.27303e-07
8.09992e-07
-1.26801e-07
8.18446e-07
-1.23977e-07
8.28228e-07
-1.19675e-07
8.39309e-07
-1.14515e-07
8.51556e-07
-1.08926e-07
8.64812e-07
-1.03191e-07
8.78933e-07
-9.74863e-08
8.93798e-07
-9.19166e-08
9.09313e-07
-8.65393e-08
9.25403e-07
-8.13818e-08
9.42015e-07
-7.64527e-08
9.59106e-07
-7.17497e-08
9.76645e-07
-6.72643e-08
9.94612e-07
-6.29845e-08
1.01299e-06
-5.88973e-08
1.03176e-06
-5.49892e-08
1.05092e-06
-5.12468e-08
1.07046e-06
-4.76575e-08
1.09038e-06
-4.42093e-08
1.11068e-06
-4.08909e-08
1.13134e-06
-3.76915e-08
1.15238e-06
-3.46012e-08
1.17379e-06
-3.16102e-08
1.19557e-06
-2.87091e-08
1.21771e-06
-2.58889e-08
1.24023e-06
-2.31404e-08
1.26312e-06
-2.04546e-08
1.28639e-06
-1.78222e-08
1.31002e-06
-1.52335e-08
1.33403e-06
-1.26784e-08
1.35842e-06
-1.01461e-08
1.38319e-06
-7.62517e-09
1.40833e-06
-5.10311e-09
1.43385e-06
-2.56636e-09
1.45974e-06
1.48601e-06
-2.32332e-08
8.98821e-09
-1.42087e-07
7.2e-07
-1.70339e-07
8.23543e-07
-1.75578e-07
8.07841e-07
-1.70072e-07
8.04485e-07
-1.60086e-07
8.08461e-07
-1.48722e-07
8.16863e-07
-1.3743e-07
8.28017e-07
-1.26824e-07
8.4095e-07
-1.17107e-07
8.55095e-07
-1.0829e-07
8.70116e-07
-1.00305e-07
8.85813e-07
-9.30571e-08
9.02065e-07
-8.64513e-08
9.18797e-07
-8.03995e-08
9.35963e-07
-7.48259e-08
9.53532e-07
-6.96659e-08
9.71485e-07
-6.48654e-08
9.89811e-07
-6.03794e-08
1.0085e-06
-5.61697e-08
1.02755e-06
-5.22044e-08
1.04696e-06
-4.84562e-08
1.06672e-06
-4.49019e-08
1.08683e-06
-4.15211e-08
1.1073e-06
-3.8296e-08
1.12812e-06
-3.52109e-08
1.1493e-06
-3.22516e-08
1.17083e-06
-2.94052e-08
1.19272e-06
-2.66596e-08
1.21497e-06
-2.40035e-08
1.23758e-06
-2.14263e-08
1.26055e-06
-1.89173e-08
1.28388e-06
-1.64661e-08
1.30757e-06
-1.40624e-08
1.33163e-06
-1.16955e-08
1.35606e-06
-9.3542e-09
1.38085e-06
-7.02695e-09
1.406e-06
-4.70129e-09
1.43152e-06
-2.36383e-09
1.45741e-06
1.48365e-06
-6.578e-07
5.40856e-07
-5.52064e-07
6.14264e-07
-4.01075e-07
6.72555e-07
-3.05844e-07
7.1261e-07
-2.43707e-07
7.42348e-07
-2.0153e-07
7.66283e-07
-1.71652e-07
7.86986e-07
-1.49558e-07
8.05923e-07
-1.32541e-07
8.23934e-07
-1.1895e-07
8.41504e-07
-1.07752e-07
8.58918e-07
-9.82837e-08
8.76344e-07
-9.01065e-08
8.93888e-07
-8.29219e-08
9.11613e-07
-7.65205e-08
9.29561e-07
-7.07513e-08
9.47763e-07
-6.55025e-08
9.66237e-07
-6.06892e-08
9.84998e-07
-5.62456e-08
1.00406e-06
-5.21197e-08
1.02342e-06
-4.82695e-08
1.04311e-06
-4.46607e-08
1.06311e-06
-4.12646e-08
1.08343e-06
-3.80568e-08
1.10409e-06
-3.50165e-08
1.12508e-06
-3.21254e-08
1.14641e-06
-2.93673e-08
1.16807e-06
-2.67277e-08
1.19008e-06
-2.41934e-08
1.21243e-06
-2.1752e-08
1.23513e-06
-1.9392e-08
1.25819e-06
-1.71022e-08
1.28159e-06
-1.4872e-08
1.30534e-06
-1.26906e-08
1.32945e-06
-1.05473e-08
1.35391e-06
-8.43122e-09
1.37873e-06
-6.33087e-09
1.4039e-06
-4.23428e-09
1.42942e-06
-2.12861e-09
1.4553e-06
1.48152e-06
-1.4031e-07
6.3358e-07
-1.81465e-07
6.55419e-07
-1.89284e-07
6.80374e-07
-1.82022e-07
7.05348e-07
-1.68855e-07
7.2918e-07
-1.54189e-07
7.51617e-07
-1.3999e-07
7.72788e-07
-1.27017e-07
7.92949e-07
-1.15454e-07
8.12371e-07
-1.05241e-07
8.31291e-07
-9.62251e-08
8.49902e-07
-8.82361e-08
8.68356e-07
-8.11152e-08
8.86767e-07
-7.47254e-08
9.05223e-07
-6.89527e-08
9.23789e-07
-6.37039e-08
9.42514e-07
-5.89032e-08
9.61436e-07
-5.44887e-08
9.80583e-07
-5.04096e-08
9.99979e-07
-4.66238e-08
1.01964e-06
-4.30963e-08
1.03958e-06
-3.97972e-08
1.05981e-06
-3.6701e-08
1.08034e-06
-3.37857e-08
1.10117e-06
-3.10318e-08
1.12233e-06
-2.84223e-08
1.1438e-06
-2.59415e-08
1.16559e-06
-2.35756e-08
1.18771e-06
-2.13117e-08
1.21017e-06
-1.91379e-08
1.23296e-06
-1.70429e-08
1.25609e-06
-1.50159e-08
1.27956e-06
-1.30465e-08
1.30337e-06
-1.11247e-08
1.32753e-06
-9.24013e-09
1.35203e-06
-7.38251e-09
1.37687e-06
-5.5412e-09
1.40206e-06
-3.70505e-09
1.42759e-06
-1.86224e-09
1.45346e-06
1.47966e-06
-5.52009e-08
6.6312e-07
-7.79715e-08
6.7819e-07
-9.26485e-08
6.95051e-07
-1.00368e-07
7.13068e-07
-1.02894e-07
7.31707e-07
-1.01878e-07
7.50601e-07
-9.8622e-08
7.69532e-07
-9.40669e-08
7.88394e-07
-8.88512e-08
8.07155e-07
-8.33878e-08
8.25827e-07
-7.79319e-08
8.44446e-07
-7.26326e-08
8.63056e-07
-6.75709e-08
8.81705e-07
-6.27848e-08
9.00437e-07
-5.82864e-08
9.1929e-07
-5.40726e-08
9.383e-07
-5.01318e-08
9.57495e-07
-4.6448e-08
9.769e-07
-4.30035e-08
9.96534e-07
-3.97799e-08
1.01642e-06
-3.67593e-08
1.03656e-06
-3.39245e-08
1.05697e-06
-3.12592e-08
1.07767e-06
-2.87481e-08
1.09866e-06
-2.6377e-08
1.11995e-06
-2.41325e-08
1.14155e-06
-2.20021e-08
1.16346e-06
-1.99743e-08
1.18569e-06
-1.80379e-08
1.20823e-06
-1.61825e-08
1.23111e-06
-1.43983e-08
1.25431e-06
-1.26758e-08
1.27784e-06
-1.10055e-08
1.3017e-06
-9.37847e-09
1.3259e-06
-7.78557e-09
1.35043e-06
-6.21764e-09
1.3753e-06
-4.66526e-09
1.40051e-06
-3.11859e-09
1.42604e-06
-1.56723e-09
1.45191e-06
1.47809e-06
-2.93859e-08
6.76285e-07
-4.11247e-08
6.89928e-07
-5.06384e-08
7.04565e-07
-5.76394e-08
7.20069e-07
-6.22164e-08
7.36284e-07
-6.4672e-08
7.53056e-07
-6.53962e-08
7.70256e-07
-6.47837e-08
7.87782e-07
-6.31901e-08
8.05561e-07
-6.09131e-08
8.2355e-07
-5.81898e-08
8.41723e-07
-5.52018e-08
8.60068e-07
-5.20839e-08
8.78587e-07
-4.89328e-08
8.97286e-07
-4.58164e-08
9.16174e-07
-4.27801e-08
9.35264e-07
-3.9853e-08
9.54568e-07
-3.70522e-08
9.74099e-07
-3.43863e-08
9.93868e-07
-3.18578e-08
1.01389e-06
-2.9465e-08
1.03417e-06
-2.72034e-08
1.05471e-06
-2.50666e-08
1.07554e-06
-2.30471e-08
1.09664e-06
-2.11367e-08
1.11804e-06
-1.9327e-08
1.13974e-06
-1.76093e-08
1.16174e-06
-1.59752e-08
1.18405e-06
-1.44164e-08
1.20667e-06
-1.29246e-08
1.22961e-06
-1.14921e-08
1.25287e-06
-1.01111e-08
1.27646e-06
-8.77389e-09
1.30036e-06
-7.47309e-09
1.3246e-06
-6.20118e-09
1.34916e-06
-4.95058e-09
1.37405e-06
-3.7135e-09
1.39927e-06
-2.48186e-09
1.42481e-06
-1.24709e-09
1.45067e-06
1.47685e-06
-1.70693e-08
6.83007e-07
-2.33703e-08
6.96229e-07
-2.89279e-08
7.10122e-07
-3.35259e-08
7.24667e-07
-3.70634e-08
7.39821e-07
-3.95398e-08
7.55533e-07
-4.10276e-08
7.71744e-07
-4.16448e-08
7.88399e-07
-4.15312e-08
8.05448e-07
-4.08301e-08
8.22849e-07
-3.96766e-08
8.40569e-07
-3.81909e-08
8.58583e-07
-3.64756e-08
8.76872e-07
-3.46147e-08
8.95425e-07
-3.26748e-08
9.14234e-07
-3.07077e-08
9.33297e-07
-2.87518e-08
9.52612e-07
-2.68347e-08
9.72182e-07
-2.49758e-08
9.92009e-07
-2.31872e-08
1.0121e-06
-2.1476e-08
1.03245e-06
-1.98455e-08
1.05308e-06
-1.82957e-08
1.07399e-06
-1.68248e-08
1.09517e-06
-1.54296e-08
1.11665e-06
-1.41055e-08
1.13842e-06
-1.28478e-08
1.16049e-06
-1.16509e-08
1.18286e-06
-1.05094e-08
1.20553e-06
-9.41771e-09
1.22852e-06
-8.37014e-09
1.25183e-06
-7.36111e-09
1.27545e-06
-6.38508e-09
1.29939e-06
-5.43649e-09
1.32365e-06
-4.5098e-09
1.34824e-06
-3.59935e-09
1.37314e-06
-2.69936e-09
1.39837e-06
-1.80379e-09
1.42391e-06
-9.06288e-10
1.44977e-06
1.47594e-06
-9.15369e-09
6.86328e-07
-1.23292e-08
6.99405e-07
-1.52313e-08
7.13025e-07
-1.77565e-08
7.27192e-07
-1.98347e-08
7.419e-07
-2.14318e-08
7.5713e-07
-2.25467e-08
7.72859e-07
-2.3205e-08
7.89057e-07
-2.34512e-08
8.05694e-07
-2.33414e-08
8.22739e-07
-2.2936e-08
8.40164e-07
-2.22957e-08
8.57942e-07
-2.14766e-08
8.76053e-07
-2.05292e-08
8.94477e-07
-1.94964e-08
9.13201e-07
-1.84139e-08
9.32214e-07
-1.73101e-08
9.51508e-07
-1.6207e-08
9.71079e-07
-1.5121e-08
9.90923e-07
-1.40638e-08
1.01104e-06
-1.30432e-08
1.03143e-06
-1.20639e-08
1.0521e-06
-1.11283e-08
1.07305e-06
-1.0237e-08
1.09428e-06
-9.3893e-09
1.1158e-06
-8.58346e-09
1.13761e-06
-7.81714e-09
1.15972e-06
-7.08756e-09
1.18213e-06
-6.39164e-09
1.20484e-06
-5.72618e-09
1.22786e-06
-5.08785e-09
1.25119e-06
-4.47331e-09
1.27483e-06
-3.8792e-09
1.29879e-06
-3.30213e-09
1.32307e-06
-2.73869e-09
1.34767e-06
-2.18542e-09
1.37259e-06
-1.63874e-09
1.39782e-06
-1.09495e-09
1.42337e-06
-5.50105e-10
1.44923e-06
1.47539e-06
-2.90205e-09
-3.87682e-09
-4.77994e-09
-5.58142e-09
-6.25862e-09
-6.79769e-09
-7.19367e-09
-7.44959e-09
-7.57491e-09
-7.58361e-09
-7.49235e-09
-7.31883e-09
-7.08047e-09
-6.79346e-09
-6.47223e-09
-6.12909e-09
-5.7742e-09
-5.41565e-09
-5.05966e-09
-4.71083e-09
-4.37234e-09
-4.0463e-09
-3.73389e-09
-3.43563e-09
-3.1515e-09
-2.88112e-09
-2.62382e-09
-2.37877e-09
-2.14498e-09
-1.92143e-09
-1.70702e-09
-1.50065e-09
-1.30118e-09
-1.1075e-09
-9.18434e-10
-7.32828e-10
-5.49475e-10
-3.6712e-10
-1.84436e-10
)
;

boundaryField
{
    top
    {
        type            calculated;
        value           nonuniform List<scalar> 
80
(
1.43966e-06
1.41418e-06
1.38903e-06
1.36422e-06
1.33975e-06
1.31561e-06
1.29181e-06
1.26834e-06
1.2452e-06
1.22237e-06
1.19987e-06
1.17768e-06
1.1558e-06
1.13422e-06
1.11294e-06
1.09196e-06
1.07127e-06
1.05086e-06
1.03074e-06
1.01091e-06
9.91352e-07
9.72081e-07
9.53095e-07
9.34399e-07
9.15999e-07
8.97904e-07
8.80126e-07
8.6268e-07
8.45582e-07
8.28853e-07
8.12514e-07
7.9659e-07
7.81103e-07
7.66075e-07
7.51526e-07
7.37469e-07
7.23913e-07
7.10857e-07
6.98291e-07
6.86198e-07
6.8734e-07
7.0038e-07
7.13928e-07
7.27993e-07
7.42577e-07
7.57669e-07
7.73255e-07
7.89313e-07
8.05819e-07
8.22748e-07
8.40072e-07
8.57769e-07
8.75815e-07
8.9419e-07
9.1288e-07
9.31871e-07
9.51153e-07
9.7072e-07
9.90567e-07
1.01069e-06
1.03109e-06
1.05178e-06
1.07274e-06
1.09398e-06
1.11552e-06
1.13734e-06
1.15946e-06
1.18188e-06
1.2046e-06
1.22763e-06
1.25097e-06
1.27463e-06
1.2986e-06
1.32288e-06
1.34748e-06
1.3724e-06
1.39764e-06
1.42319e-06
1.44905e-06
1.4752e-06
)
;
    }
    inlet
    {
        type            calculated;
        value           nonuniform List<scalar> 
80
(
1.52466e-20
8.47033e-21
-2.5411e-20
-1.69407e-21
1.35525e-20
-1.01644e-20
-3.38813e-21
-3.38813e-21
-3.38813e-21
0
-3.38813e-21
0
0
8.47033e-22
1.10114e-20
-5.92923e-21
-4.06576e-20
-1.35525e-20
-1.0842e-19
0
0
0
-1.21973e-19
-6.77626e-20
1.21973e-19
1.35525e-19
-1.35525e-20
1.89735e-19
1.0842e-19
6.77626e-20
-9.48677e-20
-1.35525e-19
0
2.03288e-19
5.42101e-20
1.21973e-19
-2.71051e-20
-4.06576e-20
0
8.13152e-20
-8.13152e-20
5.42101e-20
-1.35525e-20
-2.71051e-20
1.21973e-19
2.03288e-19
2.71051e-20
0
1.76183e-19
5.42101e-20
1.49078e-19
9.48677e-20
5.42101e-20
-8.13152e-20
1.21973e-19
1.76183e-19
-1.0842e-19
-9.48677e-20
9.48677e-20
8.13152e-20
-8.13152e-20
1.21973e-19
2.71051e-20
1.35525e-19
-8.13152e-20
2.71051e-20
1.35525e-20
-8.47033e-21
3.21873e-20
3.04932e-20
1.01644e-20
-2.37169e-20
8.47033e-21
-2.03288e-20
2.5411e-20
2.71051e-20
-8.47033e-21
-1.69407e-21
-5.0822e-21
-1.01644e-20
)
;
    }
    axis
    {
        type            calculated;
        value           uniform 0;
    }
    frontAndBack
    {
        type            empty;
        value           nonuniform List<scalar> 0();
    }
}


// ************************************************************************* //
