/*--------------------------------*- C++ -*----------------------------------*\
  =========                 |
  \\      /  F ield         | OpenFOAM: The Open Source CFD Toolbox
   \\    /   O peration     | Website:  https://openfoam.org
    \\  /    A nd           | Version:  10
     \\/     M anipulation  |
\*---------------------------------------------------------------------------*/
FoamFile
{
    format      ascii;
    class       volScalarField;
    location    "0.52";
    object      Sb;
}
// * * * * * * * * * * * * * * * * * * * * * * * * * * * * * * * * * * * * * //

dimensions      [0 0 0 0 0 0 0];

internalField   nonuniform List<scalar> 
12225
(
0.814256
0.812686
0.810688
0.808449
0.806102
0.803734
0.801406
0.799159
0.797021
0.795018
0.793171
0.791505
0.790052
0.788863
0.788028
0.787737
0.788504
0.791869
0.833581
0.831829
0.829686
0.827363
0.824997
0.822671
0.820433
0.818307
0.816307
0.814438
0.812699
0.811093
0.809622
0.808295
0.807141
0.80623
0.805729
0.805925
0.843397
0.841317
0.83881
0.836129
0.833429
0.830799
0.828287
0.825911
0.823674
0.821575
0.819604
0.817755
0.816021
0.814405
0.812919
0.811599
0.810515
0.809696
0.851115
0.848697
0.845811
0.842749
0.83969
0.83673
0.833915
0.83126
0.828765
0.82642
0.824211
0.822124
0.82015
0.818281
0.81652
0.814878
0.81336
0.8119
0.857936
0.855167
0.851888
0.848435
0.845005
0.841705
0.838579
0.83564
0.832881
0.830289
0.827844
0.825528
0.823326
0.821225
0.819215
0.817286
0.815407
0.813475
0.864321
0.861179
0.857487
0.853624
0.849811
0.846159
0.842713
0.839483
0.836457
0.833616
0.830937
0.828397
0.825974
0.82365
0.821405
0.819214
0.817024
0.814721
0.870514
0.866966
0.862832
0.858537
0.854321
0.850302
0.846526
0.842996
0.839697
0.836605
0.83369
0.830926
0.828286
0.825746
0.823277
0.820841
0.818378
0.815776
0.876677
0.872677
0.86806
0.8633
0.858657
0.854253
0.850132
0.846293
0.842713
0.839363
0.836211
0.833222
0.830367
0.827615
0.82493
0.822267
0.819562
0.816711
0.882931
0.878417
0.873264
0.867999
0.862898
0.858087
0.853604
0.849441
0.845572
0.841959
0.838564
0.835349
0.832279
0.829317
0.826424
0.823549
0.820628
0.817568
0.889382
0.884271
0.878514
0.872692
0.867096
0.861849
0.856984
0.852484
0.848314
0.84443
0.840788
0.837345
0.83406
0.830892
0.827797
0.824725
0.82161
0.818368
0.896134
0.890312
0.883865
0.877422
0.871284
0.86557
0.8603
0.855447
0.850965
0.846802
0.842907
0.839233
0.835733
0.832362
0.829074
0.825816
0.822526
0.819125
0.903297
0.89661
0.889359
0.882217
0.875484
0.869265
0.863565
0.858341
0.853536
0.849087
0.844938
0.841032
0.837321
0.833754
0.830282
0.82685
0.823399
0.819853
0.909848
0.902238
0.894173
0.886348
0.879053
0.87237
0.86628
0.860725
0.855632
0.850933
0.846564
0.842462
0.838571
0.834836
0.831205
0.827627
0.824043
0.820379
0.917869
0.908964
0.899809
0.891105
0.883111
0.875863
0.86931
0.863368
0.857953
0.852985
0.84838
0.844059
0.839961
0.836033
0.832225
0.828486
0.824758
0.820968
0.927843
0.917046
0.90639
0.896526
0.887657
0.87973
0.872641
0.866303
0.860574
0.855306
0.850409
0.845817
0.841474
0.837327
0.833323
0.829408
0.825523
0.821595
0.940631
0.926936
0.914102
0.902626
0.892704
0.884133
0.876545
0.869702
0.863471
0.857767
0.852506
0.847607
0.843
0.838621
0.834412
0.830313
0.826261
0.822179
0.959038
0.940876
0.924855
0.911235
0.899572
0.889511
0.880795
0.873139
0.866318
0.860158
0.854525
0.849311
0.844432
0.839812
0.835385
0.831087
0.826846
0.82258
0.935551
0.923385
0.912031
0.901715
0.892429
0.88409
0.876584
0.869788
0.863585
0.857876
0.852575
0.847608
0.842911
0.838424
0.834089
0.829848
0.82563
0.821346
0.913375
0.905227
0.896992
0.889128
0.881788
0.874999
0.868731
0.862931
0.857539
0.852496
0.847745
0.843234
0.838914
0.834736
0.830648
0.82659
0.822486
0.818226
0.898121
0.89218
0.8858
0.879459
0.873367
0.867606
0.862193
0.857111
0.852326
0.847801
0.843493
0.839361
0.835361
0.831447
0.827565
0.823649
0.819605
0.815285
0.885439
0.880893
0.875812
0.870609
0.865496
0.860575
0.855885
0.851426
0.847183
0.843129
0.83923
0.835451
0.831751
0.828083
0.824389
0.820589
0.816564
0.81211
0.874527
0.870924
0.866792
0.862468
0.858145
0.853925
0.849854
0.845944
0.842188
0.838564
0.835045
0.831599
0.828184
0.82475
0.821233
0.817534
0.813497
0.808841
0.864845
0.861921
0.858514
0.854891
0.851221
0.847598
0.844068
0.840648
0.837333
0.834107
0.830946
0.827816
0.824677
0.821474
0.81813
0.814528
0.810466
0.80555
0.856
0.853595
0.850762
0.847717
0.8446
0.841495
0.838446
0.835468
0.832561
0.829708
0.826887
0.824064
0.821196
0.818224
0.81506
0.811561
0.807472
0.802255
0.84767
0.84568
0.843321
0.840763
0.838126
0.83548
0.832864
0.830294
0.827767
0.825269
0.822776
0.820255
0.817661
0.814929
0.811959
0.808586
0.804491
0.798956
0.839541
0.837898
0.835941
0.833807
0.831594
0.829362
0.827145
0.824955
0.82279
0.820634
0.818464
0.816247
0.813935
0.811459
0.808708
0.805494
0.801438
0.795615
0.831221
0.829879
0.828275
0.826518
0.824688
0.822837
0.820992
0.819165
0.817351
0.815536
0.813694
0.811794
0.809785
0.807595
0.805105
0.802107
0.798161
0.792126
0.822021
0.820952
0.819666
0.818251
0.816775
0.815282
0.813797
0.812327
0.810869
0.809409
0.807922
0.806376
0.80472
0.80288
0.800732
0.79805
0.794343
0.788246
0.809917
0.809112
0.808123
0.80703
0.805892
0.804753
0.803637
0.802555
0.801505
0.800476
0.799445
0.798379
0.797228
0.795917
0.79432
0.7922
0.78902
0.783204
0.776818
0.776123
0.775173
0.774076
0.772924
0.771795
0.77075
0.76984
0.769105
0.768574
0.768268
0.768194
0.768344
0.768683
0.769124
0.769461
0.769155
0.766347
1.1e-06
1.1e-06
1.1e-06
1.1e-06
1.1e-06
1.1e-06
1.1e-06
1.1e-06
1.1e-06
1.1e-06
1.1e-06
1.1e-06
1.1e-06
1.1e-06
1.1e-06
1.1e-06
1.1e-06
1.1e-06
1.1e-06
1.1e-06
1.1e-06
1.1e-06
1.1e-06
1.1e-06
1.1e-06
1.1e-06
1.1e-06
1.1e-06
1.1e-06
1.1e-06
1.1e-06
1.1e-06
1.1e-06
1.1e-06
1.1e-06
1.1e-06
1.1e-06
1.1e-06
1.1e-06
1.1e-06
1.1e-06
1.1e-06
1.1e-06
1.1e-06
1.1e-06
1.1e-06
1.1e-06
1.1e-06
1.1e-06
1.1e-06
1.1e-06
1.1e-06
1.1e-06
1.1e-06
1.1e-06
1.1e-06
1.1e-06
1.1e-06
1.1e-06
1.1e-06
1.1e-06
1.1e-06
1.1e-06
1.1e-06
1.1e-06
1.1e-06
1.1e-06
1.1e-06
1.1e-06
1.1e-06
1.1e-06
1.1e-06
1.1e-06
1.1e-06
1.1e-06
1.1e-06
1.1e-06
1.1e-06
1.1e-06
1.1e-06
1.1e-06
1.1e-06
1.1e-06
1.1e-06
1.1e-06
1.1e-06
1.1e-06
1.1e-06
1.1e-06
1.1e-06
1.1e-06
1.1e-06
1.1e-06
1.1e-06
1.1e-06
1.1e-06
1.1e-06
1.1e-06
1.1e-06
1.1e-06
1.1e-06
1.1e-06
1.1e-06
1.1e-06
1.1e-06
1.1e-06
1.1e-06
1.1e-06
1.1e-06
1.1e-06
1.1e-06
1.1e-06
1.1e-06
1.1e-06
1.1e-06
1.1e-06
1.1e-06
1.1e-06
1.1e-06
1.1e-06
1.1e-06
1.1e-06
1.1e-06
1.1e-06
1.1e-06
1.1e-06
1.1e-06
1.1e-06
1.1e-06
1.1e-06
1.1e-06
1.1e-06
1.1e-06
1.1e-06
1.1e-06
1.1e-06
1.1e-06
1.1e-06
1.1e-06
1.1e-06
1.1e-06
1.1e-06
1.1e-06
1.1e-06
1.1e-06
1.1e-06
1.1e-06
1.1e-06
1.1e-06
1.1e-06
1.1e-06
1.1e-06
1.1e-06
1.1e-06
1.1e-06
1.1e-06
1.1e-06
1.1e-06
1.1e-06
1.1e-06
1.1e-06
1.1e-06
1.1e-06
1.1e-06
1.1e-06
1.1e-06
1.1e-06
1.1e-06
1.1e-06
1.1e-06
1.1e-06
1.1e-06
1.1e-06
1.1e-06
1.1e-06
1.1e-06
1.1e-06
1.1e-06
1.1e-06
1.1e-06
1.1e-06
1.1e-06
1.1e-06
1.1e-06
1.1e-06
1.1e-06
1.1e-06
1.1e-06
1.1e-06
1.1e-06
1.1e-06
1.1e-06
1.1e-06
1.1e-06
1.1e-06
1.1e-06
1.1e-06
1.1e-06
1.1e-06
1.1e-06
1.1e-06
1.1e-06
1.1e-06
1.1e-06
1.1e-06
1.1e-06
1.1e-06
1.1e-06
1.1e-06
1.1e-06
1.1e-06
1.1e-06
1.1e-06
1.1e-06
1.1e-06
1.1e-06
1.1e-06
1.1e-06
1.1e-06
1.1e-06
1.1e-06
1.1e-06
1.1e-06
1.1e-06
1.1e-06
1.1e-06
1.1e-06
1.1e-06
1.1e-06
1.1e-06
1.1e-06
1.1e-06
1.1e-06
1.1e-06
1.1e-06
1.1e-06
1.1e-06
1.1e-06
1.1e-06
1.1e-06
1.1e-06
1.1e-06
1.1e-06
1.1e-06
1.1e-06
1.1e-06
1.1e-06
1.1e-06
1.1e-06
1.1e-06
1.1e-06
1.1e-06
1.1e-06
1.1e-06
1.1e-06
1.1e-06
1.1e-06
1.1e-06
1.1e-06
1.1e-06
1.1e-06
1.1e-06
1.1e-06
1.1e-06
1.1e-06
1.1e-06
1.1e-06
1.1e-06
1.1e-06
1.1e-06
1.1e-06
1.1e-06
1.1e-06
1.1e-06
1.1e-06
1.1e-06
1.1e-06
1.1e-06
1.1e-06
1.1e-06
1.1e-06
1.1e-06
1.1e-06
1.1e-06
1.1e-06
1.1e-06
1.1e-06
1.1e-06
1.1e-06
1.1e-06
1.1e-06
1.1e-06
1.1e-06
1.1e-06
1.1e-06
1.1e-06
1.1e-06
1.1e-06
1.1e-06
1.1e-06
1.1e-06
1.1e-06
1.1e-06
1.1e-06
1.1e-06
1.1e-06
1.1e-06
1.1e-06
1.1e-06
1.1e-06
1.1e-06
1.1e-06
1.1e-06
1.1e-06
1.1e-06
1.1e-06
1.1e-06
1.1e-06
1.1e-06
1.1e-06
1.1e-06
1.1e-06
1.1e-06
1.1e-06
1.1e-06
1.1e-06
1.1e-06
1.1e-06
1.1e-06
1.1e-06
1.1e-06
1.1e-06
1.1e-06
1.1e-06
1.1e-06
1.1e-06
1.1e-06
1.1e-06
1.1e-06
1.1e-06
1.1e-06
1.1e-06
1.1e-06
1.1e-06
1.1e-06
1.1e-06
1.1e-06
1.1e-06
1.1e-06
1.1e-06
1.1e-06
1.1e-06
1.1e-06
1.1e-06
1.1e-06
1.1e-06
1.1e-06
1.1e-06
1.1e-06
1.1e-06
1.1e-06
1.1e-06
1.1e-06
1.1e-06
1.1e-06
1.1e-06
1.1e-06
1.1e-06
1.1e-06
1.1e-06
1.1e-06
1.1e-06
1.1e-06
1.1e-06
1.1e-06
1.1e-06
1.1e-06
1.1e-06
1.1e-06
1.1e-06
1.1e-06
1.1e-06
1.1e-06
1.1e-06
1.1e-06
1.1e-06
1.1e-06
1.1e-06
1.1e-06
1.1e-06
1.1e-06
1.1e-06
1.1e-06
1.1e-06
1.1e-06
1.1e-06
1.1e-06
1.1e-06
1.1e-06
1.1e-06
1.1e-06
1.1e-06
1.1e-06
1.1e-06
1.1e-06
1.1e-06
1.1e-06
1.1e-06
1.1e-06
1.1e-06
1.1e-06
1.1e-06
1.1e-06
1.1e-06
1.1e-06
1.1e-06
1.1e-06
1.1e-06
1.1e-06
1.1e-06
1.1e-06
1.1e-06
1.1e-06
1.1e-06
1.1e-06
1.1e-06
1.1e-06
1.1e-06
1.1e-06
1.1e-06
1.1e-06
1.1e-06
1.1e-06
1.1e-06
1.1e-06
1.1e-06
1.1e-06
1.1e-06
1.1e-06
1.1e-06
1.1e-06
1.1e-06
1.1e-06
1.1e-06
1.1e-06
1.1e-06
1.1e-06
1.1e-06
1.1e-06
1.1e-06
1.1e-06
1.1e-06
1.1e-06
1.1e-06
1.1e-06
1.1e-06
1.1e-06
1.1e-06
1.1e-06
1.1e-06
1.1e-06
1.1e-06
1.1e-06
1.1e-06
1.1e-06
1.1e-06
1.1e-06
1.1e-06
1.1e-06
1.1e-06
1.1e-06
1.1e-06
1.1e-06
1.1e-06
1.1e-06
1.1e-06
1.1e-06
1.1e-06
1.1e-06
1.1e-06
1.1e-06
1.1e-06
1.1e-06
1.1e-06
1.1e-06
1.1e-06
1.1e-06
1.1e-06
1.1e-06
1.1e-06
1.1e-06
1.1e-06
1.1e-06
1.1e-06
1.1e-06
1.1e-06
1.1e-06
1.1e-06
1.1e-06
1.1e-06
1.1e-06
1.1e-06
1.1e-06
1.1e-06
1.1e-06
1.1e-06
1.1e-06
1.1e-06
1.1e-06
1.1e-06
1.1e-06
1.1e-06
1.1e-06
1.1e-06
1.1e-06
1.1e-06
1.1e-06
1.1e-06
1.1e-06
1.1e-06
1.1e-06
1.1e-06
1.1e-06
1.1e-06
1.1e-06
1.1e-06
1.1e-06
1.1e-06
1.1e-06
1.1e-06
1.1e-06
1.1e-06
1.1e-06
1.1e-06
1.1e-06
1.1e-06
1.1e-06
1.1e-06
1.1e-06
1.1e-06
1.1e-06
1.1e-06
1.1e-06
1.1e-06
1.1e-06
1.1e-06
1.1e-06
1.1e-06
1.1e-06
1.1e-06
1.1e-06
1.1e-06
1.1e-06
1.1e-06
1.1e-06
1.1e-06
1.1e-06
1.1e-06
1.1e-06
1.1e-06
1.1e-06
1.1e-06
1.1e-06
1.1e-06
1.1e-06
1.1e-06
1.1e-06
1.1e-06
1.1e-06
1.1e-06
1.1e-06
1.1e-06
1.1e-06
1.1e-06
1.1e-06
1.1e-06
1.1e-06
1.1e-06
1.1e-06
1.1e-06
1.1e-06
1.1e-06
1.1e-06
1.1e-06
1.1e-06
1.1e-06
1.1e-06
1.1e-06
1.1e-06
1.1e-06
1.1e-06
1.1e-06
1.1e-06
1.1e-06
1.1e-06
1.1e-06
1.1e-06
1.1e-06
1.1e-06
1.1e-06
1.1e-06
1.1e-06
1.1e-06
1.1e-06
1.1e-06
1.1e-06
1.1e-06
1.1e-06
1.1e-06
1.1e-06
1.1e-06
1.1e-06
1.1e-06
1.1e-06
1.1e-06
1.1e-06
1.1e-06
1.1e-06
1.1e-06
1.1e-06
1.1e-06
1.1e-06
1.1e-06
1.1e-06
1.1e-06
1.1e-06
1.1e-06
1.1e-06
1.1e-06
1.1e-06
1.1e-06
1.1e-06
1.1e-06
1.1e-06
1.1e-06
1.1e-06
1.1e-06
1.1e-06
1.1e-06
1.1e-06
1.1e-06
1.1e-06
1.1e-06
1.1e-06
1.1e-06
1.1e-06
1.1e-06
1.1e-06
1.1e-06
1.1e-06
1.1e-06
1.1e-06
1.1e-06
1.1e-06
1.1e-06
1.1e-06
1.1e-06
1.1e-06
1.1e-06
1.1e-06
1.1e-06
1.1e-06
1.1e-06
1.1e-06
1.1e-06
1.1e-06
1.1e-06
1.1e-06
1.1e-06
1.1e-06
1.1e-06
1.1e-06
1.1e-06
1.1e-06
1.1e-06
1.1e-06
1.1e-06
1.1e-06
1.1e-06
1.1e-06
1.1e-06
1.1e-06
1.1e-06
1.1e-06
1.1e-06
1.1e-06
1.1e-06
1.1e-06
1.1e-06
1.1e-06
1.1e-06
1.1e-06
1.1e-06
1.1e-06
1.1e-06
1.1e-06
1.1e-06
1.1e-06
1.1e-06
1.1e-06
1.1e-06
1.1e-06
1.1e-06
1.1e-06
1.1e-06
1.1e-06
1.1e-06
1.1e-06
1.1e-06
1.1e-06
1.1e-06
1.1e-06
1.1e-06
1.1e-06
1.1e-06
1.1e-06
1.1e-06
1.1e-06
1.1e-06
1.1e-06
1.1e-06
1.1e-06
1.1e-06
1.1e-06
1.1e-06
1.1e-06
1.1e-06
1.1e-06
1.1e-06
1.1e-06
1.1e-06
1.1e-06
1.1e-06
1.1e-06
1.1e-06
1.1e-06
1.1e-06
1.1e-06
1.1e-06
1.1e-06
1.1e-06
1.1e-06
1.1e-06
1.1e-06
1.1e-06
1.1e-06
1.1e-06
1.1e-06
1.1e-06
1.1e-06
1.1e-06
1.1e-06
1.1e-06
1.1e-06
1.1e-06
1.1e-06
1.1e-06
1.1e-06
1.1e-06
1.1e-06
1.1e-06
1.1e-06
1.1e-06
1.1e-06
1.1e-06
1.1e-06
1.1e-06
1.1e-06
1.1e-06
1.1e-06
1.1e-06
1.1e-06
1.1e-06
1.1e-06
1.1e-06
1.1e-06
1.1e-06
1.1e-06
1.1e-06
1.1e-06
1.1e-06
1.1e-06
1.1e-06
1.1e-06
1.1e-06
1.1e-06
1.1e-06
1.1e-06
1.1e-06
1.1e-06
1.1e-06
1.1e-06
1.1e-06
1.1e-06
1.1e-06
1.1e-06
1.1e-06
1.1e-06
1.1e-06
1.1e-06
1.1e-06
1.1e-06
1.1e-06
1.1e-06
1.1e-06
1.1e-06
1.1e-06
1.1e-06
1.1e-06
1.1e-06
1.1e-06
1.1e-06
1.1e-06
1.1e-06
1.1e-06
1.1e-06
1.1e-06
1.1e-06
1.1e-06
1.1e-06
1.1e-06
1.1e-06
1.1e-06
1.1e-06
1.1e-06
1.1e-06
1.1e-06
1.1e-06
1.1e-06
1.1e-06
1.1e-06
1.1e-06
1.1e-06
1.1e-06
1.1e-06
1.1e-06
1.1e-06
1.1e-06
1.1e-06
1.1e-06
1.1e-06
1.1e-06
1.1e-06
1.1e-06
1.1e-06
1.1e-06
1.1e-06
1.1e-06
1.1e-06
1.1e-06
1.1e-06
1.1e-06
1.1e-06
1.1e-06
1.1e-06
1.1e-06
1.1e-06
1.1e-06
1.1e-06
1.1e-06
1.1e-06
1.1e-06
1.1e-06
1.1e-06
1.1e-06
1.1e-06
1.1e-06
1.1e-06
1.1e-06
1.1e-06
1.1e-06
1.1e-06
1.1e-06
1.1e-06
1.1e-06
1.1e-06
1.1e-06
1.1e-06
1.1e-06
1.1e-06
1.1e-06
1.1e-06
1.1e-06
1.1e-06
1.1e-06
1.1e-06
1.1e-06
1.1e-06
1.1e-06
1.1e-06
1.1e-06
1.1e-06
1.1e-06
1.1e-06
1.1e-06
1.1e-06
1.1e-06
1.1e-06
1.1e-06
1.1e-06
1.1e-06
1.1e-06
1.1e-06
1.1e-06
1.1e-06
1.1e-06
1.1e-06
1.1e-06
1.1e-06
1.1e-06
1.1e-06
1.1e-06
1.1e-06
1.1e-06
1.1e-06
1.1e-06
1.1e-06
1.1e-06
1.1e-06
1.1e-06
1.1e-06
1.1e-06
1.1e-06
1.1e-06
1.1e-06
1.1e-06
1.1e-06
1.1e-06
1.1e-06
1.1e-06
1.1e-06
1.1e-06
1.1e-06
1.1e-06
1.1e-06
1.1e-06
1.1e-06
1.1e-06
1.1e-06
1.1e-06
1.1e-06
1.1e-06
1.1e-06
1.1e-06
1.1e-06
1.1e-06
1.1e-06
1.1e-06
1.1e-06
1.1e-06
1.1e-06
1.1e-06
1.1e-06
1.1e-06
1.1e-06
1.1e-06
1.1e-06
1.1e-06
1.1e-06
1.1e-06
1.1e-06
1.1e-06
1.1e-06
1.1e-06
1.1e-06
1.1e-06
1.1e-06
1.1e-06
1.1e-06
1.1e-06
1.1e-06
1.1e-06
1.1e-06
1.1e-06
1.1e-06
1.1e-06
1.1e-06
1.1e-06
1.1e-06
1.1e-06
1.1e-06
1.1e-06
1.1e-06
1.1e-06
1.1e-06
1.1e-06
1.1e-06
1.1e-06
1.1e-06
1.1e-06
1.1e-06
1.1e-06
1.1e-06
1.1e-06
1.1e-06
1.1e-06
1.1e-06
1.1e-06
1.1e-06
1.1e-06
1.1e-06
1.1e-06
1.1e-06
1.1e-06
1.1e-06
1.1e-06
1.1e-06
1.1e-06
1.1e-06
1.1e-06
1.1e-06
1.1e-06
1.1e-06
1.1e-06
1.1e-06
1.1e-06
1.1e-06
1.1e-06
1.1e-06
1.1e-06
1.1e-06
1.1e-06
1.1e-06
1.1e-06
1.1e-06
1.1e-06
1.1e-06
1.1e-06
1.1e-06
1.1e-06
1.1e-06
1.1e-06
1.1e-06
1.1e-06
1.1e-06
1.1e-06
1.1e-06
1.1e-06
1.1e-06
1.1e-06
1.1e-06
1.1e-06
1.1e-06
1.1e-06
1.1e-06
1.1e-06
1.1e-06
1.1e-06
1.1e-06
1.1e-06
1.1e-06
1.1e-06
1.1e-06
1.1e-06
1.1e-06
1.1e-06
1.1e-06
1.1e-06
1.1e-06
1.1e-06
1.1e-06
1.1e-06
1.1e-06
1.1e-06
1.1e-06
1.1e-06
1.1e-06
1.1e-06
1.1e-06
1.1e-06
1.1e-06
1.1e-06
1.1e-06
1.1e-06
1.1e-06
1.1e-06
1.1e-06
1.1e-06
1.1e-06
1.1e-06
1.1e-06
1.1e-06
1.1e-06
1.1e-06
1.1e-06
1.1e-06
1.1e-06
1.1e-06
1.1e-06
1.1e-06
1.1e-06
1.1e-06
1.1e-06
1.1e-06
1.1e-06
1.1e-06
1.1e-06
1.1e-06
1.1e-06
1.1e-06
1.1e-06
1.1e-06
1.1e-06
1.1e-06
1.1e-06
1.1e-06
1.1e-06
1.1e-06
1.1e-06
1.1e-06
1.1e-06
1.1e-06
1.1e-06
1.1e-06
1.1e-06
1.1e-06
1.1e-06
1.1e-06
1.1e-06
1.1e-06
1.1e-06
1.1e-06
1.1e-06
1.1e-06
1.1e-06
1.1e-06
1.1e-06
1.1e-06
1.1e-06
1.1e-06
1.1e-06
1.1e-06
1.1e-06
1.1e-06
1.1e-06
1.1e-06
1.1e-06
1.1e-06
1.1e-06
1.1e-06
1.1e-06
1.1e-06
1.1e-06
1.1e-06
1.1e-06
1.1e-06
1.1e-06
1.1e-06
1.1e-06
1.1e-06
1.1e-06
1.1e-06
1.1e-06
1.1e-06
1.1e-06
1.1e-06
1.1e-06
1.1e-06
1.1e-06
1.1e-06
1.1e-06
1.1e-06
1.1e-06
1.1e-06
1.1e-06
1.1e-06
1.1e-06
1.1e-06
1.1e-06
1.1e-06
1.1e-06
1.1e-06
1.1e-06
1.1e-06
1.1e-06
1.1e-06
1.1e-06
1.1e-06
1.1e-06
1.1e-06
1.1e-06
1.1e-06
1.1e-06
1.1e-06
1.1e-06
1.1e-06
1.1e-06
1.1e-06
1.1e-06
1.1e-06
1.1e-06
1.1e-06
1.1e-06
1.1e-06
1.1e-06
1.1e-06
1.1e-06
1.1e-06
1.1e-06
1.1e-06
1.1e-06
1.1e-06
1.1e-06
1.1e-06
1.1e-06
1.1e-06
1.1e-06
1.1e-06
1.1e-06
1.1e-06
1.1e-06
1.1e-06
1.1e-06
1.1e-06
1.1e-06
1.1e-06
1.1e-06
1.1e-06
1.1e-06
1.1e-06
1.1e-06
1.1e-06
1.1e-06
1.1e-06
1.1e-06
1.1e-06
1.1e-06
1.1e-06
1.1e-06
1.1e-06
1.1e-06
1.1e-06
1.1e-06
1.1e-06
1.1e-06
1.1e-06
1.1e-06
1.1e-06
1.1e-06
1.1e-06
1.1e-06
1.1e-06
1.1e-06
1.1e-06
1.1e-06
1.1e-06
1.1e-06
1.1e-06
1.1e-06
1.1e-06
1.1e-06
1.1e-06
1.1e-06
1.1e-06
1.1e-06
1.1e-06
1.1e-06
1.1e-06
1.1e-06
1.1e-06
1.1e-06
1.1e-06
1.1e-06
1.1e-06
1.1e-06
1.1e-06
1.1e-06
1.1e-06
1.1e-06
1.1e-06
1.1e-06
1.1e-06
1.1e-06
1.1e-06
1.1e-06
1.1e-06
1.1e-06
1.1e-06
1.1e-06
1.1e-06
1.1e-06
1.1e-06
1.1e-06
1.1e-06
1.1e-06
1.1e-06
1.1e-06
1.1e-06
1.1e-06
1.1e-06
1.1e-06
1.1e-06
1.1e-06
1.1e-06
1.1e-06
1.1e-06
1.1e-06
1.1e-06
1.1e-06
1.1e-06
1.1e-06
1.1e-06
1.1e-06
1.1e-06
1.1e-06
1.1e-06
1.1e-06
1.1e-06
1.1e-06
1.1e-06
1.1e-06
1.1e-06
1.1e-06
1.1e-06
1.1e-06
1.1e-06
1.1e-06
1.1e-06
1.1e-06
1.1e-06
1.1e-06
1.1e-06
1.1e-06
1.1e-06
1.1e-06
1.1e-06
1.1e-06
1.1e-06
1.1e-06
1.1e-06
1.1e-06
1.1e-06
1.1e-06
1.1e-06
1.1e-06
1.1e-06
1.1e-06
1.1e-06
1.1e-06
1.1e-06
1.1e-06
1.1e-06
1.1e-06
1.1e-06
1.1e-06
1.1e-06
1.1e-06
1.1e-06
1.1e-06
1.1e-06
1.1e-06
1.1e-06
1.1e-06
1.1e-06
1.1e-06
1.1e-06
1.1e-06
1.1e-06
1.1e-06
1.1e-06
1.1e-06
1.1e-06
1.1e-06
1.1e-06
1.1e-06
1.1e-06
1.1e-06
1.1e-06
1.1e-06
1.1e-06
1.1e-06
1.1e-06
1.1e-06
1.1e-06
1.1e-06
1.1e-06
1.1e-06
1.1e-06
1.1e-06
1.1e-06
1.1e-06
1.1e-06
1.1e-06
1.1e-06
1.1e-06
1.1e-06
1.1e-06
1.1e-06
1.1e-06
1.1e-06
1.1e-06
1.1e-06
1.1e-06
1.1e-06
1.1e-06
1.1e-06
1.1e-06
1.1e-06
1.1e-06
1.1e-06
1.1e-06
1.1e-06
1.1e-06
1.1e-06
1.1e-06
1.1e-06
1.1e-06
1.1e-06
1.1e-06
1.1e-06
1.1e-06
1.1e-06
1.1e-06
1.1e-06
1.1e-06
1.1e-06
1.1e-06
1.1e-06
1.1e-06
1.1e-06
1.1e-06
1.1e-06
1.1e-06
1.1e-06
1.1e-06
1.1e-06
1.1e-06
1.1e-06
1.1e-06
1.1e-06
1.1e-06
1.1e-06
1.1e-06
1.1e-06
1.1e-06
1.1e-06
1.1e-06
1.1e-06
1.1e-06
1.1e-06
1.1e-06
1.1e-06
1.1e-06
1.1e-06
1.1e-06
1.1e-06
1.1e-06
1.1e-06
1.1e-06
1.1e-06
1.1e-06
1.1e-06
1.1e-06
1.1e-06
1.1e-06
1.1e-06
1.1e-06
1.1e-06
1.1e-06
1.1e-06
1.1e-06
1.1e-06
1.1e-06
1.1e-06
1.1e-06
1.1e-06
1.1e-06
1.1e-06
1.1e-06
1.1e-06
1.1e-06
1.1e-06
1.1e-06
1.1e-06
1.1e-06
1.1e-06
1.1e-06
1.1e-06
1.1e-06
1.1e-06
1.1e-06
1.1e-06
1.1e-06
1.1e-06
1.1e-06
1.1e-06
1.1e-06
1.1e-06
1.1e-06
1.1e-06
1.1e-06
1.1e-06
1.1e-06
1.1e-06
1.1e-06
1.1e-06
1.1e-06
1.1e-06
1.1e-06
1.1e-06
1.1e-06
1.1e-06
1.1e-06
1.1e-06
1.1e-06
1.1e-06
1.1e-06
1.1e-06
1.1e-06
1.1e-06
1.1e-06
1.1e-06
1.1e-06
1.1e-06
1.1e-06
1.1e-06
1.1e-06
1.1e-06
1.1e-06
1.1e-06
1.1e-06
1.1e-06
1.1e-06
1.1e-06
1.1e-06
1.1e-06
1.1e-06
1.1e-06
1.1e-06
1.1e-06
1.1e-06
1.1e-06
1.1e-06
1.1e-06
1.1e-06
1.1e-06
1.1e-06
1.1e-06
1.1e-06
1.1e-06
1.1e-06
1.1e-06
1.1e-06
1.1e-06
1.1e-06
1.1e-06
1.1e-06
1.1e-06
1.1e-06
1.1e-06
1.1e-06
1.1e-06
1.1e-06
1.1e-06
1.1e-06
1.1e-06
1.1e-06
1.1e-06
1.1e-06
1.1e-06
1.1e-06
1.1e-06
1.1e-06
1.1e-06
1.1e-06
1.1e-06
1.1e-06
1.1e-06
1.1e-06
1.1e-06
1.1e-06
1.1e-06
1.1e-06
1.1e-06
1.1e-06
1.1e-06
1.1e-06
1.1e-06
1.1e-06
1.1e-06
1.1e-06
1.1e-06
1.1e-06
1.1e-06
1.1e-06
1.1e-06
1.1e-06
1.1e-06
1.1e-06
1.1e-06
1.1e-06
1.1e-06
1.1e-06
1.1e-06
1.1e-06
1.1e-06
1.1e-06
1.1e-06
1.1e-06
1.1e-06
1.1e-06
1.1e-06
1.1e-06
1.1e-06
1.1e-06
1.1e-06
1.1e-06
1.1e-06
1.1e-06
1.1e-06
1.1e-06
1.1e-06
1.1e-06
1.1e-06
1.1e-06
1.1e-06
1.1e-06
1.1e-06
1.1e-06
1.1e-06
1.1e-06
1.1e-06
1.1e-06
1.1e-06
1.1e-06
1.1e-06
1.1e-06
1.1e-06
1.1e-06
1.1e-06
1.1e-06
1.1e-06
1.1e-06
1.1e-06
1.1e-06
1.1e-06
1.1e-06
1.1e-06
1.1e-06
1.1e-06
1.1e-06
1.1e-06
1.1e-06
1.1e-06
1.1e-06
1.1e-06
1.1e-06
1.1e-06
1.1e-06
1.1e-06
1.1e-06
1.1e-06
1.1e-06
1.1e-06
1.1e-06
1.1e-06
1.1e-06
1.1e-06
1.1e-06
1.1e-06
1.1e-06
1.1e-06
1.1e-06
1.1e-06
1.1e-06
1.1e-06
1.1e-06
1.1e-06
1.1e-06
1.1e-06
1.1e-06
1.1e-06
1.1e-06
1.1e-06
1.1e-06
1.1e-06
1.1e-06
1.1e-06
1.1e-06
1.1e-06
1.1e-06
1.1e-06
1.1e-06
1.1e-06
1.1e-06
1.1e-06
1.1e-06
1.1e-06
1.1e-06
1.1e-06
1.1e-06
1.1e-06
1.1e-06
1.1e-06
1.1e-06
1.1e-06
1.1e-06
1.1e-06
1.1e-06
1.1e-06
1.1e-06
1.1e-06
1.1e-06
1.1e-06
1.1e-06
1.1e-06
1.1e-06
1.1e-06
1.1e-06
1.1e-06
1.1e-06
1.1e-06
1.1e-06
1.1e-06
1.1e-06
1.1e-06
1.1e-06
1.1e-06
1.1e-06
1.1e-06
1.1e-06
1.1e-06
1.1e-06
1.1e-06
1.1e-06
1.1e-06
1.1e-06
1.1e-06
1.1e-06
1.1e-06
1.1e-06
1.1e-06
1.1e-06
1.1e-06
1.1e-06
1.1e-06
1.1e-06
1.1e-06
1.1e-06
1.1e-06
1.1e-06
1.1e-06
1.1e-06
1.1e-06
1.1e-06
1.1e-06
1.1e-06
1.1e-06
1.1e-06
1.1e-06
1.1e-06
1.1e-06
1.1e-06
1.1e-06
1.1e-06
1.1e-06
1.1e-06
1.1e-06
1.1e-06
1.1e-06
1.1e-06
1.1e-06
1.1e-06
1.1e-06
1.1e-06
1.1e-06
1.1e-06
1.1e-06
1.1e-06
1.1e-06
1.1e-06
1.1e-06
1.1e-06
1.1e-06
1.1e-06
1.1e-06
1.1e-06
1.1e-06
1.1e-06
1.1e-06
1.1e-06
1.1e-06
1.1e-06
1.1e-06
1.1e-06
1.1e-06
1.1e-06
1.1e-06
1.1e-06
1.1e-06
1.1e-06
1.1e-06
1.1e-06
1.1e-06
1.1e-06
1.1e-06
1.1e-06
1.1e-06
1.1e-06
1.1e-06
1.1e-06
1.1e-06
1.1e-06
1.1e-06
1.1e-06
1.1e-06
1.1e-06
1.1e-06
1.1e-06
1.1e-06
1.1e-06
1.1e-06
1.1e-06
1.1e-06
1.1e-06
1.1e-06
1.1e-06
1.1e-06
1.1e-06
1.1e-06
1.1e-06
1.1e-06
1.1e-06
1.1e-06
1.1e-06
1.1e-06
1.1e-06
1.1e-06
1.1e-06
1.1e-06
1.1e-06
1.1e-06
1.1e-06
1.1e-06
1.1e-06
1.1e-06
1.1e-06
1.1e-06
1.1e-06
1.1e-06
1.1e-06
1.1e-06
1.1e-06
1.1e-06
1.1e-06
1.1e-06
1.1e-06
1.1e-06
1.1e-06
1.1e-06
1.1e-06
1.1e-06
1.1e-06
1.1e-06
1.1e-06
1.1e-06
1.1e-06
1.1e-06
1.1e-06
1.1e-06
1.1e-06
1.1e-06
1.1e-06
1.1e-06
1.1e-06
1.1e-06
1.1e-06
1.1e-06
1.1e-06
1.1e-06
1.1e-06
1.1e-06
1.1e-06
1.1e-06
1.1e-06
1.1e-06
1.1e-06
1.1e-06
1.1e-06
1.1e-06
1.1e-06
1.1e-06
1.1e-06
1.1e-06
1.1e-06
1.1e-06
1.1e-06
1.1e-06
1.1e-06
1.1e-06
1.1e-06
1.1e-06
1.1e-06
1.1e-06
1.1e-06
1.1e-06
1.1e-06
1.1e-06
1.1e-06
1.1e-06
1.1e-06
1.1e-06
1.1e-06
1.1e-06
1.1e-06
1.1e-06
1.1e-06
1.1e-06
1.1e-06
1.1e-06
1.1e-06
1.1e-06
1.1e-06
1.1e-06
1.1e-06
1.1e-06
1.1e-06
1.1e-06
1.1e-06
1.1e-06
1.1e-06
1.1e-06
1.1e-06
1.1e-06
1.1e-06
1.1e-06
1.1e-06
1.1e-06
1.1e-06
1.1e-06
1.1e-06
1.1e-06
1.1e-06
1.1e-06
1.1e-06
1.1e-06
1.1e-06
1.1e-06
1.1e-06
1.1e-06
1.1e-06
1.1e-06
1.1e-06
1.1e-06
1.1e-06
1.1e-06
1.1e-06
1.1e-06
1.1e-06
1.1e-06
1.1e-06
1.1e-06
1.1e-06
1.1e-06
1.1e-06
1.1e-06
1.1e-06
1.1e-06
1.1e-06
1.1e-06
1.1e-06
1.1e-06
1.1e-06
1.1e-06
1.1e-06
1.1e-06
1.1e-06
1.1e-06
1.1e-06
1.1e-06
1.1e-06
1.1e-06
1.1e-06
1.1e-06
1.1e-06
1.1e-06
1.1e-06
1.1e-06
1.1e-06
1.1e-06
1.1e-06
1.1e-06
1.1e-06
1.1e-06
1.1e-06
1.1e-06
1.1e-06
1.1e-06
1.1e-06
1.1e-06
1.1e-06
1.1e-06
1.1e-06
1.1e-06
1.1e-06
1.1e-06
1.1e-06
1.1e-06
1.1e-06
1.1e-06
1.1e-06
1.1e-06
1.1e-06
1.1e-06
1.1e-06
1.1e-06
1.1e-06
1.1e-06
1.1e-06
1.1e-06
1.1e-06
1.1e-06
1.1e-06
1.1e-06
1.1e-06
1.1e-06
1.1e-06
1.1e-06
1.1e-06
1.1e-06
1.1e-06
1.1e-06
1.1e-06
1.1e-06
1.1e-06
1.1e-06
1.1e-06
1.1e-06
1.1e-06
1.1e-06
1.1e-06
1.1e-06
1.1e-06
1.1e-06
1.1e-06
1.1e-06
1.1e-06
1.1e-06
1.1e-06
1.1e-06
1.1e-06
1.1e-06
1.1e-06
1.1e-06
1.1e-06
1.1e-06
1.1e-06
1.1e-06
1.1e-06
1.1e-06
1.1e-06
1.1e-06
1.1e-06
1.1e-06
1.1e-06
1.1e-06
1.1e-06
1.1e-06
1.1e-06
1.1e-06
1.1e-06
1.1e-06
1.1e-06
1.1e-06
1.1e-06
1.1e-06
1.1e-06
1.1e-06
1.1e-06
1.1e-06
1.1e-06
1.1e-06
1.1e-06
1.1e-06
1.1e-06
1.1e-06
1.1e-06
1.1e-06
1.1e-06
1.1e-06
1.1e-06
1.1e-06
1.1e-06
1.1e-06
1.1e-06
1.1e-06
1.1e-06
1.1e-06
1.1e-06
1.1e-06
1.1e-06
1.1e-06
1.1e-06
1.1e-06
1.1e-06
1.1e-06
1.1e-06
1.1e-06
1.1e-06
1.1e-06
1.1e-06
1.1e-06
1.1e-06
1.1e-06
1.1e-06
1.1e-06
1.1e-06
1.1e-06
1.1e-06
1.1e-06
1.1e-06
1.1e-06
1.1e-06
1.1e-06
1.1e-06
1.1e-06
1.1e-06
1.1e-06
1.1e-06
1.1e-06
1.1e-06
1.1e-06
1.1e-06
1.1e-06
1.1e-06
1.1e-06
1.1e-06
1.1e-06
1.1e-06
1.1e-06
1.1e-06
1.1e-06
1.1e-06
1.1e-06
1.1e-06
1.1e-06
1.1e-06
1.1e-06
1.1e-06
1.1e-06
1.1e-06
1.1e-06
1.1e-06
1.1e-06
1.1e-06
1.1e-06
1.1e-06
1.1e-06
1.1e-06
1.1e-06
1.1e-06
1.1e-06
1.1e-06
1.1e-06
1.1e-06
1.1e-06
1.1e-06
1.1e-06
1.1e-06
1.1e-06
1.1e-06
1.1e-06
1.1e-06
1.1e-06
1.1e-06
1.1e-06
1.1e-06
1.1e-06
1.1e-06
1.1e-06
1.1e-06
1.1e-06
1.1e-06
1.1e-06
1.1e-06
1.1e-06
1.1e-06
1.1e-06
1.1e-06
1.1e-06
1.1e-06
1.1e-06
1.1e-06
1.1e-06
1.1e-06
1.1e-06
1.1e-06
1.1e-06
1.1e-06
1.1e-06
1.1e-06
1.1e-06
1.1e-06
1.1e-06
1.1e-06
1.1e-06
1.1e-06
1.1e-06
1.1e-06
1.1e-06
1.1e-06
1.1e-06
1.1e-06
1.1e-06
1.1e-06
1.1e-06
1.1e-06
1.1e-06
1.1e-06
1.1e-06
1.1e-06
1.1e-06
1.1e-06
1.1e-06
1.1e-06
1.1e-06
1.1e-06
1.1e-06
1.1e-06
1.1e-06
1.1e-06
1.1e-06
1.1e-06
1.1e-06
1.1e-06
1.1e-06
1.1e-06
1.1e-06
1.1e-06
1.1e-06
1.1e-06
1.1e-06
1.1e-06
1.1e-06
1.1e-06
1.1e-06
1.1e-06
1.1e-06
1.1e-06
1.1e-06
1.1e-06
1.1e-06
1.1e-06
1.1e-06
1.1e-06
1.1e-06
1.1e-06
1.1e-06
1.1e-06
1.1e-06
1.1e-06
1.1e-06
1.1e-06
1.1e-06
1.1e-06
1.1e-06
1.1e-06
1.1e-06
1.1e-06
1.1e-06
1.1e-06
1.1e-06
1.1e-06
1.1e-06
1.1e-06
1.1e-06
1.1e-06
1.1e-06
1.1e-06
1.1e-06
1.1e-06
1.1e-06
1.1e-06
1.1e-06
1.1e-06
1.1e-06
1.1e-06
1.1e-06
1.1e-06
1.1e-06
1.1e-06
1.1e-06
1.1e-06
1.1e-06
1.1e-06
1.1e-06
1.1e-06
1.1e-06
1.1e-06
1.1e-06
1.1e-06
1.1e-06
1.1e-06
1.1e-06
1.1e-06
1.1e-06
1.1e-06
1.1e-06
1.1e-06
1.1e-06
1.1e-06
1.1e-06
1.1e-06
1.1e-06
1.1e-06
1.1e-06
1.1e-06
1.1e-06
1.1e-06
1.1e-06
1.1e-06
1.1e-06
1.1e-06
1.1e-06
1.1e-06
1.1e-06
1.1e-06
1.1e-06
1.1e-06
1.1e-06
1.1e-06
1.1e-06
1.1e-06
1.1e-06
1.1e-06
1.1e-06
1.1e-06
1.1e-06
1.1e-06
1.1e-06
1.1e-06
1.1e-06
1.1e-06
1.1e-06
1.1e-06
1.1e-06
1.1e-06
1.1e-06
1.1e-06
1.1e-06
1.1e-06
1.1e-06
1.1e-06
1.1e-06
1.1e-06
1.1e-06
1.1e-06
1.1e-06
1.1e-06
1.1e-06
1.1e-06
1.1e-06
1.1e-06
1.1e-06
1.1e-06
1.1e-06
1.1e-06
1.1e-06
1.1e-06
1.1e-06
1.1e-06
1.1e-06
1.1e-06
1.1e-06
1.1e-06
1.1e-06
1.1e-06
1.1e-06
1.1e-06
1.1e-06
1.1e-06
1.1e-06
1.1e-06
1.1e-06
1.1e-06
1.1e-06
1.1e-06
1.1e-06
1.1e-06
1.1e-06
1.1e-06
1.1e-06
1.1e-06
1.1e-06
1.1e-06
1.1e-06
1.1e-06
1.1e-06
1.1e-06
1.1e-06
1.1e-06
1.1e-06
1.1e-06
1.1e-06
1.1e-06
1.1e-06
1.1e-06
1.1e-06
1.1e-06
1.1e-06
1.1e-06
1.1e-06
1.1e-06
1.1e-06
1.1e-06
1.1e-06
1.1e-06
1.1e-06
1.1e-06
1.1e-06
1.1e-06
1.1e-06
1.1e-06
1.1e-06
1.1e-06
1.1e-06
1.1e-06
1.1e-06
1.1e-06
1.1e-06
1.1e-06
1.1e-06
1.1e-06
1.1e-06
1.1e-06
1.1e-06
1.1e-06
1.1e-06
1.1e-06
1.1e-06
1.1e-06
1.1e-06
1.1e-06
1.1e-06
1.1e-06
1.1e-06
1.1e-06
1.1e-06
1.1e-06
1.1e-06
1.1e-06
1.1e-06
1.1e-06
1.1e-06
1.1e-06
1.1e-06
1.1e-06
1.1e-06
1.1e-06
1.1e-06
1.1e-06
1.1e-06
1.1e-06
1.1e-06
1.1e-06
1.1e-06
1.1e-06
1.1e-06
1.1e-06
1.1e-06
1.1e-06
1.1e-06
1.1e-06
1.1e-06
1.1e-06
1.1e-06
1.1e-06
1.1e-06
1.1e-06
1.1e-06
1.1e-06
1.1e-06
1.1e-06
1.1e-06
1.1e-06
1.1e-06
1.1e-06
1.1e-06
1.1e-06
1.1e-06
1.1e-06
1.1e-06
1.1e-06
1.1e-06
1.1e-06
1.1e-06
1.1e-06
1.1e-06
1.1e-06
1.1e-06
1.1e-06
1.1e-06
1.1e-06
1.1e-06
1.1e-06
1.1e-06
1.1e-06
1.1e-06
1.1e-06
1.1e-06
1.1e-06
1.1e-06
1.1e-06
1.1e-06
1.1e-06
1.1e-06
1.1e-06
1.1e-06
1.1e-06
1.1e-06
1.1e-06
1.1e-06
1.1e-06
1.1e-06
1.1e-06
1.1e-06
1.1e-06
1.1e-06
1.1e-06
1.1e-06
1.1e-06
1.1e-06
1.1e-06
1.1e-06
1.1e-06
1.1e-06
1.1e-06
1.1e-06
1.1e-06
1.1e-06
1.1e-06
1.1e-06
1.1e-06
1.1e-06
1.1e-06
1.1e-06
1.1e-06
1.1e-06
1.1e-06
1.1e-06
1.1e-06
1.1e-06
1.1e-06
1.1e-06
1.1e-06
1.1e-06
1.1e-06
1.1e-06
1.1e-06
1.1e-06
1.1e-06
1.1e-06
1.1e-06
1.1e-06
1.1e-06
1.1e-06
1.1e-06
1.1e-06
1.1e-06
1.1e-06
1.1e-06
1.1e-06
1.1e-06
1.1e-06
1.1e-06
1.1e-06
1.1e-06
1.1e-06
1.1e-06
1.1e-06
1.1e-06
1.1e-06
1.1e-06
1.1e-06
1.1e-06
1.1e-06
1.1e-06
1.1e-06
1.1e-06
1.1e-06
1.1e-06
1.1e-06
1.1e-06
1.1e-06
1.1e-06
1.1e-06
1.1e-06
1.1e-06
1.1e-06
1.1e-06
1.1e-06
1.1e-06
1.1e-06
1.1e-06
1.1e-06
1.1e-06
1.1e-06
1.1e-06
1.1e-06
1.1e-06
1.1e-06
1.1e-06
1.1e-06
1.1e-06
1.1e-06
1.1e-06
1.1e-06
1.1e-06
1.1e-06
1.1e-06
1.1e-06
1.1e-06
1.1e-06
1.1e-06
1.1e-06
1.1e-06
1.1e-06
1.1e-06
1.1e-06
1.1e-06
1.1e-06
1.1e-06
1.1e-06
1.1e-06
1.1e-06
1.1e-06
1.1e-06
1.1e-06
1.1e-06
1.1e-06
1.1e-06
1.1e-06
1.1e-06
1.1e-06
1.1e-06
1.1e-06
1.1e-06
1.1e-06
1.1e-06
1.1e-06
1.1e-06
1.1e-06
1.1e-06
1.1e-06
1.1e-06
1.1e-06
1.1e-06
1.1e-06
1.1e-06
1.1e-06
1.1e-06
1.1e-06
1.1e-06
1.1e-06
1.1e-06
1.1e-06
1.1e-06
1.1e-06
1.1e-06
1.1e-06
1.1e-06
1.1e-06
1.1e-06
1.1e-06
1.1e-06
1.1e-06
1.1e-06
1.1e-06
1.1e-06
1.1e-06
1.1e-06
1.1e-06
1.1e-06
1.1e-06
1.1e-06
1.1e-06
1.1e-06
1.1e-06
1.1e-06
1.1e-06
1.1e-06
1.1e-06
1.1e-06
1.1e-06
1.1e-06
1.1e-06
1.1e-06
1.1e-06
1.1e-06
1.1e-06
1.1e-06
1.1e-06
1.1e-06
1.1e-06
1.1e-06
1.1e-06
1.1e-06
1.1e-06
1.1e-06
1.1e-06
1.1e-06
1.1e-06
1.1e-06
1.1e-06
1.1e-06
1.1e-06
1.1e-06
1.1e-06
1.1e-06
1.1e-06
1.1e-06
1.1e-06
1.1e-06
1.1e-06
1.1e-06
1.1e-06
1.1e-06
1.1e-06
1.1e-06
1.1e-06
1.1e-06
1.1e-06
1.1e-06
1.1e-06
1.1e-06
1.1e-06
1.1e-06
1.1e-06
1.1e-06
1.1e-06
1.1e-06
1.1e-06
1.1e-06
1.1e-06
1.1e-06
1.1e-06
1.1e-06
1.1e-06
1.1e-06
1.1e-06
1.1e-06
1.1e-06
1.1e-06
1.1e-06
1.1e-06
1.1e-06
1.1e-06
1.1e-06
1.1e-06
1.1e-06
1.1e-06
1.1e-06
1.1e-06
1.1e-06
1.1e-06
1.1e-06
1.1e-06
1.1e-06
1.1e-06
1.1e-06
1.1e-06
1.1e-06
1.1e-06
1.1e-06
1.1e-06
1.1e-06
1.1e-06
1.1e-06
1.1e-06
1.1e-06
1.1e-06
1.1e-06
1.1e-06
1.1e-06
1.1e-06
1.1e-06
1.1e-06
1.1e-06
1.1e-06
1.1e-06
1.1e-06
1.1e-06
1.1e-06
1.1e-06
1.1e-06
1.1e-06
1.1e-06
1.1e-06
1.1e-06
1.1e-06
1.1e-06
1.1e-06
1.1e-06
1.1e-06
1.1e-06
1.1e-06
1.1e-06
1.1e-06
1.1e-06
1.1e-06
1.1e-06
1.1e-06
1.1e-06
1.1e-06
1.1e-06
1.1e-06
1.1e-06
1.1e-06
1.1e-06
1.1e-06
1.1e-06
1.1e-06
1.1e-06
1.1e-06
1.1e-06
1.1e-06
1.1e-06
1.1e-06
1.1e-06
1.1e-06
1.1e-06
1.1e-06
1.1e-06
1.1e-06
1.1e-06
1.1e-06
1.1e-06
1.1e-06
1.1e-06
1.1e-06
1.1e-06
1.1e-06
1.1e-06
1.1e-06
1.1e-06
1.1e-06
1.1e-06
1.1e-06
1.1e-06
1.1e-06
1.1e-06
1.1e-06
1.1e-06
1.1e-06
1.1e-06
1.1e-06
1.1e-06
1.1e-06
1.1e-06
1.1e-06
1.1e-06
1.1e-06
1.1e-06
1.1e-06
1.1e-06
1.1e-06
1.1e-06
1.1e-06
1.1e-06
1.1e-06
1.1e-06
1.1e-06
1.1e-06
1.1e-06
1.1e-06
1.1e-06
1.1e-06
1.1e-06
1.1e-06
1.1e-06
1.1e-06
1.1e-06
1.1e-06
1.1e-06
1.1e-06
1.1e-06
1.1e-06
1.1e-06
1.1e-06
1.1e-06
1.1e-06
1.1e-06
1.1e-06
1.1e-06
1.1e-06
1.1e-06
1.1e-06
1.1e-06
1.1e-06
1.1e-06
1.1e-06
1.1e-06
1.1e-06
1.1e-06
1.1e-06
1.1e-06
1.1e-06
1.1e-06
1.1e-06
1.1e-06
1.1e-06
1.1e-06
1.1e-06
1.1e-06
1.1e-06
1.1e-06
1.1e-06
1.1e-06
1.1e-06
1.1e-06
1.1e-06
1.1e-06
1.1e-06
1.1e-06
1.1e-06
1.1e-06
1.1e-06
1.1e-06
1.1e-06
1.1e-06
1.1e-06
1.1e-06
1.1e-06
1.1e-06
1.1e-06
1.1e-06
1.1e-06
1.1e-06
1.1e-06
1.1e-06
1.1e-06
1.1e-06
1.1e-06
1.1e-06
1.1e-06
1.1e-06
1.1e-06
1.1e-06
1.1e-06
1.1e-06
1.1e-06
1.1e-06
1.1e-06
1.1e-06
1.1e-06
1.1e-06
1.1e-06
1.1e-06
1.1e-06
1.1e-06
1.1e-06
1.1e-06
1.1e-06
1.1e-06
1.1e-06
1.1e-06
1.1e-06
1.1e-06
1.1e-06
1.1e-06
1.1e-06
1.1e-06
1.1e-06
1.1e-06
1.1e-06
1.1e-06
1.1e-06
1.1e-06
1.1e-06
1.1e-06
1.1e-06
1.1e-06
1.1e-06
1.1e-06
1.1e-06
1.1e-06
1.1e-06
1.1e-06
1.1e-06
1.1e-06
1.1e-06
1.1e-06
1.1e-06
1.1e-06
1.1e-06
1.1e-06
1.1e-06
1.1e-06
1.1e-06
1.1e-06
1.1e-06
1.1e-06
1.1e-06
1.1e-06
1.1e-06
1.1e-06
1.1e-06
1.1e-06
1.1e-06
1.1e-06
1.1e-06
1.1e-06
1.1e-06
1.1e-06
1.1e-06
1.1e-06
1.1e-06
1.1e-06
1.1e-06
1.1e-06
1.1e-06
1.1e-06
1.1e-06
1.1e-06
1.1e-06
1.1e-06
1.1e-06
1.1e-06
1.1e-06
1.1e-06
1.1e-06
1.1e-06
1.1e-06
1.1e-06
1.1e-06
1.1e-06
1.1e-06
1.1e-06
1.1e-06
1.1e-06
1.1e-06
1.1e-06
1.1e-06
1.1e-06
1.1e-06
1.1e-06
1.1e-06
1.1e-06
1.1e-06
1.1e-06
1.1e-06
1.1e-06
1.1e-06
1.1e-06
1.1e-06
1.1e-06
1.1e-06
1.1e-06
1.1e-06
1.1e-06
1.1e-06
1.1e-06
1.1e-06
1.1e-06
1.1e-06
1.1e-06
1.1e-06
1.1e-06
1.1e-06
1.1e-06
1.1e-06
1.1e-06
1.1e-06
1.1e-06
1.1e-06
1.1e-06
1.1e-06
1.1e-06
1.1e-06
1.1e-06
1.1e-06
1.1e-06
1.1e-06
1.1e-06
1.1e-06
1.1e-06
1.1e-06
1.1e-06
1.1e-06
1.1e-06
1.1e-06
1.1e-06
1.1e-06
1.1e-06
1.1e-06
1.1e-06
1.1e-06
1.1e-06
1.1e-06
1.1e-06
1.1e-06
1.1e-06
1.1e-06
1.1e-06
1.1e-06
1.1e-06
1.1e-06
1.1e-06
1.1e-06
1.1e-06
1.1e-06
1.1e-06
1.1e-06
1.1e-06
1.1e-06
1.1e-06
1.1e-06
1.1e-06
1.1e-06
1.1e-06
1.1e-06
1.1e-06
1.1e-06
1.1e-06
1.1e-06
1.1e-06
1.1e-06
1.1e-06
1.1e-06
1.1e-06
1.1e-06
1.1e-06
1.1e-06
1.1e-06
1.1e-06
1.1e-06
1.1e-06
1.1e-06
1.1e-06
1.1e-06
1.1e-06
1.1e-06
1.1e-06
1.1e-06
1.1e-06
1.1e-06
1.1e-06
1.1e-06
1.1e-06
1.1e-06
1.1e-06
1.1e-06
1.1e-06
1.1e-06
1.1e-06
1.1e-06
1.1e-06
1.1e-06
1.1e-06
1.1e-06
1.1e-06
1.1e-06
1.1e-06
1.1e-06
1.1e-06
1.1e-06
1.1e-06
1.1e-06
1.1e-06
1.1e-06
1.1e-06
1.1e-06
1.1e-06
1.1e-06
1.1e-06
1.1e-06
1.1e-06
1.1e-06
1.1e-06
1.1e-06
1.1e-06
1.1e-06
1.1e-06
1.1e-06
1.1e-06
1.1e-06
1.1e-06
1.1e-06
1.1e-06
1.1e-06
1.1e-06
1.1e-06
1.1e-06
1.1e-06
1.1e-06
1.1e-06
1.1e-06
1.1e-06
1.1e-06
1.1e-06
1.1e-06
1.1e-06
1.1e-06
1.1e-06
1.1e-06
1.1e-06
1.1e-06
1.1e-06
1.1e-06
1.1e-06
1.1e-06
1.1e-06
1.1e-06
1.1e-06
1.1e-06
1.1e-06
1.1e-06
1.1e-06
1.1e-06
1.1e-06
1.1e-06
1.1e-06
1.1e-06
1.1e-06
1.1e-06
1.1e-06
1.1e-06
1.1e-06
1.1e-06
1.1e-06
1.1e-06
1.1e-06
1.1e-06
1.1e-06
1.1e-06
1.1e-06
1.1e-06
1.1e-06
1.1e-06
1.1e-06
1.1e-06
1.1e-06
1.1e-06
1.1e-06
1.1e-06
1.1e-06
1.1e-06
1.1e-06
1.1e-06
1.1e-06
1.1e-06
1.1e-06
1.1e-06
1.1e-06
1.1e-06
1.1e-06
1.1e-06
1.1e-06
1.1e-06
1.1e-06
1.1e-06
1.1e-06
1.1e-06
1.1e-06
1.1e-06
1.1e-06
1.1e-06
1.1e-06
1.1e-06
1.1e-06
1.1e-06
1.1e-06
1.1e-06
1.1e-06
1.1e-06
1.1e-06
1.1e-06
1.1e-06
1.1e-06
1.1e-06
1.1e-06
1.1e-06
1.1e-06
1.1e-06
1.1e-06
1.1e-06
1.1e-06
1.1e-06
1.1e-06
1.1e-06
1.1e-06
1.1e-06
1.1e-06
1.1e-06
1.1e-06
1.1e-06
1.1e-06
1.1e-06
1.1e-06
1.1e-06
1.1e-06
1.1e-06
1.1e-06
1.1e-06
1.1e-06
1.1e-06
1.1e-06
1.1e-06
1.1e-06
1.1e-06
1.1e-06
1.1e-06
1.1e-06
1.1e-06
1.1e-06
1.1e-06
1.1e-06
1.1e-06
1.1e-06
1.1e-06
1.1e-06
1.1e-06
1.1e-06
1.1e-06
1.1e-06
1.1e-06
1.1e-06
1.1e-06
1.1e-06
1.1e-06
1.1e-06
1.1e-06
1.1e-06
1.1e-06
1.1e-06
1.1e-06
1.1e-06
1.1e-06
1.1e-06
1.1e-06
1.1e-06
1.1e-06
1.1e-06
1.1e-06
1.1e-06
1.1e-06
1.1e-06
1.1e-06
1.1e-06
1.1e-06
1.1e-06
1.1e-06
1.1e-06
1.1e-06
1.1e-06
1.1e-06
1.1e-06
1.1e-06
1.1e-06
1.1e-06
1.1e-06
1.1e-06
1.1e-06
1.1e-06
1.1e-06
1.1e-06
1.1e-06
1.1e-06
1.1e-06
1.1e-06
1.1e-06
1.1e-06
1.1e-06
1.1e-06
1.1e-06
1.1e-06
1.1e-06
1.1e-06
1.1e-06
1.1e-06
1.1e-06
1.1e-06
1.1e-06
1.1e-06
1.1e-06
1.1e-06
1.1e-06
1.1e-06
1.1e-06
1.1e-06
1.1e-06
1.1e-06
1.1e-06
1.1e-06
1.1e-06
1.1e-06
1.1e-06
1.1e-06
1.1e-06
1.1e-06
1.1e-06
1.1e-06
1.1e-06
1.1e-06
1.1e-06
1.1e-06
1.1e-06
1.1e-06
1.1e-06
1.1e-06
1.1e-06
1.1e-06
1.1e-06
1.1e-06
1.1e-06
1.1e-06
1.1e-06
1.1e-06
1.1e-06
1.1e-06
1.1e-06
1.1e-06
1.1e-06
1.1e-06
1.1e-06
1.1e-06
1.1e-06
1.1e-06
1.1e-06
1.1e-06
1.1e-06
1.1e-06
1.1e-06
1.1e-06
1.1e-06
1.1e-06
1.1e-06
1.1e-06
1.1e-06
1.1e-06
1.1e-06
1.1e-06
1.1e-06
1.1e-06
1.1e-06
1.1e-06
1.1e-06
1.1e-06
1.1e-06
1.1e-06
1.1e-06
1.1e-06
1.1e-06
1.1e-06
1.1e-06
1.1e-06
1.1e-06
1.1e-06
1.1e-06
1.1e-06
1.1e-06
1.1e-06
1.1e-06
1.1e-06
1.1e-06
1.1e-06
1.1e-06
1.1e-06
1.1e-06
1.1e-06
1.1e-06
1.1e-06
1.1e-06
1.1e-06
1.1e-06
1.1e-06
1.1e-06
1.1e-06
1.1e-06
1.1e-06
1.1e-06
1.1e-06
1.1e-06
1.1e-06
1.1e-06
1.1e-06
1.1e-06
1.1e-06
1.1e-06
1.1e-06
1.1e-06
1.1e-06
1.1e-06
1.1e-06
1.1e-06
1.1e-06
1.1e-06
1.1e-06
1.1e-06
1.1e-06
1.1e-06
1.1e-06
1.1e-06
1.1e-06
1.1e-06
1.1e-06
1.1e-06
1.1e-06
1.1e-06
1.1e-06
1.1e-06
1.1e-06
1.1e-06
1.1e-06
1.1e-06
1.1e-06
1.1e-06
1.1e-06
1.1e-06
1.1e-06
1.1e-06
1.1e-06
1.1e-06
1.1e-06
1.1e-06
1.1e-06
1.1e-06
1.1e-06
1.1e-06
1.1e-06
1.1e-06
1.1e-06
1.1e-06
1.1e-06
1.1e-06
1.1e-06
1.1e-06
1.1e-06
1.1e-06
1.1e-06
1.1e-06
1.1e-06
1.1e-06
1.1e-06
1.1e-06
1.1e-06
1.1e-06
1.1e-06
1.1e-06
1.1e-06
1.1e-06
1.1e-06
1.1e-06
1.1e-06
1.1e-06
1.1e-06
1.1e-06
1.1e-06
1.1e-06
1.1e-06
1.1e-06
1.1e-06
1.1e-06
1.1e-06
1.1e-06
1.1e-06
1.1e-06
1.1e-06
1.1e-06
1.1e-06
1.1e-06
1.1e-06
1.1e-06
1.1e-06
1.1e-06
1.1e-06
1.1e-06
1.1e-06
1.1e-06
1.1e-06
1.1e-06
1.1e-06
1.1e-06
1.1e-06
1.1e-06
1.1e-06
1.1e-06
1.1e-06
1.1e-06
1.1e-06
1.1e-06
1.1e-06
1.1e-06
1.1e-06
1.1e-06
1.1e-06
1.1e-06
1.1e-06
1.1e-06
1.1e-06
1.1e-06
1.1e-06
1.1e-06
1.1e-06
1.1e-06
1.1e-06
1.1e-06
1.1e-06
1.1e-06
1.1e-06
3.75934e-05
3.99032e-06
1.1e-06
1.1e-06
1.1e-06
1.1e-06
1.1e-06
1.1e-06
1.1e-06
1.1e-06
1.1e-06
1.1e-06
1.1e-06
1.1e-06
1.1e-06
1.1e-06
1.1e-06
1.1e-06
1.1e-06
1.1e-06
1.1e-06
1.1e-06
1.1e-06
1.1e-06
1.1e-06
1.1e-06
1.1e-06
1.1e-06
1.1e-06
1.1e-06
1.1e-06
1.1e-06
1.1e-06
1.1e-06
1.1e-06
1.1e-06
1.1e-06
1.1e-06
1.1e-06
1.1e-06
1.1e-06
1.1e-06
1.1e-06
1.1e-06
1.1e-06
1.1e-06
1.1e-06
1.1e-06
1.1e-06
1.1e-06
1.1e-06
1.1e-06
1.1e-06
1.1e-06
1.1e-06
1.1e-06
1.1e-06
1.1e-06
1.1e-06
1.1e-06
1.1e-06
1.1e-06
1.1e-06
1.1e-06
1.1e-06
1.1e-06
1.1e-06
1.1e-06
1.1e-06
1.1e-06
1.1e-06
1.1e-06
1.1e-06
1.1e-06
1.1e-06
1.1e-06
1.1e-06
1.1e-06
1.1e-06
1.1e-06
1.1e-06
1.1e-06
1.1e-06
1.1e-06
1.1e-06
1.1e-06
1.1e-06
1.1e-06
1.1e-06
1.1e-06
1.1e-06
1.1e-06
1.1e-06
1.1e-06
1.1e-06
1.1e-06
1.1e-06
1.1e-06
1.1e-06
1.1e-06
1.1e-06
1.1e-06
1.1e-06
1.1e-06
1.1e-06
1.1e-06
1.1e-06
1.1e-06
1.1e-06
1.1e-06
1.1e-06
1.1e-06
1.1e-06
1.1e-06
1.1e-06
1.1e-06
1.1e-06
1.1e-06
1.1e-06
1.1e-06
1.1e-06
1.1e-06
1.1e-06
1.1e-06
1.1e-06
1.1e-06
1.1e-06
1.1e-06
1.1e-06
1.1e-06
1.1e-06
1.1e-06
1.1e-06
1.1e-06
1.1e-06
1.1e-06
1.1e-06
1.1e-06
1.1e-06
1.1e-06
1.1e-06
1.1e-06
1.1e-06
1.1e-06
1.1e-06
1.1e-06
1.1e-06
1.1e-06
1.1e-06
1.1e-06
1.1e-06
1.1e-06
1.1e-06
1.1e-06
1.1e-06
1.1e-06
1.1e-06
1.1e-06
1.1e-06
1.1e-06
1.1e-06
1.1e-06
1.1e-06
1.1e-06
1.1e-06
1.1e-06
1.1e-06
1.1e-06
1.1e-06
1.1e-06
1.1e-06
1.1e-06
1.1e-06
1.1e-06
1.1e-06
1.1e-06
1.1e-06
1.1e-06
1.1e-06
1.1e-06
0.168482
0.0643694
0.00135425
1.1e-06
1.1e-06
1.1e-06
1.1e-06
1.1e-06
1.1e-06
1.1e-06
1.1e-06
1.1e-06
1.1e-06
1.1e-06
1.1e-06
1.1e-06
1.1e-06
1.1e-06
1.1e-06
1.1e-06
1.1e-06
1.1e-06
1.1e-06
1.1e-06
1.1e-06
1.1e-06
1.1e-06
1.1e-06
1.1e-06
1.1e-06
1.1e-06
1.1e-06
1.1e-06
1.1e-06
1.1e-06
1.1e-06
1.1e-06
1.1e-06
1.1e-06
1.1e-06
1.1e-06
1.1e-06
1.1e-06
1.1e-06
1.1e-06
1.1e-06
1.1e-06
1.1e-06
1.1e-06
1.1e-06
1.1e-06
1.1e-06
1.1e-06
1.1e-06
1.1e-06
1.1e-06
1.1e-06
1.1e-06
1.1e-06
1.1e-06
1.1e-06
1.1e-06
1.1e-06
1.1e-06
1.1e-06
1.1e-06
1.1e-06
1.1e-06
1.1e-06
1.1e-06
1.1e-06
1.1e-06
1.1e-06
1.1e-06
1.1e-06
1.1e-06
1.1e-06
1.1e-06
1.1e-06
1.1e-06
1.1e-06
1.1e-06
1.1e-06
1.1e-06
1.1e-06
1.1e-06
1.1e-06
1.1e-06
1.1e-06
1.1e-06
1.1e-06
1.1e-06
1.1e-06
1.1e-06
1.1e-06
1.1e-06
1.1e-06
1.1e-06
1.1e-06
1.1e-06
1.1e-06
1.1e-06
1.1e-06
1.1e-06
1.1e-06
1.1e-06
1.1e-06
1.1e-06
1.1e-06
1.1e-06
1.1e-06
1.1e-06
1.1e-06
1.1e-06
1.1e-06
1.1e-06
1.1e-06
1.1e-06
1.1e-06
1.1e-06
1.1e-06
1.1e-06
1.1e-06
1.1e-06
1.1e-06
1.1e-06
1.1e-06
1.1e-06
1.1e-06
1.1e-06
1.1e-06
1.1e-06
1.1e-06
1.1e-06
1.1e-06
1.1e-06
1.1e-06
1.1e-06
1.1e-06
1.1e-06
1.1e-06
1.1e-06
1.1e-06
1.1e-06
1.1e-06
1.1e-06
1.1e-06
1.1e-06
1.1e-06
1.1e-06
1.1e-06
1.1e-06
1.1e-06
1.1e-06
1.1e-06
1.1e-06
1.1e-06
1.1e-06
1.1e-06
1.1e-06
1.1e-06
1.1e-06
1.1e-06
1.1e-06
1.1e-06
1.1e-06
1.1e-06
1.1e-06
1.1e-06
1.1e-06
1.1e-06
1.1e-06
1.1e-06
1.1e-06
1.1e-06
1.1e-06
1.1e-06
1.1e-06
1.1e-06
1.1e-06
0.745355
0.713133
0.476586
0.0637653
4.17637e-06
1.1e-06
1.1e-06
1.1e-06
1.1e-06
1.1e-06
1.1e-06
1.1e-06
1.1e-06
1.1e-06
1.1e-06
1.1e-06
1.1e-06
1.1e-06
1.1e-06
1.1e-06
1.1e-06
1.1e-06
1.1e-06
1.1e-06
1.1e-06
1.1e-06
1.1e-06
1.1e-06
1.1e-06
1.1e-06
1.1e-06
1.1e-06
1.1e-06
1.1e-06
1.1e-06
1.1e-06
1.1e-06
1.1e-06
1.1e-06
1.1e-06
1.1e-06
1.1e-06
1.1e-06
1.1e-06
1.1e-06
1.1e-06
1.1e-06
1.1e-06
1.1e-06
1.1e-06
1.1e-06
1.1e-06
1.1e-06
1.1e-06
1.1e-06
1.1e-06
1.1e-06
1.1e-06
1.1e-06
1.1e-06
1.1e-06
1.1e-06
1.1e-06
1.1e-06
1.1e-06
1.1e-06
1.1e-06
1.1e-06
1.1e-06
1.1e-06
1.1e-06
1.1e-06
1.1e-06
1.1e-06
1.1e-06
1.1e-06
1.1e-06
1.1e-06
1.1e-06
1.1e-06
1.1e-06
1.1e-06
1.1e-06
1.1e-06
1.1e-06
1.1e-06
1.1e-06
1.1e-06
1.1e-06
1.1e-06
1.1e-06
1.1e-06
1.1e-06
1.1e-06
1.1e-06
1.1e-06
1.1e-06
1.1e-06
1.1e-06
1.1e-06
1.1e-06
1.1e-06
1.1e-06
1.1e-06
1.1e-06
1.1e-06
1.1e-06
1.1e-06
1.1e-06
1.1e-06
1.1e-06
1.1e-06
1.1e-06
1.1e-06
1.1e-06
1.1e-06
1.1e-06
1.1e-06
1.1e-06
1.1e-06
1.1e-06
1.1e-06
1.1e-06
1.1e-06
1.1e-06
1.1e-06
1.1e-06
1.1e-06
1.1e-06
1.1e-06
1.1e-06
1.1e-06
1.1e-06
1.1e-06
1.1e-06
1.1e-06
1.1e-06
1.1e-06
1.1e-06
1.1e-06
1.1e-06
1.1e-06
1.1e-06
1.1e-06
1.1e-06
1.1e-06
1.1e-06
1.1e-06
1.1e-06
1.1e-06
1.1e-06
1.1e-06
1.1e-06
1.1e-06
1.1e-06
1.1e-06
1.1e-06
1.1e-06
1.1e-06
1.1e-06
1.1e-06
1.1e-06
1.1e-06
1.1e-06
1.1e-06
1.1e-06
1.1e-06
1.1e-06
1.1e-06
1.1e-06
1.1e-06
1.1e-06
1.1e-06
1.1e-06
1.1e-06
1.1e-06
1.1e-06
1.1e-06
1.1e-06
1.1e-06
0.78987
0.787631
0.777748
0.715069
0.136234
1.91388e-05
1.1e-06
1.1e-06
1.1e-06
1.1e-06
1.1e-06
1.1e-06
1.1e-06
1.1e-06
1.1e-06
1.1e-06
1.1e-06
1.1e-06
1.1e-06
1.1e-06
1.1e-06
1.1e-06
1.1e-06
1.1e-06
1.1e-06
1.1e-06
1.1e-06
1.1e-06
1.1e-06
1.1e-06
1.1e-06
1.1e-06
1.1e-06
1.1e-06
1.1e-06
1.1e-06
1.1e-06
1.1e-06
1.1e-06
1.1e-06
1.1e-06
1.1e-06
1.1e-06
1.1e-06
1.1e-06
1.1e-06
1.1e-06
1.1e-06
1.1e-06
1.1e-06
1.1e-06
1.1e-06
1.1e-06
1.1e-06
1.1e-06
1.1e-06
1.1e-06
1.1e-06
1.1e-06
1.1e-06
1.1e-06
1.1e-06
1.1e-06
1.1e-06
1.1e-06
1.1e-06
1.1e-06
1.1e-06
1.1e-06
1.1e-06
1.1e-06
1.1e-06
1.1e-06
1.1e-06
1.1e-06
1.1e-06
1.1e-06
1.1e-06
1.1e-06
1.1e-06
1.1e-06
1.1e-06
1.1e-06
1.1e-06
1.1e-06
1.1e-06
1.1e-06
1.1e-06
1.1e-06
1.1e-06
1.1e-06
1.1e-06
1.1e-06
1.1e-06
1.1e-06
1.1e-06
1.1e-06
1.1e-06
1.1e-06
1.1e-06
1.1e-06
1.1e-06
1.1e-06
1.1e-06
1.1e-06
1.1e-06
1.1e-06
1.1e-06
1.1e-06
1.1e-06
1.1e-06
1.1e-06
1.1e-06
1.1e-06
1.1e-06
1.1e-06
1.1e-06
1.1e-06
1.1e-06
1.1e-06
1.1e-06
1.1e-06
1.1e-06
1.1e-06
1.1e-06
1.1e-06
1.1e-06
1.1e-06
1.1e-06
1.1e-06
1.1e-06
1.1e-06
1.1e-06
1.1e-06
1.1e-06
1.1e-06
1.1e-06
1.1e-06
1.1e-06
1.1e-06
1.1e-06
1.1e-06
1.1e-06
1.1e-06
1.1e-06
1.1e-06
1.1e-06
1.1e-06
1.1e-06
1.1e-06
1.1e-06
1.1e-06
1.1e-06
1.1e-06
1.1e-06
1.1e-06
1.1e-06
1.1e-06
1.1e-06
1.1e-06
1.1e-06
1.1e-06
1.1e-06
1.1e-06
1.1e-06
1.1e-06
1.1e-06
1.1e-06
1.1e-06
1.1e-06
1.1e-06
1.1e-06
1.1e-06
1.1e-06
1.1e-06
1.1e-06
1.1e-06
1.1e-06
1.1e-06
1.1e-06
0.794818
0.795335
0.793756
0.785311
0.720775
0.0626562
3.86108e-06
1.1e-06
1.1e-06
1.1e-06
1.1e-06
1.1e-06
1.1e-06
1.1e-06
1.1e-06
1.1e-06
1.1e-06
1.1e-06
1.1e-06
1.1e-06
1.1e-06
1.1e-06
1.1e-06
1.1e-06
1.1e-06
1.1e-06
1.1e-06
1.1e-06
1.1e-06
1.1e-06
1.1e-06
1.1e-06
1.1e-06
1.1e-06
1.1e-06
1.1e-06
1.1e-06
1.1e-06
1.1e-06
1.1e-06
1.1e-06
1.1e-06
1.1e-06
1.1e-06
1.1e-06
1.1e-06
1.1e-06
1.1e-06
1.1e-06
1.1e-06
1.1e-06
1.1e-06
1.1e-06
1.1e-06
1.1e-06
1.1e-06
1.1e-06
1.1e-06
1.1e-06
1.1e-06
1.1e-06
1.1e-06
1.1e-06
1.1e-06
1.1e-06
1.1e-06
1.1e-06
1.1e-06
1.1e-06
1.1e-06
1.1e-06
1.1e-06
1.1e-06
1.1e-06
1.1e-06
1.1e-06
1.1e-06
1.1e-06
1.1e-06
1.1e-06
1.1e-06
1.1e-06
1.1e-06
1.1e-06
1.1e-06
1.1e-06
1.1e-06
1.1e-06
1.1e-06
1.1e-06
1.1e-06
1.1e-06
1.1e-06
1.1e-06
1.1e-06
1.1e-06
1.1e-06
1.1e-06
1.1e-06
1.1e-06
1.1e-06
1.1e-06
1.1e-06
1.1e-06
1.1e-06
1.1e-06
1.1e-06
1.1e-06
1.1e-06
1.1e-06
1.1e-06
1.1e-06
1.1e-06
1.1e-06
1.1e-06
1.1e-06
1.1e-06
1.1e-06
1.1e-06
1.1e-06
1.1e-06
1.1e-06
1.1e-06
1.1e-06
1.1e-06
1.1e-06
1.1e-06
1.1e-06
1.1e-06
1.1e-06
1.1e-06
1.1e-06
1.1e-06
1.1e-06
1.1e-06
1.1e-06
1.1e-06
1.1e-06
1.1e-06
1.1e-06
1.1e-06
1.1e-06
1.1e-06
1.1e-06
1.1e-06
1.1e-06
1.1e-06
1.1e-06
1.1e-06
1.1e-06
1.1e-06
1.1e-06
1.1e-06
1.1e-06
1.1e-06
1.1e-06
1.1e-06
1.1e-06
1.1e-06
1.1e-06
1.1e-06
1.1e-06
1.1e-06
1.1e-06
1.1e-06
1.1e-06
1.1e-06
1.1e-06
1.1e-06
1.1e-06
1.1e-06
1.1e-06
1.1e-06
1.1e-06
1.1e-06
1.1e-06
1.1e-06
1.1e-06
1.1e-06
1.1e-06
0.796361
0.797786
0.797602
0.794439
0.780083
0.541637
0.00223113
1.1e-06
1.1e-06
1.1e-06
1.1e-06
1.1e-06
1.1e-06
1.1e-06
1.1e-06
1.1e-06
1.1e-06
1.1e-06
1.1e-06
1.1e-06
1.1e-06
1.1e-06
1.1e-06
1.1e-06
1.1e-06
1.1e-06
1.1e-06
1.1e-06
1.1e-06
1.1e-06
1.1e-06
1.1e-06
1.1e-06
1.1e-06
1.1e-06
1.1e-06
1.1e-06
1.1e-06
1.1e-06
1.1e-06
1.1e-06
1.1e-06
1.1e-06
1.1e-06
1.1e-06
1.1e-06
1.1e-06
1.1e-06
1.1e-06
1.1e-06
1.1e-06
1.1e-06
1.1e-06
1.1e-06
1.1e-06
1.1e-06
1.1e-06
1.1e-06
1.1e-06
1.1e-06
1.1e-06
1.1e-06
1.1e-06
1.1e-06
1.1e-06
1.1e-06
1.1e-06
1.1e-06
1.1e-06
1.1e-06
1.1e-06
1.1e-06
1.1e-06
1.1e-06
1.1e-06
1.1e-06
1.1e-06
1.1e-06
1.1e-06
1.1e-06
1.1e-06
1.1e-06
1.1e-06
1.1e-06
1.1e-06
1.1e-06
1.1e-06
1.1e-06
1.1e-06
1.1e-06
1.1e-06
1.1e-06
1.1e-06
1.1e-06
1.1e-06
1.1e-06
1.1e-06
1.1e-06
1.1e-06
1.1e-06
1.1e-06
1.1e-06
1.1e-06
1.1e-06
1.1e-06
1.1e-06
1.1e-06
1.1e-06
1.1e-06
1.1e-06
1.1e-06
1.1e-06
1.1e-06
1.1e-06
1.1e-06
1.1e-06
1.1e-06
1.1e-06
1.1e-06
1.1e-06
1.1e-06
1.1e-06
1.1e-06
1.1e-06
1.1e-06
1.1e-06
1.1e-06
1.1e-06
1.1e-06
1.1e-06
1.1e-06
1.1e-06
1.1e-06
1.1e-06
1.1e-06
1.1e-06
1.1e-06
1.1e-06
1.1e-06
1.1e-06
1.1e-06
1.1e-06
1.1e-06
1.1e-06
1.1e-06
1.1e-06
1.1e-06
1.1e-06
1.1e-06
1.1e-06
1.1e-06
1.1e-06
1.1e-06
1.1e-06
1.1e-06
1.1e-06
1.1e-06
1.1e-06
1.1e-06
1.1e-06
1.1e-06
1.1e-06
1.1e-06
1.1e-06
1.1e-06
1.1e-06
1.1e-06
1.1e-06
1.1e-06
1.1e-06
1.1e-06
1.1e-06
1.1e-06
1.1e-06
1.1e-06
1.1e-06
1.1e-06
1.1e-06
1.1e-06
1.1e-06
0.797332
0.799758
0.800137
0.797968
0.79024
0.747444
0.102775
1.18371e-05
1.1e-06
1.1e-06
1.1e-06
1.1e-06
1.1e-06
1.1e-06
1.1e-06
1.1e-06
1.1e-06
1.1e-06
1.1e-06
1.1e-06
1.1e-06
1.1e-06
1.1e-06
1.1e-06
1.1e-06
1.1e-06
1.1e-06
1.1e-06
1.1e-06
1.1e-06
1.1e-06
1.1e-06
1.1e-06
1.1e-06
1.1e-06
1.1e-06
1.1e-06
1.1e-06
1.1e-06
1.1e-06
1.1e-06
1.1e-06
1.1e-06
1.1e-06
1.1e-06
1.1e-06
1.1e-06
1.1e-06
1.1e-06
1.1e-06
1.1e-06
1.1e-06
1.1e-06
1.1e-06
1.1e-06
1.1e-06
1.1e-06
1.1e-06
1.1e-06
1.1e-06
1.1e-06
1.1e-06
1.1e-06
1.1e-06
1.1e-06
1.1e-06
1.1e-06
1.1e-06
1.1e-06
1.1e-06
1.1e-06
1.1e-06
1.1e-06
1.1e-06
1.1e-06
1.1e-06
1.1e-06
1.1e-06
1.1e-06
1.1e-06
1.1e-06
1.1e-06
1.1e-06
1.1e-06
1.1e-06
1.1e-06
1.1e-06
1.1e-06
1.1e-06
1.1e-06
1.1e-06
1.1e-06
1.1e-06
1.1e-06
1.1e-06
1.1e-06
1.1e-06
1.1e-06
1.1e-06
1.1e-06
1.1e-06
1.1e-06
1.1e-06
1.1e-06
1.1e-06
1.1e-06
1.1e-06
1.1e-06
1.1e-06
1.1e-06
1.1e-06
1.1e-06
1.1e-06
1.1e-06
1.1e-06
1.1e-06
1.1e-06
1.1e-06
1.1e-06
1.1e-06
1.1e-06
1.1e-06
1.1e-06
1.1e-06
1.1e-06
1.1e-06
1.1e-06
1.1e-06
1.1e-06
1.1e-06
1.1e-06
1.1e-06
1.1e-06
1.1e-06
1.1e-06
1.1e-06
1.1e-06
1.1e-06
1.1e-06
1.1e-06
1.1e-06
1.1e-06
1.1e-06
1.1e-06
1.1e-06
1.1e-06
1.1e-06
1.1e-06
1.1e-06
1.1e-06
1.1e-06
1.1e-06
1.1e-06
1.1e-06
1.1e-06
1.1e-06
1.1e-06
1.1e-06
1.1e-06
1.1e-06
1.1e-06
1.1e-06
1.1e-06
1.1e-06
1.1e-06
1.1e-06
1.1e-06
1.1e-06
1.1e-06
1.1e-06
1.1e-06
1.1e-06
1.1e-06
1.1e-06
1.1e-06
1.1e-06
1.1e-06
1.1e-06
1.1e-06
1.1e-06
0.79797
0.802058
0.802581
0.800398
0.79429
0.772295
0.304951
0.000203885
1.1e-06
1.1e-06
1.1e-06
1.1e-06
1.1e-06
1.1e-06
1.1e-06
1.1e-06
1.1e-06
1.1e-06
1.1e-06
1.1e-06
1.1e-06
1.1e-06
1.1e-06
1.1e-06
1.1e-06
1.1e-06
1.1e-06
1.1e-06
1.1e-06
1.1e-06
1.1e-06
1.1e-06
1.1e-06
1.1e-06
1.1e-06
1.1e-06
1.1e-06
1.1e-06
1.1e-06
1.1e-06
1.1e-06
1.1e-06
1.1e-06
1.1e-06
1.1e-06
1.1e-06
1.1e-06
1.1e-06
1.1e-06
1.1e-06
1.1e-06
1.1e-06
1.1e-06
1.1e-06
1.1e-06
1.1e-06
1.1e-06
1.1e-06
1.1e-06
1.1e-06
1.1e-06
1.1e-06
1.1e-06
1.1e-06
1.1e-06
1.1e-06
1.1e-06
1.1e-06
1.1e-06
1.1e-06
1.1e-06
1.1e-06
1.1e-06
1.1e-06
1.1e-06
1.1e-06
1.1e-06
1.1e-06
1.1e-06
1.1e-06
1.1e-06
1.1e-06
1.1e-06
1.1e-06
1.1e-06
1.1e-06
1.1e-06
1.1e-06
1.1e-06
1.1e-06
1.1e-06
1.1e-06
1.1e-06
1.1e-06
1.1e-06
1.1e-06
1.1e-06
1.1e-06
1.1e-06
1.1e-06
1.1e-06
1.1e-06
1.1e-06
1.1e-06
1.1e-06
1.1e-06
1.1e-06
1.1e-06
1.1e-06
1.1e-06
1.1e-06
1.1e-06
1.1e-06
1.1e-06
1.1e-06
1.1e-06
1.1e-06
1.1e-06
1.1e-06
1.1e-06
1.1e-06
1.1e-06
1.1e-06
1.1e-06
1.1e-06
1.1e-06
1.1e-06
1.1e-06
1.1e-06
1.1e-06
1.1e-06
1.1e-06
1.1e-06
1.1e-06
1.1e-06
1.1e-06
1.1e-06
1.1e-06
1.1e-06
1.1e-06
1.1e-06
1.1e-06
1.1e-06
1.1e-06
1.1e-06
1.1e-06
1.1e-06
1.1e-06
1.1e-06
1.1e-06
1.1e-06
1.1e-06
1.1e-06
1.1e-06
1.1e-06
1.1e-06
1.1e-06
1.1e-06
1.1e-06
1.1e-06
1.1e-06
1.1e-06
1.1e-06
1.1e-06
1.1e-06
1.1e-06
1.1e-06
1.1e-06
1.1e-06
1.1e-06
1.1e-06
1.1e-06
1.1e-06
1.1e-06
1.1e-06
1.1e-06
1.1e-06
1.1e-06
1.1e-06
1.1e-06
0.806643
0.806481
0.805056
0.802177
0.796539
0.780879
0.584023
0.00432122
1.10001e-06
1.1e-06
1.1e-06
1.1e-06
1.1e-06
1.1e-06
1.1e-06
1.1e-06
1.1e-06
1.1e-06
1.1e-06
1.1e-06
1.1e-06
1.1e-06
1.1e-06
1.1e-06
1.1e-06
1.1e-06
1.1e-06
1.1e-06
1.1e-06
1.1e-06
1.1e-06
1.1e-06
1.1e-06
1.1e-06
1.1e-06
1.1e-06
1.1e-06
1.1e-06
1.1e-06
1.1e-06
1.1e-06
1.1e-06
1.1e-06
1.1e-06
1.1e-06
1.1e-06
1.1e-06
1.1e-06
1.1e-06
1.1e-06
1.1e-06
1.1e-06
1.1e-06
1.1e-06
1.1e-06
1.1e-06
1.1e-06
1.1e-06
1.1e-06
1.1e-06
1.1e-06
1.1e-06
1.1e-06
1.1e-06
1.1e-06
1.1e-06
1.1e-06
1.1e-06
1.1e-06
1.1e-06
1.1e-06
1.1e-06
1.1e-06
1.1e-06
1.1e-06
1.1e-06
1.1e-06
1.1e-06
1.1e-06
1.1e-06
1.1e-06
1.1e-06
1.1e-06
1.1e-06
1.1e-06
1.1e-06
1.1e-06
1.1e-06
1.1e-06
1.1e-06
1.1e-06
1.1e-06
1.1e-06
1.1e-06
1.1e-06
1.1e-06
1.1e-06
1.1e-06
1.1e-06
1.1e-06
1.1e-06
1.1e-06
1.1e-06
1.1e-06
1.1e-06
1.1e-06
1.1e-06
1.1e-06
1.1e-06
1.1e-06
1.1e-06
1.1e-06
1.1e-06
1.1e-06
1.1e-06
1.1e-06
1.1e-06
1.1e-06
1.1e-06
1.1e-06
1.1e-06
1.1e-06
1.1e-06
1.1e-06
1.1e-06
1.1e-06
1.1e-06
1.1e-06
1.1e-06
1.1e-06
1.1e-06
1.1e-06
1.1e-06
1.1e-06
1.1e-06
1.1e-06
1.1e-06
1.1e-06
1.1e-06
1.1e-06
1.1e-06
1.1e-06
1.1e-06
1.1e-06
1.1e-06
1.1e-06
1.1e-06
1.1e-06
1.1e-06
1.1e-06
1.1e-06
1.1e-06
1.1e-06
1.1e-06
1.1e-06
1.1e-06
1.1e-06
1.1e-06
1.1e-06
1.1e-06
1.1e-06
1.1e-06
1.1e-06
1.1e-06
1.1e-06
1.1e-06
1.1e-06
1.1e-06
1.1e-06
1.1e-06
1.1e-06
1.1e-06
1.1e-06
1.1e-06
1.1e-06
1.1e-06
1.1e-06
1.1e-06
1.1e-06
1.1e-06
0.809243
0.808183
0.806274
0.803264
0.798084
0.785777
0.713246
0.0527612
2.7673e-06
1.1e-06
1.1e-06
1.1e-06
1.1e-06
1.1e-06
1.1e-06
1.1e-06
1.1e-06
1.1e-06
1.1e-06
1.1e-06
1.1e-06
1.1e-06
1.1e-06
1.1e-06
1.1e-06
1.1e-06
1.1e-06
1.1e-06
1.1e-06
1.1e-06
1.1e-06
1.1e-06
1.1e-06
1.1e-06
1.1e-06
1.1e-06
1.1e-06
1.1e-06
1.1e-06
1.1e-06
1.1e-06
1.1e-06
1.1e-06
1.1e-06
1.1e-06
1.1e-06
1.1e-06
1.1e-06
1.1e-06
1.1e-06
1.1e-06
1.1e-06
1.1e-06
1.1e-06
1.1e-06
1.1e-06
1.1e-06
1.1e-06
1.1e-06
1.1e-06
1.1e-06
1.1e-06
1.1e-06
1.1e-06
1.1e-06
1.1e-06
1.1e-06
1.1e-06
1.1e-06
1.1e-06
1.1e-06
1.1e-06
1.1e-06
1.1e-06
1.1e-06
1.1e-06
1.1e-06
1.1e-06
1.1e-06
1.1e-06
1.1e-06
1.1e-06
1.1e-06
1.1e-06
1.1e-06
1.1e-06
1.1e-06
1.1e-06
1.1e-06
1.1e-06
1.1e-06
1.1e-06
1.1e-06
1.1e-06
1.1e-06
1.1e-06
1.1e-06
1.1e-06
1.1e-06
1.1e-06
1.1e-06
1.1e-06
1.1e-06
1.1e-06
1.1e-06
1.1e-06
1.1e-06
1.1e-06
1.1e-06
1.1e-06
1.1e-06
1.1e-06
1.1e-06
1.1e-06
1.1e-06
1.1e-06
1.1e-06
1.1e-06
1.1e-06
1.1e-06
1.1e-06
1.1e-06
1.1e-06
1.1e-06
1.1e-06
1.1e-06
1.1e-06
1.1e-06
1.1e-06
1.1e-06
1.1e-06
1.1e-06
1.1e-06
1.1e-06
1.1e-06
1.1e-06
1.1e-06
1.1e-06
1.1e-06
1.1e-06
1.1e-06
1.1e-06
1.1e-06
1.1e-06
1.1e-06
1.1e-06
1.1e-06
1.1e-06
1.1e-06
1.1e-06
1.1e-06
1.1e-06
1.1e-06
1.1e-06
1.1e-06
1.1e-06
1.1e-06
1.1e-06
1.1e-06
1.1e-06
1.1e-06
1.1e-06
1.1e-06
1.1e-06
1.1e-06
1.1e-06
1.1e-06
1.1e-06
1.1e-06
1.1e-06
1.1e-06
1.1e-06
1.1e-06
1.1e-06
1.1e-06
1.1e-06
1.1e-06
1.1e-06
1.1e-06
1.1e-06
0.810848
0.809331
0.807163
0.804099
0.799257
0.788939
0.745229
0.155962
3.08679e-05
1.1e-06
1.1e-06
1.1e-06
1.1e-06
1.1e-06
1.1e-06
1.1e-06
1.1e-06
1.1e-06
1.1e-06
1.1e-06
1.1e-06
1.1e-06
1.1e-06
1.1e-06
1.1e-06
1.1e-06
1.1e-06
1.1e-06
1.1e-06
1.1e-06
1.1e-06
1.1e-06
1.1e-06
1.1e-06
1.1e-06
1.1e-06
1.1e-06
1.1e-06
1.1e-06
1.1e-06
1.1e-06
1.1e-06
1.1e-06
1.1e-06
1.1e-06
1.1e-06
1.1e-06
1.1e-06
1.1e-06
1.1e-06
1.1e-06
1.1e-06
1.1e-06
1.1e-06
1.1e-06
1.1e-06
1.1e-06
1.1e-06
1.1e-06
1.1e-06
1.1e-06
1.1e-06
1.1e-06
1.1e-06
1.1e-06
1.1e-06
1.1e-06
1.1e-06
1.1e-06
1.1e-06
1.1e-06
1.1e-06
1.1e-06
1.1e-06
1.1e-06
1.1e-06
1.1e-06
1.1e-06
1.1e-06
1.1e-06
1.1e-06
1.1e-06
1.1e-06
1.1e-06
1.1e-06
1.1e-06
1.1e-06
1.1e-06
1.1e-06
1.1e-06
1.1e-06
1.1e-06
1.1e-06
1.1e-06
1.1e-06
1.1e-06
1.1e-06
1.1e-06
1.1e-06
1.1e-06
1.1e-06
1.1e-06
1.1e-06
1.1e-06
1.1e-06
1.1e-06
1.1e-06
1.1e-06
1.1e-06
1.1e-06
1.1e-06
1.1e-06
1.1e-06
1.1e-06
1.1e-06
1.1e-06
1.1e-06
1.1e-06
1.1e-06
1.1e-06
1.1e-06
1.1e-06
1.1e-06
1.1e-06
1.1e-06
1.1e-06
1.1e-06
1.1e-06
1.1e-06
1.1e-06
1.1e-06
1.1e-06
1.1e-06
1.1e-06
1.1e-06
1.1e-06
1.1e-06
1.1e-06
1.1e-06
1.1e-06
1.1e-06
1.1e-06
1.1e-06
1.1e-06
1.1e-06
1.1e-06
1.1e-06
1.1e-06
1.1e-06
1.1e-06
1.1e-06
1.1e-06
1.1e-06
1.1e-06
1.1e-06
1.1e-06
1.1e-06
1.1e-06
1.1e-06
1.1e-06
1.1e-06
1.1e-06
1.1e-06
1.1e-06
1.1e-06
1.1e-06
1.1e-06
1.1e-06
1.1e-06
1.1e-06
1.1e-06
1.1e-06
1.1e-06
1.1e-06
1.1e-06
1.1e-06
1.1e-06
1.1e-06
1.1e-06
1.1e-06
0.812042
0.810228
0.807886
0.804791
0.8002
0.79122
0.760194
0.288257
0.000175965
1.1e-06
1.1e-06
1.1e-06
1.1e-06
1.1e-06
1.1e-06
1.1e-06
1.1e-06
1.1e-06
1.1e-06
1.1e-06
1.1e-06
1.1e-06
1.1e-06
1.1e-06
1.1e-06
1.1e-06
1.1e-06
1.1e-06
1.1e-06
1.1e-06
1.1e-06
1.1e-06
1.1e-06
1.1e-06
1.1e-06
1.1e-06
1.1e-06
1.1e-06
1.1e-06
1.1e-06
1.1e-06
1.1e-06
1.1e-06
1.1e-06
1.1e-06
1.1e-06
1.1e-06
1.1e-06
1.1e-06
1.1e-06
1.1e-06
1.1e-06
1.1e-06
1.1e-06
1.1e-06
1.1e-06
1.1e-06
1.1e-06
1.1e-06
1.1e-06
1.1e-06
1.1e-06
1.1e-06
1.1e-06
1.1e-06
1.1e-06
1.1e-06
1.1e-06
1.1e-06
1.1e-06
1.1e-06
1.1e-06
1.1e-06
1.1e-06
1.1e-06
1.1e-06
1.1e-06
1.1e-06
1.1e-06
1.1e-06
1.1e-06
1.1e-06
1.1e-06
1.1e-06
1.1e-06
1.1e-06
1.1e-06
1.1e-06
1.1e-06
1.1e-06
1.1e-06
1.1e-06
1.1e-06
1.1e-06
1.1e-06
1.1e-06
1.1e-06
1.1e-06
1.1e-06
1.1e-06
1.1e-06
1.1e-06
1.1e-06
1.1e-06
1.1e-06
1.1e-06
1.1e-06
1.1e-06
1.1e-06
1.1e-06
1.1e-06
1.1e-06
1.1e-06
1.1e-06
1.1e-06
1.1e-06
1.1e-06
1.1e-06
1.1e-06
1.1e-06
1.1e-06
1.1e-06
1.1e-06
1.1e-06
1.1e-06
1.1e-06
1.1e-06
1.1e-06
1.1e-06
1.1e-06
1.1e-06
1.1e-06
1.1e-06
1.1e-06
1.1e-06
1.1e-06
1.1e-06
1.1e-06
1.1e-06
1.1e-06
1.1e-06
1.1e-06
1.1e-06
1.1e-06
1.1e-06
1.1e-06
1.1e-06
1.1e-06
1.1e-06
1.1e-06
1.1e-06
1.1e-06
1.1e-06
1.1e-06
1.1e-06
1.1e-06
1.1e-06
1.1e-06
1.1e-06
1.1e-06
1.1e-06
1.1e-06
1.1e-06
1.1e-06
1.1e-06
1.1e-06
1.1e-06
1.1e-06
1.1e-06
1.1e-06
1.1e-06
1.1e-06
1.1e-06
1.1e-06
1.1e-06
1.1e-06
1.1e-06
1.1e-06
1.1e-06
1.1e-06
0.81302
0.810992
0.808521
0.805402
0.800999
0.792985
0.76925
0.433535
0.000992567
1.1e-06
1.1e-06
1.1e-06
1.1e-06
1.1e-06
1.1e-06
1.1e-06
1.1e-06
1.1e-06
1.1e-06
1.1e-06
1.1e-06
1.1e-06
1.1e-06
1.1e-06
1.1e-06
1.1e-06
1.1e-06
1.1e-06
1.1e-06
1.1e-06
1.1e-06
1.1e-06
1.1e-06
1.1e-06
1.1e-06
1.1e-06
1.1e-06
1.1e-06
1.1e-06
1.1e-06
1.1e-06
1.1e-06
1.1e-06
1.1e-06
1.1e-06
1.1e-06
1.1e-06
1.1e-06
1.1e-06
1.1e-06
1.1e-06
1.1e-06
1.1e-06
1.1e-06
1.1e-06
1.1e-06
1.1e-06
1.1e-06
1.1e-06
1.1e-06
1.1e-06
1.1e-06
1.1e-06
1.1e-06
1.1e-06
1.1e-06
1.1e-06
1.1e-06
1.1e-06
1.1e-06
1.1e-06
1.1e-06
1.1e-06
1.1e-06
1.1e-06
1.1e-06
1.1e-06
1.1e-06
1.1e-06
1.1e-06
1.1e-06
1.1e-06
1.1e-06
1.1e-06
1.1e-06
1.1e-06
1.1e-06
1.1e-06
1.1e-06
1.1e-06
1.1e-06
1.1e-06
1.1e-06
1.1e-06
1.1e-06
1.1e-06
1.1e-06
1.1e-06
1.1e-06
1.1e-06
1.1e-06
1.1e-06
1.1e-06
1.1e-06
1.1e-06
1.1e-06
1.1e-06
1.1e-06
1.1e-06
1.1e-06
1.1e-06
1.1e-06
1.1e-06
1.1e-06
1.1e-06
1.1e-06
1.1e-06
1.1e-06
1.1e-06
1.1e-06
1.1e-06
1.1e-06
1.1e-06
1.1e-06
1.1e-06
1.1e-06
1.1e-06
1.1e-06
1.1e-06
1.1e-06
1.1e-06
1.1e-06
1.1e-06
1.1e-06
1.1e-06
1.1e-06
1.1e-06
1.1e-06
1.1e-06
1.1e-06
1.1e-06
1.1e-06
1.1e-06
1.1e-06
1.1e-06
1.1e-06
1.1e-06
1.1e-06
1.1e-06
1.1e-06
1.1e-06
1.1e-06
1.1e-06
1.1e-06
1.1e-06
1.1e-06
1.1e-06
1.1e-06
1.1e-06
1.1e-06
1.1e-06
1.1e-06
1.1e-06
1.1e-06
1.1e-06
1.1e-06
1.1e-06
1.1e-06
1.1e-06
1.1e-06
1.1e-06
1.1e-06
1.1e-06
1.1e-06
1.1e-06
1.1e-06
1.1e-06
1.1e-06
1.1e-06
1.1e-06
0.813874
0.811684
0.80911
0.805968
0.801705
0.794399
0.775204
0.571727
0.00671013
1.10012e-06
1.1e-06
1.1e-06
1.1e-06
1.1e-06
1.1e-06
1.1e-06
1.1e-06
1.1e-06
1.1e-06
1.1e-06
1.1e-06
1.1e-06
1.1e-06
1.1e-06
1.1e-06
1.1e-06
1.1e-06
1.1e-06
1.1e-06
1.1e-06
1.1e-06
1.1e-06
1.1e-06
1.1e-06
1.1e-06
1.1e-06
1.1e-06
1.1e-06
1.1e-06
1.1e-06
1.1e-06
1.1e-06
1.1e-06
1.1e-06
1.1e-06
1.1e-06
1.1e-06
1.1e-06
1.1e-06
1.1e-06
1.1e-06
1.1e-06
1.1e-06
1.1e-06
1.1e-06
1.1e-06
1.1e-06
1.1e-06
1.1e-06
1.1e-06
1.1e-06
1.1e-06
1.1e-06
1.1e-06
1.1e-06
1.1e-06
1.1e-06
1.1e-06
1.1e-06
1.1e-06
1.1e-06
1.1e-06
1.1e-06
1.1e-06
1.1e-06
1.1e-06
1.1e-06
1.1e-06
1.1e-06
1.1e-06
1.1e-06
1.1e-06
1.1e-06
1.1e-06
1.1e-06
1.1e-06
1.1e-06
1.1e-06
1.1e-06
1.1e-06
1.1e-06
1.1e-06
1.1e-06
1.1e-06
1.1e-06
1.1e-06
1.1e-06
1.1e-06
1.1e-06
1.1e-06
1.1e-06
1.1e-06
1.1e-06
1.1e-06
1.1e-06
1.1e-06
1.1e-06
1.1e-06
1.1e-06
1.1e-06
1.1e-06
1.1e-06
1.1e-06
1.1e-06
1.1e-06
1.1e-06
1.1e-06
1.1e-06
1.1e-06
1.1e-06
1.1e-06
1.1e-06
1.1e-06
1.1e-06
1.1e-06
1.1e-06
1.1e-06
1.1e-06
1.1e-06
1.1e-06
1.1e-06
1.1e-06
1.1e-06
1.1e-06
1.1e-06
1.1e-06
1.1e-06
1.1e-06
1.1e-06
1.1e-06
1.1e-06
1.1e-06
1.1e-06
1.1e-06
1.1e-06
1.1e-06
1.1e-06
1.1e-06
1.1e-06
1.1e-06
1.1e-06
1.1e-06
1.1e-06
1.1e-06
1.1e-06
1.1e-06
1.1e-06
1.1e-06
1.1e-06
1.1e-06
1.1e-06
1.1e-06
1.1e-06
1.1e-06
1.1e-06
1.1e-06
1.1e-06
1.1e-06
1.1e-06
1.1e-06
1.1e-06
1.1e-06
1.1e-06
1.1e-06
1.1e-06
1.1e-06
1.1e-06
1.1e-06
1.1e-06
1.1e-06
0.814652
0.812333
0.809675
0.806509
0.802346
0.795547
0.779177
0.658754
0.0299435
1.3857e-06
1.1e-06
1.1e-06
1.1e-06
1.1e-06
1.1e-06
1.1e-06
1.1e-06
1.1e-06
1.1e-06
1.1e-06
1.1e-06
1.1e-06
1.1e-06
1.1e-06
1.1e-06
1.1e-06
1.1e-06
1.1e-06
1.1e-06
1.1e-06
1.1e-06
1.1e-06
1.1e-06
1.1e-06
1.1e-06
1.1e-06
1.1e-06
1.1e-06
1.1e-06
1.1e-06
1.1e-06
1.1e-06
1.1e-06
1.1e-06
1.1e-06
1.1e-06
1.1e-06
1.1e-06
1.1e-06
1.1e-06
1.1e-06
1.1e-06
1.1e-06
1.1e-06
1.1e-06
1.1e-06
1.1e-06
1.1e-06
1.1e-06
1.1e-06
1.1e-06
1.1e-06
1.1e-06
1.1e-06
1.1e-06
1.1e-06
1.1e-06
1.1e-06
1.1e-06
1.1e-06
1.1e-06
1.1e-06
1.1e-06
1.1e-06
1.1e-06
1.1e-06
1.1e-06
1.1e-06
1.1e-06
1.1e-06
1.1e-06
1.1e-06
1.1e-06
1.1e-06
1.1e-06
1.1e-06
1.1e-06
1.1e-06
1.1e-06
1.1e-06
1.1e-06
1.1e-06
1.1e-06
1.1e-06
1.1e-06
1.1e-06
1.1e-06
1.1e-06
1.1e-06
1.1e-06
1.1e-06
1.1e-06
1.1e-06
1.1e-06
1.1e-06
1.1e-06
1.1e-06
1.1e-06
1.1e-06
1.1e-06
1.1e-06
1.1e-06
1.1e-06
1.1e-06
1.1e-06
1.1e-06
1.1e-06
1.1e-06
1.1e-06
1.1e-06
1.1e-06
1.1e-06
1.1e-06
1.1e-06
1.1e-06
1.1e-06
1.1e-06
1.1e-06
1.1e-06
1.1e-06
1.1e-06
1.1e-06
1.1e-06
1.1e-06
1.1e-06
1.1e-06
1.1e-06
1.1e-06
1.1e-06
1.1e-06
1.1e-06
1.1e-06
1.1e-06
1.1e-06
1.1e-06
1.1e-06
1.1e-06
1.1e-06
1.1e-06
1.1e-06
1.1e-06
1.1e-06
1.1e-06
1.1e-06
1.1e-06
1.1e-06
1.1e-06
1.1e-06
1.1e-06
1.1e-06
1.1e-06
1.1e-06
1.1e-06
1.1e-06
1.1e-06
1.1e-06
1.1e-06
1.1e-06
1.1e-06
1.1e-06
1.1e-06
1.1e-06
1.1e-06
1.1e-06
1.1e-06
1.1e-06
1.1e-06
1.1e-06
1.1e-06
1.1e-06
0.81538
0.812956
0.810225
0.807033
0.802935
0.796492
0.781946
0.699173
0.0736894
4.84857e-06
1.1e-06
1.1e-06
1.1e-06
1.1e-06
1.1e-06
1.1e-06
1.1e-06
1.1e-06
1.1e-06
1.1e-06
1.1e-06
1.1e-06
1.1e-06
1.1e-06
1.1e-06
1.1e-06
1.1e-06
1.1e-06
1.1e-06
1.1e-06
1.1e-06
1.1e-06
1.1e-06
1.1e-06
1.1e-06
1.1e-06
1.1e-06
1.1e-06
1.1e-06
1.1e-06
1.1e-06
1.1e-06
1.1e-06
1.1e-06
1.1e-06
1.1e-06
1.1e-06
1.1e-06
1.1e-06
1.1e-06
1.1e-06
1.1e-06
1.1e-06
1.1e-06
1.1e-06
1.1e-06
1.1e-06
1.1e-06
1.1e-06
1.1e-06
1.1e-06
1.1e-06
1.1e-06
1.1e-06
1.1e-06
1.1e-06
1.1e-06
1.1e-06
1.1e-06
1.1e-06
1.1e-06
1.1e-06
1.1e-06
1.1e-06
1.1e-06
1.1e-06
1.1e-06
1.1e-06
1.1e-06
1.1e-06
1.1e-06
1.1e-06
1.1e-06
1.1e-06
1.1e-06
1.1e-06
1.1e-06
1.1e-06
1.1e-06
1.1e-06
1.1e-06
1.1e-06
1.1e-06
1.1e-06
1.1e-06
1.1e-06
1.1e-06
1.1e-06
1.1e-06
1.1e-06
1.1e-06
1.1e-06
1.1e-06
1.1e-06
1.1e-06
1.1e-06
1.1e-06
1.1e-06
1.1e-06
1.1e-06
1.1e-06
1.1e-06
1.1e-06
1.1e-06
1.1e-06
1.1e-06
1.1e-06
1.1e-06
1.1e-06
1.1e-06
1.1e-06
1.1e-06
1.1e-06
1.1e-06
1.1e-06
1.1e-06
1.1e-06
1.1e-06
1.1e-06
1.1e-06
1.1e-06
1.1e-06
1.1e-06
1.1e-06
1.1e-06
1.1e-06
1.1e-06
1.1e-06
1.1e-06
1.1e-06
1.1e-06
1.1e-06
1.1e-06
1.1e-06
1.1e-06
1.1e-06
1.1e-06
1.1e-06
1.1e-06
1.1e-06
1.1e-06
1.1e-06
1.1e-06
1.1e-06
1.1e-06
1.1e-06
1.1e-06
1.1e-06
1.1e-06
1.1e-06
1.1e-06
1.1e-06
1.1e-06
1.1e-06
1.1e-06
1.1e-06
1.1e-06
1.1e-06
1.1e-06
1.1e-06
1.1e-06
1.1e-06
1.1e-06
1.1e-06
1.1e-06
1.1e-06
1.1e-06
1.1e-06
1.1e-06
1.1e-06
0.816072
0.813558
0.810762
0.807541
0.803481
0.797284
0.783979
0.720259
0.126736
1.66633e-05
1.1e-06
1.1e-06
1.1e-06
1.1e-06
1.1e-06
1.1e-06
1.1e-06
1.1e-06
1.1e-06
1.1e-06
1.1e-06
1.1e-06
1.1e-06
1.1e-06
1.1e-06
1.1e-06
1.1e-06
1.1e-06
1.1e-06
1.1e-06
1.1e-06
1.1e-06
1.1e-06
1.1e-06
1.1e-06
1.1e-06
1.1e-06
1.1e-06
1.1e-06
1.1e-06
1.1e-06
1.1e-06
1.1e-06
1.1e-06
1.1e-06
1.1e-06
1.1e-06
1.1e-06
1.1e-06
1.1e-06
1.1e-06
1.1e-06
1.1e-06
1.1e-06
1.1e-06
1.1e-06
1.1e-06
1.1e-06
1.1e-06
1.1e-06
1.1e-06
1.1e-06
1.1e-06
1.1e-06
1.1e-06
1.1e-06
1.1e-06
1.1e-06
1.1e-06
1.1e-06
1.1e-06
1.1e-06
1.1e-06
1.1e-06
1.1e-06
1.1e-06
1.1e-06
1.1e-06
1.1e-06
1.1e-06
1.1e-06
1.1e-06
1.1e-06
1.1e-06
1.1e-06
1.1e-06
1.1e-06
1.1e-06
1.1e-06
1.1e-06
1.1e-06
1.1e-06
1.1e-06
1.1e-06
1.1e-06
1.1e-06
1.1e-06
1.1e-06
1.1e-06
1.1e-06
1.1e-06
1.1e-06
1.1e-06
1.1e-06
1.1e-06
1.1e-06
1.1e-06
1.1e-06
1.1e-06
1.1e-06
1.1e-06
1.1e-06
1.1e-06
1.1e-06
1.1e-06
1.1e-06
1.1e-06
1.1e-06
1.1e-06
1.1e-06
1.1e-06
1.1e-06
1.1e-06
1.1e-06
1.1e-06
1.1e-06
1.1e-06
1.1e-06
1.1e-06
1.1e-06
1.1e-06
1.1e-06
1.1e-06
1.1e-06
1.1e-06
1.1e-06
1.1e-06
1.1e-06
1.1e-06
1.1e-06
1.1e-06
1.1e-06
1.1e-06
1.1e-06
1.1e-06
1.1e-06
1.1e-06
1.1e-06
1.1e-06
1.1e-06
1.1e-06
1.1e-06
1.1e-06
1.1e-06
1.1e-06
1.1e-06
1.1e-06
1.1e-06
1.1e-06
1.1e-06
1.1e-06
1.1e-06
1.1e-06
1.1e-06
1.1e-06
1.1e-06
1.1e-06
1.1e-06
1.1e-06
1.1e-06
1.1e-06
1.1e-06
1.1e-06
1.1e-06
1.1e-06
1.1e-06
1.1e-06
1.1e-06
1.1e-06
1.1e-06
0.816735
0.814141
0.811285
0.808027
0.803981
0.797949
0.785503
0.732748
0.178564
4.04038e-05
1.1e-06
1.1e-06
1.1e-06
1.1e-06
1.1e-06
1.1e-06
1.1e-06
1.1e-06
1.1e-06
1.1e-06
1.1e-06
1.1e-06
1.1e-06
1.1e-06
1.1e-06
1.1e-06
1.1e-06
1.1e-06
1.1e-06
1.1e-06
1.1e-06
1.1e-06
1.1e-06
1.1e-06
1.1e-06
1.1e-06
1.1e-06
1.1e-06
1.1e-06
1.1e-06
1.1e-06
1.1e-06
1.1e-06
1.1e-06
1.1e-06
1.1e-06
1.1e-06
1.1e-06
1.1e-06
1.1e-06
1.1e-06
1.1e-06
1.1e-06
1.1e-06
1.1e-06
1.1e-06
1.1e-06
1.1e-06
1.1e-06
1.1e-06
1.1e-06
1.1e-06
1.1e-06
1.1e-06
1.1e-06
1.1e-06
1.1e-06
1.1e-06
1.1e-06
1.1e-06
1.1e-06
1.1e-06
1.1e-06
1.1e-06
1.1e-06
1.1e-06
1.1e-06
1.1e-06
1.1e-06
1.1e-06
1.1e-06
1.1e-06
1.1e-06
1.1e-06
1.1e-06
1.1e-06
1.1e-06
1.1e-06
1.1e-06
1.1e-06
1.1e-06
1.1e-06
1.1e-06
1.1e-06
1.1e-06
1.1e-06
1.1e-06
1.1e-06
1.1e-06
1.1e-06
1.1e-06
1.1e-06
1.1e-06
1.1e-06
1.1e-06
1.1e-06
1.1e-06
1.1e-06
1.1e-06
1.1e-06
1.1e-06
1.1e-06
1.1e-06
1.1e-06
1.1e-06
1.1e-06
1.1e-06
1.1e-06
1.1e-06
1.1e-06
1.1e-06
1.1e-06
1.1e-06
1.1e-06
1.1e-06
1.1e-06
1.1e-06
1.1e-06
1.1e-06
1.1e-06
1.1e-06
1.1e-06
1.1e-06
1.1e-06
1.1e-06
1.1e-06
1.1e-06
1.1e-06
1.1e-06
1.1e-06
1.1e-06
1.1e-06
1.1e-06
1.1e-06
1.1e-06
1.1e-06
1.1e-06
1.1e-06
1.1e-06
1.1e-06
1.1e-06
1.1e-06
1.1e-06
1.1e-06
1.1e-06
1.1e-06
1.1e-06
1.1e-06
1.1e-06
1.1e-06
1.1e-06
1.1e-06
1.1e-06
1.1e-06
1.1e-06
1.1e-06
1.1e-06
1.1e-06
1.1e-06
1.1e-06
1.1e-06
1.1e-06
1.1e-06
1.1e-06
1.1e-06
1.1e-06
1.1e-06
1.1e-06
1.1e-06
1.1e-06
0.817373
0.814703
0.811783
0.808482
0.804425
0.798487
0.786604
0.740258
0.219585
7.18987e-05
1.1e-06
1.1e-06
1.1e-06
1.1e-06
1.1e-06
1.1e-06
1.1e-06
1.1e-06
1.1e-06
1.1e-06
1.1e-06
1.1e-06
1.1e-06
1.1e-06
1.1e-06
1.1e-06
1.1e-06
1.1e-06
1.1e-06
1.1e-06
1.1e-06
1.1e-06
1.1e-06
1.1e-06
1.1e-06
1.1e-06
1.1e-06
1.1e-06
1.1e-06
1.1e-06
1.1e-06
1.1e-06
1.1e-06
1.1e-06
1.1e-06
1.1e-06
1.1e-06
1.1e-06
1.1e-06
1.1e-06
1.1e-06
1.1e-06
1.1e-06
1.1e-06
1.1e-06
1.1e-06
1.1e-06
1.1e-06
1.1e-06
1.1e-06
1.1e-06
1.1e-06
1.1e-06
1.1e-06
1.1e-06
1.1e-06
1.1e-06
1.1e-06
1.1e-06
1.1e-06
1.1e-06
1.1e-06
1.1e-06
1.1e-06
1.1e-06
1.1e-06
1.1e-06
1.1e-06
1.1e-06
1.1e-06
1.1e-06
1.1e-06
1.1e-06
1.1e-06
1.1e-06
1.1e-06
1.1e-06
1.1e-06
1.1e-06
1.1e-06
1.1e-06
1.1e-06
1.1e-06
1.1e-06
1.1e-06
1.1e-06
1.1e-06
1.1e-06
1.1e-06
1.1e-06
1.1e-06
1.1e-06
1.1e-06
1.1e-06
1.1e-06
1.1e-06
1.1e-06
1.1e-06
1.1e-06
1.1e-06
1.1e-06
1.1e-06
1.1e-06
1.1e-06
1.1e-06
1.1e-06
1.1e-06
1.1e-06
1.1e-06
1.1e-06
1.1e-06
1.1e-06
1.1e-06
1.1e-06
1.1e-06
1.1e-06
1.1e-06
1.1e-06
1.1e-06
1.1e-06
1.1e-06
1.1e-06
1.1e-06
1.1e-06
1.1e-06
1.1e-06
1.1e-06
1.1e-06
1.1e-06
1.1e-06
1.1e-06
1.1e-06
1.1e-06
1.1e-06
1.1e-06
1.1e-06
1.1e-06
1.1e-06
1.1e-06
1.1e-06
1.1e-06
1.1e-06
1.1e-06
1.1e-06
1.1e-06
1.1e-06
1.1e-06
1.1e-06
1.1e-06
1.1e-06
1.1e-06
1.1e-06
1.1e-06
1.1e-06
1.1e-06
1.1e-06
1.1e-06
1.1e-06
1.1e-06
1.1e-06
1.1e-06
1.1e-06
1.1e-06
1.1e-06
1.1e-06
1.1e-06
1.1e-06
1.1e-06
1.1e-06
1.1e-06
0.817832
0.815103
0.812135
0.808799
0.80473
0.798844
0.787301
0.744615
0.249692
0.000105955
1.1e-06
1.1e-06
1.1e-06
1.1e-06
1.1e-06
1.1e-06
1.1e-06
1.1e-06
1.1e-06
1.1e-06
1.1e-06
1.1e-06
1.1e-06
1.1e-06
1.1e-06
1.1e-06
1.1e-06
1.1e-06
1.1e-06
1.1e-06
1.1e-06
1.1e-06
1.1e-06
1.1e-06
1.1e-06
1.1e-06
1.1e-06
1.1e-06
1.1e-06
1.1e-06
1.1e-06
1.1e-06
1.1e-06
1.1e-06
1.1e-06
1.1e-06
1.1e-06
1.1e-06
1.1e-06
1.1e-06
1.1e-06
1.1e-06
1.1e-06
1.1e-06
1.1e-06
1.1e-06
1.1e-06
1.1e-06
1.1e-06
1.1e-06
1.1e-06
1.1e-06
1.1e-06
1.1e-06
1.1e-06
1.1e-06
1.1e-06
1.1e-06
1.1e-06
1.1e-06
1.1e-06
1.1e-06
1.1e-06
1.1e-06
1.1e-06
1.1e-06
1.1e-06
1.1e-06
1.1e-06
1.1e-06
1.1e-06
1.1e-06
1.1e-06
1.1e-06
1.1e-06
1.1e-06
1.1e-06
1.1e-06
1.1e-06
1.1e-06
1.1e-06
1.1e-06
1.1e-06
1.1e-06
1.1e-06
1.1e-06
1.1e-06
1.1e-06
1.1e-06
1.1e-06
1.1e-06
1.1e-06
1.1e-06
1.1e-06
1.1e-06
1.1e-06
1.1e-06
1.1e-06
1.1e-06
1.1e-06
1.1e-06
1.1e-06
1.1e-06
1.1e-06
1.1e-06
1.1e-06
1.1e-06
1.1e-06
1.1e-06
1.1e-06
1.1e-06
1.1e-06
1.1e-06
1.1e-06
1.1e-06
1.1e-06
1.1e-06
1.1e-06
1.1e-06
1.1e-06
1.1e-06
1.1e-06
1.1e-06
1.1e-06
1.1e-06
1.1e-06
1.1e-06
1.1e-06
1.1e-06
1.1e-06
1.1e-06
1.1e-06
1.1e-06
1.1e-06
1.1e-06
1.1e-06
1.1e-06
1.1e-06
1.1e-06
1.1e-06
1.1e-06
1.1e-06
1.1e-06
1.1e-06
1.1e-06
1.1e-06
1.1e-06
1.1e-06
1.1e-06
1.1e-06
1.1e-06
1.1e-06
1.1e-06
1.1e-06
1.1e-06
1.1e-06
1.1e-06
1.1e-06
1.1e-06
1.1e-06
1.1e-06
1.1e-06
1.1e-06
1.1e-06
1.1e-06
1.1e-06
1.1e-06
1.1e-06
1.1e-06
1.1e-06
0.818346
0.815549
0.812523
0.809136
0.805028
0.799135
0.787735
0.746892
0.267249
0.000132149
1.1e-06
1.1e-06
1.1e-06
1.1e-06
1.1e-06
1.1e-06
1.1e-06
1.1e-06
1.1e-06
1.1e-06
1.1e-06
1.1e-06
1.1e-06
1.1e-06
1.1e-06
1.1e-06
1.1e-06
1.1e-06
1.1e-06
1.1e-06
1.1e-06
1.1e-06
1.1e-06
1.1e-06
1.1e-06
1.1e-06
1.1e-06
1.1e-06
1.1e-06
1.1e-06
1.1e-06
1.1e-06
1.1e-06
1.1e-06
1.1e-06
1.1e-06
1.1e-06
1.1e-06
1.1e-06
1.1e-06
1.1e-06
1.1e-06
1.1e-06
1.1e-06
1.1e-06
1.1e-06
1.1e-06
1.1e-06
1.1e-06
1.1e-06
1.1e-06
1.1e-06
1.1e-06
1.1e-06
1.1e-06
1.1e-06
1.1e-06
1.1e-06
1.1e-06
1.1e-06
1.1e-06
1.1e-06
1.1e-06
1.1e-06
1.1e-06
1.1e-06
1.1e-06
1.1e-06
1.1e-06
1.1e-06
1.1e-06
1.1e-06
1.1e-06
1.1e-06
1.1e-06
1.1e-06
1.1e-06
1.1e-06
1.1e-06
1.1e-06
1.1e-06
1.1e-06
1.1e-06
1.1e-06
1.1e-06
1.1e-06
1.1e-06
1.1e-06
1.1e-06
1.1e-06
1.1e-06
1.1e-06
1.1e-06
1.1e-06
1.1e-06
1.1e-06
1.1e-06
1.1e-06
1.1e-06
1.1e-06
1.1e-06
1.1e-06
1.1e-06
1.1e-06
1.1e-06
1.1e-06
1.1e-06
1.1e-06
1.1e-06
1.1e-06
1.1e-06
1.1e-06
1.1e-06
1.1e-06
1.1e-06
1.1e-06
1.1e-06
1.1e-06
1.1e-06
1.1e-06
1.1e-06
1.1e-06
1.1e-06
1.1e-06
1.1e-06
1.1e-06
1.1e-06
1.1e-06
1.1e-06
1.1e-06
1.1e-06
1.1e-06
1.1e-06
1.1e-06
1.1e-06
1.1e-06
1.1e-06
1.1e-06
1.1e-06
1.1e-06
1.1e-06
1.1e-06
1.1e-06
1.1e-06
1.1e-06
1.1e-06
1.1e-06
1.1e-06
1.1e-06
1.1e-06
1.1e-06
1.1e-06
1.1e-06
1.1e-06
1.1e-06
1.1e-06
1.1e-06
1.1e-06
1.1e-06
1.1e-06
1.1e-06
1.1e-06
1.1e-06
1.1e-06
1.1e-06
1.1e-06
1.1e-06
1.1e-06
1.1e-06
1.1e-06
0.818886
0.816009
0.812907
0.809447
0.80526
0.799262
0.787679
0.745965
0.260223
0.000121309
1.1e-06
1.1e-06
1.1e-06
1.1e-06
1.1e-06
1.1e-06
1.1e-06
1.1e-06
1.1e-06
1.1e-06
1.1e-06
1.1e-06
1.1e-06
1.1e-06
1.1e-06
1.1e-06
1.1e-06
1.1e-06
1.1e-06
1.1e-06
1.1e-06
1.1e-06
1.1e-06
1.1e-06
1.1e-06
1.1e-06
1.1e-06
1.1e-06
1.1e-06
1.1e-06
1.1e-06
1.1e-06
1.1e-06
1.1e-06
1.1e-06
1.1e-06
1.1e-06
1.1e-06
1.1e-06
1.1e-06
1.1e-06
1.1e-06
1.1e-06
1.1e-06
1.1e-06
1.1e-06
1.1e-06
1.1e-06
1.1e-06
1.1e-06
1.1e-06
1.1e-06
1.1e-06
1.1e-06
1.1e-06
1.1e-06
1.1e-06
1.1e-06
1.1e-06
1.1e-06
1.1e-06
1.1e-06
1.1e-06
1.1e-06
1.1e-06
1.1e-06
1.1e-06
1.1e-06
1.1e-06
1.1e-06
1.1e-06
1.1e-06
1.1e-06
1.1e-06
1.1e-06
1.1e-06
1.1e-06
1.1e-06
1.1e-06
1.1e-06
1.1e-06
1.1e-06
1.1e-06
1.1e-06
1.1e-06
1.1e-06
1.1e-06
1.1e-06
1.1e-06
1.1e-06
1.1e-06
1.1e-06
1.1e-06
1.1e-06
1.1e-06
1.1e-06
1.1e-06
1.1e-06
1.1e-06
1.1e-06
1.1e-06
1.1e-06
1.1e-06
1.1e-06
1.1e-06
1.1e-06
1.1e-06
1.1e-06
1.1e-06
1.1e-06
1.1e-06
1.1e-06
1.1e-06
1.1e-06
1.1e-06
1.1e-06
1.1e-06
1.1e-06
1.1e-06
1.1e-06
1.1e-06
1.1e-06
1.1e-06
1.1e-06
1.1e-06
1.1e-06
1.1e-06
1.1e-06
1.1e-06
1.1e-06
1.1e-06
1.1e-06
1.1e-06
1.1e-06
1.1e-06
1.1e-06
1.1e-06
1.1e-06
1.1e-06
1.1e-06
1.1e-06
1.1e-06
1.1e-06
1.1e-06
1.1e-06
1.1e-06
1.1e-06
1.1e-06
1.1e-06
1.1e-06
1.1e-06
1.1e-06
1.1e-06
1.1e-06
1.1e-06
1.1e-06
1.1e-06
1.1e-06
1.1e-06
1.1e-06
1.1e-06
1.1e-06
1.1e-06
1.1e-06
1.1e-06
1.1e-06
1.1e-06
1.1e-06
1.1e-06
1.1e-06
0.819368
0.816393
0.813194
0.809626
0.805287
0.799
0.786572
0.738155
0.209852
6.24497e-05
1.1e-06
1.1e-06
1.1e-06
1.1e-06
1.1e-06
1.1e-06
1.1e-06
1.1e-06
1.1e-06
1.1e-06
1.1e-06
1.1e-06
1.1e-06
1.1e-06
1.1e-06
1.1e-06
1.1e-06
1.1e-06
1.1e-06
1.1e-06
1.1e-06
1.1e-06
1.1e-06
1.1e-06
1.1e-06
1.1e-06
1.1e-06
1.1e-06
1.1e-06
1.1e-06
1.1e-06
1.1e-06
1.1e-06
1.1e-06
1.1e-06
1.1e-06
1.1e-06
1.1e-06
1.1e-06
1.1e-06
1.1e-06
1.1e-06
1.1e-06
1.1e-06
1.1e-06
1.1e-06
1.1e-06
1.1e-06
1.1e-06
1.1e-06
1.1e-06
1.1e-06
1.1e-06
1.1e-06
1.1e-06
1.1e-06
1.1e-06
1.1e-06
1.1e-06
1.1e-06
1.1e-06
1.1e-06
1.1e-06
1.1e-06
1.1e-06
1.1e-06
1.1e-06
1.1e-06
1.1e-06
1.1e-06
1.1e-06
1.1e-06
1.1e-06
1.1e-06
1.1e-06
1.1e-06
1.1e-06
1.1e-06
1.1e-06
1.1e-06
1.1e-06
1.1e-06
1.1e-06
1.1e-06
1.1e-06
1.1e-06
1.1e-06
1.1e-06
1.1e-06
1.1e-06
1.1e-06
1.1e-06
1.1e-06
1.1e-06
1.1e-06
1.1e-06
1.1e-06
1.1e-06
1.1e-06
1.1e-06
1.1e-06
1.1e-06
1.1e-06
1.1e-06
1.1e-06
1.1e-06
1.1e-06
1.1e-06
1.1e-06
1.1e-06
1.1e-06
1.1e-06
1.1e-06
1.1e-06
1.1e-06
1.1e-06
1.1e-06
1.1e-06
1.1e-06
1.1e-06
1.1e-06
1.1e-06
1.1e-06
1.1e-06
1.1e-06
1.1e-06
1.1e-06
1.1e-06
1.1e-06
1.1e-06
1.1e-06
1.1e-06
1.1e-06
1.1e-06
1.1e-06
1.1e-06
1.1e-06
1.1e-06
1.1e-06
1.1e-06
1.1e-06
1.1e-06
1.1e-06
1.1e-06
1.1e-06
1.1e-06
1.1e-06
1.1e-06
1.1e-06
1.1e-06
1.1e-06
1.1e-06
1.1e-06
1.1e-06
1.1e-06
1.1e-06
1.1e-06
1.1e-06
1.1e-06
1.1e-06
1.1e-06
1.1e-06
1.1e-06
1.1e-06
1.1e-06
1.1e-06
1.1e-06
1.1e-06
1.1e-06
1.1e-06
0.819649
0.816545
0.813199
0.809439
0.804785
0.797812
0.783086
0.709304
0.105101
1.01117e-05
1.1e-06
1.1e-06
1.1e-06
1.1e-06
1.1e-06
1.1e-06
1.1e-06
1.1e-06
1.1e-06
1.1e-06
1.1e-06
1.1e-06
1.1e-06
1.1e-06
1.1e-06
1.1e-06
1.1e-06
1.1e-06
1.1e-06
1.1e-06
1.1e-06
1.1e-06
1.1e-06
1.1e-06
1.1e-06
1.1e-06
1.1e-06
1.1e-06
1.1e-06
1.1e-06
1.1e-06
1.1e-06
1.1e-06
1.1e-06
1.1e-06
1.1e-06
1.1e-06
1.1e-06
1.1e-06
1.1e-06
1.1e-06
1.1e-06
1.1e-06
1.1e-06
1.1e-06
1.1e-06
1.1e-06
1.1e-06
1.1e-06
1.1e-06
1.1e-06
1.1e-06
1.1e-06
1.1e-06
1.1e-06
1.1e-06
1.1e-06
1.1e-06
1.1e-06
1.1e-06
1.1e-06
1.1e-06
1.1e-06
1.1e-06
1.1e-06
1.1e-06
1.1e-06
1.1e-06
1.1e-06
1.1e-06
1.1e-06
1.1e-06
1.1e-06
1.1e-06
1.1e-06
1.1e-06
1.1e-06
1.1e-06
1.1e-06
1.1e-06
1.1e-06
1.1e-06
1.1e-06
1.1e-06
1.1e-06
1.1e-06
1.1e-06
1.1e-06
1.1e-06
1.1e-06
1.1e-06
1.1e-06
1.1e-06
1.1e-06
1.1e-06
1.1e-06
1.1e-06
1.1e-06
1.1e-06
1.1e-06
1.1e-06
1.1e-06
1.1e-06
1.1e-06
1.1e-06
1.1e-06
1.1e-06
1.1e-06
1.1e-06
1.1e-06
1.1e-06
1.1e-06
1.1e-06
1.1e-06
1.1e-06
1.1e-06
1.1e-06
1.1e-06
1.1e-06
1.1e-06
1.1e-06
1.1e-06
1.1e-06
1.1e-06
1.1e-06
1.1e-06
1.1e-06
1.1e-06
1.1e-06
1.1e-06
1.1e-06
1.1e-06
1.1e-06
1.1e-06
1.1e-06
1.1e-06
1.1e-06
1.1e-06
1.1e-06
1.1e-06
1.1e-06
1.1e-06
1.1e-06
1.1e-06
1.1e-06
1.1e-06
1.1e-06
1.1e-06
1.1e-06
1.1e-06
1.1e-06
1.1e-06
1.1e-06
1.1e-06
1.1e-06
1.1e-06
1.1e-06
1.1e-06
1.1e-06
1.1e-06
1.1e-06
1.1e-06
1.1e-06
1.1e-06
1.1e-06
1.1e-06
1.1e-06
1.1e-06
1.1e-06
1.1e-06
0.818371
0.815199
0.811741
0.807766
0.802596
0.794092
0.772532
0.551811
0.00646077
1.10006e-06
1.1e-06
1.1e-06
1.1e-06
1.1e-06
1.1e-06
1.1e-06
1.1e-06
1.1e-06
1.1e-06
1.1e-06
1.1e-06
1.1e-06
1.1e-06
1.1e-06
1.1e-06
1.1e-06
1.1e-06
1.1e-06
1.1e-06
1.1e-06
1.1e-06
1.1e-06
1.1e-06
1.1e-06
1.1e-06
1.1e-06
1.1e-06
1.1e-06
1.1e-06
1.1e-06
1.1e-06
1.1e-06
1.1e-06
1.1e-06
1.1e-06
1.1e-06
1.1e-06
1.1e-06
1.1e-06
1.1e-06
1.1e-06
1.1e-06
1.1e-06
1.1e-06
1.1e-06
1.1e-06
1.1e-06
1.1e-06
1.1e-06
1.1e-06
1.1e-06
1.1e-06
1.1e-06
1.1e-06
1.1e-06
1.1e-06
1.1e-06
1.1e-06
1.1e-06
1.1e-06
1.1e-06
1.1e-06
1.1e-06
1.1e-06
1.1e-06
1.1e-06
1.1e-06
1.1e-06
1.1e-06
1.1e-06
1.1e-06
1.1e-06
1.1e-06
1.1e-06
1.1e-06
1.1e-06
1.1e-06
1.1e-06
1.1e-06
1.1e-06
1.1e-06
1.1e-06
1.1e-06
1.1e-06
1.1e-06
1.1e-06
1.1e-06
1.1e-06
1.1e-06
1.1e-06
1.1e-06
1.1e-06
1.1e-06
1.1e-06
1.1e-06
1.1e-06
1.1e-06
1.1e-06
1.1e-06
1.1e-06
1.1e-06
1.1e-06
1.1e-06
1.1e-06
1.1e-06
1.1e-06
1.1e-06
1.1e-06
1.1e-06
1.1e-06
1.1e-06
1.1e-06
1.1e-06
1.1e-06
1.1e-06
1.1e-06
1.1e-06
1.1e-06
1.1e-06
1.1e-06
1.1e-06
1.1e-06
1.1e-06
1.1e-06
1.1e-06
1.1e-06
1.1e-06
1.1e-06
1.1e-06
1.1e-06
1.1e-06
1.1e-06
1.1e-06
1.1e-06
1.1e-06
1.1e-06
1.1e-06
1.1e-06
1.1e-06
1.1e-06
1.1e-06
1.1e-06
1.1e-06
1.1e-06
1.1e-06
1.1e-06
1.1e-06
1.1e-06
1.1e-06
1.1e-06
1.1e-06
1.1e-06
1.1e-06
1.1e-06
1.1e-06
1.1e-06
1.1e-06
1.1e-06
1.1e-06
1.1e-06
1.1e-06
1.1e-06
1.1e-06
1.1e-06
1.1e-06
1.1e-06
1.1e-06
1.1e-06
1.1e-06
1.1e-06
0.815216
0.81195
0.808289
0.803821
0.797242
0.783495
0.717547
0.125405
1.52149e-05
1.1e-06
1.1e-06
1.1e-06
1.1e-06
1.1e-06
1.1e-06
1.1e-06
1.1e-06
1.1e-06
1.1e-06
1.1e-06
1.1e-06
1.1e-06
1.1e-06
1.1e-06
1.1e-06
1.1e-06
1.1e-06
1.1e-06
1.1e-06
1.1e-06
1.1e-06
1.1e-06
1.1e-06
1.1e-06
1.1e-06
1.1e-06
1.1e-06
1.1e-06
1.1e-06
1.1e-06
1.1e-06
1.1e-06
1.1e-06
1.1e-06
1.1e-06
1.1e-06
1.1e-06
1.1e-06
1.1e-06
1.1e-06
1.1e-06
1.1e-06
1.1e-06
1.1e-06
1.1e-06
1.1e-06
1.1e-06
1.1e-06
1.1e-06
1.1e-06
1.1e-06
1.1e-06
1.1e-06
1.1e-06
1.1e-06
1.1e-06
1.1e-06
1.1e-06
1.1e-06
1.1e-06
1.1e-06
1.1e-06
1.1e-06
1.1e-06
1.1e-06
1.1e-06
1.1e-06
1.1e-06
1.1e-06
1.1e-06
1.1e-06
1.1e-06
1.1e-06
1.1e-06
1.1e-06
1.1e-06
1.1e-06
1.1e-06
1.1e-06
1.1e-06
1.1e-06
1.1e-06
1.1e-06
1.1e-06
1.1e-06
1.1e-06
1.1e-06
1.1e-06
1.1e-06
1.1e-06
1.1e-06
1.1e-06
1.1e-06
1.1e-06
1.1e-06
1.1e-06
1.1e-06
1.1e-06
1.1e-06
1.1e-06
1.1e-06
1.1e-06
1.1e-06
1.1e-06
1.1e-06
1.1e-06
1.1e-06
1.1e-06
1.1e-06
1.1e-06
1.1e-06
1.1e-06
1.1e-06
1.1e-06
1.1e-06
1.1e-06
1.1e-06
1.1e-06
1.1e-06
1.1e-06
1.1e-06
1.1e-06
1.1e-06
1.1e-06
1.1e-06
1.1e-06
1.1e-06
1.1e-06
1.1e-06
1.1e-06
1.1e-06
1.1e-06
1.1e-06
1.1e-06
1.1e-06
1.1e-06
1.1e-06
1.1e-06
1.1e-06
1.1e-06
1.1e-06
1.1e-06
1.1e-06
1.1e-06
1.1e-06
1.1e-06
1.1e-06
1.1e-06
1.1e-06
1.1e-06
1.1e-06
1.1e-06
1.1e-06
1.1e-06
1.1e-06
1.1e-06
1.1e-06
1.1e-06
1.1e-06
1.1e-06
1.1e-06
1.1e-06
1.1e-06
1.1e-06
1.1e-06
1.1e-06
1.1e-06
1.1e-06
1.1e-06
1.1e-06
0.812176
0.808713
0.804625
0.799017
0.788581
0.752887
0.296733
0.000179789
1.1e-06
1.1e-06
1.1e-06
1.1e-06
1.1e-06
1.1e-06
1.1e-06
1.1e-06
1.1e-06
1.1e-06
1.1e-06
1.1e-06
1.1e-06
1.1e-06
1.1e-06
1.1e-06
1.1e-06
1.1e-06
1.1e-06
1.1e-06
1.1e-06
1.1e-06
1.1e-06
1.1e-06
1.1e-06
1.1e-06
1.1e-06
1.1e-06
1.1e-06
1.1e-06
1.1e-06
1.1e-06
1.1e-06
1.1e-06
1.1e-06
1.1e-06
1.1e-06
1.1e-06
1.1e-06
1.1e-06
1.1e-06
1.1e-06
1.1e-06
1.1e-06
1.1e-06
1.1e-06
1.1e-06
1.1e-06
1.1e-06
1.1e-06
1.1e-06
1.1e-06
1.1e-06
1.1e-06
1.1e-06
1.1e-06
1.1e-06
1.1e-06
1.1e-06
1.1e-06
1.1e-06
1.1e-06
1.1e-06
1.1e-06
1.1e-06
1.1e-06
1.1e-06
1.1e-06
1.1e-06
1.1e-06
1.1e-06
1.1e-06
1.1e-06
1.1e-06
1.1e-06
1.1e-06
1.1e-06
1.1e-06
1.1e-06
1.1e-06
1.1e-06
1.1e-06
1.1e-06
1.1e-06
1.1e-06
1.1e-06
1.1e-06
1.1e-06
1.1e-06
1.1e-06
1.1e-06
1.1e-06
1.1e-06
1.1e-06
1.1e-06
1.1e-06
1.1e-06
1.1e-06
1.1e-06
1.1e-06
1.1e-06
1.1e-06
1.1e-06
1.1e-06
1.1e-06
1.1e-06
1.1e-06
1.1e-06
1.1e-06
1.1e-06
1.1e-06
1.1e-06
1.1e-06
1.1e-06
1.1e-06
1.1e-06
1.1e-06
1.1e-06
1.1e-06
1.1e-06
1.1e-06
1.1e-06
1.1e-06
1.1e-06
1.1e-06
1.1e-06
1.1e-06
1.1e-06
1.1e-06
1.1e-06
1.1e-06
1.1e-06
1.1e-06
1.1e-06
1.1e-06
1.1e-06
1.1e-06
1.1e-06
1.1e-06
1.1e-06
1.1e-06
1.1e-06
1.1e-06
1.1e-06
1.1e-06
1.1e-06
1.1e-06
1.1e-06
1.1e-06
1.1e-06
1.1e-06
1.1e-06
1.1e-06
1.1e-06
1.1e-06
1.1e-06
1.1e-06
1.1e-06
1.1e-06
1.1e-06
1.1e-06
1.1e-06
1.1e-06
1.1e-06
1.1e-06
1.1e-06
1.1e-06
1.1e-06
1.1e-06
1.1e-06
1.1e-06
1.1e-06
0.80884
0.805072
0.800263
0.79239
0.771666
0.538698
0.00461867
1.10001e-06
1.1e-06
1.1e-06
1.1e-06
1.1e-06
1.1e-06
1.1e-06
1.1e-06
1.1e-06
1.1e-06
1.1e-06
1.1e-06
1.1e-06
1.1e-06
1.1e-06
1.1e-06
1.1e-06
1.1e-06
1.1e-06
1.1e-06
1.1e-06
1.1e-06
1.1e-06
1.1e-06
1.1e-06
1.1e-06
1.1e-06
1.1e-06
1.1e-06
1.1e-06
1.1e-06
1.1e-06
1.1e-06
1.1e-06
1.1e-06
1.1e-06
1.1e-06
1.1e-06
1.1e-06
1.1e-06
1.1e-06
1.1e-06
1.1e-06
1.1e-06
1.1e-06
1.1e-06
1.1e-06
1.1e-06
1.1e-06
1.1e-06
1.1e-06
1.1e-06
1.1e-06
1.1e-06
1.1e-06
1.1e-06
1.1e-06
1.1e-06
1.1e-06
1.1e-06
1.1e-06
1.1e-06
1.1e-06
1.1e-06
1.1e-06
1.1e-06
1.1e-06
1.1e-06
1.1e-06
1.1e-06
1.1e-06
1.1e-06
1.1e-06
1.1e-06
1.1e-06
1.1e-06
1.1e-06
1.1e-06
1.1e-06
1.1e-06
1.1e-06
1.1e-06
1.1e-06
1.1e-06
1.1e-06
1.1e-06
1.1e-06
1.1e-06
1.1e-06
1.1e-06
1.1e-06
1.1e-06
1.1e-06
1.1e-06
1.1e-06
1.1e-06
1.1e-06
1.1e-06
1.1e-06
1.1e-06
1.1e-06
1.1e-06
1.1e-06
1.1e-06
1.1e-06
1.1e-06
1.1e-06
1.1e-06
1.1e-06
1.1e-06
1.1e-06
1.1e-06
1.1e-06
1.1e-06
1.1e-06
1.1e-06
1.1e-06
1.1e-06
1.1e-06
1.1e-06
1.1e-06
1.1e-06
1.1e-06
1.1e-06
1.1e-06
1.1e-06
1.1e-06
1.1e-06
1.1e-06
1.1e-06
1.1e-06
1.1e-06
1.1e-06
1.1e-06
1.1e-06
1.1e-06
1.1e-06
1.1e-06
1.1e-06
1.1e-06
1.1e-06
1.1e-06
1.1e-06
1.1e-06
1.1e-06
1.1e-06
1.1e-06
1.1e-06
1.1e-06
1.1e-06
1.1e-06
1.1e-06
1.1e-06
1.1e-06
1.1e-06
1.1e-06
1.1e-06
1.1e-06
1.1e-06
1.1e-06
1.1e-06
1.1e-06
1.1e-06
1.1e-06
1.1e-06
1.1e-06
1.1e-06
1.1e-06
1.1e-06
1.1e-06
1.1e-06
1.1e-06
1.1e-06
0.80534
0.801105
0.794971
0.781701
0.707565
0.0880933
6.34864e-06
1.1e-06
1.1e-06
1.1e-06
1.1e-06
1.1e-06
1.1e-06
1.1e-06
1.1e-06
1.1e-06
1.1e-06
1.1e-06
1.1e-06
1.1e-06
1.1e-06
1.1e-06
1.1e-06
1.1e-06
1.1e-06
1.1e-06
1.1e-06
1.1e-06
1.1e-06
1.1e-06
1.1e-06
1.1e-06
1.1e-06
1.1e-06
1.1e-06
1.1e-06
1.1e-06
1.1e-06
1.1e-06
1.1e-06
1.1e-06
1.1e-06
1.1e-06
1.1e-06
1.1e-06
1.1e-06
1.1e-06
1.1e-06
1.1e-06
1.1e-06
1.1e-06
1.1e-06
1.1e-06
1.1e-06
1.1e-06
1.1e-06
1.1e-06
1.1e-06
1.1e-06
1.1e-06
1.1e-06
1.1e-06
1.1e-06
1.1e-06
1.1e-06
1.1e-06
1.1e-06
1.1e-06
1.1e-06
1.1e-06
1.1e-06
1.1e-06
1.1e-06
1.1e-06
1.1e-06
1.1e-06
1.1e-06
1.1e-06
1.1e-06
1.1e-06
1.1e-06
1.1e-06
1.1e-06
1.1e-06
1.1e-06
1.1e-06
1.1e-06
1.1e-06
1.1e-06
1.1e-06
1.1e-06
1.1e-06
1.1e-06
1.1e-06
1.1e-06
1.1e-06
1.1e-06
1.1e-06
1.1e-06
1.1e-06
1.1e-06
1.1e-06
1.1e-06
1.1e-06
1.1e-06
1.1e-06
1.1e-06
1.1e-06
1.1e-06
1.1e-06
1.1e-06
1.1e-06
1.1e-06
1.1e-06
1.1e-06
1.1e-06
1.1e-06
1.1e-06
1.1e-06
1.1e-06
1.1e-06
1.1e-06
1.1e-06
1.1e-06
1.1e-06
1.1e-06
1.1e-06
1.1e-06
1.1e-06
1.1e-06
1.1e-06
1.1e-06
1.1e-06
1.1e-06
1.1e-06
1.1e-06
1.1e-06
1.1e-06
1.1e-06
1.1e-06
1.1e-06
1.1e-06
1.1e-06
1.1e-06
1.1e-06
1.1e-06
1.1e-06
1.1e-06
1.1e-06
1.1e-06
1.1e-06
1.1e-06
1.1e-06
1.1e-06
1.1e-06
1.1e-06
1.1e-06
1.1e-06
1.1e-06
1.1e-06
1.1e-06
1.1e-06
1.1e-06
1.1e-06
1.1e-06
1.1e-06
1.1e-06
1.1e-06
1.1e-06
1.1e-06
1.1e-06
1.1e-06
1.1e-06
1.1e-06
1.1e-06
1.1e-06
1.1e-06
1.1e-06
1.1e-06
1.1e-06
0.801755
0.796833
0.788208
0.759855
0.35042
0.00031229
1.1e-06
1.1e-06
1.1e-06
1.1e-06
1.1e-06
1.1e-06
1.1e-06
1.1e-06
1.1e-06
1.1e-06
1.1e-06
1.1e-06
1.1e-06
1.1e-06
1.1e-06
1.1e-06
1.1e-06
1.1e-06
1.1e-06
1.1e-06
1.1e-06
1.1e-06
1.1e-06
1.1e-06
1.1e-06
1.1e-06
1.1e-06
1.1e-06
1.1e-06
1.1e-06
1.1e-06
1.1e-06
1.1e-06
1.1e-06
1.1e-06
1.1e-06
1.1e-06
1.1e-06
1.1e-06
1.1e-06
1.1e-06
1.1e-06
1.1e-06
1.1e-06
1.1e-06
1.1e-06
1.1e-06
1.1e-06
1.1e-06
1.1e-06
1.1e-06
1.1e-06
1.1e-06
1.1e-06
1.1e-06
1.1e-06
1.1e-06
1.1e-06
1.1e-06
1.1e-06
1.1e-06
1.1e-06
1.1e-06
1.1e-06
1.1e-06
1.1e-06
1.1e-06
1.1e-06
1.1e-06
1.1e-06
1.1e-06
1.1e-06
1.1e-06
1.1e-06
1.1e-06
1.1e-06
1.1e-06
1.1e-06
1.1e-06
1.1e-06
1.1e-06
1.1e-06
1.1e-06
1.1e-06
1.1e-06
1.1e-06
1.1e-06
1.1e-06
1.1e-06
1.1e-06
1.1e-06
1.1e-06
1.1e-06
1.1e-06
1.1e-06
1.1e-06
1.1e-06
1.1e-06
1.1e-06
1.1e-06
1.1e-06
1.1e-06
1.1e-06
1.1e-06
1.1e-06
1.1e-06
1.1e-06
1.1e-06
1.1e-06
1.1e-06
1.1e-06
1.1e-06
1.1e-06
1.1e-06
1.1e-06
1.1e-06
1.1e-06
1.1e-06
1.1e-06
1.1e-06
1.1e-06
1.1e-06
1.1e-06
1.1e-06
1.1e-06
1.1e-06
1.1e-06
1.1e-06
1.1e-06
1.1e-06
1.1e-06
1.1e-06
1.1e-06
1.1e-06
1.1e-06
1.1e-06
1.1e-06
1.1e-06
1.1e-06
1.1e-06
1.1e-06
1.1e-06
1.1e-06
1.1e-06
1.1e-06
1.1e-06
1.1e-06
1.1e-06
1.1e-06
1.1e-06
1.1e-06
1.1e-06
1.1e-06
1.1e-06
1.1e-06
1.1e-06
1.1e-06
1.1e-06
1.1e-06
1.1e-06
1.1e-06
1.1e-06
1.1e-06
1.1e-06
1.1e-06
1.1e-06
1.1e-06
1.1e-06
1.1e-06
1.1e-06
1.1e-06
1.1e-06
1.1e-06
1.1e-06
0.798108
0.792189
0.778882
0.686259
0.0495544
2.54245e-06
1.1e-06
1.1e-06
1.1e-06
1.1e-06
1.1e-06
1.1e-06
1.1e-06
1.1e-06
1.1e-06
1.1e-06
1.1e-06
1.1e-06
1.1e-06
1.1e-06
1.1e-06
1.1e-06
1.1e-06
1.1e-06
1.1e-06
1.1e-06
1.1e-06
1.1e-06
1.1e-06
1.1e-06
1.1e-06
1.1e-06
1.1e-06
1.1e-06
1.1e-06
1.1e-06
1.1e-06
1.1e-06
1.1e-06
1.1e-06
1.1e-06
1.1e-06
1.1e-06
1.1e-06
1.1e-06
1.1e-06
1.1e-06
1.1e-06
1.1e-06
1.1e-06
1.1e-06
1.1e-06
1.1e-06
1.1e-06
1.1e-06
1.1e-06
1.1e-06
1.1e-06
1.1e-06
1.1e-06
1.1e-06
1.1e-06
1.1e-06
1.1e-06
1.1e-06
1.1e-06
1.1e-06
1.1e-06
1.1e-06
1.1e-06
1.1e-06
1.1e-06
1.1e-06
1.1e-06
1.1e-06
1.1e-06
1.1e-06
1.1e-06
1.1e-06
1.1e-06
1.1e-06
1.1e-06
1.1e-06
1.1e-06
1.1e-06
1.1e-06
1.1e-06
1.1e-06
1.1e-06
1.1e-06
1.1e-06
1.1e-06
1.1e-06
1.1e-06
1.1e-06
1.1e-06
1.1e-06
1.1e-06
1.1e-06
1.1e-06
1.1e-06
1.1e-06
1.1e-06
1.1e-06
1.1e-06
1.1e-06
1.1e-06
1.1e-06
1.1e-06
1.1e-06
1.1e-06
1.1e-06
1.1e-06
1.1e-06
1.1e-06
1.1e-06
1.1e-06
1.1e-06
1.1e-06
1.1e-06
1.1e-06
1.1e-06
1.1e-06
1.1e-06
1.1e-06
1.1e-06
1.1e-06
1.1e-06
1.1e-06
1.1e-06
1.1e-06
1.1e-06
1.1e-06
1.1e-06
1.1e-06
1.1e-06
1.1e-06
1.1e-06
1.1e-06
1.1e-06
1.1e-06
1.1e-06
1.1e-06
1.1e-06
1.1e-06
1.1e-06
1.1e-06
1.1e-06
1.1e-06
1.1e-06
1.1e-06
1.1e-06
1.1e-06
1.1e-06
1.1e-06
1.1e-06
1.1e-06
1.1e-06
1.1e-06
1.1e-06
1.1e-06
1.1e-06
1.1e-06
1.1e-06
1.1e-06
1.1e-06
1.1e-06
1.1e-06
1.1e-06
1.1e-06
1.1e-06
1.1e-06
1.1e-06
1.1e-06
1.1e-06
1.1e-06
1.1e-06
1.1e-06
1.1e-06
1.1e-06
0.794402
0.78699
0.763585
0.397242
0.000534321
1.1e-06
1.1e-06
1.1e-06
1.1e-06
1.1e-06
1.1e-06
1.1e-06
1.1e-06
1.1e-06
1.1e-06
1.1e-06
1.1e-06
1.1e-06
1.1e-06
1.1e-06
1.1e-06
1.1e-06
1.1e-06
1.1e-06
1.1e-06
1.1e-06
1.1e-06
1.1e-06
1.1e-06
1.1e-06
1.1e-06
1.1e-06
1.1e-06
1.1e-06
1.1e-06
1.1e-06
1.1e-06
1.1e-06
1.1e-06
1.1e-06
1.1e-06
1.1e-06
1.1e-06
1.1e-06
1.1e-06
1.1e-06
1.1e-06
1.1e-06
1.1e-06
1.1e-06
1.1e-06
1.1e-06
1.1e-06
1.1e-06
1.1e-06
1.1e-06
1.1e-06
1.1e-06
1.1e-06
1.1e-06
1.1e-06
1.1e-06
1.1e-06
1.1e-06
1.1e-06
1.1e-06
1.1e-06
1.1e-06
1.1e-06
1.1e-06
1.1e-06
1.1e-06
1.1e-06
1.1e-06
1.1e-06
1.1e-06
1.1e-06
1.1e-06
1.1e-06
1.1e-06
1.1e-06
1.1e-06
1.1e-06
1.1e-06
1.1e-06
1.1e-06
1.1e-06
1.1e-06
1.1e-06
1.1e-06
1.1e-06
1.1e-06
1.1e-06
1.1e-06
1.1e-06
1.1e-06
1.1e-06
1.1e-06
1.1e-06
1.1e-06
1.1e-06
1.1e-06
1.1e-06
1.1e-06
1.1e-06
1.1e-06
1.1e-06
1.1e-06
1.1e-06
1.1e-06
1.1e-06
1.1e-06
1.1e-06
1.1e-06
1.1e-06
1.1e-06
1.1e-06
1.1e-06
1.1e-06
1.1e-06
1.1e-06
1.1e-06
1.1e-06
1.1e-06
1.1e-06
1.1e-06
1.1e-06
1.1e-06
1.1e-06
1.1e-06
1.1e-06
1.1e-06
1.1e-06
1.1e-06
1.1e-06
1.1e-06
1.1e-06
1.1e-06
1.1e-06
1.1e-06
1.1e-06
1.1e-06
1.1e-06
1.1e-06
1.1e-06
1.1e-06
1.1e-06
1.1e-06
1.1e-06
1.1e-06
1.1e-06
1.1e-06
1.1e-06
1.1e-06
1.1e-06
1.1e-06
1.1e-06
1.1e-06
1.1e-06
1.1e-06
1.1e-06
1.1e-06
1.1e-06
1.1e-06
1.1e-06
1.1e-06
1.1e-06
1.1e-06
1.1e-06
1.1e-06
1.1e-06
1.1e-06
1.1e-06
1.1e-06
1.1e-06
1.1e-06
1.1e-06
1.1e-06
1.1e-06
1.1e-06
0.790641
0.781185
0.734517
0.149448
2.12712e-05
1.1e-06
1.1e-06
1.1e-06
1.1e-06
1.1e-06
1.1e-06
1.1e-06
1.1e-06
1.1e-06
1.1e-06
1.1e-06
1.1e-06
1.1e-06
1.1e-06
1.1e-06
1.1e-06
1.1e-06
1.1e-06
1.1e-06
1.1e-06
1.1e-06
1.1e-06
1.1e-06
1.1e-06
1.1e-06
1.1e-06
1.1e-06
1.1e-06
1.1e-06
1.1e-06
1.1e-06
1.1e-06
1.1e-06
1.1e-06
1.1e-06
1.1e-06
1.1e-06
1.1e-06
1.1e-06
1.1e-06
1.1e-06
1.1e-06
1.1e-06
1.1e-06
1.1e-06
1.1e-06
1.1e-06
1.1e-06
1.1e-06
1.1e-06
1.1e-06
1.1e-06
1.1e-06
1.1e-06
1.1e-06
1.1e-06
1.1e-06
1.1e-06
1.1e-06
1.1e-06
1.1e-06
1.1e-06
1.1e-06
1.1e-06
1.1e-06
1.1e-06
1.1e-06
1.1e-06
1.1e-06
1.1e-06
1.1e-06
1.1e-06
1.1e-06
1.1e-06
1.1e-06
1.1e-06
1.1e-06
1.1e-06
1.1e-06
1.1e-06
1.1e-06
1.1e-06
1.1e-06
1.1e-06
1.1e-06
1.1e-06
1.1e-06
1.1e-06
1.1e-06
1.1e-06
1.1e-06
1.1e-06
1.1e-06
1.1e-06
1.1e-06
1.1e-06
1.1e-06
1.1e-06
1.1e-06
1.1e-06
1.1e-06
1.1e-06
1.1e-06
1.1e-06
1.1e-06
1.1e-06
1.1e-06
1.1e-06
1.1e-06
1.1e-06
1.1e-06
1.1e-06
1.1e-06
1.1e-06
1.1e-06
1.1e-06
1.1e-06
1.1e-06
1.1e-06
1.1e-06
1.1e-06
1.1e-06
1.1e-06
1.1e-06
1.1e-06
1.1e-06
1.1e-06
1.1e-06
1.1e-06
1.1e-06
1.1e-06
1.1e-06
1.1e-06
1.1e-06
1.1e-06
1.1e-06
1.1e-06
1.1e-06
1.1e-06
1.1e-06
1.1e-06
1.1e-06
1.1e-06
1.1e-06
1.1e-06
1.1e-06
1.1e-06
1.1e-06
1.1e-06
1.1e-06
1.1e-06
1.1e-06
1.1e-06
1.1e-06
1.1e-06
1.1e-06
1.1e-06
1.1e-06
1.1e-06
1.1e-06
1.1e-06
1.1e-06
1.1e-06
1.1e-06
1.1e-06
1.1e-06
1.1e-06
1.1e-06
1.1e-06
1.1e-06
1.1e-06
1.1e-06
1.1e-06
1.1e-06
1.1e-06
0.78677
0.774752
0.670721
0.0313965
1.20398e-06
1.1e-06
1.1e-06
1.1e-06
1.1e-06
1.1e-06
1.1e-06
1.1e-06
1.1e-06
1.1e-06
1.1e-06
1.1e-06
1.1e-06
1.1e-06
1.1e-06
1.1e-06
1.1e-06
1.1e-06
1.1e-06
1.1e-06
1.1e-06
1.1e-06
1.1e-06
1.1e-06
1.1e-06
1.1e-06
1.1e-06
1.1e-06
1.1e-06
1.1e-06
1.1e-06
1.1e-06
1.1e-06
1.1e-06
1.1e-06
1.1e-06
1.1e-06
1.1e-06
1.1e-06
1.1e-06
1.1e-06
1.1e-06
1.1e-06
1.1e-06
1.1e-06
1.1e-06
1.1e-06
1.1e-06
1.1e-06
1.1e-06
1.1e-06
1.1e-06
1.1e-06
1.1e-06
1.1e-06
1.1e-06
1.1e-06
1.1e-06
1.1e-06
1.1e-06
1.1e-06
1.1e-06
1.1e-06
1.1e-06
1.1e-06
1.1e-06
1.1e-06
1.1e-06
1.1e-06
1.1e-06
1.1e-06
1.1e-06
1.1e-06
1.1e-06
1.1e-06
1.1e-06
1.1e-06
1.1e-06
1.1e-06
1.1e-06
1.1e-06
1.1e-06
1.1e-06
1.1e-06
1.1e-06
1.1e-06
1.1e-06
1.1e-06
1.1e-06
1.1e-06
1.1e-06
1.1e-06
1.1e-06
1.1e-06
1.1e-06
1.1e-06
1.1e-06
1.1e-06
1.1e-06
1.1e-06
1.1e-06
1.1e-06
1.1e-06
1.1e-06
1.1e-06
1.1e-06
1.1e-06
1.1e-06
1.1e-06
1.1e-06
1.1e-06
1.1e-06
1.1e-06
1.1e-06
1.1e-06
1.1e-06
1.1e-06
1.1e-06
1.1e-06
1.1e-06
1.1e-06
1.1e-06
1.1e-06
1.1e-06
1.1e-06
1.1e-06
1.1e-06
1.1e-06
1.1e-06
1.1e-06
1.1e-06
1.1e-06
1.1e-06
1.1e-06
1.1e-06
1.1e-06
1.1e-06
1.1e-06
1.1e-06
1.1e-06
1.1e-06
1.1e-06
1.1e-06
1.1e-06
1.1e-06
1.1e-06
1.1e-06
1.1e-06
1.1e-06
1.1e-06
1.1e-06
1.1e-06
1.1e-06
1.1e-06
1.1e-06
1.1e-06
1.1e-06
1.1e-06
1.1e-06
1.1e-06
1.1e-06
1.1e-06
1.1e-06
1.1e-06
1.1e-06
1.1e-06
1.1e-06
1.1e-06
1.1e-06
1.1e-06
1.1e-06
1.1e-06
1.1e-06
1.1e-06
1.1e-06
1.1e-06
0.78257
0.767091
0.524234
0.00306718
1.1e-06
1.1e-06
1.1e-06
1.1e-06
1.1e-06
1.1e-06
1.1e-06
1.1e-06
1.1e-06
1.1e-06
1.1e-06
1.1e-06
1.1e-06
1.1e-06
1.1e-06
1.1e-06
1.1e-06
1.1e-06
1.1e-06
1.1e-06
1.1e-06
1.1e-06
1.1e-06
1.1e-06
1.1e-06
1.1e-06
1.1e-06
1.1e-06
1.1e-06
1.1e-06
1.1e-06
1.1e-06
1.1e-06
1.1e-06
1.1e-06
1.1e-06
1.1e-06
1.1e-06
1.1e-06
1.1e-06
1.1e-06
1.1e-06
1.1e-06
1.1e-06
1.1e-06
1.1e-06
1.1e-06
1.1e-06
1.1e-06
1.1e-06
1.1e-06
1.1e-06
1.1e-06
1.1e-06
1.1e-06
1.1e-06
1.1e-06
1.1e-06
1.1e-06
1.1e-06
1.1e-06
1.1e-06
1.1e-06
1.1e-06
1.1e-06
1.1e-06
1.1e-06
1.1e-06
1.1e-06
1.1e-06
1.1e-06
1.1e-06
1.1e-06
1.1e-06
1.1e-06
1.1e-06
1.1e-06
1.1e-06
1.1e-06
1.1e-06
1.1e-06
1.1e-06
1.1e-06
1.1e-06
1.1e-06
1.1e-06
1.1e-06
1.1e-06
1.1e-06
1.1e-06
1.1e-06
1.1e-06
1.1e-06
1.1e-06
1.1e-06
1.1e-06
1.1e-06
1.1e-06
1.1e-06
1.1e-06
1.1e-06
1.1e-06
1.1e-06
1.1e-06
1.1e-06
1.1e-06
1.1e-06
1.1e-06
1.1e-06
1.1e-06
1.1e-06
1.1e-06
1.1e-06
1.1e-06
1.1e-06
1.1e-06
1.1e-06
1.1e-06
1.1e-06
1.1e-06
1.1e-06
1.1e-06
1.1e-06
1.1e-06
1.1e-06
1.1e-06
1.1e-06
1.1e-06
1.1e-06
1.1e-06
1.1e-06
1.1e-06
1.1e-06
1.1e-06
1.1e-06
1.1e-06
1.1e-06
1.1e-06
1.1e-06
1.1e-06
1.1e-06
1.1e-06
1.1e-06
1.1e-06
1.1e-06
1.1e-06
1.1e-06
1.1e-06
1.1e-06
1.1e-06
1.1e-06
1.1e-06
1.1e-06
1.1e-06
1.1e-06
1.1e-06
1.1e-06
1.1e-06
1.1e-06
1.1e-06
1.1e-06
1.1e-06
1.1e-06
1.1e-06
1.1e-06
1.1e-06
1.1e-06
1.1e-06
1.1e-06
1.1e-06
1.1e-06
1.1e-06
1.1e-06
1.1e-06
1.1e-06
1.1e-06
0.777446
0.757663
0.385923
0.000526071
1.1e-06
1.1e-06
1.1e-06
1.1e-06
1.1e-06
1.1e-06
1.1e-06
1.1e-06
1.1e-06
1.1e-06
1.1e-06
1.1e-06
1.1e-06
1.1e-06
1.1e-06
1.1e-06
1.1e-06
1.1e-06
1.1e-06
1.1e-06
1.1e-06
1.1e-06
1.1e-06
1.1e-06
1.1e-06
1.1e-06
1.1e-06
1.1e-06
1.1e-06
1.1e-06
1.1e-06
1.1e-06
1.1e-06
1.1e-06
1.1e-06
1.1e-06
1.1e-06
1.1e-06
1.1e-06
1.1e-06
1.1e-06
1.1e-06
1.1e-06
1.1e-06
1.1e-06
1.1e-06
1.1e-06
1.1e-06
1.1e-06
1.1e-06
1.1e-06
1.1e-06
1.1e-06
1.1e-06
1.1e-06
1.1e-06
1.1e-06
1.1e-06
1.1e-06
1.1e-06
1.1e-06
1.1e-06
1.1e-06
1.1e-06
1.1e-06
1.1e-06
1.1e-06
1.1e-06
1.1e-06
1.1e-06
1.1e-06
1.1e-06
1.1e-06
1.1e-06
1.1e-06
1.1e-06
1.1e-06
1.1e-06
1.1e-06
1.1e-06
1.1e-06
1.1e-06
1.1e-06
1.1e-06
1.1e-06
1.1e-06
1.1e-06
1.1e-06
1.1e-06
1.1e-06
1.1e-06
1.1e-06
1.1e-06
1.1e-06
1.1e-06
1.1e-06
1.1e-06
1.1e-06
1.1e-06
1.1e-06
1.1e-06
1.1e-06
1.1e-06
1.1e-06
1.1e-06
1.1e-06
1.1e-06
1.1e-06
1.1e-06
1.1e-06
1.1e-06
1.1e-06
1.1e-06
1.1e-06
1.1e-06
1.1e-06
1.1e-06
1.1e-06
1.1e-06
1.1e-06
1.1e-06
1.1e-06
1.1e-06
1.1e-06
1.1e-06
1.1e-06
1.1e-06
1.1e-06
1.1e-06
1.1e-06
1.1e-06
1.1e-06
1.1e-06
1.1e-06
1.1e-06
1.1e-06
1.1e-06
1.1e-06
1.1e-06
1.1e-06
1.1e-06
1.1e-06
1.1e-06
1.1e-06
1.1e-06
1.1e-06
1.1e-06
1.1e-06
1.1e-06
1.1e-06
1.1e-06
1.1e-06
1.1e-06
1.1e-06
1.1e-06
1.1e-06
1.1e-06
1.1e-06
1.1e-06
1.1e-06
1.1e-06
1.1e-06
1.1e-06
1.1e-06
1.1e-06
1.1e-06
1.1e-06
1.1e-06
1.1e-06
1.1e-06
1.1e-06
1.1e-06
1.1e-06
1.1e-06
1.1e-06
1.1e-06
0.762332
0.736143
0.253879
0.000103924
1.1e-06
1.1e-06
1.1e-06
1.1e-06
1.1e-06
1.1e-06
1.1e-06
1.1e-06
1.1e-06
1.1e-06
1.1e-06
1.1e-06
1.1e-06
1.1e-06
1.1e-06
1.1e-06
1.1e-06
1.1e-06
1.1e-06
1.1e-06
1.1e-06
1.1e-06
1.1e-06
1.1e-06
1.1e-06
1.1e-06
1.1e-06
1.1e-06
1.1e-06
1.1e-06
1.1e-06
1.1e-06
1.1e-06
1.1e-06
1.1e-06
1.1e-06
1.1e-06
1.1e-06
1.1e-06
1.1e-06
1.1e-06
1.1e-06
1.1e-06
1.1e-06
1.1e-06
1.1e-06
1.1e-06
1.1e-06
1.1e-06
1.1e-06
1.1e-06
1.1e-06
1.1e-06
1.1e-06
1.1e-06
1.1e-06
1.1e-06
1.1e-06
1.1e-06
1.1e-06
1.1e-06
1.1e-06
1.1e-06
1.1e-06
1.1e-06
1.1e-06
1.1e-06
1.1e-06
1.1e-06
1.1e-06
1.1e-06
1.1e-06
1.1e-06
1.1e-06
1.1e-06
1.1e-06
1.1e-06
1.1e-06
1.1e-06
1.1e-06
1.1e-06
1.1e-06
1.1e-06
1.1e-06
1.1e-06
1.1e-06
1.1e-06
1.1e-06
1.1e-06
1.1e-06
1.1e-06
1.1e-06
1.1e-06
1.1e-06
1.1e-06
1.1e-06
1.1e-06
1.1e-06
1.1e-06
1.1e-06
1.1e-06
1.1e-06
1.1e-06
1.1e-06
1.1e-06
1.1e-06
1.1e-06
1.1e-06
1.1e-06
1.1e-06
1.1e-06
1.1e-06
1.1e-06
1.1e-06
1.1e-06
1.1e-06
1.1e-06
1.1e-06
1.1e-06
1.1e-06
1.1e-06
1.1e-06
1.1e-06
1.1e-06
1.1e-06
1.1e-06
1.1e-06
1.1e-06
1.1e-06
1.1e-06
1.1e-06
1.1e-06
1.1e-06
1.1e-06
1.1e-06
1.1e-06
1.1e-06
1.1e-06
1.1e-06
1.1e-06
1.1e-06
1.1e-06
1.1e-06
1.1e-06
1.1e-06
1.1e-06
1.1e-06
1.1e-06
1.1e-06
1.1e-06
1.1e-06
1.1e-06
1.1e-06
1.1e-06
1.1e-06
1.1e-06
1.1e-06
1.1e-06
1.1e-06
1.1e-06
1.1e-06
1.1e-06
1.1e-06
1.1e-06
1.1e-06
1.1e-06
1.1e-06
1.1e-06
1.1e-06
1.1e-06
1.1e-06
1.1e-06
1.1e-06
1.1e-06
1.1e-06
1.1e-06
1.1e-06
1.1e-06
1.1e-06
1.1e-06
1.1e-06
1.1e-06
1.1e-06
1.1e-06
1.1e-06
1.1e-06
1.1e-06
1.1e-06
1.1e-06
1.1e-06
1.1e-06
1.1e-06
1.1e-06
1.1e-06
1.1e-06
1.1e-06
1.1e-06
1.1e-06
1.1e-06
1.1e-06
1.1e-06
1.1e-06
1.1e-06
1.1e-06
1.1e-06
1.1e-06
1.1e-06
1.1e-06
1.1e-06
1.1e-06
1.1e-06
1.1e-06
1.1e-06
1.1e-06
1.1e-06
1.1e-06
1.1e-06
1.1e-06
1.1e-06
1.1e-06
1.1e-06
1.1e-06
1.1e-06
1.1e-06
1.1e-06
1.1e-06
1.1e-06
1.1e-06
1.1e-06
1.1e-06
1.1e-06
1.1e-06
1.1e-06
1.1e-06
1.1e-06
1.1e-06
1.1e-06
1.1e-06
1.1e-06
1.1e-06
1.1e-06
1.1e-06
1.1e-06
1.1e-06
1.1e-06
1.1e-06
1.1e-06
1.1e-06
1.1e-06
1.1e-06
1.1e-06
1.1e-06
1.1e-06
1.1e-06
1.1e-06
1.1e-06
1.1e-06
1.1e-06
1.1e-06
1.1e-06
1.1e-06
1.1e-06
1.1e-06
1.1e-06
1.1e-06
1.1e-06
1.1e-06
1.1e-06
1.1e-06
1.1e-06
1.1e-06
1.1e-06
1.1e-06
1.1e-06
1.1e-06
1.1e-06
1.1e-06
1.1e-06
1.1e-06
1.1e-06
1.1e-06
1.1e-06
1.1e-06
1.1e-06
1.1e-06
1.1e-06
1.1e-06
1.1e-06
1.1e-06
1.1e-06
1.1e-06
1.1e-06
1.1e-06
1.1e-06
1.1e-06
1.1e-06
1.1e-06
1.1e-06
1.1e-06
1.1e-06
1.1e-06
1.1e-06
1.1e-06
1.1e-06
1.1e-06
1.1e-06
1.1e-06
1.1e-06
1.1e-06
1.1e-06
1.1e-06
1.1e-06
1.1e-06
1.1e-06
1.1e-06
1.1e-06
1.1e-06
1.1e-06
1.1e-06
1.1e-06
1.1e-06
1.1e-06
1.1e-06
1.1e-06
1.1e-06
1.1e-06
1.1e-06
1.1e-06
1.1e-06
1.1e-06
1.1e-06
1.1e-06
1.1e-06
1.1e-06
1.1e-06
1.1e-06
1.1e-06
1.1e-06
1.1e-06
1.1e-06
1.1e-06
1.1e-06
1.1e-06
1.1e-06
1.1e-06
1.1e-06
1.1e-06
1.1e-06
1.1e-06
1.1e-06
1.1e-06
1.1e-06
1.1e-06
1.1e-06
1.1e-06
1.1e-06
1.1e-06
1.1e-06
1.1e-06
1.1e-06
1.1e-06
1.1e-06
1.1e-06
1.1e-06
1.1e-06
1.1e-06
1.1e-06
1.1e-06
1.1e-06
1.1e-06
1.1e-06
1.1e-06
1.1e-06
1.1e-06
1.1e-06
1.1e-06
1.1e-06
1.1e-06
1.1e-06
1.1e-06
1.1e-06
1.1e-06
1.1e-06
1.1e-06
1.1e-06
1.1e-06
1.1e-06
1.1e-06
1.1e-06
1.1e-06
1.1e-06
1.1e-06
1.1e-06
1.1e-06
1.1e-06
1.1e-06
1.1e-06
1.1e-06
1.1e-06
1.1e-06
1.1e-06
1.1e-06
1.1e-06
1.1e-06
1.1e-06
1.1e-06
1.1e-06
1.1e-06
1.1e-06
1.1e-06
1.1e-06
1.1e-06
1.1e-06
1.1e-06
1.1e-06
1.1e-06
1.1e-06
1.1e-06
1.1e-06
1.1e-06
1.1e-06
1.1e-06
1.1e-06
1.1e-06
1.1e-06
1.1e-06
1.1e-06
1.1e-06
1.1e-06
1.1e-06
1.1e-06
1.1e-06
1.1e-06
1.1e-06
1.1e-06
1.1e-06
1.1e-06
1.1e-06
1.1e-06
1.1e-06
1.1e-06
1.1e-06
1.1e-06
1.1e-06
1.1e-06
1.1e-06
1.1e-06
1.1e-06
1.1e-06
1.1e-06
1.1e-06
1.1e-06
1.1e-06
1.1e-06
1.1e-06
1.1e-06
1.1e-06
1.1e-06
1.1e-06
1.1e-06
1.1e-06
1.1e-06
1.1e-06
1.1e-06
1.1e-06
1.1e-06
1.1e-06
1.1e-06
1.1e-06
1.1e-06
1.1e-06
1.1e-06
1.1e-06
1.1e-06
1.1e-06
1.1e-06
1.1e-06
1.1e-06
1.1e-06
1.1e-06
1.1e-06
1.1e-06
1.1e-06
1.1e-06
1.1e-06
1.1e-06
1.1e-06
1.1e-06
1.1e-06
1.1e-06
1.1e-06
1.1e-06
1.1e-06
1.1e-06
1.1e-06
1.1e-06
1.1e-06
1.1e-06
1.1e-06
1.1e-06
1.1e-06
1.1e-06
1.1e-06
1.1e-06
1.1e-06
1.1e-06
1.1e-06
1.1e-06
1.1e-06
1.1e-06
1.1e-06
1.1e-06
1.1e-06
1.1e-06
1.1e-06
1.1e-06
1.1e-06
1.1e-06
1.1e-06
1.1e-06
1.1e-06
1.1e-06
1.1e-06
1.1e-06
1.1e-06
1.1e-06
1.1e-06
1.1e-06
1.1e-06
1.1e-06
1.1e-06
1.1e-06
1.1e-06
1.1e-06
1.1e-06
1.1e-06
1.1e-06
1.1e-06
1.1e-06
1.1e-06
1.1e-06
1.1e-06
1.1e-06
1.1e-06
1.1e-06
1.1e-06
1.1e-06
1.1e-06
1.1e-06
1.1e-06
1.1e-06
1.1e-06
1.1e-06
1.1e-06
1.1e-06
1.1e-06
1.1e-06
1.1e-06
1.1e-06
1.1e-06
1.1e-06
1.1e-06
1.1e-06
1.1e-06
1.1e-06
1.1e-06
1.1e-06
1.1e-06
1.1e-06
1.1e-06
1.1e-06
1.1e-06
1.1e-06
1.1e-06
1.1e-06
1.1e-06
1.1e-06
1.1e-06
1.1e-06
1.1e-06
1.1e-06
1.1e-06
1.1e-06
1.1e-06
1.1e-06
1.1e-06
1.1e-06
1.1e-06
1.1e-06
1.1e-06
1.1e-06
1.1e-06
1.1e-06
1.1e-06
1.1e-06
1.1e-06
1.1e-06
1.1e-06
1.1e-06
1.1e-06
1.1e-06
1.1e-06
1.1e-06
1.1e-06
1.1e-06
1.1e-06
1.1e-06
1.1e-06
1.1e-06
1.1e-06
1.1e-06
1.1e-06
1.1e-06
1.1e-06
1.1e-06
1.1e-06
1.1e-06
1.1e-06
1.1e-06
1.1e-06
1.1e-06
1.1e-06
1.1e-06
1.1e-06
1.1e-06
1.1e-06
1.1e-06
1.1e-06
1.1e-06
1.1e-06
1.1e-06
1.1e-06
1.1e-06
1.1e-06
1.1e-06
1.1e-06
1.1e-06
1.1e-06
1.1e-06
1.1e-06
1.1e-06
1.1e-06
1.1e-06
1.1e-06
1.1e-06
1.1e-06
1.1e-06
1.1e-06
1.1e-06
1.1e-06
1.1e-06
1.1e-06
1.1e-06
1.1e-06
1.1e-06
1.1e-06
1.1e-06
1.1e-06
1.1e-06
1.1e-06
1.1e-06
1.1e-06
1.1e-06
1.1e-06
1.1e-06
1.1e-06
1.1e-06
1.1e-06
1.1e-06
1.1e-06
1.1e-06
1.1e-06
1.1e-06
1.1e-06
1.1e-06
1.1e-06
1.1e-06
1.1e-06
1.1e-06
1.1e-06
1.1e-06
1.1e-06
1.1e-06
1.1e-06
1.1e-06
1.1e-06
1.1e-06
1.1e-06
1.1e-06
1.1e-06
1.1e-06
1.1e-06
1.1e-06
1.1e-06
1.1e-06
1.1e-06
1.1e-06
1.1e-06
1.1e-06
1.1e-06
1.1e-06
1.1e-06
1.1e-06
1.1e-06
1.1e-06
1.1e-06
1.1e-06
1.1e-06
1.1e-06
1.1e-06
1.1e-06
1.1e-06
1.1e-06
1.1e-06
1.1e-06
1.1e-06
1.1e-06
1.1e-06
1.1e-06
1.1e-06
1.1e-06
1.1e-06
1.1e-06
1.1e-06
1.1e-06
1.1e-06
1.1e-06
1.1e-06
1.1e-06
1.1e-06
1.1e-06
1.1e-06
1.1e-06
1.1e-06
1.1e-06
1.1e-06
1.1e-06
1.1e-06
1.1e-06
1.1e-06
1.1e-06
1.1e-06
1.1e-06
1.1e-06
1.1e-06
1.1e-06
1.1e-06
1.1e-06
1.1e-06
1.1e-06
1.1e-06
1.1e-06
1.1e-06
1.1e-06
1.1e-06
1.1e-06
1.1e-06
1.1e-06
1.1e-06
1.1e-06
1.1e-06
1.1e-06
1.1e-06
1.1e-06
1.1e-06
1.1e-06
1.1e-06
1.1e-06
1.1e-06
1.1e-06
1.1e-06
1.1e-06
1.1e-06
1.1e-06
1.1e-06
1.1e-06
1.1e-06
1.1e-06
1.1e-06
1.1e-06
1.1e-06
1.1e-06
1.1e-06
1.1e-06
1.1e-06
1.1e-06
1.1e-06
1.1e-06
1.1e-06
1.1e-06
1.1e-06
1.1e-06
1.1e-06
1.1e-06
1.1e-06
1.1e-06
1.1e-06
1.1e-06
1.1e-06
1.1e-06
1.1e-06
1.1e-06
1.1e-06
1.1e-06
1.1e-06
1.1e-06
1.1e-06
1.1e-06
1.1e-06
1.1e-06
1.1e-06
1.1e-06
1.1e-06
1.1e-06
1.1e-06
1.1e-06
1.1e-06
1.1e-06
1.1e-06
1.1e-06
1.1e-06
1.1e-06
1.1e-06
1.1e-06
1.1e-06
1.1e-06
1.1e-06
1.1e-06
1.1e-06
1.1e-06
1.1e-06
1.1e-06
1.1e-06
1.1e-06
1.1e-06
1.1e-06
1.1e-06
1.1e-06
1.1e-06
1.1e-06
1.1e-06
1.1e-06
1.1e-06
1.1e-06
1.1e-06
1.1e-06
1.1e-06
1.1e-06
1.1e-06
1.1e-06
1.1e-06
1.1e-06
1.1e-06
1.1e-06
1.1e-06
1.1e-06
1.1e-06
1.1e-06
1.1e-06
1.1e-06
1.1e-06
1.1e-06
1.1e-06
1.1e-06
1.1e-06
1.1e-06
1.1e-06
1.1e-06
1.1e-06
1.1e-06
1.1e-06
1.1e-06
1.1e-06
1.1e-06
1.1e-06
1.1e-06
1.1e-06
1.1e-06
1.1e-06
1.1e-06
1.1e-06
1.1e-06
1.1e-06
1.1e-06
1.1e-06
1.1e-06
1.1e-06
1.1e-06
1.1e-06
1.1e-06
1.1e-06
1.1e-06
1.1e-06
1.1e-06
1.1e-06
1.1e-06
1.1e-06
1.1e-06
1.1e-06
1.1e-06
1.1e-06
1.1e-06
1.1e-06
1.1e-06
1.1e-06
1.1e-06
1.1e-06
1.1e-06
1.1e-06
1.1e-06
1.1e-06
1.1e-06
1.1e-06
1.1e-06
1.1e-06
1.1e-06
1.1e-06
1.1e-06
1.1e-06
1.1e-06
1.1e-06
1.1e-06
1.1e-06
1.1e-06
1.1e-06
1.1e-06
1.1e-06
1.1e-06
1.1e-06
1.1e-06
1.1e-06
1.1e-06
1.1e-06
1.1e-06
1.1e-06
1.1e-06
1.1e-06
1.1e-06
1.1e-06
1.1e-06
1.1e-06
1.1e-06
1.1e-06
1.1e-06
1.1e-06
1.1e-06
1.1e-06
1.1e-06
1.1e-06
1.1e-06
1.1e-06
1.1e-06
1.1e-06
1.1e-06
1.1e-06
1.1e-06
1.1e-06
1.1e-06
1.1e-06
1.1e-06
1.1e-06
1.1e-06
1.1e-06
1.1e-06
1.1e-06
1.1e-06
1.1e-06
1.1e-06
1.1e-06
1.1e-06
1.1e-06
1.1e-06
1.1e-06
1.1e-06
1.1e-06
1.1e-06
1.1e-06
1.1e-06
1.1e-06
1.1e-06
1.1e-06
1.1e-06
1.1e-06
1.1e-06
1.1e-06
1.1e-06
1.1e-06
1.1e-06
1.1e-06
1.1e-06
1.1e-06
1.1e-06
1.1e-06
1.1e-06
1.1e-06
1.1e-06
1.1e-06
1.1e-06
1.1e-06
1.1e-06
1.1e-06
1.1e-06
1.1e-06
1.1e-06
1.1e-06
1.1e-06
1.1e-06
1.1e-06
1.1e-06
1.1e-06
1.1e-06
1.1e-06
1.1e-06
1.1e-06
1.1e-06
1.1e-06
1.1e-06
1.1e-06
1.1e-06
1.1e-06
1.1e-06
1.1e-06
1.1e-06
1.1e-06
1.1e-06
1.1e-06
1.1e-06
1.1e-06
1.1e-06
1.1e-06
1.1e-06
1.1e-06
1.1e-06
1.1e-06
1.1e-06
1.1e-06
1.1e-06
1.1e-06
1.1e-06
1.1e-06
1.1e-06
1.1e-06
1.1e-06
1.1e-06
1.1e-06
1.1e-06
1.1e-06
1.1e-06
1.1e-06
1.1e-06
1.1e-06
1.1e-06
1.1e-06
1.1e-06
1.1e-06
1.1e-06
1.1e-06
1.1e-06
1.1e-06
1.1e-06
1.1e-06
1.1e-06
1.1e-06
1.1e-06
1.1e-06
1.1e-06
1.1e-06
1.1e-06
1.1e-06
1.1e-06
1.1e-06
1.1e-06
1.1e-06
1.1e-06
1.1e-06
1.1e-06
1.1e-06
1.1e-06
1.1e-06
1.1e-06
1.1e-06
1.1e-06
1.1e-06
1.1e-06
1.1e-06
1.1e-06
1.1e-06
1.1e-06
1.1e-06
1.1e-06
1.1e-06
1.1e-06
1.1e-06
1.1e-06
1.1e-06
1.1e-06
1.1e-06
1.1e-06
1.1e-06
1.1e-06
1.1e-06
1.1e-06
1.1e-06
1.1e-06
1.1e-06
1.1e-06
1.1e-06
1.1e-06
1.1e-06
1.1e-06
1.1e-06
1.1e-06
1.1e-06
1.1e-06
1.1e-06
1.1e-06
1.1e-06
1.1e-06
1.1e-06
1.1e-06
1.1e-06
1.1e-06
1.1e-06
1.1e-06
1.1e-06
1.1e-06
1.1e-06
1.1e-06
1.1e-06
1.1e-06
1.1e-06
1.1e-06
1.1e-06
1.1e-06
1.1e-06
1.1e-06
1.1e-06
1.1e-06
1.1e-06
1.1e-06
1.1e-06
1.1e-06
1.1e-06
1.1e-06
1.1e-06
1.1e-06
1.1e-06
1.1e-06
1.1e-06
1.1e-06
1.1e-06
1.1e-06
1.1e-06
1.1e-06
1.1e-06
1.1e-06
1.1e-06
1.1e-06
1.1e-06
1.1e-06
1.1e-06
1.1e-06
1.1e-06
1.1e-06
1.1e-06
1.1e-06
1.1e-06
1.1e-06
1.1e-06
1.1e-06
1.1e-06
1.1e-06
1.1e-06
1.1e-06
1.1e-06
1.1e-06
1.1e-06
1.1e-06
1.1e-06
1.1e-06
1.1e-06
1.1e-06
1.1e-06
1.1e-06
1.1e-06
1.1e-06
1.1e-06
1.1e-06
1.1e-06
1.1e-06
1.1e-06
1.1e-06
1.1e-06
1.1e-06
1.1e-06
1.1e-06
1.1e-06
1.1e-06
1.1e-06
1.1e-06
1.1e-06
1.1e-06
1.1e-06
1.1e-06
1.1e-06
1.1e-06
1.1e-06
1.1e-06
1.1e-06
1.1e-06
1.1e-06
1.1e-06
1.1e-06
1.1e-06
1.1e-06
1.1e-06
1.1e-06
1.1e-06
1.1e-06
1.1e-06
1.1e-06
1.1e-06
1.1e-06
1.1e-06
1.1e-06
1.1e-06
1.1e-06
1.1e-06
1.1e-06
1.1e-06
1.1e-06
1.1e-06
1.1e-06
1.1e-06
1.1e-06
1.1e-06
1.1e-06
1.1e-06
1.1e-06
1.1e-06
1.1e-06
1.1e-06
1.1e-06
1.1e-06
1.1e-06
1.1e-06
1.1e-06
1.1e-06
1.1e-06
1.1e-06
1.1e-06
1.1e-06
1.1e-06
1.1e-06
1.1e-06
1.1e-06
1.1e-06
1.1e-06
1.1e-06
1.1e-06
1.1e-06
1.1e-06
1.1e-06
1.1e-06
1.1e-06
1.1e-06
1.1e-06
1.1e-06
1.1e-06
1.1e-06
1.1e-06
1.1e-06
1.1e-06
1.1e-06
1.1e-06
1.1e-06
1.1e-06
1.1e-06
1.1e-06
1.1e-06
1.1e-06
1.1e-06
1.1e-06
1.1e-06
1.1e-06
1.1e-06
1.1e-06
1.1e-06
1.1e-06
1.1e-06
1.1e-06
1.1e-06
1.1e-06
1.1e-06
1.1e-06
1.1e-06
1.1e-06
1.1e-06
1.1e-06
1.1e-06
1.1e-06
1.1e-06
1.1e-06
1.1e-06
1.1e-06
1.1e-06
1.1e-06
1.1e-06
1.1e-06
1.1e-06
1.1e-06
1.1e-06
1.1e-06
1.1e-06
1.1e-06
1.1e-06
1.1e-06
1.1e-06
1.1e-06
1.1e-06
1.1e-06
1.1e-06
1.1e-06
1.1e-06
1.1e-06
1.1e-06
1.1e-06
1.1e-06
1.1e-06
1.1e-06
1.1e-06
1.1e-06
1.1e-06
1.1e-06
1.1e-06
1.1e-06
1.1e-06
1.1e-06
1.1e-06
1.1e-06
1.1e-06
1.1e-06
1.1e-06
1.1e-06
1.1e-06
1.1e-06
1.1e-06
1.1e-06
1.1e-06
1.1e-06
1.1e-06
1.1e-06
1.1e-06
1.1e-06
1.1e-06
1.1e-06
1.1e-06
1.1e-06
1.1e-06
1.1e-06
1.1e-06
1.1e-06
1.1e-06
1.1e-06
1.1e-06
1.1e-06
1.1e-06
1.1e-06
1.1e-06
1.1e-06
1.1e-06
1.1e-06
1.1e-06
1.1e-06
1.1e-06
1.1e-06
1.1e-06
1.1e-06
1.1e-06
1.1e-06
1.1e-06
1.1e-06
1.1e-06
1.1e-06
1.1e-06
1.1e-06
1.1e-06
1.1e-06
1.1e-06
1.1e-06
1.1e-06
1.1e-06
1.1e-06
1.1e-06
1.1e-06
1.1e-06
1.1e-06
1.1e-06
1.1e-06
1.1e-06
1.1e-06
1.1e-06
1.1e-06
1.1e-06
1.1e-06
1.1e-06
1.1e-06
1.1e-06
1.1e-06
1.1e-06
1.1e-06
1.1e-06
1.1e-06
1.1e-06
1.1e-06
1.1e-06
1.1e-06
1.1e-06
1.1e-06
1.1e-06
1.1e-06
1.1e-06
1.1e-06
1.1e-06
1.1e-06
1.1e-06
1.1e-06
1.1e-06
1.1e-06
1.1e-06
1.1e-06
1.1e-06
1.1e-06
1.1e-06
1.1e-06
1.1e-06
1.1e-06
1.1e-06
1.1e-06
1.1e-06
1.1e-06
1.1e-06
1.1e-06
1.1e-06
1.1e-06
1.1e-06
1.1e-06
1.1e-06
1.1e-06
1.1e-06
1.1e-06
1.1e-06
1.1e-06
1.1e-06
1.1e-06
1.1e-06
1.1e-06
1.1e-06
1.1e-06
1.1e-06
1.1e-06
1.1e-06
1.1e-06
1.1e-06
1.1e-06
1.1e-06
1.1e-06
1.1e-06
1.1e-06
1.1e-06
1.1e-06
1.1e-06
1.1e-06
1.1e-06
1.1e-06
1.1e-06
1.1e-06
1.1e-06
1.1e-06
1.1e-06
1.1e-06
1.1e-06
1.1e-06
1.1e-06
1.1e-06
1.1e-06
1.1e-06
1.1e-06
1.1e-06
1.1e-06
1.1e-06
1.1e-06
1.1e-06
1.1e-06
1.1e-06
1.1e-06
1.1e-06
1.1e-06
1.1e-06
1.1e-06
1.1e-06
1.1e-06
1.1e-06
1.1e-06
1.1e-06
1.1e-06
1.1e-06
1.1e-06
1.1e-06
1.1e-06
1.1e-06
1.1e-06
1.1e-06
1.1e-06
1.1e-06
1.1e-06
1.1e-06
1.1e-06
1.1e-06
1.1e-06
1.1e-06
1.1e-06
1.1e-06
1.1e-06
1.1e-06
1.1e-06
1.1e-06
1.1e-06
1.1e-06
1.1e-06
1.1e-06
1.1e-06
1.1e-06
1.1e-06
1.1e-06
1.1e-06
1.1e-06
1.1e-06
1.1e-06
1.1e-06
1.1e-06
1.1e-06
1.1e-06
1.1e-06
1.1e-06
1.1e-06
1.1e-06
1.1e-06
1.1e-06
1.1e-06
1.1e-06
1.1e-06
1.1e-06
1.1e-06
1.1e-06
1.1e-06
1.1e-06
1.1e-06
1.1e-06
1.1e-06
1.1e-06
1.1e-06
1.1e-06
1.1e-06
1.1e-06
1.1e-06
1.1e-06
1.1e-06
1.1e-06
1.1e-06
1.1e-06
1.1e-06
1.1e-06
1.1e-06
1.1e-06
1.1e-06
1.1e-06
1.1e-06
1.1e-06
1.1e-06
1.1e-06
1.1e-06
1.1e-06
1.1e-06
1.1e-06
1.1e-06
1.1e-06
1.1e-06
1.1e-06
1.1e-06
1.1e-06
1.1e-06
1.1e-06
1.1e-06
1.1e-06
1.1e-06
1.1e-06
1.1e-06
1.1e-06
1.1e-06
1.1e-06
)
;

boundaryField
{
    inlet
    {
        type            zeroGradient;
    }
    outlet
    {
        type            zeroGradient;
    }
    upperWall
    {
        type            zeroGradient;
    }
    lowerWall
    {
        type            zeroGradient;
    }
    frontAndBack
    {
        type            empty;
    }
}


// ************************************************************************* //
