/*--------------------------------*- C++ -*----------------------------------*\
  =========                 |
  \\      /  F ield         | OpenFOAM: The Open Source CFD Toolbox
   \\    /   O peration     | Website:  https://openfoam.org
    \\  /    A nd           | Version:  10
     \\/     M anipulation  |
\*---------------------------------------------------------------------------*/
FoamFile
{
    format      ascii;
    class       volScalarField;
    location    "5600";
    object      p;
}
// * * * * * * * * * * * * * * * * * * * * * * * * * * * * * * * * * * * * * //

dimensions      [1 -1 -2 0 0 0 0];

internalField   nonuniform List<scalar> 
6400
(
110.721
110.728
110.744
110.767
110.797
110.835
110.881
110.934
110.995
111.064
111.14
111.223
111.314
111.411
111.516
111.628
111.746
111.87
112
112.135
112.274
112.417
112.563
112.71
112.857
113.003
113.145
113.281
113.41
113.529
113.635
113.727
113.78
113.81
113.835
113.856
113.873
113.887
113.895
113.9
113.9
113.895
113.887
113.873
113.856
113.835
113.81
113.78
113.727
113.635
113.529
113.41
113.281
113.145
113.003
112.857
112.71
112.563
112.417
112.274
112.135
112
111.87
111.746
111.628
111.516
111.411
111.314
111.223
111.14
111.064
110.995
110.934
110.881
110.835
110.797
110.767
110.744
110.728
110.721
110.426
110.434
110.449
110.472
110.503
110.541
110.587
110.64
110.701
110.769
110.845
110.929
111.019
111.117
111.222
111.333
111.452
111.576
111.706
111.841
111.98
112.123
112.269
112.416
112.563
112.709
112.851
112.988
113.117
113.236
113.342
113.434
113.487
113.516
113.542
113.563
113.58
113.593
113.602
113.607
113.607
113.602
113.593
113.58
113.563
113.542
113.516
113.487
113.434
113.342
113.236
113.117
112.988
112.851
112.709
112.563
112.416
112.269
112.123
111.98
111.841
111.706
111.576
111.452
111.333
111.222
111.117
111.019
110.929
110.845
110.769
110.701
110.64
110.587
110.541
110.503
110.472
110.449
110.434
110.426
110.103
110.111
110.126
110.149
110.179
110.218
110.263
110.317
110.378
110.446
110.522
110.605
110.696
110.794
110.899
111.01
111.128
111.253
111.383
111.518
111.657
111.8
111.946
112.093
112.241
112.387
112.529
112.666
112.795
112.915
113.021
113.113
113.167
113.196
113.221
113.243
113.26
113.273
113.282
113.286
113.286
113.282
113.273
113.26
113.243
113.221
113.196
113.167
113.113
113.021
112.915
112.795
112.666
112.529
112.387
112.241
112.093
111.946
111.8
111.657
111.518
111.383
111.253
111.128
111.01
110.899
110.794
110.696
110.605
110.522
110.446
110.378
110.317
110.263
110.218
110.179
110.149
110.126
110.111
110.103
109.748
109.756
109.771
109.794
109.825
109.863
109.908
109.962
110.023
110.091
110.167
110.25
110.341
110.439
110.544
110.656
110.774
110.898
111.028
111.163
111.303
111.446
111.592
111.74
111.887
112.033
112.176
112.314
112.443
112.563
112.67
112.762
112.816
112.846
112.871
112.893
112.91
112.923
112.932
112.936
112.936
112.932
112.923
112.91
112.893
112.871
112.846
112.816
112.762
112.67
112.563
112.443
112.314
112.176
112.033
111.887
111.74
111.592
111.446
111.303
111.163
111.028
110.898
110.774
110.656
110.544
110.439
110.341
110.25
110.167
110.091
110.023
109.962
109.908
109.863
109.825
109.794
109.771
109.756
109.748
109.358
109.366
109.381
109.404
109.435
109.473
109.518
109.572
109.633
109.701
109.777
109.861
109.951
110.049
110.154
110.266
110.384
110.509
110.639
110.774
110.914
111.058
111.204
111.352
111.5
111.646
111.79
111.928
112.058
112.178
112.286
112.379
112.433
112.463
112.489
112.51
112.528
112.541
112.55
112.554
112.554
112.55
112.541
112.528
112.51
112.489
112.463
112.433
112.379
112.286
112.178
112.058
111.928
111.79
111.646
111.5
111.352
111.204
111.058
110.914
110.774
110.639
110.509
110.384
110.266
110.154
110.049
109.951
109.861
109.777
109.701
109.633
109.572
109.518
109.473
109.435
109.404
109.381
109.366
109.358
108.93
108.937
108.953
108.976
109.006
109.044
109.09
109.143
109.204
109.273
109.349
109.432
109.523
109.621
109.726
109.838
109.956
110.081
110.211
110.347
110.487
110.631
110.778
110.926
111.075
111.222
111.366
111.505
111.636
111.758
111.866
111.96
112.015
112.045
112.071
112.093
112.111
112.124
112.133
112.137
112.137
112.133
112.124
112.111
112.093
112.071
112.045
112.015
111.96
111.866
111.758
111.636
111.505
111.366
111.222
111.075
110.926
110.778
110.631
110.487
110.347
110.211
110.081
109.956
109.838
109.726
109.621
109.523
109.432
109.349
109.273
109.204
109.143
109.09
109.044
109.006
108.976
108.953
108.937
108.93
108.459
108.467
108.482
108.505
108.535
108.574
108.619
108.673
108.734
108.802
108.878
108.962
109.053
109.151
109.256
109.368
109.486
109.611
109.742
109.878
110.019
110.163
110.31
110.46
110.609
110.757
110.902
111.042
111.175
111.298
111.408
111.502
111.558
111.588
111.615
111.637
111.655
111.669
111.678
111.683
111.683
111.678
111.669
111.655
111.637
111.615
111.588
111.558
111.502
111.408
111.298
111.175
111.042
110.902
110.757
110.609
110.46
110.31
110.163
110.019
109.878
109.742
109.611
109.486
109.368
109.256
109.151
109.053
108.962
108.878
108.802
108.734
108.673
108.619
108.574
108.535
108.505
108.482
108.467
108.459
107.942
107.95
107.965
107.988
108.018
108.056
108.102
108.156
108.217
108.285
108.361
108.445
108.536
108.634
108.739
108.851
108.97
109.095
109.226
109.363
109.504
109.649
109.797
109.948
110.098
110.248
110.394
110.536
110.67
110.795
110.906
111.003
111.06
111.091
111.118
111.14
111.159
111.173
111.182
111.187
111.187
111.182
111.173
111.159
111.14
111.118
111.091
111.06
111.003
110.906
110.795
110.67
110.536
110.394
110.248
110.098
109.948
109.797
109.649
109.504
109.363
109.226
109.095
108.97
108.851
108.739
108.634
108.536
108.445
108.361
108.285
108.217
108.156
108.102
108.056
108.018
107.988
107.965
107.95
107.942
107.373
107.381
107.396
107.419
107.45
107.488
107.534
107.587
107.648
107.717
107.793
107.876
107.968
108.066
108.171
108.284
108.403
108.529
108.66
108.797
108.939
109.085
109.235
109.386
109.538
109.689
109.838
109.982
110.118
110.245
110.359
110.458
110.516
110.548
110.576
110.599
110.618
110.632
110.642
110.646
110.646
110.642
110.632
110.618
110.599
110.576
110.548
110.516
110.458
110.359
110.245
110.118
109.982
109.838
109.689
109.538
109.386
109.235
109.085
108.939
108.797
108.66
108.529
108.403
108.284
108.171
108.066
107.968
107.876
107.793
107.717
107.648
107.587
107.534
107.488
107.45
107.419
107.396
107.381
107.373
106.748
106.756
106.771
106.794
106.825
106.863
106.909
106.962
107.023
107.092
107.168
107.252
107.343
107.441
107.547
107.66
107.78
107.906
108.038
108.176
108.319
108.466
108.617
108.77
108.924
109.077
109.228
109.375
109.515
109.644
109.762
109.863
109.924
109.956
109.985
110.009
110.029
110.044
110.054
110.059
110.059
110.054
110.044
110.029
110.009
109.985
109.956
109.924
109.863
109.762
109.644
109.515
109.375
109.228
109.077
108.924
108.77
108.617
108.466
108.319
108.176
108.038
107.906
107.78
107.66
107.547
107.441
107.343
107.252
107.168
107.092
107.023
106.962
106.909
106.863
106.825
106.794
106.771
106.756
106.748
106.061
106.069
106.084
106.107
106.137
106.175
106.221
106.275
106.336
106.405
106.481
106.565
106.656
106.755
106.861
106.974
107.094
107.221
107.354
107.493
107.637
107.786
107.939
108.094
108.25
108.407
108.561
108.711
108.855
108.989
109.11
109.216
109.278
109.313
109.343
109.368
109.388
109.404
109.414
109.42
109.42
109.414
109.404
109.388
109.368
109.343
109.313
109.278
109.216
109.11
108.989
108.855
108.711
108.561
108.407
108.25
108.094
107.939
107.786
107.637
107.493
107.354
107.221
107.094
106.974
106.861
106.755
106.656
106.565
106.481
106.405
106.336
106.275
106.221
106.175
106.137
106.107
106.084
106.069
106.061
105.305
105.313
105.328
105.351
105.381
105.419
105.465
105.519
105.58
105.649
105.725
105.809
105.901
106
106.107
106.22
106.341
106.469
106.603
106.743
106.888
107.039
107.194
107.352
107.512
107.672
107.83
107.985
108.134
108.273
108.4
108.511
108.577
108.613
108.645
108.671
108.693
108.709
108.721
108.726
108.726
108.721
108.709
108.693
108.671
108.645
108.613
108.577
108.511
108.4
108.273
108.134
107.985
107.83
107.672
107.512
107.352
107.194
107.039
106.888
106.743
106.603
106.469
106.341
106.22
106.107
106
105.901
105.809
105.725
105.649
105.58
105.519
105.465
105.419
105.381
105.351
105.328
105.313
105.305
104.473
104.481
104.496
104.519
104.55
104.588
104.634
104.687
104.748
104.817
104.894
104.978
105.07
105.17
105.277
105.391
105.512
105.641
105.776
105.918
106.066
106.219
106.376
106.537
106.701
106.866
107.03
107.19
107.346
107.492
107.626
107.744
107.814
107.853
107.887
107.916
107.939
107.957
107.969
107.975
107.975
107.969
107.957
107.939
107.916
107.887
107.853
107.814
107.744
107.626
107.492
107.346
107.19
107.03
106.866
106.701
106.537
106.376
106.219
106.066
105.918
105.776
105.641
105.512
105.391
105.277
105.17
105.07
104.978
104.894
104.817
104.748
104.687
104.634
104.588
104.55
104.519
104.496
104.481
104.473
103.558
103.566
103.581
103.604
103.634
103.673
103.718
103.772
103.833
103.902
103.979
104.064
104.156
104.256
104.363
104.478
104.601
104.731
104.867
105.011
105.161
105.317
105.478
105.643
105.812
105.982
106.153
106.321
106.485
106.64
106.784
106.911
106.987
107.029
107.066
107.098
107.123
107.143
107.156
107.162
107.162
107.156
107.143
107.123
107.098
107.066
107.029
106.987
106.911
106.784
106.64
106.485
106.321
106.153
105.982
105.812
105.643
105.478
105.317
105.161
105.011
104.867
104.731
104.601
104.478
104.363
104.256
104.156
104.064
103.979
103.902
103.833
103.772
103.718
103.673
103.634
103.604
103.581
103.566
103.558
102.55
102.558
102.573
102.596
102.627
102.665
102.711
102.765
102.826
102.895
102.972
103.057
103.149
103.25
103.358
103.474
103.597
103.729
103.867
104.013
104.166
104.325
104.49
104.661
104.836
105.013
105.192
105.37
105.545
105.712
105.868
106.007
106.091
106.138
106.18
106.215
106.244
106.266
106.28
106.288
106.288
106.28
106.266
106.244
106.215
106.18
106.138
106.091
106.007
105.868
105.712
105.545
105.37
105.192
105.013
104.836
104.661
104.49
104.325
104.166
104.013
103.867
103.729
103.597
103.474
103.358
103.25
103.149
103.057
102.972
102.895
102.826
102.765
102.711
102.665
102.627
102.596
102.573
102.558
102.55
101.441
101.448
101.464
101.487
101.517
101.555
101.601
101.655
101.716
101.786
101.863
101.948
102.041
102.142
102.251
102.368
102.492
102.625
102.766
102.915
103.071
103.234
103.404
103.581
103.763
103.95
104.139
104.329
104.518
104.7
104.872
105.028
105.124
105.178
105.225
105.266
105.299
105.324
105.341
105.35
105.35
105.341
105.324
105.299
105.266
105.225
105.178
105.124
105.028
104.872
104.7
104.518
104.329
104.139
103.95
103.763
103.581
103.404
103.234
103.071
102.915
102.766
102.625
102.492
102.368
102.251
102.142
102.041
101.948
101.863
101.786
101.716
101.655
101.601
101.555
101.517
101.487
101.464
101.448
101.441
100.141
100.149
100.164
100.187
100.217
100.255
100.301
100.355
100.417
100.486
100.563
100.649
100.742
100.844
100.953
101.071
101.198
101.333
101.476
101.628
101.788
101.956
102.133
102.317
102.509
102.707
102.91
103.117
103.324
103.528
103.723
103.904
104.017
104.08
104.137
104.186
104.226
104.257
104.277
104.288
104.288
104.277
104.257
104.226
104.186
104.137
104.08
104.017
103.904
103.723
103.528
103.324
103.117
102.91
102.707
102.509
102.317
102.133
101.956
101.788
101.628
101.476
101.333
101.198
101.071
100.953
100.844
100.742
100.649
100.563
100.486
100.417
100.355
100.301
100.255
100.217
100.187
100.164
100.149
100.141
98.6995
98.7071
98.7223
98.7451
98.7756
98.8137
98.8596
98.9133
98.9748
99.0442
99.1217
99.2073
99.3011
99.4033
99.514
99.6332
99.7613
99.8983
100.044
100.2
100.364
100.539
100.723
100.916
101.119
101.331
101.551
101.779
102.01
102.243
102.471
102.687
102.826
102.905
102.976
103.038
103.089
103.129
103.156
103.17
103.17
103.156
103.129
103.089
103.038
102.976
102.905
102.826
102.687
102.471
102.243
102.01
101.779
101.551
101.331
101.119
100.916
100.723
100.539
100.364
100.2
100.044
99.8983
99.7613
99.6332
99.514
99.4033
99.3011
99.2073
99.1217
99.0442
98.9748
98.9133
98.8596
98.8137
98.7756
98.7451
98.7223
98.7071
98.6995
97.2505
97.2581
97.2732
97.2959
97.3263
97.3643
97.4101
97.4636
97.5251
97.5945
97.672
97.7578
97.8519
97.9546
98.066
98.1863
98.3158
98.4548
98.6035
98.7623
98.9315
99.1116
99.3028
99.5056
99.7203
99.947
100.186
100.436
100.696
100.962
101.231
101.493
101.668
101.769
101.862
101.943
102.012
102.066
102.103
102.122
102.122
102.103
102.066
102.012
101.943
101.862
101.769
101.668
101.493
101.231
100.962
100.696
100.436
100.186
99.947
99.7203
99.5056
99.3028
99.1116
98.9315
98.7623
98.6035
98.4548
98.3158
98.1863
98.066
97.9546
97.8519
97.7578
97.672
97.5945
97.5251
97.4636
97.4101
97.3643
97.3263
97.2959
97.2732
97.2581
97.2505
95.7939
95.8015
95.8165
95.8391
95.8693
95.9072
95.9528
96.0061
96.0674
96.1367
96.2141
96.2999
96.3941
96.4971
96.609
96.7302
96.8609
97.0015
97.1526
97.3144
97.4878
97.6731
97.8713
98.0831
98.3093
98.5509
98.8086
99.083
99.3739
99.6802
99.9981
100.32
100.545
100.677
100.801
100.913
101.01
101.088
101.142
101.17
101.17
101.142
101.088
101.01
100.913
100.801
100.677
100.545
100.32
99.9981
99.6802
99.3739
99.083
98.8086
98.5509
98.3093
98.0831
97.8713
97.6731
97.4878
97.3144
97.1526
97.0015
96.8609
96.7302
96.609
96.4971
96.3941
96.2999
96.2141
96.1367
96.0674
96.0061
95.9528
95.9072
95.8693
95.8391
95.8165
95.8015
95.7939
94.3298
94.3373
94.3523
94.3747
94.4047
94.4423
94.4876
94.5407
94.6017
94.6707
94.7479
94.8335
94.9277
95.0307
95.1428
95.2645
95.396
95.5379
95.6907
95.8552
96.0319
96.2219
96.4262
96.6461
96.8831
97.1387
97.4149
97.7137
98.037
98.3862
98.761
99.1573
99.4501
99.628
99.8001
99.9616
100.106
100.227
100.314
100.361
100.361
100.314
100.227
100.106
99.9616
99.8001
99.628
99.4501
99.1573
98.761
98.3862
98.037
97.7137
97.4149
97.1387
96.8831
96.6461
96.4262
96.2219
96.0319
95.8552
95.6907
95.5379
95.396
95.2645
95.1428
95.0307
94.9277
94.8335
94.7479
94.6707
94.6017
94.5407
94.4876
94.4423
94.4047
94.3747
94.3523
94.3373
94.3298
92.8583
92.8657
92.8805
92.9027
92.9325
92.9698
93.0147
93.0674
93.128
93.1966
93.2733
93.3585
93.4523
93.5551
93.6671
93.7889
93.9208
94.0634
94.2174
94.3835
94.5628
94.7564
94.9656
95.1921
95.4381
95.7058
95.9985
96.3198
96.6742
97.0666
97.5023
97.9854
98.3671
98.6083
98.8526
99.0947
99.3258
99.5324
99.6948
99.7854
99.7854
99.6948
99.5324
99.3258
99.0947
98.8526
98.6083
98.3671
97.9854
97.5023
97.0666
96.6742
96.3198
95.9985
95.7058
95.4381
95.1921
94.9656
94.7564
94.5628
94.3835
94.2174
94.0634
93.9208
93.7889
93.6671
93.5551
93.4523
93.3585
93.2733
93.1966
93.128
93.0674
93.0147
92.9698
92.9325
92.9027
92.8805
92.8657
92.8583
91.3793
91.3866
91.4013
91.4233
91.4527
91.4896
91.5341
91.5863
91.6462
91.7142
91.7903
91.8749
91.9681
92.0702
92.1818
92.3031
92.4348
92.5775
92.7318
92.8988
93.0795
93.2752
93.4876
93.7188
93.9712
94.2481
94.5536
94.893
95.2733
95.7036
96.1964
96.768
97.2523
97.5727
97.9166
98.2832
98.6687
99.0622
99.439
99.7735
99.7735
99.439
99.0622
98.6687
98.2832
97.9166
97.5727
97.2523
96.768
96.1964
95.7036
95.2733
94.893
94.5536
94.2481
93.9712
93.7188
93.4876
93.2752
93.0795
92.8988
92.7318
92.5775
92.4348
92.3031
92.1818
92.0702
91.9681
91.8749
91.7903
91.7142
91.6462
91.5863
91.5341
91.4896
91.4527
91.4233
91.4013
91.3866
91.3793
89.893
89.9002
89.9147
89.9364
89.9654
90.0019
90.0458
90.0973
90.1565
90.2237
90.2989
90.3826
90.4748
90.576
90.6866
90.8071
90.9379
91.0798
91.2336
91.4003
91.5811
91.7773
91.9909
92.2241
92.4799
92.7618
93.0748
93.4253
93.8222
94.2782
94.8118
95.4516
96.0242
96.4187
96.8649
97.3763
97.9714
98.6764
99.5315
117.681
117.681
99.5315
98.6764
97.9714
97.3763
96.8649
96.4187
96.0242
95.4516
94.8118
94.2782
93.8222
93.4253
93.0748
92.7618
92.4799
92.2241
91.9909
91.7773
91.5811
91.4003
91.2336
91.0798
90.9379
90.8071
90.6866
90.576
90.4748
90.3826
90.2989
90.2237
90.1565
90.0973
90.0458
90.0019
89.9654
89.9364
89.9147
89.9002
89.893
88.3995
88.4066
88.4209
88.4422
88.4708
88.5066
88.5498
88.6005
88.6589
88.725
88.7992
88.8816
88.9726
89.0724
89.1816
89.3006
89.4299
89.5703
89.7226
89.8878
90.0671
90.2621
90.4746
90.707
90.9623
91.2444
91.5584
91.9111
92.3122
92.7753
93.321
93.982
94.5833
95.0023
95.4834
96.0459
96.7179
97.5428
99.4173
124.113
124.113
99.4173
97.5428
96.7179
96.0459
95.4834
95.0023
94.5833
93.982
93.321
92.7753
92.3122
91.9111
91.5584
91.2444
90.9623
90.707
90.4746
90.2621
90.0671
89.8878
89.7226
89.5703
89.4299
89.3006
89.1816
89.0724
88.9726
88.8816
88.7992
88.725
88.6589
88.6005
88.5498
88.5066
88.4708
88.4422
88.4209
88.4066
88.3995
86.899
86.9059
86.9199
86.9408
86.9688
87.004
87.0464
87.0962
87.1534
87.2184
87.2912
87.3721
87.4615
87.5596
87.6668
87.7837
87.9109
88.0489
88.1986
88.3611
88.5375
88.7293
88.9384
89.167
89.418
89.6951
90.0032
90.3486
90.7401
91.1897
91.7148
92.341
92.8944
93.2712
93.6907
94.1606
94.6897
95.3031
129.744
137.656
137.656
129.744
95.3031
94.6897
94.1606
93.6907
93.2712
92.8944
92.341
91.7148
91.1897
90.7401
90.3486
90.0032
89.6951
89.418
89.167
88.9384
88.7293
88.5375
88.3611
88.1986
88.0489
87.9109
87.7837
87.6668
87.5596
87.4615
87.3721
87.2912
87.2184
87.1534
87.0962
87.0464
87.004
86.9688
86.9408
86.9199
86.9059
86.899
85.3914
85.3982
85.4119
85.4324
85.4598
85.4942
85.5356
85.5843
85.6403
85.7038
85.7751
85.8542
85.9416
86.0375
86.1424
86.2567
86.3809
86.5157
86.662
86.8205
86.9925
87.1794
87.3827
87.6046
87.8476
88.1149
88.4107
88.7401
89.1099
89.5287
90.0076
90.56
91.0217
91.3238
91.6428
91.9755
92.3142
92.7459
120.112
128.563
128.563
120.112
92.7459
92.3142
91.9755
91.6428
91.3238
91.0217
90.56
90.0076
89.5287
89.1099
88.7401
88.4107
88.1149
87.8476
87.6046
87.3827
87.1794
86.9925
86.8205
86.662
86.5157
86.3809
86.2567
86.1424
86.0375
85.9416
85.8542
85.7751
85.7038
85.6403
85.5843
85.5356
85.4942
85.4598
85.4324
85.4119
85.3982
85.3914
83.877
83.8837
83.897
83.917
83.9437
83.9772
84.0177
84.0651
84.1197
84.1816
84.251
84.3281
84.4131
84.5065
84.6085
84.7196
84.8403
84.9712
85.113
85.2665
85.4327
85.6129
85.8084
86.021
86.2528
86.5062
86.7845
87.0912
87.4306
87.8076
88.227
88.6919
89.0587
89.2905
89.5255
89.7598
89.987
90.3448
108.787
117.113
117.113
108.787
90.3448
89.987
89.7598
89.5255
89.2905
89.0587
88.6919
88.227
87.8076
87.4306
87.0912
86.7845
86.5062
86.2528
86.021
85.8084
85.6129
85.4327
85.2665
85.113
84.9712
84.8403
84.7196
84.6085
84.5065
84.4131
84.3281
84.251
84.1816
84.1197
84.0651
84.0177
83.9772
83.9437
83.917
83.897
83.8837
83.877
82.356
82.3625
82.3754
82.3948
82.4208
82.4534
82.4927
82.5388
82.5918
82.6519
82.7192
82.794
82.8764
82.9669
83.0656
83.173
83.2896
83.4158
83.5523
83.6997
83.859
84.031
84.217
84.4182
84.6363
84.8728
85.1299
85.4095
85.7138
86.0442
86.4008
86.7808
87.0653
87.2403
87.4127
87.5794
87.7368
88.0312
100.973
108.615
108.615
100.973
88.0312
87.7368
87.5794
87.4127
87.2403
87.0653
86.7808
86.4008
86.0442
85.7138
85.4095
85.1299
84.8728
84.6363
84.4182
84.217
84.031
83.859
83.6997
83.5523
83.4158
83.2896
83.173
83.0656
82.9669
82.8764
82.794
82.7192
82.6519
82.5918
82.5388
82.4927
82.4534
82.4208
82.3948
82.3754
82.3625
82.356
80.8286
80.8348
80.8474
80.8662
80.8913
80.9229
80.9609
81.0055
81.0568
81.1149
81.18
81.2522
81.3317
81.4189
81.514
81.6173
81.7292
81.8501
81.9806
82.1211
82.2724
82.4353
82.6104
82.7987
83.0012
83.2189
83.4527
83.7033
83.9708
84.2544
84.5513
84.8556
85.0727
85.203
85.3283
85.4465
85.5556
85.7863
94.8954
102.138
102.138
94.8954
85.7863
85.5556
85.4465
85.3283
85.203
85.0727
84.8556
84.5513
84.2544
83.9708
83.7033
83.4527
83.2189
83.0012
82.7987
82.6104
82.4353
82.2724
82.1211
81.9806
81.8501
81.7292
81.6173
81.514
81.4189
81.3317
81.2522
81.18
81.1149
81.0568
81.0055
80.9609
80.9229
80.8913
80.8662
80.8474
80.8348
80.8286
79.2949
79.3009
79.313
79.3312
79.3555
79.3859
79.4226
79.4656
79.515
79.571
79.6336
79.703
79.7794
79.8631
79.9541
80.0529
80.1597
80.2749
80.3987
80.5318
80.6744
80.8272
80.9905
81.165
81.351
81.5489
81.7587
81.9801
82.2117
82.4514
82.6945
82.9341
83.0965
83.1914
83.2799
83.3603
83.4312
83.5849
89.3263
96.5437
96.5437
89.3263
83.5849
83.4312
83.3603
83.2799
83.1914
83.0965
82.9341
82.6945
82.4514
82.2117
81.9801
81.7587
81.5489
81.351
81.165
80.9905
80.8272
80.6744
80.5318
80.3987
80.2749
80.1597
80.0529
79.9541
79.8631
79.7794
79.703
79.6336
79.571
79.515
79.4656
79.4226
79.3859
79.3555
79.3312
79.313
79.3009
79.2949
77.7551
77.7609
77.7726
77.79
77.8134
77.8427
77.878
77.9193
77.9667
78.0204
78.0804
78.1468
78.2199
78.2998
78.3866
78.4805
78.5819
78.6909
78.8078
78.9328
79.0663
79.2085
79.3596
79.5197
79.6889
79.867
80.0532
80.2465
80.4448
80.6448
80.8414
81.0271
81.1458
81.2127
81.2719
81.3221
81.3615
81.4312
83.8884
91.4548
91.4548
83.8884
81.4312
81.3615
81.3221
81.2719
81.2127
81.1458
81.0271
80.8414
80.6448
80.4448
80.2465
80.0532
79.867
79.6889
79.5197
79.3596
79.2085
79.0663
78.9328
78.8078
78.6909
78.5819
78.4805
78.3866
78.2998
78.2199
78.1468
78.0804
78.0204
77.9667
77.9193
77.878
77.8427
77.8134
77.79
77.7726
77.7609
77.7551
76.2095
76.2151
76.2263
76.243
76.2654
76.2935
76.3273
76.3668
76.4122
76.4634
76.5207
76.5841
76.6536
76.7295
76.8119
76.9008
76.9965
77.099
77.2087
77.3254
77.4495
77.5809
77.7196
77.8654
78.018
78.1768
78.3407
78.5079
78.6761
78.8415
78.9991
79.1416
79.2267
79.2724
79.3101
79.3383
79.3551
79.363
79.2591
87.4563
87.4563
79.2591
79.363
79.3551
79.3383
79.3101
79.2724
79.2267
79.1416
78.9991
78.8415
78.6761
78.5079
78.3407
78.1768
78.018
77.8654
77.7196
77.5809
77.4495
77.3254
77.2087
77.099
76.9965
76.9008
76.8119
76.7295
76.6536
76.5841
76.5207
76.4634
76.4122
76.3668
76.3273
76.2935
76.2654
76.243
76.2263
76.2151
76.2095
74.6584
74.6637
74.6744
74.6904
74.7118
74.7386
74.7708
74.8085
74.8517
74.9005
74.9549
75.0151
75.081
75.1528
75.2305
75.3143
75.4041
75.5002
75.6024
75.7108
75.8254
75.946
76.0724
76.2043
76.341
76.4816
76.6247
76.7684
76.9102
77.0462
77.1718
77.2806
77.3414
77.3725
77.3963
77.4117
77.4178
77.413
77.4027
85.7474
85.7474
77.4027
77.413
77.4178
77.4117
77.3963
77.3725
77.3414
77.2806
77.1718
77.0462
76.9102
76.7684
76.6247
76.4816
76.341
76.2043
76.0724
75.946
75.8254
75.7108
75.6024
75.5002
75.4041
75.3143
75.2305
75.1528
75.081
75.0151
74.9549
74.9005
74.8517
74.8085
74.7708
74.7386
74.7118
74.6904
74.6744
74.6637
74.6584
73.1019
73.107
73.1171
73.1324
73.1527
73.1782
73.2089
73.2447
73.2857
73.3319
73.3835
73.4403
73.5026
73.5702
73.6432
73.7217
73.8057
73.8951
73.9899
74.0899
74.1952
74.3053
74.4199
74.5384
74.6601
74.7838
74.9081
75.031
75.1499
75.2614
75.3613
75.4445
75.488
75.5093
75.5246
75.5332
75.5348
75.5288
75.5207
84.4993
84.4993
75.5207
75.5288
75.5348
75.5332
75.5246
75.5093
75.488
75.4445
75.3613
75.2614
75.1499
75.031
74.9081
74.7838
74.6601
74.5384
74.4199
74.3053
74.1952
74.0899
73.9899
73.8951
73.8057
73.7217
73.6432
73.5702
73.5026
73.4403
73.3835
73.3319
73.2857
73.2447
73.2089
73.1782
73.1527
73.1324
73.1171
73.107
73.1019
71.5403
71.5452
71.5548
71.5693
71.5886
71.6127
71.6417
71.6756
71.7144
71.7581
71.8067
71.8602
71.9187
71.9821
72.0504
72.1237
72.2017
72.2846
72.3721
72.464
72.5601
72.6601
72.7634
72.8693
72.9771
73.0854
73.1929
73.2975
73.397
73.4881
73.5676
73.6311
73.6623
73.6769
73.6865
73.6908
73.6895
73.6826
73.6747
83.554
83.554
73.6747
73.6826
73.6895
73.6908
73.6865
73.6769
73.6623
73.6311
73.5676
73.4881
73.397
73.2975
73.1929
73.0854
72.9771
72.8693
72.7634
72.6601
72.5601
72.464
72.3721
72.2846
72.2017
72.1237
72.0504
71.9821
71.9187
71.8602
71.8067
71.7581
71.7144
71.6756
71.6417
71.6127
71.5886
71.5693
71.5548
71.5452
71.5403
69.974
69.9785
69.9876
70.0013
70.0196
70.0424
70.0698
70.1017
70.1382
70.1793
70.225
70.2752
70.3299
70.3891
70.4527
70.5208
70.593
70.6694
70.7498
70.8338
70.9212
71.0115
71.1042
71.1985
71.2935
71.388
71.4805
71.5693
71.6523
71.7267
71.7897
71.8381
71.8602
71.8698
71.8752
71.8764
71.873
71.8651
71.8573
82.9637
82.9637
71.8573
71.8651
71.873
71.8764
71.8752
71.8698
71.8602
71.8381
71.7897
71.7267
71.6523
71.5693
71.4805
71.388
71.2935
71.1985
71.1042
71.0115
70.9212
70.8338
70.7498
70.6694
70.593
70.5208
70.4527
70.3891
70.3299
70.2752
70.225
70.1793
70.1382
70.1017
70.0698
70.0424
70.0196
70.0013
69.9876
69.9785
69.974
68.403
68.4073
68.4159
68.4288
68.446
68.4675
68.4932
68.5232
68.5575
68.596
68.6387
68.6856
68.7366
68.7917
68.8507
68.9136
68.9802
69.0504
69.1238
69.2003
69.2794
69.3606
69.4434
69.5269
69.6103
69.6924
69.7719
69.8471
69.916
69.9766
70.0264
70.0629
70.0779
70.0837
70.086
70.0846
70.0795
70.0706
70.0629
82.853
82.853
70.0629
70.0706
70.0795
70.0846
70.086
70.0837
70.0779
70.0629
70.0264
69.9766
69.916
69.8471
69.7719
69.6924
69.6103
69.5269
69.4434
69.3606
69.2794
69.2003
69.1238
69.0504
68.9802
68.9136
68.8507
68.7917
68.7366
68.6856
68.6387
68.596
68.5575
68.5232
68.4932
68.4675
68.446
68.4288
68.4159
68.4073
68.403
66.8278
66.8318
66.8399
66.852
66.8681
66.8883
66.9124
66.9405
66.9725
67.0084
67.0483
67.0919
67.1392
67.1902
67.2448
67.3027
67.3639
67.428
67.4949
67.5642
67.6355
67.7082
67.7818
67.8555
67.9285
67.9996
68.0676
68.131
68.1882
68.2373
68.2765
68.3035
68.3129
68.3157
68.3153
68.3117
68.3049
68.2949
68.2872
83.3123
83.3123
68.2872
68.2949
68.3049
68.3117
68.3153
68.3157
68.3129
68.3035
68.2765
68.2373
68.1882
68.131
68.0676
67.9996
67.9285
67.8555
67.7818
67.7082
67.6355
67.5642
67.4949
67.428
67.3639
67.3027
67.2448
67.1902
67.1392
67.0919
67.0483
67.0084
66.9725
66.9405
66.9124
66.8883
66.8681
66.852
66.8399
66.8318
66.8278
65.2485
65.2523
65.2599
65.2712
65.2863
65.3051
65.3276
65.3538
65.3836
65.417
65.454
65.4944
65.5382
65.5853
65.6355
65.6886
65.7445
65.8029
65.8636
65.9261
65.99
66.0549
66.1201
66.1849
66.2485
66.3098
66.3678
66.4211
66.4684
66.5081
66.5386
66.5581
66.5631
66.5635
66.5609
66.5553
66.5466
66.5348
66.5267
82.8106
82.8106
66.5267
66.5348
66.5466
66.5553
66.5609
66.5635
66.5631
66.5581
66.5386
66.5081
66.4684
66.4211
66.3678
66.3098
66.2485
66.1849
66.1201
66.0549
65.99
65.9261
65.8636
65.8029
65.7445
65.6886
65.6355
65.5853
65.5382
65.4944
65.454
65.417
65.3836
65.3538
65.3276
65.3051
65.2863
65.2712
65.2599
65.2523
65.2485
63.6655
63.669
63.676
63.6866
63.7006
63.7182
63.7391
63.7634
63.7911
63.8221
63.8563
63.8936
63.934
63.9772
64.0232
64.0717
64.1226
64.1756
64.2303
64.2865
64.3437
64.4013
64.4588
64.5155
64.5707
64.6234
64.6726
64.7173
64.7562
64.7881
64.8116
64.8254
64.8272
64.8259
64.8218
64.8147
64.8038
64.7882
64.7754
66.5056
66.5056
64.7754
64.7882
64.8038
64.8147
64.8218
64.8259
64.8272
64.8254
64.8116
64.7881
64.7562
64.7173
64.6726
64.6234
64.5707
64.5155
64.4588
64.4013
64.3437
64.2865
64.2303
64.1756
64.1226
64.0717
64.0232
63.9772
63.934
63.8936
63.8563
63.8221
63.7911
63.7634
63.7391
63.7182
63.7006
63.6866
63.676
63.669
63.6655
62.0791
62.0824
62.0889
62.0987
62.1118
62.128
62.1474
62.17
62.1956
62.2242
62.2557
62.29
62.327
62.3666
62.4086
62.4528
62.4989
62.5467
62.596
62.6462
62.6971
62.7481
62.7986
62.848
62.8957
62.9408
62.9824
63.0196
63.0514
63.0768
63.0947
63.1042
63.1043
63.1025
63.0987
63.093
63.0857
63.0772
63.0685
64.66
64.66
63.0685
63.0772
63.0857
63.093
63.0987
63.1025
63.1043
63.1042
63.0947
63.0768
63.0514
63.0196
62.9824
62.9408
62.8957
62.848
62.7986
62.7481
62.6971
62.6462
62.596
62.5467
62.4989
62.4528
62.4086
62.3666
62.327
62.29
62.2557
62.2242
62.1956
62.17
62.1474
62.128
62.1118
62.0987
62.0889
62.0824
62.0791
60.4895
60.4925
60.4986
60.5076
60.5197
60.5347
60.5526
60.5734
60.597
60.6233
60.6523
60.6837
60.7176
60.7536
60.7918
60.8318
60.8735
60.9165
60.9606
61.0053
61.0504
61.0953
61.1394
61.1823
61.2233
61.2616
61.2965
61.3273
61.353
61.3729
61.3863
61.3923
61.3911
61.3889
61.3851
61.3799
61.3734
61.3658
61.3572
62.9566
62.9566
61.3572
61.3658
61.3734
61.3799
61.3851
61.3889
61.3911
61.3923
61.3863
61.3729
61.353
61.3273
61.2965
61.2616
61.2233
61.1823
61.1394
61.0953
61.0504
61.0053
60.9606
60.9165
60.8735
60.8318
60.7918
60.7536
60.7176
60.6837
60.6523
60.6233
60.597
60.5734
60.5526
60.5347
60.5197
60.5076
60.4986
60.4925
60.4895
58.8968
58.8996
58.9052
58.9135
58.9247
58.9385
58.955
58.9741
58.9957
59.0199
59.0463
59.075
59.1058
59.1386
59.1731
59.2093
59.2467
59.2852
59.3245
59.3642
59.4039
59.4432
59.4816
59.5185
59.5535
59.5858
59.6149
59.64
59.6605
59.6757
59.6851
59.6882
59.6856
59.6828
59.6787
59.6734
59.6669
59.6593
59.6504
61.2762
61.2762
59.6504
59.6593
59.6669
59.6734
59.6787
59.6828
59.6856
59.6882
59.6851
59.6757
59.6605
59.64
59.6149
59.5858
59.5535
59.5185
59.4816
59.4432
59.4039
59.3642
59.3245
59.2852
59.2467
59.2093
59.1731
59.1386
59.1058
59.075
59.0463
59.0199
58.9957
58.9741
58.955
58.9385
58.9247
58.9135
58.9052
58.8996
58.8968
57.3013
57.3039
57.309
57.3167
57.3269
57.3396
57.3547
57.3722
57.392
57.414
57.4381
57.4642
57.4921
57.5218
57.5529
57.5854
57.6189
57.6532
57.688
57.723
57.7578
57.792
57.8251
57.8567
57.8863
57.9133
57.9371
57.9573
57.9732
57.9843
57.9902
57.9905
57.9867
57.9832
57.9785
57.9728
57.966
57.9582
57.9491
59.6062
59.6062
57.9491
57.9582
57.966
57.9728
57.9785
57.9832
57.9867
57.9905
57.9902
57.9843
57.9732
57.9573
57.9371
57.9133
57.8863
57.8567
57.8251
57.792
57.7578
57.723
57.688
57.6532
57.6189
57.5854
57.5529
57.5218
57.4921
57.4642
57.4381
57.414
57.392
57.3722
57.3547
57.3396
57.3269
57.3167
57.309
57.3039
57.3013
55.7032
55.7056
55.7103
55.7174
55.7267
55.7383
55.7521
55.7681
55.7861
55.8061
55.8279
55.8516
55.8768
55.9034
55.9314
55.9604
55.9902
56.0206
56.0513
56.082
56.1123
56.1418
56.1702
56.197
56.2217
56.2439
56.2631
56.2789
56.2906
56.2981
56.3008
56.2986
56.2934
56.2892
56.2839
56.2777
56.2705
56.2623
56.2531
57.9446
57.9446
56.2531
56.2623
56.2705
56.2777
56.2839
56.2892
56.2934
56.2986
56.3008
56.2981
56.2906
56.2789
56.2631
56.2439
56.2217
56.197
56.1702
56.1418
56.1123
56.082
56.0513
56.0206
55.9902
55.9604
55.9314
55.9034
55.8768
55.8516
55.8279
55.8061
55.7861
55.7681
55.7521
55.7383
55.7267
55.7174
55.7103
55.7056
55.7032
54.1028
54.105
54.1093
54.1157
54.1242
54.1348
54.1473
54.1618
54.1782
54.1963
54.216
54.2373
54.26
54.2839
54.3088
54.3346
54.361
54.3878
54.4147
54.4414
54.4675
54.4928
54.5169
54.5393
54.5597
54.5776
54.5926
54.6044
54.6125
54.6166
54.6164
54.6118
54.6052
54.6002
54.5944
54.5876
54.5799
54.5714
54.5619
56.2908
56.2908
54.5619
54.5714
54.5799
54.5876
54.5944
54.6002
54.6052
54.6118
54.6164
54.6166
54.6125
54.6044
54.5926
54.5776
54.5597
54.5393
54.5169
54.4928
54.4675
54.4414
54.4147
54.3878
54.361
54.3346
54.3088
54.2839
54.26
54.2373
54.216
54.1963
54.1782
54.1618
54.1473
54.1348
54.1242
54.1157
54.1093
54.105
54.1028
52.5003
52.5022
52.5061
52.512
52.5197
52.5293
52.5406
52.5537
52.5685
52.5848
52.6026
52.6216
52.6419
52.6632
52.6854
52.7082
52.7314
52.7548
52.7782
52.8013
52.8237
52.8451
52.8652
52.8836
52.9001
52.9141
52.9253
52.9335
52.9383
52.9393
52.9365
52.9296
52.9216
52.9159
52.9093
52.902
52.8938
52.8849
52.875
54.6444
54.6444
52.875
52.8849
52.8938
52.902
52.9093
52.9159
52.9216
52.9296
52.9365
52.9393
52.9383
52.9335
52.9253
52.9141
52.9001
52.8836
52.8652
52.8451
52.8237
52.8013
52.7782
52.7548
52.7314
52.7082
52.6854
52.6632
52.6419
52.6216
52.6026
52.5848
52.5685
52.5537
52.5406
52.5293
52.5197
52.512
52.5061
52.5022
52.5003
50.8957
50.8975
50.901
50.9063
50.9133
50.9219
50.9322
50.944
50.9573
50.9719
50.9878
51.0048
51.0228
51.0417
51.0613
51.0813
51.1016
51.122
51.1421
51.1618
51.1807
51.1986
51.2152
51.23
51.2429
51.2533
51.2612
51.2661
51.2678
51.266
51.2606
51.2514
51.2421
51.2356
51.2284
51.2204
51.2117
51.2023
51.1921
53.005
53.005
51.1921
51.2023
51.2117
51.2204
51.2284
51.2356
51.2421
51.2514
51.2606
51.266
51.2678
51.2661
51.2612
51.2533
51.2429
51.23
51.2152
51.1986
51.1807
51.1618
51.1421
51.122
51.1016
51.0813
51.0613
51.0417
51.0228
51.0048
50.9878
50.9719
50.9573
50.944
50.9322
50.9219
50.9133
50.9063
50.901
50.8975
50.8957
49.2894
49.291
49.2942
49.299
49.3052
49.313
49.3222
49.3328
49.3447
49.3577
49.3718
49.387
49.4029
49.4195
49.4367
49.4542
49.4718
49.4893
49.5065
49.5231
49.5389
49.5536
49.5668
49.5784
49.588
49.5953
49.6
49.6019
49.6007
49.5963
49.5884
49.5771
49.5664
49.5591
49.5512
49.5426
49.5333
49.5234
49.5127
51.3722
51.3722
49.5127
49.5234
49.5333
49.5426
49.5512
49.5591
49.5664
49.5771
49.5884
49.5963
49.6007
49.6019
49.6
49.5953
49.588
49.5784
49.5668
49.5536
49.5389
49.5231
49.5065
49.4893
49.4718
49.4542
49.4367
49.4195
49.4029
49.387
49.3718
49.3577
49.3447
49.3328
49.3222
49.313
49.3052
49.299
49.2942
49.291
49.2894
47.6815
47.683
47.6858
47.6901
47.6957
47.7027
47.7109
47.7203
47.7309
47.7424
47.755
47.7683
47.7823
47.7968
47.8118
47.8269
47.842
47.8569
47.8714
47.8852
47.8982
47.9099
47.9202
47.9288
47.9354
47.9398
47.9416
47.9407
47.9369
47.9299
47.9197
47.9063
47.8942
47.8861
47.8774
47.8681
47.8581
47.8476
47.8364
49.7455
49.7455
47.8364
47.8476
47.8581
47.8681
47.8774
47.8861
47.8942
47.9063
47.9197
47.9299
47.9369
47.9407
47.9416
47.9398
47.9354
47.9288
47.9202
47.9099
47.8982
47.8852
47.8714
47.8569
47.842
47.8269
47.8118
47.7968
47.7823
47.7683
47.755
47.7424
47.7309
47.7203
47.7109
47.7027
47.6957
47.6901
47.6858
47.683
47.6815
46.0722
46.0735
46.076
46.0798
46.0848
46.091
46.0983
46.1067
46.116
46.1262
46.1373
46.1489
46.1612
46.1738
46.1867
46.1996
46.2124
46.225
46.237
46.2483
46.2586
46.2677
46.2753
46.2812
46.2851
46.2868
46.286
46.2825
46.2762
46.2668
46.2544
46.2387
46.2252
46.2162
46.2067
46.1966
46.1859
46.1747
46.1629
48.1242
48.1242
46.1629
46.1747
46.1859
46.1966
46.2067
46.2162
46.2252
46.2387
46.2544
46.2668
46.2762
46.2825
46.286
46.2868
46.2851
46.2812
46.2753
46.2677
46.2586
46.2483
46.237
46.225
46.2124
46.1996
46.1867
46.1738
46.1612
46.1489
46.1373
46.1262
46.116
46.1067
46.0983
46.091
46.0848
46.0798
46.076
46.0735
46.0722
44.4616
44.4627
44.465
44.4684
44.4728
44.4783
44.4847
44.4921
44.5003
44.5093
44.5189
44.529
44.5396
44.5505
44.5615
44.5724
44.5832
44.5936
44.6033
44.6123
44.6202
44.6269
44.6321
44.6355
44.637
44.6362
44.633
44.6272
44.6185
44.6069
44.5921
44.5743
44.5592
44.5493
44.5389
44.5279
44.5164
44.5044
44.4918
46.507
46.507
44.4918
44.5044
44.5164
44.5279
44.5389
44.5493
44.5592
44.5743
44.5921
44.6069
44.6185
44.6272
44.633
44.6362
44.637
44.6355
44.6321
44.6269
44.6202
44.6123
44.6033
44.5936
44.5832
44.5724
44.5615
44.5505
44.5396
44.529
44.5189
44.5093
44.5003
44.4921
44.4847
44.4783
44.4728
44.4684
44.465
44.4627
44.4616
42.8499
42.8509
42.8529
42.8558
42.8597
42.8645
42.8702
42.8767
42.8838
42.8916
42.9
42.9087
42.9178
42.927
42.9363
42.9455
42.9543
42.9627
42.9705
42.9773
42.9831
42.9876
42.9906
42.9919
42.9911
42.9881
42.9828
42.9747
42.9638
42.95
42.933
42.9129
42.8962
42.8853
42.8738
42.8618
42.8493
42.8364
42.8229
44.8921
44.8921
42.8229
42.8364
42.8493
42.8618
42.8738
42.8853
42.8962
42.9129
42.933
42.95
42.9638
42.9747
42.9828
42.9881
42.9911
42.9919
42.9906
42.9876
42.9831
42.9773
42.9705
42.9627
42.9543
42.9455
42.9363
42.927
42.9178
42.9087
42.9
42.8916
42.8838
42.8767
42.8702
42.8645
42.8597
42.8558
42.8529
42.8509
42.8499
41.2371
41.238
41.2397
41.2423
41.2458
41.25
41.2549
41.2605
41.2667
41.2735
41.2806
41.2881
41.2958
41.3036
41.3113
41.3188
41.326
41.3326
41.3385
41.3435
41.3473
41.3499
41.3509
41.3502
41.3474
41.3425
41.3351
41.3251
41.3121
41.2962
41.277
41.2546
41.2361
41.2241
41.2115
41.1983
41.1846
41.1705
41.1558
43.2759
43.2759
41.1558
41.1705
41.1846
41.1983
41.2115
41.2241
41.2361
41.2546
41.277
41.2962
41.3121
41.3251
41.3351
41.3425
41.3474
41.3502
41.3509
41.3499
41.3473
41.3435
41.3385
41.3326
41.326
41.3188
41.3113
41.3036
41.2958
41.2881
41.2806
41.2735
41.2667
41.2605
41.2549
41.25
41.2458
41.2423
41.2397
41.238
41.2371
39.6235
39.6242
39.6258
39.628
39.631
39.6347
39.6389
39.6438
39.6491
39.6549
39.661
39.6673
39.6737
39.6802
39.6865
39.6925
39.6981
39.7031
39.7074
39.7107
39.7129
39.7137
39.713
39.7105
39.706
39.6993
39.6901
39.6783
39.6635
39.6456
39.6243
39.5996
39.5791
39.5659
39.552
39.5374
39.5223
39.5066
39.4904
41.6511
41.6511
39.4904
39.5066
39.5223
39.5374
39.552
39.5659
39.5791
39.5996
39.6243
39.6456
39.6635
39.6783
39.6901
39.6993
39.706
39.7105
39.713
39.7137
39.7129
39.7107
39.7074
39.7031
39.6981
39.6925
39.6865
39.6802
39.6737
39.6673
39.661
39.6549
39.6491
39.6438
39.6389
39.6347
39.631
39.628
39.6258
39.6242
39.6235
38.0091
38.0097
38.0111
38.013
38.0156
38.0187
38.0224
38.0265
38.0311
38.0359
38.0411
38.0463
38.0516
38.0569
38.0619
38.0666
38.0709
38.0744
38.0772
38.0791
38.0797
38.079
38.0768
38.0728
38.0668
38.0585
38.0478
38.0344
38.018
37.9983
37.9751
37.9481
37.9256
37.911
37.8956
37.8795
37.8626
37.845
37.8267
40.0017
40.0017
37.8267
37.845
37.8626
37.8795
37.8956
37.911
37.9256
37.9481
37.9751
37.9983
38.018
38.0344
38.0478
38.0585
38.0668
38.0728
38.0768
38.079
38.0797
38.0791
38.0772
38.0744
38.0709
38.0666
38.0619
38.0569
38.0516
38.0463
38.0411
38.0359
38.0311
38.0265
38.0224
38.0187
38.0156
38.013
38.0111
38.0097
38.0091
36.394
36.3946
36.3957
36.3974
36.3996
36.4023
36.4054
36.4089
36.4127
36.4168
36.421
36.4253
36.4296
36.4338
36.4377
36.4412
36.4442
36.4466
36.4481
36.4486
36.448
36.446
36.4424
36.4371
36.4298
36.4202
36.4082
36.3935
36.3757
36.3546
36.3297
36.3006
36.2762
36.2602
36.2433
36.2252
36.2062
36.1861
36.165
38.2891
38.2891
36.165
36.1861
36.2062
36.2252
36.2433
36.2602
36.2762
36.3006
36.3297
36.3546
36.3757
36.3935
36.4082
36.4202
36.4298
36.4371
36.4424
36.446
36.448
36.4486
36.4481
36.4466
36.4442
36.4412
36.4377
36.4338
36.4296
36.4253
36.421
36.4168
36.4127
36.4089
36.4054
36.4023
36.3996
36.3974
36.3957
36.3946
36.394
34.7784
34.7789
34.7798
34.7812
34.7831
34.7854
34.788
34.7909
34.7941
34.7974
34.8009
34.8043
34.8077
34.8109
34.8138
34.8163
34.8183
34.8195
34.8199
34.8193
34.8175
34.8144
34.8098
34.8033
34.795
34.7844
34.7714
34.7556
34.7368
34.7146
34.6884
34.6578
34.6318
34.6146
34.5961
34.5762
34.5548
34.5317
34.5068
36.4173
36.4173
34.5068
34.5317
34.5548
34.5762
34.5961
34.6146
34.6318
34.6578
34.6884
34.7146
34.7368
34.7556
34.7714
34.7844
34.795
34.8033
34.8098
34.8144
34.8175
34.8193
34.8199
34.8195
34.8183
34.8163
34.8138
34.8109
34.8077
34.8043
34.8009
34.7974
34.7941
34.7909
34.788
34.7854
34.7831
34.7812
34.7798
34.7789
34.7784
33.1623
33.1627
33.1635
33.1647
33.1662
33.1681
33.1703
33.1727
33.1753
33.178
33.1807
33.1834
33.186
33.1884
33.1904
33.192
33.193
33.1933
33.1927
33.1912
33.1885
33.1844
33.1789
33.1716
33.1624
33.151
33.1373
33.1208
33.1014
33.0785
33.0517
33.0202
32.9934
32.9755
32.9561
32.9349
32.9116
32.8857
32.8567
34.1732
34.1732
32.8567
32.8857
32.9116
32.9349
32.9561
32.9755
32.9934
33.0202
33.0517
33.0785
33.1014
33.1208
33.1373
33.151
33.1624
33.1716
33.1789
33.1844
33.1885
33.1912
33.1927
33.1933
33.193
33.192
33.1904
33.1884
33.186
33.1834
33.1807
33.178
33.1753
33.1727
33.1703
33.1681
33.1662
33.1647
33.1635
33.1627
33.1623
31.5457
31.5461
31.5467
31.5477
31.549
31.5506
31.5523
31.5543
31.5564
31.5585
31.5606
31.5627
31.5646
31.5662
31.5674
31.5682
31.5684
31.5679
31.5666
31.5642
31.5607
31.5559
31.5497
31.5417
31.5319
31.5201
31.5059
31.4891
31.4694
31.4464
31.4196
31.3884
31.3619
31.3443
31.3252
31.3043
31.2811
31.255
31.2248
31.3693
31.3693
31.2248
31.255
31.2811
31.3043
31.3252
31.3443
31.3619
31.3884
31.4196
31.4464
31.4694
31.4891
31.5059
31.5201
31.5319
31.5417
31.5497
31.5559
31.5607
31.5642
31.5666
31.5679
31.5684
31.5682
31.5674
31.5662
31.5646
31.5627
31.5606
31.5585
31.5564
31.5543
31.5523
31.5506
31.549
31.5477
31.5467
31.5461
31.5457
29.9289
29.9291
29.9297
29.9305
29.9315
29.9328
29.9342
29.9357
29.9374
29.939
29.9406
29.9421
29.9433
29.9443
29.9449
29.9451
29.9446
29.9434
29.9414
29.9384
29.9343
29.9289
29.9222
29.9138
29.9036
29.8914
29.877
29.8602
29.8406
29.818
29.792
29.762
29.7372
29.7209
29.7035
29.685
29.6652
29.6443
29.6221
29.6192
29.6192
29.6221
29.6443
29.6652
29.685
29.7035
29.7209
29.7372
29.762
29.792
29.818
29.8406
29.8602
29.877
29.8914
29.9036
29.9138
29.9222
29.9289
29.9343
29.9384
29.9414
29.9434
29.9446
29.9451
29.9449
29.9443
29.9433
29.9421
29.9406
29.939
29.9374
29.9357
29.9342
29.9328
29.9315
29.9305
29.9297
29.9291
29.9289
28.3117
28.3119
28.3124
28.313
28.3139
28.3148
28.316
28.3171
28.3184
28.3196
28.3207
28.3217
28.3224
28.3229
28.3229
28.3225
28.3215
28.3197
28.3172
28.3137
28.3091
28.3034
28.2962
28.2876
28.2772
28.265
28.2507
28.2341
28.2149
28.1931
28.1682
28.1401
28.1174
28.1028
28.0876
28.0718
28.0557
28.0392
28.0229
28.0207
28.0207
28.0229
28.0392
28.0557
28.0718
28.0876
28.1028
28.1174
28.1401
28.1682
28.1931
28.2149
28.2341
28.2507
28.265
28.2772
28.2876
28.2962
28.3034
28.3091
28.3137
28.3172
28.3197
28.3215
28.3225
28.3229
28.3229
28.3224
28.3217
28.3207
28.3196
28.3184
28.3171
28.316
28.3148
28.3139
28.313
28.3124
28.3119
28.3117
26.6944
26.6945
26.6949
26.6954
26.696
26.6968
26.6976
26.6985
26.6994
26.7002
26.7009
26.7015
26.7018
26.7018
26.7014
26.7005
26.699
26.6969
26.6939
26.6901
26.6852
26.6792
26.6718
26.6631
26.6527
26.6406
26.6266
26.6104
26.592
26.5711
26.5476
26.5215
26.5009
26.4878
26.4744
26.4608
26.4472
26.4338
26.4207
26.4187
26.4187
26.4207
26.4338
26.4472
26.4608
26.4744
26.4878
26.5009
26.5215
26.5476
26.5711
26.592
26.6104
26.6266
26.6406
26.6527
26.6631
26.6718
26.6792
26.6852
26.6901
26.6939
26.6969
26.699
26.7005
26.7014
26.7018
26.7018
26.7015
26.7009
26.7002
26.6994
26.6985
26.6976
26.6968
26.696
26.6954
26.6949
26.6945
26.6944
25.0768
25.0769
25.0772
25.0776
25.0781
25.0786
25.0792
25.0799
25.0805
25.081
25.0814
25.0816
25.0815
25.0811
25.0804
25.0791
25.0773
25.0748
25.0716
25.0675
25.0624
25.0562
25.0489
25.0402
25.03
25.0182
25.0046
24.9891
24.9715
24.9518
24.9297
24.9054
24.8864
24.8744
24.8623
24.8501
24.838
24.8263
24.8151
24.8133
24.8133
24.8151
24.8263
24.838
24.8501
24.8623
24.8744
24.8864
24.9054
24.9297
24.9518
24.9715
24.9891
25.0046
25.0182
25.03
25.0402
25.0489
25.0562
25.0624
25.0675
25.0716
25.0748
25.0773
25.0791
25.0804
25.0811
25.0815
25.0816
25.0814
25.081
25.0805
25.0799
25.0792
25.0786
25.0781
25.0776
25.0772
25.0769
25.0768
23.4591
23.4592
23.4594
23.4597
23.4601
23.4604
23.4609
23.4613
23.4616
23.4619
23.462
23.4619
23.4615
23.4608
23.4598
23.4583
23.4562
23.4535
23.4501
23.4458
23.4407
23.4345
23.4273
23.4187
23.4089
23.3975
23.3845
23.3698
23.3533
23.3347
23.314
23.2912
23.2733
23.2619
23.2503
23.2386
23.227
23.2159
23.2057
23.204
23.204
23.2057
23.2159
23.227
23.2386
23.2503
23.2619
23.2733
23.2912
23.314
23.3347
23.3533
23.3698
23.3845
23.3975
23.4089
23.4187
23.4273
23.4345
23.4407
23.4458
23.4501
23.4535
23.4562
23.4583
23.4598
23.4608
23.4615
23.4619
23.462
23.4619
23.4616
23.4613
23.4609
23.4604
23.4601
23.4597
23.4594
23.4592
23.4591
21.8413
21.8414
21.8416
21.8417
21.842
21.8422
21.8425
21.8427
21.8428
21.8429
21.8428
21.8424
21.8419
21.841
21.8397
21.838
21.8357
21.8329
21.8294
21.8251
21.82
21.814
21.8069
21.7987
21.7892
21.7784
21.7662
21.7525
21.737
21.7198
21.7005
21.6791
21.6618
21.6506
21.6389
21.6265
21.6137
21.6009
21.5896
21.5889
21.5889
21.5896
21.6009
21.6137
21.6265
21.6389
21.6506
21.6618
21.6791
21.7005
21.7198
21.737
21.7525
21.7662
21.7784
21.7892
21.7987
21.8069
21.814
21.82
21.8251
21.8294
21.8329
21.8357
21.838
21.8397
21.841
21.8419
21.8424
21.8428
21.8429
21.8428
21.8427
21.8425
21.8422
21.842
21.8417
21.8416
21.8414
21.8413
20.2235
20.2235
20.2236
20.2237
20.2239
20.224
20.2241
20.2242
20.2242
20.2241
20.2238
20.2233
20.2225
20.2215
20.22
20.2182
20.2159
20.213
20.2095
20.2052
20.2002
20.1944
20.1876
20.1798
20.1709
20.1608
20.1495
20.1367
20.1226
20.1068
20.0892
20.0695
20.0532
20.0424
20.0303
20.0166
20.0002
19.9792
19.9503
19.919
19.919
19.9503
19.9792
20.0002
20.0166
20.0303
20.0424
20.0532
20.0695
20.0892
20.1068
20.1226
20.1367
20.1495
20.1608
20.1709
20.1798
20.1876
20.1944
20.2002
20.2052
20.2095
20.213
20.2159
20.2182
20.22
20.2215
20.2225
20.2233
20.2238
20.2241
20.2242
20.2242
20.2241
20.224
20.2239
20.2237
20.2236
20.2235
20.2235
18.6056
18.6056
18.6057
18.6057
18.6058
18.6058
18.6059
18.6058
18.6057
18.6054
18.605
18.6043
18.6035
18.6023
18.6008
18.5989
18.5966
18.5937
18.5902
18.5861
18.5813
18.5758
18.5694
18.5621
18.5538
18.5445
18.5341
18.5225
18.5097
18.4956
18.48
18.4628
18.449
18.4399
18.4304
18.4202
18.4095
18.3985
18.3882
18.3811
18.3811
18.3882
18.3985
18.4095
18.4202
18.4304
18.4399
18.449
18.4628
18.48
18.4956
18.5097
18.5225
18.5341
18.5445
18.5538
18.5621
18.5694
18.5758
18.5813
18.5861
18.5902
18.5937
18.5966
18.5989
18.6008
18.6023
18.6035
18.6043
18.605
18.6054
18.6057
18.6058
18.6059
18.6058
18.6058
18.6057
18.6057
18.6056
18.6056
16.9877
16.9877
16.9877
16.9877
16.9877
16.9877
16.9876
16.9875
16.9873
16.9869
16.9864
16.9857
16.9847
16.9835
16.982
16.9801
16.9778
16.975
16.9716
16.9678
16.9632
16.958
16.952
16.9453
16.9377
16.9292
16.9198
16.9095
16.8981
16.8858
16.8725
16.8581
16.8472
16.8403
16.8334
16.8266
16.8202
16.8144
16.8098
16.8072
16.8072
16.8098
16.8144
16.8202
16.8266
16.8334
16.8403
16.8472
16.8581
16.8725
16.8858
16.8981
16.9095
16.9198
16.9292
16.9377
16.9453
16.952
16.958
16.9632
16.9678
16.9716
16.975
16.9778
16.9801
16.982
16.9835
16.9847
16.9857
16.9864
16.9869
16.9873
16.9875
16.9876
16.9877
16.9877
16.9877
16.9877
16.9877
16.9877
15.3697
15.3697
15.3697
15.3697
15.3697
15.3696
15.3695
15.3693
15.369
15.3686
15.368
15.3672
15.3663
15.365
15.3635
15.3617
15.3594
15.3568
15.3536
15.35
15.3458
15.341
15.3355
15.3294
15.3225
15.3149
15.3065
15.2974
15.2876
15.277
15.2659
15.2543
15.2459
15.2409
15.236
15.2314
15.2274
15.224
15.2215
15.2202
15.2202
15.2215
15.224
15.2274
15.2314
15.236
15.2409
15.2459
15.2543
15.2659
15.277
15.2876
15.2974
15.3065
15.3149
15.3225
15.3294
15.3355
15.341
15.3458
15.35
15.3536
15.3568
15.3594
15.3617
15.3635
15.365
15.3663
15.3672
15.368
15.3686
15.369
15.3693
15.3695
15.3696
15.3697
15.3697
15.3697
15.3697
15.3697
13.7518
13.7518
13.7518
13.7517
13.7517
13.7515
13.7514
13.7511
13.7508
13.7504
13.7498
13.749
13.748
13.7469
13.7454
13.7436
13.7415
13.739
13.7361
13.7328
13.7289
13.7246
13.7197
13.7142
13.7081
13.7013
13.694
13.6861
13.6777
13.6688
13.6597
13.6505
13.6442
13.6404
13.637
13.6338
13.6311
13.6289
13.6274
13.6266
13.6266
13.6274
13.6289
13.6311
13.6338
13.637
13.6404
13.6442
13.6505
13.6597
13.6688
13.6777
13.6861
13.694
13.7013
13.7081
13.7142
13.7197
13.7246
13.7289
13.7328
13.7361
13.739
13.7415
13.7436
13.7454
13.7469
13.748
13.749
13.7498
13.7504
13.7508
13.7511
13.7514
13.7515
13.7517
13.7517
13.7518
13.7518
13.7518
12.1339
12.1339
12.1338
12.1338
12.1337
12.1335
12.1334
12.1331
12.1328
12.1323
12.1317
12.131
12.1301
12.1289
12.1276
12.1259
12.124
12.1217
12.1191
12.1161
12.1126
12.1087
12.1044
12.0995
12.0942
12.0884
12.0821
12.0754
12.0683
12.061
12.0535
12.0463
12.0415
12.0388
12.0362
12.034
12.0321
12.0306
12.0296
12.0291
12.0291
12.0296
12.0306
12.0321
12.034
12.0362
12.0388
12.0415
12.0463
12.0535
12.061
12.0683
12.0754
12.0821
12.0884
12.0942
12.0995
12.1044
12.1087
12.1126
12.1161
12.1191
12.1217
12.124
12.1259
12.1276
12.1289
12.1301
12.131
12.1317
12.1323
12.1328
12.1331
12.1334
12.1335
12.1337
12.1338
12.1338
12.1339
12.1339
10.516
10.516
10.5159
10.5158
10.5158
10.5156
10.5154
10.5152
10.5148
10.5144
10.5138
10.5131
10.5123
10.5113
10.51
10.5085
10.5068
10.5048
10.5025
10.4998
10.4968
10.4934
10.4896
10.4854
10.4808
10.4759
10.4706
10.4649
10.4591
10.4531
10.4472
10.4416
10.4379
10.4359
10.434
10.4324
10.431
10.43
10.4292
10.4289
10.4289
10.4292
10.43
10.431
10.4324
10.434
10.4359
10.4379
10.4416
10.4472
10.4531
10.4591
10.4649
10.4706
10.4759
10.4808
10.4854
10.4896
10.4934
10.4968
10.4998
10.5025
10.5048
10.5068
10.5085
10.51
10.5113
10.5123
10.5131
10.5138
10.5144
10.5148
10.5152
10.5154
10.5156
10.5158
10.5158
10.5159
10.516
10.516
8.89809
8.89807
8.89803
8.89796
8.89786
8.89772
8.89754
8.8973
8.89698
8.89658
8.89608
8.89546
8.8947
8.89379
8.8927
8.89141
8.8899
8.88816
8.88615
8.88387
8.88129
8.87841
8.87521
8.87169
8.86786
8.86374
8.85936
8.85476
8.85003
8.84527
8.84062
8.83627
8.83351
8.83195
8.83056
8.82936
8.82837
8.8276
8.82708
8.82682
8.82682
8.82708
8.8276
8.82837
8.82936
8.83056
8.83195
8.83351
8.83627
8.84062
8.84527
8.85003
8.85476
8.85936
8.86374
8.86786
8.87169
8.87521
8.87841
8.88129
8.88387
8.88615
8.88816
8.8899
8.89141
8.8927
8.89379
8.8947
8.89546
8.89608
8.89658
8.89698
8.8973
8.89754
8.89772
8.89786
8.89796
8.89803
8.89807
8.89809
7.28022
7.2802
7.28016
7.2801
7.28001
7.27988
7.27972
7.2795
7.27923
7.27888
7.27844
7.27791
7.27727
7.27649
7.27557
7.27449
7.27323
7.27178
7.27012
7.26823
7.26611
7.26375
7.26114
7.25828
7.25518
7.25186
7.24836
7.24471
7.24099
7.23728
7.23371
7.23041
7.22835
7.2272
7.22617
7.22529
7.22457
7.22401
7.22364
7.22345
7.22345
7.22364
7.22401
7.22457
7.22529
7.22617
7.2272
7.22835
7.23041
7.23371
7.23728
7.24099
7.24471
7.24836
7.25186
7.25518
7.25828
7.26114
7.26375
7.26611
7.26823
7.27012
7.27178
7.27323
7.27449
7.27557
7.27649
7.27727
7.27791
7.27844
7.27888
7.27923
7.2795
7.27972
7.27988
7.28001
7.2801
7.28016
7.2802
7.28022
5.66237
5.66235
5.66232
5.66227
5.66219
5.66209
5.66195
5.66177
5.66154
5.66126
5.66091
5.66048
5.65996
5.65934
5.65861
5.65776
5.65676
5.65562
5.65431
5.65283
5.65118
5.64934
5.64731
5.6451
5.64271
5.64017
5.6375
5.63474
5.63194
5.62917
5.62653
5.62412
5.62262
5.62179
5.62106
5.62042
5.61991
5.61951
5.61925
5.61911
5.61911
5.61925
5.61951
5.61991
5.62042
5.62106
5.62179
5.62262
5.62412
5.62653
5.62917
5.63194
5.63474
5.6375
5.64017
5.64271
5.6451
5.64731
5.64934
5.65118
5.65283
5.65431
5.65562
5.65676
5.65776
5.65861
5.65934
5.65996
5.66048
5.66091
5.66126
5.66154
5.66177
5.66195
5.66209
5.66219
5.66227
5.66232
5.66235
5.66237
4.04454
4.04453
4.0445
4.04446
4.0444
4.04432
4.04422
4.04409
4.04392
4.04371
4.04345
4.04314
4.04276
4.04231
4.04178
4.04116
4.04044
4.03961
4.03867
4.03761
4.03643
4.03511
4.03367
4.0321
4.03041
4.02861
4.02673
4.0248
4.02285
4.02094
4.01912
4.01747
4.01646
4.0159
4.0154
4.01498
4.01463
4.01437
4.01419
4.0141
4.0141
4.01419
4.01437
4.01463
4.01498
4.0154
4.0159
4.01646
4.01747
4.01912
4.02094
4.02285
4.0248
4.02673
4.02861
4.03041
4.0321
4.03367
4.03511
4.03643
4.03761
4.03867
4.03961
4.04044
4.04116
4.04178
4.04231
4.04276
4.04314
4.04345
4.04371
4.04392
4.04409
4.04422
4.04432
4.0444
4.04446
4.0445
4.04453
4.04454
2.42672
2.42671
2.42669
2.42667
2.42663
2.42658
2.42652
2.42644
2.42633
2.42621
2.42605
2.42586
2.42563
2.42535
2.42503
2.42465
2.42422
2.42372
2.42316
2.42252
2.42181
2.42102
2.42015
2.41921
2.4182
2.41714
2.41602
2.41488
2.41373
2.4126
2.41154
2.41058
2.41
2.40967
2.40938
2.40914
2.40894
2.40879
2.40869
2.40863
2.40863
2.40869
2.40879
2.40894
2.40914
2.40938
2.40967
2.41
2.41058
2.41154
2.4126
2.41373
2.41488
2.41602
2.41714
2.4182
2.41921
2.42015
2.42102
2.42181
2.42252
2.42316
2.42372
2.42422
2.42465
2.42503
2.42535
2.42563
2.42586
2.42605
2.42621
2.42633
2.42644
2.42652
2.42658
2.42663
2.42667
2.42669
2.42671
2.42672
0.808905
0.808902
0.808897
0.808888
0.808876
0.808859
0.808838
0.80881
0.808775
0.808732
0.808679
0.808614
0.808537
0.808445
0.808337
0.808212
0.808066
0.8079
0.807711
0.807498
0.80726
0.806997
0.806709
0.806396
0.806061
0.805707
0.805337
0.804958
0.804579
0.804208
0.803858
0.803544
0.803352
0.803245
0.803151
0.803071
0.803006
0.802957
0.802923
0.802906
0.802906
0.802923
0.802957
0.803006
0.803071
0.803151
0.803245
0.803352
0.803544
0.803858
0.804208
0.804579
0.804958
0.805337
0.805707
0.806061
0.806396
0.806709
0.806997
0.80726
0.807498
0.807711
0.8079
0.808066
0.808212
0.808337
0.808445
0.808537
0.808614
0.808679
0.808732
0.808775
0.80881
0.808838
0.808859
0.808876
0.808888
0.808897
0.808902
0.808905
)
;

boundaryField
{
    top
    {
        type            fixedValue;
        value           uniform 0;
    }
    inlet
    {
        type            darcyGradPressure;
        gradient        nonuniform List<scalar> 
80
(
9.81
9.81
9.81
9.81
9.81
9.81
9.81
9.81
9.81
9.81
9.81
9.81
9.81
9.81
9.81
9.81
9.81
9.81
9.81
9.81
9.81
9.81
9.81
9.81
9.81
9.81
9.81
9.81
9.81
9.81
9.81
9.81
9.81
9.81
9.81
9.81
9.81
9.81
9.81
9.81
9.81
9.81
9.81
9.81
9.81
9.81
9.81
9.81
9.81
9.81
9.81
9.81
9.81
9.81
9.81
9.81
9.81
9.81
9.81
9.81
9.81
9.81
9.81
9.81
9.81
9.81
9.81
9.81
9.81
9.81
9.81
9.81
9.81
9.81
9.81
9.81
9.81
9.81
9.81
9.81
)
;
        value           nonuniform List<scalar> 
80
(
110.861
110.869
110.884
110.907
110.937
110.975
111.021
111.075
111.135
111.204
111.28
111.363
111.454
111.552
111.656
111.768
111.886
112.01
112.14
112.275
112.414
112.557
112.703
112.85
112.997
113.143
113.285
113.422
113.551
113.669
113.776
113.867
113.921
113.95
113.975
113.996
114.014
114.027
114.035
114.04
114.04
114.035
114.027
114.014
113.996
113.975
113.95
113.921
113.867
113.776
113.669
113.551
113.422
113.285
113.143
112.997
112.85
112.703
112.557
112.414
112.275
112.14
112.01
111.886
111.768
111.656
111.552
111.454
111.363
111.28
111.204
111.135
111.075
111.021
110.975
110.937
110.907
110.884
110.869
110.861
)
;
    }
    axis
    {
        type            darcyGradPressure;
        gradient        uniform -0;
        value           nonuniform List<scalar> 
160
(
110.721
110.426
110.103
109.748
109.358
108.93
108.459
107.942
107.373
106.748
106.061
105.305
104.473
103.558
102.55
101.441
100.141
98.6995
97.2505
95.7939
94.3298
92.8583
91.3793
89.893
88.3995
86.899
85.3914
83.877
82.356
80.8286
79.2949
77.7551
76.2095
74.6584
73.1019
71.5403
69.974
68.403
66.8278
65.2485
63.6655
62.0791
60.4895
58.8968
57.3013
55.7032
54.1028
52.5003
50.8957
49.2894
47.6815
46.0722
44.4616
42.8499
41.2371
39.6235
38.0091
36.394
34.7784
33.1623
31.5457
29.9289
28.3117
26.6944
25.0768
23.4591
21.8413
20.2235
18.6056
16.9877
15.3697
13.7518
12.1339
10.516
8.89809
7.28022
5.66237
4.04454
2.42672
0.808905
110.721
110.426
110.103
109.748
109.358
108.93
108.459
107.942
107.373
106.748
106.061
105.305
104.473
103.558
102.55
101.441
100.141
98.6995
97.2505
95.7939
94.3298
92.8583
91.3793
89.893
88.3995
86.899
85.3914
83.877
82.356
80.8286
79.2949
77.7551
76.2095
74.6584
73.1019
71.5403
69.974
68.403
66.8278
65.2485
63.6655
62.0791
60.4895
58.8968
57.3013
55.7032
54.1028
52.5003
50.8957
49.2894
47.6815
46.0722
44.4616
42.8499
41.2371
39.6235
38.0091
36.394
34.7784
33.1623
31.5457
29.9289
28.3117
26.6944
25.0768
23.4591
21.8413
20.2235
18.6056
16.9877
15.3697
13.7518
12.1339
10.516
8.89809
7.28022
5.66237
4.04454
2.42672
0.808905
)
;
    }
    frontAndBack
    {
        type            empty;
    }
}


// ************************************************************************* //
