/*--------------------------------*- C++ -*----------------------------------*\
  =========                 |
  \\      /  F ield         | OpenFOAM: The Open Source CFD Toolbox
   \\    /   O peration     | Website:  https://openfoam.org
    \\  /    A nd           | Version:  10
     \\/     M anipulation  |
\*---------------------------------------------------------------------------*/
FoamFile
{
    format      ascii;
    class       volVectorField;
    location    "0.06";
    object      U;
}
// * * * * * * * * * * * * * * * * * * * * * * * * * * * * * * * * * * * * * //

dimensions      [0 1 -1 0 0 0 0];

internalField   nonuniform List<vector> 
4000
(
(5.00001 -7.33108e-05 0)
(5.00014 -0.000219544 0)
(5.0004 -0.000366233 0)
(5.00082 -0.000513151 0)
(5.00139 -0.000660608 0)
(5.00211 -0.000808511 0)
(5.00297 -0.000957224 0)
(5.00398 -0.00110658 0)
(5.00515 -0.00125708 0)
(5.00646 -0.00140846 0)
(5.00793 -0.00156136 0)
(5.00955 -0.00171547 0)
(5.01132 -0.0018716 0)
(5.01325 -0.00202935 0)
(5.01534 -0.00218972 0)
(5.0176 -0.00235222 0)
(5.02001 -0.00251803 0)
(5.02259 -0.00268659 0)
(5.02534 -0.00285924 0)
(5.02827 -0.00303535 0)
(5.03137 -0.00321642 0)
(5.03465 -0.00340174 0)
(5.03812 -0.00359296 0)
(5.04179 -0.00378927 0)
(5.04565 -0.00399251 0)
(5.04972 -0.00420174 0)
(5.05401 -0.00441898 0)
(5.05851 -0.0046432 0)
(5.06324 -0.00487657 0)
(5.0682 -0.00511795 0)
(5.07341 -0.00536968 0)
(5.07888 -0.00563052 0)
(5.08461 -0.00590296 0)
(5.09062 -0.00618567 0)
(5.09691 -0.00648126 0)
(5.1035 -0.00678833 0)
(5.11041 -0.0071096 0)
(5.11765 -0.0074436 0)
(5.12522 -0.00779314 0)
(5.13315 -0.00815668 0)
(5.14145 -0.00853714 0)
(5.15013 -0.00893286 0)
(5.15922 -0.00934687 0)
(5.16873 -0.00977741 0)
(5.17868 -0.0102276 0)
(5.18909 -0.0106955 0)
(5.19997 -0.0111844 0)
(5.21135 -0.0116922 0)
(5.22325 -0.0122221 0)
(5.23569 -0.012772 0)
(5.24869 -0.0133451 0)
(5.26227 -0.013939 0)
(5.27645 -0.0145569 0)
(5.29126 -0.0151962 0)
(5.30672 -0.0158599 0)
(5.32286 -0.0165453 0)
(5.33969 -0.017255 0)
(5.35724 -0.0179861 0)
(5.37553 -0.0187408 0)
(5.39459 -0.0195156 0)
(5.41443 -0.0203127 0)
(5.43509 -0.0211277 0)
(5.45656 -0.0219623 0)
(5.47888 -0.0228116 0)
(5.50206 -0.0236763 0)
(5.52611 -0.0245509 0)
(5.55104 -0.0254353 0)
(5.57686 -0.0263229 0)
(5.60358 -0.0272129 0)
(5.63118 -0.0280976 0)
(5.65967 -0.0289753 0)
(5.68904 -0.0298373 0)
(5.71927 -0.0306809 0)
(5.75033 -0.0314969 0)
(5.78221 -0.0322817 0)
(5.81485 -0.0330254 0)
(5.84822 -0.0337245 0)
(5.88228 -0.0343687 0)
(5.91695 -0.0349547 0)
(5.95219 -0.0354728 0)
(5.98791 -0.0359204 0)
(6.02405 -0.0362889 0)
(6.06053 -0.036577 0)
(6.09725 -0.0367779 0)
(6.13413 -0.0368922 0)
(6.17109 -0.0369151 0)
(6.20802 -0.0368492 0)
(6.24484 -0.0366921 0)
(6.28146 -0.0364487 0)
(6.31779 -0.0361184 0)
(6.35374 -0.0357083 0)
(6.38924 -0.0352195 0)
(6.42422 -0.0346608 0)
(6.45859 -0.0340343 0)
(6.4923 -0.0333501 0)
(6.52529 -0.0326109 0)
(6.5575 -0.0318273 0)
(6.58891 -0.0310024 0)
(6.61947 -0.0301466 0)
(6.64915 -0.0292626 0)
(6.67792 -0.0283607 0)
(6.70578 -0.0274428 0)
(6.73271 -0.0265186 0)
(6.7587 -0.0255889 0)
(6.78375 -0.0246629 0)
(6.80788 -0.0237405 0)
(6.83108 -0.02283 0)
(6.85337 -0.0219303 0)
(6.87476 -0.0210494 0)
(6.89528 -0.020185 0)
(6.91494 -0.0193446 0)
(6.93377 -0.0185252 0)
(6.9518 -0.0177341 0)
(6.96906 -0.0169671 0)
(6.98556 -0.0162315 0)
(7.00134 -0.0155223 0)
(7.01644 -0.0148466 0)
(7.03088 -0.0141985 0)
(7.04469 -0.013585 0)
(7.0579 -0.0129996 0)
(7.07054 -0.0124493 0)
(7.08265 -0.0119266 0)
(7.09426 -0.0114389 0)
(7.10538 -0.0109777 0)
(7.11606 -0.0105508 0)
(7.12633 -0.010149 0)
(7.1362 -0.00978065 0)
(7.14571 -0.00943568 0)
(7.15489 -0.00912302 0)
(7.16376 -0.00883192 0)
(7.17235 -0.00857196 0)
(7.18069 -0.0083316 0)
(7.18879 -0.00812108 0)
(7.19669 -0.00792798 0)
(7.20441 -0.00776316 0)
(7.21197 -0.00761324 0)
(7.2194 -0.00748963 0)
(7.2267 -0.0073779 0)
(7.23391 -0.00728996 0)
(7.24104 -0.00721035 0)
(7.2481 -0.00715151 0)
(7.25511 -0.00709704 0)
(7.26208 -0.0070601 0)
(7.26902 -0.00702351 0)
(7.27593 -0.00700155 0)
(7.28283 -0.00697645 0)
(7.28971 -0.00696411 0)
(7.29659 -0.00694638 0)
(7.30345 -0.00694142 0)
(7.31032 -0.0069307 0)
(7.31719 -0.00693532 0)
(7.32406 -0.00693621 0)
(7.33094 -0.00695798 0)
(7.33785 -0.00698052 0)
(7.34478 -0.00703244 0)
(7.35178 -0.00709186 0)
(7.35884 -0.00719167 0)
(7.36602 -0.00730714 0)
(7.37331 -0.0074755 0)
(7.38079 -0.00766804 0)
(7.38846 -0.00792603 0)
(7.39641 -0.00821557 0)
(7.40466 -0.0085814 0)
(7.41329 -0.00898334 0)
(7.42234 -0.00946861 0)
(7.43189 -0.00998999 0)
(7.44197 -0.0105959 0)
(7.45267 -0.0112317 0)
(7.46402 -0.0119455 0)
(7.47609 -0.0126759 0)
(7.48891 -0.0134687 0)
(7.50251 -0.0142573 0)
(7.51693 -0.0150841 0)
(7.53213 -0.0158793 0)
(7.54816 -0.0166807 0)
(7.56493 -0.0174192 0)
(7.58247 -0.0181277 0)
(7.60064 -0.0187415 0)
(7.61944 -0.0192888 0)
(7.63871 -0.0197142 0)
(7.65841 -0.0200413 0)
(7.67833 -0.020228 0)
(7.69845 -0.0202937 0)
(7.71853 -0.0202125 0)
(7.73854 -0.0199999 0)
(7.75823 -0.0196474 0)
(7.77759 -0.019166 0)
(7.79637 -0.0185642 0)
(7.81458 -0.0178478 0)
(7.83201 -0.0170404 0)
(7.84866 -0.0161413 0)
(7.86438 -0.0151864 0)
(7.87918 -0.0141685 0)
(7.89294 -0.013132 0)
(7.90568 -0.0120603 0)
(7.91739 -0.0110026 0)
(7.92787 -0.00994936 0)
(7.93762 -0.00888548 0)
(7.94613 -0.00804004 0)
(7.95687 -0.00649234 0)
(5.00001 -0.000220155 0)
(5.00014 -0.000659531 0)
(5.0004 -0.00110001 0)
(5.00082 -0.00154114 0)
(5.00139 -0.00198359 0)
(5.0021 -0.00242748 0)
(5.00296 -0.0028734 0)
(5.00398 -0.00332134 0)
(5.00514 -0.00377221 0)
(5.00645 -0.00422594 0)
(5.00791 -0.0046837 0)
(5.00952 -0.00514542 0)
(5.01129 -0.00561257 0)
(5.01322 -0.00608508 0)
(5.0153 -0.00656472 0)
(5.01754 -0.00705139 0)
(5.01994 -0.00754715 0)
(5.02251 -0.00805192 0)
(5.02525 -0.00856802 0)
(5.02816 -0.00909534 0)
(5.03124 -0.00963649 0)
(5.03451 -0.0101913 0)
(5.03796 -0.0107627 0)
(5.0416 -0.0113503 0)
(5.04544 -0.0119575 0)
(5.04948 -0.0125838 0)
(5.05374 -0.0132328 0)
(5.05821 -0.013904 0)
(5.0629 -0.0146012 0)
(5.06783 -0.0153238 0)
(5.073 -0.0160759 0)
(5.07843 -0.016857 0)
(5.08412 -0.0176711 0)
(5.09008 -0.0185178 0)
(5.09633 -0.0194013 0)
(5.10287 -0.0203211 0)
(5.10973 -0.0212817 0)
(5.11691 -0.0222822 0)
(5.12442 -0.0233276 0)
(5.13229 -0.0244168 0)
(5.14053 -0.0255549 0)
(5.14915 -0.0267407 0)
(5.15817 -0.0279794 0)
(5.16761 -0.0292698 0)
(5.17749 -0.030617 0)
(5.18782 -0.0320197 0)
(5.19863 -0.0334831 0)
(5.20993 -0.0350055 0)
(5.22174 -0.0365922 0)
(5.2341 -0.0382412 0)
(5.24701 -0.0399575 0)
(5.2605 -0.041739 0)
(5.2746 -0.0435902 0)
(5.28932 -0.0455085 0)
(5.30469 -0.0474981 0)
(5.32074 -0.0495554 0)
(5.33748 -0.0516841 0)
(5.35494 -0.0538797 0)
(5.37315 -0.0561448 0)
(5.39213 -0.0584738 0)
(5.4119 -0.0608678 0)
(5.43248 -0.0633197 0)
(5.45389 -0.065829 0)
(5.47615 -0.0683864 0)
(5.49928 -0.0709893 0)
(5.5233 -0.0736261 0)
(5.54821 -0.0762915 0)
(5.57402 -0.0789713 0)
(5.60075 -0.0816573 0)
(5.62838 -0.0843322 0)
(5.65693 -0.086985 0)
(5.68637 -0.0895954 0)
(5.71669 -0.0921494 0)
(5.74788 -0.0946242 0)
(5.7799 -0.0970039 0)
(5.81272 -0.0992635 0)
(5.8463 -0.101386 0)
(5.88058 -0.103346 0)
(5.91551 -0.105128 0)
(5.95103 -0.106707 0)
(5.98706 -0.108069 0)
(6.02352 -0.109194 0)
(6.06034 -0.110071 0)
(6.09741 -0.110686 0)
(6.13466 -0.111034 0)
(6.17198 -0.111106 0)
(6.20928 -0.110905 0)
(6.24646 -0.11043 0)
(6.28343 -0.109689 0)
(6.3201 -0.108687 0)
(6.35637 -0.10744 0)
(6.39217 -0.105956 0)
(6.42742 -0.104258 0)
(6.46205 -0.102357 0)
(6.49599 -0.100278 0)
(6.52918 -0.098036 0)
(6.56158 -0.0956563 0)
(6.59313 -0.0931548 0)
(6.62381 -0.090557 0)
(6.65359 -0.0878779 0)
(6.68243 -0.085142 0)
(6.71034 -0.0823626 0)
(6.73729 -0.0795623 0)
(6.76329 -0.0767517 0)
(6.78833 -0.0739511 0)
(6.81243 -0.0711682 0)
(6.83559 -0.0684207 0)
(6.85782 -0.0657135 0)
(6.87914 -0.0630619 0)
(6.89958 -0.0604678 0)
(6.91916 -0.0579446 0)
(6.9379 -0.0554917 0)
(6.95582 -0.0531208 0)
(6.97297 -0.0508289 0)
(6.98936 -0.0486266 0)
(7.00502 -0.0465089 0)
(7.02 -0.0444854 0)
(7.03431 -0.0425492 0)
(7.048 -0.0407096 0)
(7.06109 -0.038958 0)
(7.07361 -0.0373032 0)
(7.08559 -0.0357355 0)
(7.09708 -0.0342635 0)
(7.10808 -0.0328764 0)
(7.11865 -0.0315831 0)
(7.12879 -0.0303715 0)
(7.13855 -0.0292514 0)
(7.14796 -0.0282095 0)
(7.15703 -0.0272563 0)
(7.1658 -0.0263776 0)
(7.17428 -0.0255845 0)
(7.18252 -0.0248618 0)
(7.19053 -0.0242209 0)
(7.19835 -0.0236455 0)
(7.20598 -0.0231474 0)
(7.21346 -0.0227083 0)
(7.22081 -0.0223402 0)
(7.22805 -0.022023 0)
(7.2352 -0.0217685 0)
(7.24227 -0.0215545 0)
(7.24929 -0.0213931 0)
(7.25626 -0.02126 0)
(7.2632 -0.0211682 0)
(7.27012 -0.021092 0)
(7.27702 -0.0210463 0)
(7.28391 -0.0210049 0)
(7.29079 -0.0209859 0)
(7.29767 -0.0209636 0)
(7.30454 -0.0209611 0)
(7.3114 -0.0209539 0)
(7.31826 -0.0209714 0)
(7.32511 -0.0209908 0)
(7.33196 -0.021049 0)
(7.33883 -0.0211242 0)
(7.34571 -0.0212613 0)
(7.35263 -0.0214389 0)
(7.35959 -0.0217089 0)
(7.36665 -0.0220489 0)
(7.3738 -0.0225168 0)
(7.38111 -0.0230865 0)
(7.3886 -0.0238201 0)
(7.39635 -0.0246851 0)
(7.40439 -0.0257452 0)
(7.4128 -0.0269587 0)
(7.42162 -0.0283873 0)
(7.43094 -0.0299774 0)
(7.44082 -0.0317853 0)
(7.45132 -0.0337432 0)
(7.46251 -0.0358984 0)
(7.47445 -0.0381678 0)
(7.4872 -0.0405874 0)
(7.50077 -0.0430592 0)
(7.51522 -0.0456069 0)
(7.53054 -0.0481211 0)
(7.54675 -0.0506142 0)
(7.56379 -0.0529716 0)
(7.58168 -0.0551976 0)
(7.60028 -0.0571813 0)
(7.61958 -0.0589241 0)
(7.63942 -0.0603288 0)
(7.65975 -0.0614 0)
(7.68037 -0.0620634 0)
(7.70121 -0.0623315 0)
(7.72205 -0.0621596 0)
(7.74282 -0.0615702 0)
(7.76328 -0.0605515 0)
(7.78338 -0.0591353 0)
(7.80291 -0.0573405 0)
(7.82182 -0.0552048 0)
(7.83992 -0.0527734 0)
(7.85719 -0.0500839 0)
(7.8735 -0.0472015 0)
(7.88883 -0.0441589 0)
(7.90309 -0.0410309 0)
(7.91627 -0.0378396 0)
(7.9284 -0.0346606 0)
(7.93927 -0.0315316 0)
(7.94936 -0.0283788 0)
(7.9581 -0.0258293 0)
(7.96937 -0.021291 0)
(5.00001 -0.000366849 0)
(5.00014 -0.00109919 0)
(5.0004 -0.00183297 0)
(5.00081 -0.00256768 0)
(5.00138 -0.0033041 0)
(5.00209 -0.00404283 0)
(5.00295 -0.00478433 0)
(5.00395 -0.00552917 0)
(5.00511 -0.00627815 0)
(5.00641 -0.00703202 0)
(5.00786 -0.00779181 0)
(5.00946 -0.00855848 0)
(5.01122 -0.0093333 0)
(5.01313 -0.0101175 0)
(5.01519 -0.0109125 0)
(5.01741 -0.0117198 0)
(5.01979 -0.0125411 0)
(5.02233 -0.013378 0)
(5.02504 -0.0142327 0)
(5.02792 -0.0151067 0)
(5.03096 -0.0160025 0)
(5.03419 -0.0169219 0)
(5.0376 -0.0178674 0)
(5.0412 -0.0188412 0)
(5.04499 -0.0198458 0)
(5.04897 -0.0208836 0)
(5.05317 -0.0219573 0)
(5.05758 -0.0230695 0)
(5.0622 -0.0242231 0)
(5.06706 -0.0254208 0)
(5.07216 -0.0266656 0)
(5.0775 -0.0279602 0)
(5.0831 -0.0293081 0)
(5.08898 -0.0307119 0)
(5.09513 -0.0321751 0)
(5.10157 -0.0337007 0)
(5.10832 -0.0352921 0)
(5.11539 -0.0369523 0)
(5.12279 -0.038685 0)
(5.13054 -0.0404931 0)
(5.13865 -0.0423804 0)
(5.14713 -0.0443497 0)
(5.15602 -0.046405 0)
(5.16532 -0.048549 0)
(5.17505 -0.0507856 0)
(5.18522 -0.0531175 0)
(5.19587 -0.0555483 0)
(5.20701 -0.0580807 0)
(5.21866 -0.0607181 0)
(5.23085 -0.0634628 0)
(5.24358 -0.0663178 0)
(5.2569 -0.069285 0)
(5.27081 -0.072367 0)
(5.28535 -0.0755648 0)
(5.30054 -0.0788802 0)
(5.31641 -0.0823132 0)
(5.33297 -0.0858645 0)
(5.35025 -0.0895326 0)
(5.36829 -0.0933165 0)
(5.3871 -0.0972129 0)
(5.4067 -0.101218 0)
(5.42713 -0.105327 0)
(5.4484 -0.109534 0)
(5.47055 -0.113828 0)
(5.49357 -0.1182 0)
(5.51751 -0.122638 0)
(5.54236 -0.127127 0)
(5.56815 -0.131648 0)
(5.59489 -0.136184 0)
(5.62257 -0.14071 0)
(5.6512 -0.145203 0)
(5.68078 -0.149633 0)
(5.71129 -0.153972 0)
(5.74271 -0.158185 0)
(5.77503 -0.16224 0)
(5.8082 -0.166099 0)
(5.84218 -0.169726 0)
(5.87693 -0.173084 0)
(5.91238 -0.176136 0)
(5.94847 -0.178848 0)
(5.98512 -0.181186 0)
(6.02224 -0.183121 0)
(6.05975 -0.184629 0)
(6.09754 -0.185688 0)
(6.13552 -0.186286 0)
(6.17359 -0.186412 0)
(6.21163 -0.186065 0)
(6.24954 -0.185249 0)
(6.28723 -0.183975 0)
(6.32458 -0.182257 0)
(6.36151 -0.180117 0)
(6.39793 -0.177578 0)
(6.43374 -0.174671 0)
(6.46889 -0.171426 0)
(6.50329 -0.167876 0)
(6.53689 -0.164057 0)
(6.56964 -0.160002 0)
(6.6015 -0.155748 0)
(6.63242 -0.151331 0)
(6.66239 -0.146782 0)
(6.69138 -0.142137 0)
(6.71937 -0.137426 0)
(6.74637 -0.132679 0)
(6.77237 -0.127923 0)
(6.79738 -0.123184 0)
(6.82141 -0.118484 0)
(6.84446 -0.113845 0)
(6.86657 -0.109285 0)
(6.88775 -0.104821 0)
(6.90802 -0.100464 0)
(6.92741 -0.096229 0)
(6.94594 -0.0921233 0)
(6.96366 -0.0881561 0)
(6.98058 -0.0843321 0)
(6.99674 -0.0806573 0)
(7.01218 -0.0771336 0)
(7.02691 -0.0737643 0)
(7.04099 -0.0705492 0)
(7.05444 -0.0674898 0)
(7.06728 -0.0645842 0)
(7.07957 -0.0618328 0)
(7.09132 -0.0592326 0)
(7.10256 -0.0567833 0)
(7.11334 -0.0544811 0)
(7.12367 -0.0523257 0)
(7.1336 -0.050313 0)
(7.14313 -0.0484424 0)
(7.15232 -0.0467099 0)
(7.16117 -0.0451151 0)
(7.16973 -0.0436537 0)
(7.17801 -0.0423252 0)
(7.18605 -0.0411251 0)
(7.19386 -0.0400522 0)
(7.20148 -0.0391013 0)
(7.20893 -0.0382699 0)
(7.21624 -0.0375516 0)
(7.22343 -0.0369421 0)
(7.23051 -0.0364329 0)
(7.23752 -0.036018 0)
(7.24447 -0.0356862 0)
(7.25138 -0.0354303 0)
(7.25826 -0.0352367 0)
(7.26512 -0.0350978 0)
(7.27198 -0.0349988 0)
(7.27884 -0.0349335 0)
(7.2857 -0.0348875 0)
(7.29255 -0.0348585 0)
(7.29941 -0.0348346 0)
(7.30626 -0.0348199 0)
(7.31311 -0.0348072 0)
(7.31993 -0.0348089 0)
(7.32675 -0.0348241 0)
(7.33353 -0.0348746 0)
(7.3403 -0.0349666 0)
(7.34705 -0.0351305 0)
(7.3538 -0.0353794 0)
(7.36055 -0.0357505 0)
(7.36735 -0.0362625 0)
(7.3742 -0.0369557 0)
(7.38116 -0.0378519 0)
(7.38826 -0.0389901 0)
(7.39558 -0.0403919 0)
(7.40315 -0.0420892 0)
(7.41107 -0.0440992 0)
(7.41938 -0.0464403 0)
(7.4282 -0.0491202 0)
(7.43757 -0.052138 0)
(7.44761 -0.0554859 0)
(7.45837 -0.059139 0)
(7.46995 -0.0630692 0)
(7.48241 -0.0672246 0)
(7.4958 -0.0715539 0)
(7.51019 -0.0759799 0)
(7.52556 -0.0804289 0)
(7.54198 -0.0848042 0)
(7.55936 -0.0890158 0)
(7.57773 -0.0929587 0)
(7.59697 -0.0965372 0)
(7.61704 -0.0996536 0)
(7.63776 -0.10222 0)
(7.65907 -0.104164 0)
(7.68075 -0.105418 0)
(7.7027 -0.105945 0)
(7.72466 -0.105714 0)
(7.74654 -0.104728 0)
(7.76809 -0.102991 0)
(7.78921 -0.100548 0)
(7.80967 -0.0974371 0)
(7.8294 -0.0937362 0)
(7.84821 -0.0895076 0)
(7.86606 -0.0848502 0)
(7.88281 -0.0798416 0)
(7.89845 -0.0745884 0)
(7.91288 -0.0691677 0)
(7.9261 -0.063686 0)
(7.93814 -0.0582065 0)
(7.94885 -0.052858 0)
(7.95861 -0.0474945 0)
(7.96713 -0.0431179 0)
(7.97771 -0.0355158 0)
(5.00001 -0.000512697 0)
(5.00014 -0.00153598 0)
(5.00039 -0.00256114 0)
(5.00081 -0.00358736 0)
(5.00137 -0.00461553 0)
(5.00208 -0.00564653 0)
(5.00293 -0.00668086 0)
(5.00392 -0.00771937 0)
(5.00507 -0.00876306 0)
(5.00636 -0.00981308 0)
(5.0078 -0.0108708 0)
(5.00938 -0.0119376 0)
(5.01112 -0.0130151 0)
(5.013 -0.0141052 0)
(5.01504 -0.0152098 0)
(5.01723 -0.0163311 0)
(5.01957 -0.0174714 0)
(5.02208 -0.018633 0)
(5.02474 -0.0198187 0)
(5.02757 -0.0210312 0)
(5.03057 -0.0222733 0)
(5.03374 -0.0235481 0)
(5.03708 -0.0248589 0)
(5.04061 -0.0262088 0)
(5.04432 -0.0276013 0)
(5.04823 -0.0290399 0)
(5.05234 -0.0305284 0)
(5.05665 -0.0320703 0)
(5.06118 -0.0336698 0)
(5.06593 -0.0353306 0)
(5.07091 -0.0370569 0)
(5.07613 -0.0388528 0)
(5.08161 -0.0407227 0)
(5.08734 -0.0426707 0)
(5.09335 -0.0447013 0)
(5.09964 -0.046819 0)
(5.10623 -0.0490284 0)
(5.11313 -0.051334 0)
(5.12036 -0.0537405 0)
(5.12792 -0.0562527 0)
(5.13584 -0.0588752 0)
(5.14413 -0.0616129 0)
(5.15281 -0.0644705 0)
(5.16189 -0.0674528 0)
(5.1714 -0.0705645 0)
(5.18135 -0.0738103 0)
(5.19176 -0.077195 0)
(5.20265 -0.0807229 0)
(5.21405 -0.0843984 0)
(5.22598 -0.0882258 0)
(5.23845 -0.092209 0)
(5.25149 -0.0963515 0)
(5.26514 -0.100657 0)
(5.2794 -0.105127 0)
(5.29431 -0.109765 0)
(5.30989 -0.114573 0)
(5.32618 -0.11955 0)
(5.34319 -0.124696 0)
(5.36095 -0.13001 0)
(5.37949 -0.135489 0)
(5.39885 -0.141128 0)
(5.41904 -0.146922 0)
(5.44009 -0.152861 0)
(5.46203 -0.158934 0)
(5.48489 -0.165129 0)
(5.50868 -0.171428 0)
(5.53344 -0.177811 0)
(5.55918 -0.184255 0)
(5.5859 -0.190732 0)
(5.61364 -0.197211 0)
(5.64239 -0.203656 0)
(5.67216 -0.210028 0)
(5.70293 -0.216282 0)
(5.7347 -0.222371 0)
(5.76745 -0.228245 0)
(5.80114 -0.233849 0)
(5.83574 -0.239128 0)
(5.87119 -0.244026 0)
(5.90744 -0.248487 0)
(5.94441 -0.252458 0)
(5.98201 -0.255888 0)
(6.02015 -0.258731 0)
(6.05874 -0.260949 0)
(6.09765 -0.26251 0)
(6.13679 -0.263392 0)
(6.17601 -0.263581 0)
(6.21522 -0.263075 0)
(6.25427 -0.261878 0)
(6.29307 -0.260009 0)
(6.33149 -0.25749 0)
(6.36942 -0.254356 0)
(6.40678 -0.250646 0)
(6.44346 -0.246403 0)
(6.4794 -0.241676 0)
(6.5145 -0.236517 0)
(6.54872 -0.230979 0)
(6.582 -0.225114 0)
(6.6143 -0.218974 0)
(6.64559 -0.212612 0)
(6.67584 -0.206076 0)
(6.70503 -0.199413 0)
(6.73315 -0.192667 0)
(6.76021 -0.18588 0)
(6.78621 -0.179089 0)
(6.81115 -0.172332 0)
(6.83506 -0.165638 0)
(6.85795 -0.159038 0)
(6.87985 -0.152556 0)
(6.90078 -0.146217 0)
(6.92078 -0.140038 0)
(6.93986 -0.134037 0)
(6.95808 -0.128227 0)
(6.97545 -0.122621 0)
(6.99202 -0.117225 0)
(7.00782 -0.112046 0)
(7.02289 -0.107089 0)
(7.03726 -0.102355 0)
(7.05097 -0.0978464 0)
(7.06404 -0.093562 0)
(7.07652 -0.0894997 0)
(7.08844 -0.085658 0)
(7.09984 -0.0820328 0)
(7.11073 -0.0786215 0)
(7.12116 -0.0754196 0)
(7.13115 -0.0724239 0)
(7.14074 -0.06963 0)
(7.14995 -0.0670348 0)
(7.15881 -0.0646346 0)
(7.16734 -0.0624264 0)
(7.17559 -0.0604072 0)
(7.18356 -0.0585739 0)
(7.1913 -0.0569238 0)
(7.19882 -0.0554532 0)
(7.20615 -0.0541585 0)
(7.21333 -0.053034 0)
(7.22038 -0.0520742 0)
(7.22731 -0.0512704 0)
(7.23417 -0.0506136 0)
(7.24097 -0.0500915 0)
(7.24773 -0.0496909 0)
(7.25448 -0.0493961 0)
(7.26123 -0.0491898 0)
(7.26798 -0.0490552 0)
(7.27476 -0.048972 0)
(7.28156 -0.0489252 0)
(7.28838 -0.0488947 0)
(7.29522 -0.0488715 0)
(7.30208 -0.0488393 0)
(7.30893 -0.0487989 0)
(7.31576 -0.0487418 0)
(7.32257 -0.0486817 0)
(7.32933 -0.0486205 0)
(7.33603 -0.0485866 0)
(7.34268 -0.0485938 0)
(7.34925 -0.0486836 0)
(7.35576 -0.0488819 0)
(7.3622 -0.04924 0)
(7.36862 -0.0497939 0)
(7.37501 -0.0505994 0)
(7.38144 -0.0516995 0)
(7.38793 -0.0531473 0)
(7.39457 -0.0549883 0)
(7.4014 -0.0572644 0)
(7.40854 -0.0600175 0)
(7.41603 -0.063269 0)
(7.42401 -0.067049 0)
(7.43256 -0.0713488 0)
(7.44181 -0.0761775 0)
(7.45185 -0.0814882 0)
(7.4628 -0.0872599 0)
(7.47475 -0.093402 0)
(7.48779 -0.0998569 0)
(7.50201 -0.106492 0)
(7.51743 -0.113212 0)
(7.53411 -0.11985 0)
(7.552 -0.126281 0)
(7.57113 -0.132325 0)
(7.59136 -0.137842 0)
(7.61265 -0.142663 0)
(7.63479 -0.146656 0)
(7.6577 -0.149695 0)
(7.68109 -0.151682 0)
(7.70483 -0.15255 0)
(7.72863 -0.152255 0)
(7.75233 -0.150802 0)
(7.77562 -0.148201 0)
(7.79839 -0.144529 0)
(7.82035 -0.139843 0)
(7.84141 -0.134277 0)
(7.86134 -0.127922 0)
(7.8801 -0.120944 0)
(7.89752 -0.113455 0)
(7.91361 -0.105632 0)
(7.92826 -0.0975809 0)
(7.9415 -0.0894817 0)
(7.95335 -0.0814156 0)
(7.96371 -0.0735865 0)
(7.97289 -0.0657874 0)
(7.98099 -0.059445 0)
(7.99031 -0.0485515 0)
(5.00001 -0.000657508 0)
(5.00014 -0.00196968 0)
(5.00039 -0.00328408 0)
(5.0008 -0.00459951 0)
(5.00136 -0.00591689 0)
(5.00206 -0.0072372 0)
(5.0029 -0.00856101 0)
(5.00389 -0.00988932 0)
(5.00502 -0.0112233 0)
(5.0063 -0.0125645 0)
(5.00772 -0.0139145 0)
(5.00928 -0.0152752 0)
(5.01099 -0.0166486 0)
(5.01285 -0.018037 0)
(5.01485 -0.019443 0)
(5.017 -0.0208693 0)
(5.0193 -0.0223189 0)
(5.02176 -0.023795 0)
(5.02437 -0.0253009 0)
(5.02713 -0.0268401 0)
(5.03006 -0.0284165 0)
(5.03315 -0.030034 0)
(5.03642 -0.0316967 0)
(5.03985 -0.0334089 0)
(5.04347 -0.0351751 0)
(5.04727 -0.0369999 0)
(5.05126 -0.038888 0)
(5.05545 -0.0408444 0)
(5.05984 -0.0428741 0)
(5.06445 -0.0449823 0)
(5.06928 -0.0471743 0)
(5.07434 -0.0494555 0)
(5.07965 -0.0518314 0)
(5.0852 -0.0543077 0)
(5.09102 -0.05689 0)
(5.09711 -0.0595841 0)
(5.10349 -0.062396 0)
(5.11017 -0.0653316 0)
(5.11716 -0.068397 0)
(5.12448 -0.0715981 0)
(5.13215 -0.0749412 0)
(5.14017 -0.0784325 0)
(5.14858 -0.0820781 0)
(5.15737 -0.0858844 0)
(5.16658 -0.0898574 0)
(5.17623 -0.0940034 0)
(5.18632 -0.0983286 0)
(5.19688 -0.102839 0)
(5.20795 -0.10754 0)
(5.21952 -0.112439 0)
(5.23164 -0.117539 0)
(5.24432 -0.122848 0)
(5.25759 -0.128368 0)
(5.27148 -0.134105 0)
(5.28601 -0.140063 0)
(5.3012 -0.146244 0)
(5.3171 -0.15265 0)
(5.33373 -0.159282 0)
(5.35111 -0.166139 0)
(5.36928 -0.17322 0)
(5.38827 -0.18052 0)
(5.40812 -0.188032 0)
(5.42885 -0.195748 0)
(5.4505 -0.203656 0)
(5.47309 -0.211739 0)
(5.49667 -0.219979 0)
(5.52126 -0.228351 0)
(5.54688 -0.236825 0)
(5.57356 -0.245369 0)
(5.60133 -0.253942 0)
(5.6302 -0.262497 0)
(5.66018 -0.270982 0)
(5.69128 -0.279339 0)
(5.72349 -0.287504 0)
(5.7568 -0.295405 0)
(5.79118 -0.302969 0)
(5.82661 -0.310118 0)
(5.86302 -0.31677 0)
(5.90035 -0.322846 0)
(5.93853 -0.328267 0)
(5.97746 -0.332961 0)
(6.01703 -0.336859 0)
(6.05713 -0.339905 0)
(6.09763 -0.342053 0)
(6.13838 -0.34327 0)
(6.17925 -0.343536 0)
(6.22009 -0.342849 0)
(6.26076 -0.341216 0)
(6.30112 -0.338664 0)
(6.34103 -0.335227 0)
(6.38037 -0.330954 0)
(6.41903 -0.3259 0)
(6.45691 -0.320132 0)
(6.49391 -0.313717 0)
(6.52996 -0.306732 0)
(6.565 -0.29925 0)
(6.59898 -0.291348 0)
(6.63185 -0.283101 0)
(6.66359 -0.27458 0)
(6.69418 -0.265852 0)
(6.72361 -0.256984 0)
(6.75188 -0.248033 0)
(6.77899 -0.239055 0)
(6.80495 -0.230098 0)
(6.82979 -0.221207 0)
(6.85352 -0.212423 0)
(6.87618 -0.20378 0)
(6.89778 -0.19531 0)
(6.91837 -0.18704 0)
(6.93799 -0.178993 0)
(6.95666 -0.171189 0)
(6.97443 -0.163645 0)
(6.99134 -0.156373 0)
(7.00742 -0.149384 0)
(7.02273 -0.142685 0)
(7.03729 -0.13628 0)
(7.05115 -0.130172 0)
(7.06435 -0.124361 0)
(7.07692 -0.118846 0)
(7.0889 -0.113623 0)
(7.10033 -0.108689 0)
(7.11124 -0.104037 0)
(7.12166 -0.0996625 0)
(7.13162 -0.0955594 0)
(7.14115 -0.0917223 0)
(7.15029 -0.0881447 0)
(7.15906 -0.0848221 0)
(7.16748 -0.0817493 0)
(7.17559 -0.0789228 0)
(7.18342 -0.076339 0)
(7.19097 -0.0739952 0)
(7.1983 -0.0718893 0)
(7.20542 -0.0700181 0)
(7.21237 -0.0683798 0)
(7.21916 -0.066969 0)
(7.22584 -0.0657816 0)
(7.23243 -0.0648076 0)
(7.23897 -0.0640379 0)
(7.24548 -0.0634559 0)
(7.25199 -0.063045 0)
(7.25852 -0.0627821 0)
(7.2651 -0.0626423 0)
(7.27173 -0.0625977 0)
(7.27842 -0.0626176 0)
(7.28518 -0.0626747 0)
(7.29201 -0.0627365 0)
(7.29888 -0.0627833 0)
(7.30578 -0.0627877 0)
(7.31269 -0.0627444 0)
(7.31959 -0.0626378 0)
(7.32643 -0.0624826 0)
(7.3332 -0.0622797 0)
(7.33985 -0.0620666 0)
(7.34639 -0.0618628 0)
(7.35276 -0.0617272 0)
(7.35899 -0.0616978 0)
(7.36504 -0.0618497 0)
(7.37095 -0.062237 0)
(7.37672 -0.062943 0)
(7.38242 -0.0640336 0)
(7.38805 -0.0655907 0)
(7.39373 -0.0676857 0)
(7.39949 -0.070387 0)
(7.40548 -0.0737634 0)
(7.41176 -0.0778564 0)
(7.4185 -0.0827207 0)
(7.4258 -0.088356 0)
(7.43383 -0.0947887 0)
(7.44274 -0.101962 0)
(7.45267 -0.10986 0)
(7.46379 -0.118359 0)
(7.47621 -0.127384 0)
(7.49008 -0.136747 0)
(7.50545 -0.146312 0)
(7.52244 -0.155832 0)
(7.54101 -0.165121 0)
(7.56119 -0.173902 0)
(7.58284 -0.181962 0)
(7.60591 -0.189039 0)
(7.63014 -0.194931 0)
(7.65539 -0.199436 0)
(7.68132 -0.202409 0)
(7.70774 -0.203747 0)
(7.73424 -0.203387 0)
(7.76062 -0.201341 0)
(7.78648 -0.197635 0)
(7.81164 -0.192388 0)
(7.83576 -0.185698 0)
(7.85871 -0.177767 0)
(7.88022 -0.16874 0)
(7.90023 -0.158863 0)
(7.91856 -0.148307 0)
(7.93522 -0.137328 0)
(7.9501 -0.126088 0)
(7.96326 -0.114842 0)
(7.97472 -0.10371 0)
(7.98447 -0.0929761 0)
(7.99271 -0.0823829 0)
(8.00013 -0.0738122 0)
(8.00758 -0.0593544 0)
(5.00001 -0.000801358 0)
(5.00013 -0.00240051 0)
(5.00039 -0.00400208 0)
(5.0008 -0.00560432 0)
(5.00135 -0.00720808 0)
(5.00205 -0.00881431 0)
(5.00288 -0.0104236 0)
(5.00386 -0.0120369 0)
(5.00498 -0.0136557 0)
(5.00624 -0.0152817 0)
(5.00764 -0.0169167 0)
(5.00918 -0.018563 0)
(5.01086 -0.0202231 0)
(5.01269 -0.0218999 0)
(5.01465 -0.0235964 0)
(5.01676 -0.0253161 0)
(5.019 -0.0270627 0)
(5.0214 -0.0288399 0)
(5.02394 -0.0306521 0)
(5.02663 -0.0325035 0)
(5.02948 -0.0343989 0)
(5.03248 -0.036343 0)
(5.03564 -0.0383409 0)
(5.03896 -0.0403978 0)
(5.04245 -0.0425192 0)
(5.04612 -0.0447107 0)
(5.04997 -0.0469782 0)
(5.05401 -0.0493276 0)
(5.05823 -0.0517651 0)
(5.06267 -0.0542971 0)
(5.06731 -0.0569301 0)
(5.07217 -0.0596707 0)
(5.07726 -0.0625258 0)
(5.08259 -0.0655024 0)
(5.08816 -0.0686076 0)
(5.094 -0.0718486 0)
(5.10012 -0.0752327 0)
(5.10652 -0.0787674 0)
(5.11322 -0.0824602 0)
(5.12024 -0.0863189 0)
(5.12759 -0.0903511 0)
(5.13528 -0.0945645 0)
(5.14334 -0.098967 0)
(5.15177 -0.103567 0)
(5.16061 -0.108371 0)
(5.16987 -0.113388 0)
(5.17956 -0.118626 0)
(5.18971 -0.124092 0)
(5.20035 -0.129794 0)
(5.21149 -0.13574 0)
(5.22315 -0.141936 0)
(5.23537 -0.148391 0)
(5.24817 -0.155111 0)
(5.26157 -0.162102 0)
(5.27561 -0.16937 0)
(5.29031 -0.17692 0)
(5.30571 -0.184755 0)
(5.32184 -0.19288 0)
(5.33872 -0.201294 0)
(5.3564 -0.209999 0)
(5.37491 -0.218991 0)
(5.39428 -0.228265 0)
(5.41457 -0.237814 0)
(5.4358 -0.247625 0)
(5.45802 -0.257683 0)
(5.48126 -0.267967 0)
(5.50557 -0.278451 0)
(5.53099 -0.289101 0)
(5.55755 -0.299878 0)
(5.58529 -0.310735 0)
(5.61424 -0.321614 0)
(5.64443 -0.332452 0)
(5.67588 -0.343172 0)
(5.70859 -0.353693 0)
(5.74258 -0.363921 0)
(5.77781 -0.373756 0)
(5.81426 -0.383091 0)
(5.8519 -0.391813 0)
(5.89064 -0.399811 0)
(5.93041 -0.40697 0)
(5.97109 -0.413186 0)
(6.01257 -0.418359 0)
(6.05469 -0.422406 0)
(6.0973 -0.42526 0)
(6.14023 -0.426874 0)
(6.18331 -0.427224 0)
(6.22634 -0.426306 0)
(6.26916 -0.42414 0)
(6.3116 -0.420763 0)
(6.3535 -0.416231 0)
(6.3947 -0.410612 0)
(6.43508 -0.403987 0)
(6.47452 -0.396446 0)
(6.51292 -0.388085 0)
(6.5502 -0.379005 0)
(6.58629 -0.369306 0)
(6.62115 -0.35909 0)
(6.65473 -0.348456 0)
(6.68702 -0.337501 0)
(6.718 -0.326314 0)
(6.74769 -0.314981 0)
(6.77608 -0.303578 0)
(6.8032 -0.292179 0)
(6.82908 -0.280845 0)
(6.85373 -0.269633 0)
(6.87719 -0.258593 0)
(6.8995 -0.247766 0)
(6.92071 -0.237189 0)
(6.94084 -0.226892 0)
(6.95995 -0.216902 0)
(6.97808 -0.20724 0)
(6.99528 -0.197921 0)
(7.01159 -0.188959 0)
(7.02705 -0.180364 0)
(7.04173 -0.172143 0)
(7.05565 -0.164298 0)
(7.06887 -0.15683 0)
(7.08142 -0.149738 0)
(7.09336 -0.143018 0)
(7.10471 -0.136664 0)
(7.11551 -0.130669 0)
(7.12581 -0.125026 0)
(7.13564 -0.119725 0)
(7.14502 -0.114756 0)
(7.15398 -0.110113 0)
(7.16256 -0.105786 0)
(7.17078 -0.101769 0)
(7.17866 -0.098055 0)
(7.18624 -0.0946402 0)
(7.19353 -0.0915209 0)
(7.20057 -0.0886949 0)
(7.20737 -0.0861613 0)
(7.21397 -0.0839184 0)
(7.2204 -0.0819665 0)
(7.22668 -0.0803015 0)
(7.23287 -0.0789219 0)
(7.23898 -0.0778179 0)
(7.24506 -0.0769816 0)
(7.25115 -0.0763938 0)
(7.25728 -0.0760356 0)
(7.26349 -0.0758762 0)
(7.26981 -0.0758828 0)
(7.27625 -0.0760148 0)
(7.28283 -0.0762273 0)
(7.28954 -0.0764762 0)
(7.29639 -0.0767113 0)
(7.30334 -0.076896 0)
(7.31037 -0.0769852 0)
(7.31744 -0.0769619 0)
(7.3245 -0.076797 0)
(7.33149 -0.0765032 0)
(7.33836 -0.0760758 0)
(7.34506 -0.0755619 0)
(7.35154 -0.0749852 0)
(7.35775 -0.0744255 0)
(7.36368 -0.0739345 0)
(7.36929 -0.0736177 0)
(7.37459 -0.0735513 0)
(7.37957 -0.0738557 0)
(7.38429 -0.0746263 0)
(7.38877 -0.0759857 0)
(7.39312 -0.0780411 0)
(7.39739 -0.080902 0)
(7.40174 -0.0846772 0)
(7.40626 -0.0894447 0)
(7.41116 -0.0952994 0)
(7.41657 -0.102265 0)
(7.42273 -0.110402 0)
(7.42984 -0.119655 0)
(7.43812 -0.130022 0)
(7.4478 -0.141351 0)
(7.45908 -0.153553 0)
(7.47217 -0.16637 0)
(7.48722 -0.179611 0)
(7.50437 -0.192925 0)
(7.52365 -0.206031 0)
(7.5451 -0.218522 0)
(7.56859 -0.230065 0)
(7.59404 -0.240261 0)
(7.62112 -0.248794 0)
(7.64963 -0.255355 0)
(7.6791 -0.259719 0)
(7.70923 -0.261738 0)
(7.73951 -0.261324 0)
(7.7696 -0.258508 0)
(7.799 -0.253348 0)
(7.82744 -0.246032 0)
(7.85449 -0.236722 0)
(7.87996 -0.225722 0)
(7.90355 -0.213259 0)
(7.92517 -0.199687 0)
(7.94464 -0.185264 0)
(7.96195 -0.170344 0)
(7.97702 -0.155166 0)
(7.98994 -0.140082 0)
(8.00075 -0.125257 0)
(8.00952 -0.111076 0)
(8.01633 -0.0972365 0)
(8.0227 -0.0861088 0)
(8.02725 -0.0677269 0)
(5.00001 -0.00094455 0)
(5.00013 -0.00282936 0)
(5.00039 -0.00471648 0)
(5.00079 -0.0066035 0)
(5.00135 -0.00849095 0)
(5.00204 -0.0103796 0)
(5.00287 -0.01227 0)
(5.00384 -0.014163 0)
(5.00495 -0.0160602 0)
(5.00619 -0.0179633 0)
(5.00757 -0.0198745 0)
(5.00909 -0.0217965 0)
(5.01074 -0.0237321 0)
(5.01253 -0.0256848 0)
(5.01445 -0.0276582 0)
(5.01651 -0.0296564 0)
(5.0187 -0.0316839 0)
(5.02102 -0.0337455 0)
(5.02349 -0.0358462 0)
(5.02609 -0.0379915 0)
(5.02884 -0.0401869 0)
(5.03173 -0.0424384 0)
(5.03477 -0.0447522 0)
(5.03797 -0.0471346 0)
(5.04132 -0.0495922 0)
(5.04483 -0.0521318 0)
(5.04851 -0.0547604 0)
(5.05237 -0.0574849 0)
(5.0564 -0.0603129 0)
(5.06063 -0.0632517 0)
(5.06505 -0.066309 0)
(5.06967 -0.0694927 0)
(5.07451 -0.0728107 0)
(5.07957 -0.0762711 0)
(5.08487 -0.0798824 0)
(5.09041 -0.083653 0)
(5.09621 -0.0875915 0)
(5.10228 -0.0917067 0)
(5.10864 -0.0960076 0)
(5.11529 -0.100503 0)
(5.12225 -0.105203 0)
(5.12955 -0.110116 0)
(5.13719 -0.115251 0)
(5.1452 -0.120619 0)
(5.15358 -0.126228 0)
(5.16237 -0.13209 0)
(5.17158 -0.138212 0)
(5.18123 -0.144605 0)
(5.19135 -0.151279 0)
(5.20195 -0.158243 0)
(5.21306 -0.165507 0)
(5.22472 -0.17308 0)
(5.23693 -0.180972 0)
(5.24974 -0.189192 0)
(5.26317 -0.197747 0)
(5.27725 -0.206647 0)
(5.29202 -0.215897 0)
(5.30751 -0.225505 0)
(5.32375 -0.235475 0)
(5.34079 -0.245809 0)
(5.35867 -0.25651 0)
(5.37743 -0.267576 0)
(5.39711 -0.279001 0)
(5.41777 -0.290777 0)
(5.43945 -0.302891 0)
(5.4622 -0.315323 0)
(5.48608 -0.328048 0)
(5.51115 -0.341031 0)
(5.53746 -0.354232 0)
(5.56505 -0.367595 0)
(5.594 -0.381056 0)
(5.62433 -0.394539 0)
(5.6561 -0.407953 0)
(5.68934 -0.421193 0)
(5.72406 -0.434139 0)
(5.76027 -0.44666 0)
(5.79796 -0.458612 0)
(5.83708 -0.469841 0)
(5.87758 -0.480188 0)
(5.91937 -0.489494 0)
(5.96232 -0.497605 0)
(6.00627 -0.504377 0)
(6.05105 -0.509686 0)
(6.09646 -0.513433 0)
(6.14227 -0.515547 0)
(6.18825 -0.515991 0)
(6.23418 -0.514766 0)
(6.27982 -0.511903 0)
(6.32497 -0.507463 0)
(6.36943 -0.501534 0)
(6.41302 -0.494224 0)
(6.4556 -0.485653 0)
(6.49703 -0.475951 0)
(6.5372 -0.465254 0)
(6.57602 -0.453698 0)
(6.61342 -0.441417 0)
(6.64937 -0.428542 0)
(6.68381 -0.415198 0)
(6.71676 -0.401504 0)
(6.74819 -0.387572 0)
(6.77814 -0.373505 0)
(6.80662 -0.3594 0)
(6.83366 -0.345341 0)
(6.85931 -0.331407 0)
(6.88361 -0.317667 0)
(6.90662 -0.304179 0)
(6.92837 -0.290994 0)
(6.94894 -0.278155 0)
(6.96836 -0.265697 0)
(6.98671 -0.253647 0)
(7.00403 -0.242029 0)
(7.02038 -0.230857 0)
(7.03581 -0.220144 0)
(7.05039 -0.209897 0)
(7.06416 -0.20012 0)
(7.07717 -0.190812 0)
(7.08947 -0.181973 0)
(7.10112 -0.173595 0)
(7.11216 -0.165672 0)
(7.12263 -0.158194 0)
(7.13257 -0.15115 0)
(7.14202 -0.144527 0)
(7.15102 -0.138312 0)
(7.1596 -0.13249 0)
(7.16778 -0.127049 0)
(7.17559 -0.121976 0)
(7.18306 -0.117264 0)
(7.19021 -0.112902 0)
(7.19705 -0.10889 0)
(7.20362 -0.105224 0)
(7.20993 -0.101908 0)
(7.21602 -0.0989445 0)
(7.2219 -0.0963389 0)
(7.22761 -0.0940973 0)
(7.23319 -0.0922207 0)
(7.23867 -0.0907128 0)
(7.2441 -0.0895652 0)
(7.24953 -0.0887714 0)
(7.255 -0.0883079 0)
(7.26057 -0.0881513 0)
(7.26629 -0.0882586 0)
(7.2722 -0.0885851 0)
(7.27833 -0.0890701 0)
(7.2847 -0.0896489 0)
(7.29133 -0.0902518 0)
(7.29818 -0.0908034 0)
(7.30525 -0.0912409 0)
(7.31247 -0.0914943 0)
(7.31979 -0.0915269 0)
(7.32713 -0.0912914 0)
(7.3344 -0.0907936 0)
(7.34151 -0.0900222 0)
(7.34837 -0.089033 0)
(7.3549 -0.087856 0)
(7.36101 -0.086595 0)
(7.36666 -0.0853194 0)
(7.37178 -0.0841713 0)
(7.37637 -0.0832538 0)
(7.38038 -0.0827337 0)
(7.38389 -0.0827417 0)
(7.38688 -0.0834543 0)
(7.38948 -0.0850238 0)
(7.39173 -0.0876185 0)
(7.39383 -0.0914025 0)
(7.39587 -0.0965137 0)
(7.39813 -0.103109 0)
(7.40077 -0.111264 0)
(7.40412 -0.121096 0)
(7.40844 -0.132581 0)
(7.41407 -0.14575 0)
(7.42134 -0.160439 0)
(7.43059 -0.176548 0)
(7.44214 -0.193745 0)
(7.45625 -0.211771 0)
(7.47318 -0.230134 0)
(7.49303 -0.248417 0)
(7.51592 -0.266018 0)
(7.5417 -0.282418 0)
(7.57028 -0.297003 0)
(7.60124 -0.309267 0)
(7.63427 -0.318734 0)
(7.66871 -0.325054 0)
(7.7041 -0.328012 0)
(7.73971 -0.3275 0)
(7.77505 -0.323591 0)
(7.80943 -0.316404 0)
(7.84246 -0.306245 0)
(7.87357 -0.293385 0)
(7.90252 -0.278278 0)
(7.92893 -0.261269 0)
(7.95269 -0.242866 0)
(7.97361 -0.223435 0)
(7.99169 -0.203465 0)
(8.00688 -0.183292 0)
(8.01932 -0.16338 0)
(8.02905 -0.143963 0)
(8.03632 -0.125561 0)
(8.04099 -0.107823 0)
(8.04575 -0.0936794 0)
(8.04624 -0.0708718 0)
(5.00001 -0.00108776 0)
(5.00013 -0.0032582 0)
(5.00039 -0.00543048 0)
(5.0008 -0.0076012 0)
(5.00135 -0.0097704 0)
(5.00204 -0.0119385 0)
(5.00287 -0.0141056 0)
(5.00384 -0.0162727 0)
(5.00494 -0.0184411 0)
(5.00617 -0.020613 0)
(5.00754 -0.0227907 0)
(5.00904 -0.0249772 0)
(5.01066 -0.0271759 0)
(5.01241 -0.0293906 0)
(5.01429 -0.0316255 0)
(5.01629 -0.0338854 0)
(5.01841 -0.0361753 0)
(5.02067 -0.0385006 0)
(5.02305 -0.0408672 0)
(5.02555 -0.0432811 0)
(5.02819 -0.0457489 0)
(5.03096 -0.0482774 0)
(5.03386 -0.0508739 0)
(5.03691 -0.0535458 0)
(5.04009 -0.0563009 0)
(5.04342 -0.0591473 0)
(5.04691 -0.0620933 0)
(5.05055 -0.0651474 0)
(5.05436 -0.0683183 0)
(5.05834 -0.0716151 0)
(5.0625 -0.0750469 0)
(5.06685 -0.078623 0)
(5.07139 -0.0823529 0)
(5.07614 -0.0862464 0)
(5.08111 -0.0903132 0)
(5.0863 -0.0945633 0)
(5.09174 -0.0990069 0)
(5.09742 -0.103654 0)
(5.10338 -0.108516 0)
(5.10961 -0.113603 0)
(5.11613 -0.118925 0)
(5.12297 -0.124493 0)
(5.13012 -0.130319 0)
(5.13763 -0.136414 0)
(5.14549 -0.142789 0)
(5.15374 -0.149456 0)
(5.16238 -0.156426 0)
(5.17145 -0.16371 0)
(5.18095 -0.171321 0)
(5.19093 -0.179271 0)
(5.2014 -0.187571 0)
(5.21238 -0.196234 0)
(5.2239 -0.205271 0)
(5.236 -0.214696 0)
(5.2487 -0.224518 0)
(5.26204 -0.23475 0)
(5.27604 -0.245404 0)
(5.29075 -0.256489 0)
(5.30621 -0.268014 0)
(5.32245 -0.27999 0)
(5.33953 -0.292421 0)
(5.35748 -0.305312 0)
(5.37638 -0.318664 0)
(5.39626 -0.332475 0)
(5.4172 -0.346738 0)
(5.43926 -0.361439 0)
(5.4625 -0.376557 0)
(5.487 -0.392063 0)
(5.51285 -0.407914 0)
(5.5401 -0.424058 0)
(5.56886 -0.440426 0)
(5.59919 -0.45693 0)
(5.63117 -0.473466 0)
(5.66486 -0.489907 0)
(5.70033 -0.506103 0)
(5.7376 -0.521884 0)
(5.77669 -0.537056 0)
(5.81758 -0.551408 0)
(5.86023 -0.564716 0)
(5.90453 -0.57675 0)
(5.95035 -0.587285 0)
(5.9975 -0.596111 0)
(6.04575 -0.603047 0)
(6.09484 -0.607951 0)
(6.14447 -0.610723 0)
(6.19432 -0.611315 0)
(6.24409 -0.609725 0)
(6.29347 -0.606003 0)
(6.34217 -0.600238 0)
(6.38994 -0.592559 0)
(6.43657 -0.583122 0)
(6.48186 -0.572105 0)
(6.52566 -0.559697 0)
(6.56786 -0.546091 0)
(6.60836 -0.531479 0)
(6.6471 -0.516043 0)
(6.68404 -0.499958 0)
(6.71918 -0.483386 0)
(6.75252 -0.466477 0)
(6.78408 -0.449366 0)
(6.81389 -0.432177 0)
(6.842 -0.41502 0)
(6.86847 -0.397994 0)
(6.89337 -0.381187 0)
(6.91677 -0.364676 0)
(6.93874 -0.348526 0)
(6.95935 -0.332796 0)
(6.97869 -0.317532 0)
(6.99682 -0.302773 0)
(7.01383 -0.288549 0)
(7.02978 -0.274882 0)
(7.04475 -0.261788 0)
(7.0588 -0.249277 0)
(7.072 -0.237352 0)
(7.0844 -0.226013 0)
(7.09607 -0.215256 0)
(7.10707 -0.205072 0)
(7.11744 -0.19545 0)
(7.12724 -0.186377 0)
(7.13651 -0.177836 0)
(7.1453 -0.16981 0)
(7.15366 -0.162278 0)
(7.1616 -0.155221 0)
(7.16917 -0.148616 0)
(7.17639 -0.142445 0)
(7.18328 -0.136685 0)
(7.18985 -0.131324 0)
(7.19613 -0.126346 0)
(7.20211 -0.121747 0)
(7.20783 -0.117524 0)
(7.21328 -0.113685 0)
(7.2185 -0.110243 0)
(7.2235 -0.107215 0)
(7.22832 -0.104624 0)
(7.233 -0.102487 0)
(7.23759 -0.100828 0)
(7.24215 -0.0996514 0)
(7.24674 -0.0989637 0)
(7.25144 -0.0987416 0)
(7.25632 -0.0989602 0)
(7.26145 -0.0995584 0)
(7.26691 -0.100471 0)
(7.27274 -0.101603 0)
(7.27898 -0.102853 0)
(7.28565 -0.104107 0)
(7.29274 -0.105245 0)
(7.3002 -0.10616 0)
(7.30795 -0.106741 0)
(7.31592 -0.10692 0)
(7.32397 -0.106621 0)
(7.33197 -0.105842 0)
(7.33978 -0.104563 0)
(7.34725 -0.102856 0)
(7.35424 -0.100763 0)
(7.36063 -0.0984222 0)
(7.36633 -0.0959293 0)
(7.37122 -0.0934755 0)
(7.37528 -0.0911972 0)
(7.37843 -0.0893198 0)
(7.38072 -0.0880161 0)
(7.38212 -0.0875294 0)
(7.38276 -0.0880663 0)
(7.38266 -0.0898722 0)
(7.38204 -0.0931844 0)
(7.381 -0.0982272 0)
(7.37989 -0.10525 0)
(7.3789 -0.114417 0)
(7.37849 -0.125944 0)
(7.379 -0.13987 0)
(7.38096 -0.156307 0)
(7.38484 -0.175096 0)
(7.3912 -0.196156 0)
(7.40055 -0.219074 0)
(7.41339 -0.243515 0)
(7.43016 -0.268801 0)
(7.45113 -0.294332 0)
(7.47657 -0.319213 0)
(7.50636 -0.342635 0)
(7.54043 -0.363629 0)
(7.5782 -0.381371 0)
(7.61917 -0.395099 0)
(7.66238 -0.404263 0)
(7.70703 -0.408553 0)
(7.75201 -0.407849 0)
(7.79651 -0.402312 0)
(7.83953 -0.392187 0)
(7.88041 -0.377974 0)
(7.91842 -0.36013 0)
(7.95316 -0.339333 0)
(7.98417 -0.316112 0)
(8.01131 -0.291184 0)
(8.03436 -0.265069 0)
(8.05338 -0.23843 0)
(8.06836 -0.211734 0)
(8.07953 -0.185581 0)
(8.08698 -0.160315 0)
(8.09125 -0.136641 0)
(8.09183 -0.114158 0)
(8.0934 -0.096516 0)
(8.0865 -0.0688556 0)
(5.00001 -0.00123217 0)
(5.00014 -0.00369061 0)
(5.00039 -0.00614985 0)
(5.00081 -0.00860517 0)
(5.00137 -0.0110557 0)
(5.00207 -0.0135012 0)
(5.0029 -0.0159412 0)
(5.00387 -0.0183764 0)
(5.00497 -0.0208081 0)
(5.0062 -0.0232383 0)
(5.00756 -0.02567 0)
(5.00904 -0.0281067 0)
(5.01064 -0.0305525 0)
(5.01236 -0.0330123 0)
(5.01419 -0.0354915 0)
(5.01614 -0.0379958 0)
(5.0182 -0.0405315 0)
(5.02038 -0.0431051 0)
(5.02268 -0.0457236 0)
(5.02508 -0.0483942 0)
(5.02761 -0.0511242 0)
(5.03025 -0.0539215 0)
(5.03301 -0.056794 0)
(5.03589 -0.0597501 0)
(5.0389 -0.0627982 0)
(5.04204 -0.0659474 0)
(5.04532 -0.0692066 0)
(5.04873 -0.0725855 0)
(5.05229 -0.0760936 0)
(5.056 -0.0797411 0)
(5.05987 -0.0835381 0)
(5.06391 -0.0874953 0)
(5.06812 -0.0916232 0)
(5.07252 -0.0959331 0)
(5.07711 -0.100436 0)
(5.08191 -0.105143 0)
(5.08693 -0.110067 0)
(5.09218 -0.115218 0)
(5.09766 -0.120609 0)
(5.10341 -0.126252 0)
(5.10943 -0.13216 0)
(5.11573 -0.138345 0)
(5.12233 -0.144819 0)
(5.12925 -0.151596 0)
(5.13651 -0.158689 0)
(5.14413 -0.166111 0)
(5.15212 -0.173875 0)
(5.16051 -0.181997 0)
(5.16931 -0.190489 0)
(5.17856 -0.199366 0)
(5.18827 -0.208643 0)
(5.19847 -0.218335 0)
(5.20918 -0.228456 0)
(5.22045 -0.239023 0)
(5.23228 -0.250051 0)
(5.24473 -0.261557 0)
(5.25782 -0.273556 0)
(5.27159 -0.286064 0)
(5.28609 -0.299098 0)
(5.30135 -0.312673 0)
(5.31743 -0.326803 0)
(5.33438 -0.341502 0)
(5.35225 -0.35678 0)
(5.37112 -0.372646 0)
(5.39106 -0.389103 0)
(5.41214 -0.406149 0)
(5.43446 -0.423775 0)
(5.4581 -0.441962 0)
(5.48318 -0.460679 0)
(5.50979 -0.479879 0)
(5.53806 -0.499497 0)
(5.56811 -0.519445 0)
(5.60007 -0.539608 0)
(5.63405 -0.559842 0)
(5.67016 -0.579968 0)
(5.7085 -0.59977 0)
(5.74913 -0.618996 0)
(5.79208 -0.637356 0)
(5.83733 -0.654532 0)
(5.88478 -0.670183 0)
(5.93428 -0.683962 0)
(5.98557 -0.695541 0)
(6.03834 -0.704634 0)
(6.09222 -0.711024 0)
(6.1468 -0.714579 0)
(6.20163 -0.715251 0)
(6.25626 -0.713071 0)
(6.31028 -0.708125 0)
(6.36328 -0.700558 0)
(6.41492 -0.690555 0)
(6.4649 -0.678337 0)
(6.51298 -0.66415 0)
(6.55901 -0.648255 0)
(6.60286 -0.630918 0)
(6.64449 -0.612403 0)
(6.68388 -0.592963 0)
(6.72105 -0.572837 0)
(6.75605 -0.552242 0)
(6.78894 -0.531377 0)
(6.81981 -0.510412 0)
(6.84875 -0.489503 0)
(6.87584 -0.468778 0)
(6.90119 -0.44835 0)
(6.9249 -0.428314 0)
(6.94706 -0.40875 0)
(6.96777 -0.389722 0)
(6.98713 -0.371285 0)
(7.00523 -0.353483 0)
(7.02215 -0.336349 0)
(7.03798 -0.319909 0)
(7.05281 -0.304181 0)
(7.0667 -0.289174 0)
(7.07974 -0.274894 0)
(7.09198 -0.261339 0)
(7.1035 -0.248503 0)
(7.11435 -0.236373 0)
(7.1246 -0.224937 0)
(7.13429 -0.214173 0)
(7.14347 -0.204061 0)
(7.1522 -0.194574 0)
(7.16052 -0.185685 0)
(7.16845 -0.177364 0)
(7.17605 -0.16958 0)
(7.18334 -0.162302 0)
(7.19033 -0.155502 0)
(7.19705 -0.14915 0)
(7.20349 -0.143228 0)
(7.20967 -0.137714 0)
(7.21557 -0.132599 0)
(7.2212 -0.127878 0)
(7.22655 -0.123561 0)
(7.23162 -0.119664 0)
(7.23641 -0.116217 0)
(7.24096 -0.11326 0)
(7.24531 -0.110837 0)
(7.24952 -0.109002 0)
(7.25367 -0.107792 0)
(7.25787 -0.107251 0)
(7.26224 -0.107379 0)
(7.26689 -0.10817 0)
(7.27197 -0.109555 0)
(7.27758 -0.111448 0)
(7.28384 -0.113704 0)
(7.2908 -0.116162 0)
(7.29851 -0.118626 0)
(7.30694 -0.120897 0)
(7.31603 -0.122778 0)
(7.32566 -0.124082 0)
(7.3357 -0.124673 0)
(7.34591 -0.124428 0)
(7.3561 -0.123318 0)
(7.36602 -0.121318 0)
(7.37546 -0.118517 0)
(7.38418 -0.114986 0)
(7.39199 -0.110915 0)
(7.39874 -0.106443 0)
(7.40427 -0.101832 0)
(7.40852 -0.0972639 0)
(7.41137 -0.0930405 0)
(7.41286 -0.089386 0)
(7.41292 -0.0866285 0)
(7.41168 -0.085041 0)
(7.40914 -0.0849743 0)
(7.40556 -0.0867639 0)
(7.40102 -0.0907715 0)
(7.39595 -0.0973872 0)
(7.39061 -0.106939 0)
(7.3856 -0.119811 0)
(7.38143 -0.136197 0)
(7.37889 -0.156354 0)
(7.3787 -0.180204 0)
(7.38179 -0.207732 0)
(7.38902 -0.23847 0)
(7.40124 -0.272004 0)
(7.41928 -0.307428 0)
(7.4437 -0.343886 0)
(7.47508 -0.380055 0)
(7.51346 -0.414618 0)
(7.55877 -0.445962 0)
(7.61018 -0.47262 0)
(7.6667 -0.493263 0)
(7.72666 -0.506953 0)
(7.78851 -0.51322 0)
(7.85037 -0.511971 0)
(7.91082 -0.503576 0)
(7.96834 -0.488561 0)
(8.02194 -0.467783 0)
(8.07064 -0.442051 0)
(8.11396 -0.412396 0)
(8.15137 -0.379662 0)
(8.18278 -0.344866 0)
(8.20803 -0.308774 0)
(8.22731 -0.272301 0)
(8.24071 -0.236114 0)
(8.24862 -0.201003 0)
(8.25124 -0.167496 0)
(8.24956 -0.136509 0)
(8.24232 -0.107699 0)
(8.23782 -0.0854367 0)
(8.21721 -0.0528391 0)
(5.00001 -0.00137974 0)
(5.00014 -0.00413231 0)
(5.00041 -0.00688386 0)
(5.00083 -0.00962781 0)
(5.00141 -0.012362 0)
(5.00213 -0.0150852 0)
(5.00298 -0.0177964 0)
(5.00396 -0.0204957 0)
(5.00508 -0.023184 0)
(5.00632 -0.0258633 0)
(5.00767 -0.0285362 0)
(5.00915 -0.0312059 0)
(5.01073 -0.0338769 0)
(5.01242 -0.0365541 0)
(5.01421 -0.0392434 0)
(5.0161 -0.0419514 0)
(5.0181 -0.0446852 0)
(5.02019 -0.0474527 0)
(5.02238 -0.0502624 0)
(5.02467 -0.0531229 0)
(5.02706 -0.0560434 0)
(5.02955 -0.0590336 0)
(5.03214 -0.062103 0)
(5.03484 -0.0652618 0)
(5.03765 -0.0685202 0)
(5.04057 -0.0718887 0)
(5.0436 -0.0753779 0)
(5.04676 -0.078999 0)
(5.05004 -0.0827631 0)
(5.05345 -0.0866816 0)
(5.057 -0.0907662 0)
(5.06069 -0.0950289 0)
(5.06454 -0.099482 0)
(5.06855 -0.104138 0)
(5.07274 -0.109009 0)
(5.0771 -0.114109 0)
(5.08166 -0.11945 0)
(5.08642 -0.125046 0)
(5.09141 -0.13091 0)
(5.09662 -0.137057 0)
(5.10207 -0.143499 0)
(5.10779 -0.150252 0)
(5.11378 -0.157329 0)
(5.12006 -0.164746 0)
(5.12665 -0.172516 0)
(5.13357 -0.180655 0)
(5.14084 -0.189178 0)
(5.14847 -0.198101 0)
(5.15649 -0.20744 0)
(5.16491 -0.217211 0)
(5.17377 -0.227432 0)
(5.18309 -0.23812 0)
(5.19289 -0.249293 0)
(5.2032 -0.260971 0)
(5.21406 -0.273172 0)
(5.22548 -0.285919 0)
(5.23751 -0.299231 0)
(5.25018 -0.313132 0)
(5.26354 -0.327645 0)
(5.27762 -0.342795 0)
(5.29249 -0.358605 0)
(5.30819 -0.3751 0)
(5.3248 -0.392306 0)
(5.34237 -0.410245 0)
(5.361 -0.428937 0)
(5.38077 -0.448401 0)
(5.40179 -0.468648 0)
(5.42417 -0.48968 0)
(5.44806 -0.511488 0)
(5.4736 -0.534047 0)
(5.50094 -0.55731 0)
(5.53028 -0.581202 0)
(5.56179 -0.605615 0)
(5.59568 -0.630394 0)
(5.63213 -0.655338 0)
(5.67134 -0.680183 0)
(5.71345 -0.704604 0)
(5.75858 -0.728208 0)
(5.80676 -0.750546 0)
(5.85794 -0.771115 0)
(5.91194 -0.789391 0)
(5.96842 -0.804849 0)
(6.02692 -0.817011 0)
(6.08681 -0.825493 0)
(6.14743 -0.830056 0)
(6.20809 -0.83062 0)
(6.26815 -0.827253 0)
(6.32707 -0.820139 0)
(6.38438 -0.809554 0)
(6.43972 -0.795837 0)
(6.49283 -0.779374 0)
(6.54355 -0.760564 0)
(6.59181 -0.739809 0)
(6.6376 -0.717498 0)
(6.68096 -0.693996 0)
(6.72196 -0.669639 0)
(6.76071 -0.644728 0)
(6.79731 -0.619529 0)
(6.83187 -0.594272 0)
(6.86451 -0.569153 0)
(6.89533 -0.544336 0)
(6.92443 -0.519956 0)
(6.95188 -0.496124 0)
(6.97779 -0.472926 0)
(7.00223 -0.450432 0)
(7.02527 -0.428694 0)
(7.04698 -0.407753 0)
(7.06744 -0.387638 0)
(7.08672 -0.36837 0)
(7.10487 -0.349959 0)
(7.12197 -0.332413 0)
(7.13808 -0.315732 0)
(7.15328 -0.299912 0)
(7.16761 -0.284944 0)
(7.18115 -0.270817 0)
(7.19395 -0.257512 0)
(7.20608 -0.245012 0)
(7.2176 -0.233292 0)
(7.22855 -0.222323 0)
(7.239 -0.212071 0)
(7.249 -0.2025 0)
(7.25858 -0.193564 0)
(7.26779 -0.185216 0)
(7.27665 -0.177401 0)
(7.28518 -0.170072 0)
(7.29339 -0.163182 0)
(7.30128 -0.1567 0)
(7.30884 -0.150598 0)
(7.31606 -0.144875 0)
(7.32291 -0.139529 0)
(7.32938 -0.134589 0)
(7.33544 -0.130086 0)
(7.34108 -0.126076 0)
(7.34632 -0.122626 0)
(7.35118 -0.119815 0)
(7.35573 -0.117736 0)
(7.36008 -0.116473 0)
(7.36438 -0.11612 0)
(7.36881 -0.116721 0)
(7.37362 -0.118315 0)
(7.37904 -0.120842 0)
(7.3853 -0.124214 0)
(7.39263 -0.128226 0)
(7.40115 -0.132639 0)
(7.41095 -0.137134 0)
(7.422 -0.141379 0)
(7.43422 -0.145023 0)
(7.44739 -0.147736 0)
(7.46124 -0.149257 0)
(7.47542 -0.149376 0)
(7.48956 -0.148018 0)
(7.50325 -0.145147 0)
(7.51614 -0.14089 0)
(7.52786 -0.135368 0)
(7.53812 -0.128857 0)
(7.54671 -0.121573 0)
(7.55341 -0.11387 0)
(7.55813 -0.106001 0)
(7.56072 -0.0983598 0)
(7.56121 -0.09123 0)
(7.55947 -0.0850393 0)
(7.55565 -0.0801253 0)
(7.54968 -0.0769703 0)
(7.54181 -0.0760283 0)
(7.53212 -0.0778724 0)
(7.52106 -0.0831049 0)
(7.50895 -0.0923378 0)
(7.49658 -0.10623 0)
(7.48465 -0.125273 0)
(7.47433 -0.150011 0)
(7.46676 -0.180593 0)
(7.46337 -0.217141 0)
(7.46554 -0.259177 0)
(7.4746 -0.306188 0)
(7.49194 -0.357037 0)
(7.51875 -0.410536 0)
(7.55629 -0.464745 0)
(7.60491 -0.517385 0)
(7.66438 -0.565529 0)
(7.73298 -0.606285 0)
(7.80847 -0.637151 0)
(7.88772 -0.65652 0)
(7.96791 -0.663865 0)
(8.04617 -0.659469 0)
(8.1205 -0.64437 0)
(8.18914 -0.619838 0)
(8.25116 -0.587458 0)
(8.30578 -0.548679 0)
(8.35285 -0.505055 0)
(8.39215 -0.45788 0)
(8.42392 -0.408515 0)
(8.4482 -0.358027 0)
(8.46539 -0.307588 0)
(8.47561 -0.258046 0)
(8.47932 -0.210338 0)
(8.47658 -0.165185 0)
(8.46858 -0.123543 0)
(8.45271 -0.0854959 0)
(8.44164 -0.055679 0)
(8.40435 -0.0170385 0)
(5.00001 -0.0015336 0)
(5.00015 -0.00459245 0)
(5.00043 -0.00764712 0)
(5.00088 -0.0106881 0)
(5.00149 -0.0137108 0)
(5.00224 -0.0167128 0)
(5.00312 -0.0196923 0)
(5.00414 -0.0226498 0)
(5.00528 -0.0255873 0)
(5.00655 -0.028508 0)
(5.00793 -0.0314162 0)
(5.00942 -0.0343172 0)
(5.01101 -0.0372165 0)
(5.01269 -0.0401205 0)
(5.01447 -0.0430358 0)
(5.01634 -0.0459697 0)
(5.01829 -0.0489296 0)
(5.02032 -0.0519238 0)
(5.02244 -0.0549608 0)
(5.02463 -0.0580497 0)
(5.0269 -0.0612 0)
(5.02925 -0.0644217 0)
(5.03169 -0.0677252 0)
(5.0342 -0.0711211 0)
(5.0368 -0.0746207 0)
(5.03949 -0.0782352 0)
(5.04227 -0.0819763 0)
(5.04514 -0.0858561 0)
(5.04812 -0.0898869 0)
(5.0512 -0.0940812 0)
(5.05439 -0.0984518 0)
(5.05771 -0.103012 0)
(5.06115 -0.107775 0)
(5.06472 -0.112755 0)
(5.06844 -0.117966 0)
(5.07232 -0.123422 0)
(5.07636 -0.129138 0)
(5.08057 -0.135128 0)
(5.08498 -0.141409 0)
(5.08959 -0.147995 0)
(5.09441 -0.154903 0)
(5.09946 -0.162147 0)
(5.10476 -0.169745 0)
(5.11031 -0.177713 0)
(5.11615 -0.186068 0)
(5.12228 -0.194826 0)
(5.12873 -0.204005 0)
(5.13551 -0.213623 0)
(5.14264 -0.223698 0)
(5.15015 -0.234249 0)
(5.15805 -0.245296 0)
(5.16638 -0.256859 0)
(5.17515 -0.268959 0)
(5.18439 -0.281619 0)
(5.19412 -0.294863 0)
(5.20438 -0.308717 0)
(5.2152 -0.323207 0)
(5.22662 -0.338364 0)
(5.23866 -0.354219 0)
(5.25138 -0.370807 0)
(5.26482 -0.388163 0)
(5.27904 -0.406328 0)
(5.2941 -0.425342 0)
(5.31007 -0.445251 0)
(5.32703 -0.466098 0)
(5.34509 -0.487929 0)
(5.36437 -0.510787 0)
(5.38498 -0.534711 0)
(5.40711 -0.559731 0)
(5.43092 -0.585865 0)
(5.45662 -0.613109 0)
(5.48446 -0.641427 0)
(5.51471 -0.670745 0)
(5.54765 -0.700927 0)
(5.58361 -0.731763 0)
(5.62289 -0.762947 0)
(5.6658 -0.794057 0)
(5.71258 -0.824536 0)
(5.76338 -0.853695 0)
(5.81824 -0.880729 0)
(5.87703 -0.904788 0)
(5.93936 -0.925053 0)
(6.00462 -0.940809 0)
(6.0719 -0.951495 0)
(6.14021 -0.956774 0)
(6.20862 -0.956561 0)
(6.27642 -0.951022 0)
(6.34312 -0.940545 0)
(6.40841 -0.925694 0)
(6.47208 -0.907127 0)
(6.53404 -0.885526 0)
(6.5942 -0.861532 0)
(6.65252 -0.83572 0)
(6.70892 -0.808584 0)
(6.76333 -0.780541 0)
(6.81566 -0.751936 0)
(6.86585 -0.723051 0)
(6.91382 -0.694121 0)
(6.95953 -0.665338 0)
(7.00294 -0.636865 0)
(7.04404 -0.608836 0)
(7.08283 -0.581364 0)
(7.11933 -0.554544 0)
(7.15359 -0.528453 0)
(7.18565 -0.503157 0)
(7.21559 -0.478709 0)
(7.24349 -0.45515 0)
(7.26944 -0.432513 0)
(7.29353 -0.410822 0)
(7.31586 -0.390093 0)
(7.33655 -0.370336 0)
(7.35569 -0.351554 0)
(7.3734 -0.333747 0)
(7.38978 -0.316907 0)
(7.40494 -0.301027 0)
(7.41898 -0.286091 0)
(7.432 -0.272084 0)
(7.44411 -0.258981 0)
(7.45541 -0.246756 0)
(7.46598 -0.235377 0)
(7.47593 -0.224802 0)
(7.48534 -0.214979 0)
(7.49428 -0.205845 0)
(7.50281 -0.19732 0)
(7.51095 -0.189322 0)
(7.5187 -0.181759 0)
(7.52605 -0.17456 0)
(7.53297 -0.167654 0)
(7.53939 -0.161022 0)
(7.54528 -0.154654 0)
(7.55057 -0.1486 0)
(7.55524 -0.142924 0)
(7.55923 -0.137739 0)
(7.56256 -0.133175 0)
(7.5652 -0.1294 0)
(7.56725 -0.126599 0)
(7.5688 -0.12496 0)
(7.57007 -0.124675 0)
(7.57128 -0.125865 0)
(7.5728 -0.128624 0)
(7.57503 -0.132896 0)
(7.57836 -0.138555 0)
(7.5832 -0.145292 0)
(7.58981 -0.152735 0)
(7.59841 -0.160375 0)
(7.609 -0.167655 0)
(7.62149 -0.173969 0)
(7.63554 -0.178743 0)
(7.65075 -0.181512 0)
(7.66651 -0.181934 0)
(7.68227 -0.179877 0)
(7.69739 -0.17533 0)
(7.71134 -0.168504 0)
(7.72362 -0.159651 0)
(7.73388 -0.149188 0)
(7.74184 -0.13747 0)
(7.74729 -0.124971 0)
(7.7501 -0.112037 0)
(7.75014 -0.0991414 0)
(7.74738 -0.0866232 0)
(7.74166 -0.0749759 0)
(7.733 -0.064578 0)
(7.72118 -0.0560162 0)
(7.70628 -0.049863 0)
(7.6881 -0.0469503 0)
(7.66698 -0.0481585 0)
(7.64306 -0.0545673 0)
(7.61712 -0.0673278 0)
(7.58988 -0.0875744 0)
(7.56284 -0.116339 0)
(7.53756 -0.154148 0)
(7.51588 -0.201239 0)
(7.49946 -0.257118 0)
(7.49033 -0.321298 0)
(7.49103 -0.392714 0)
(7.50393 -0.470235 0)
(7.53095 -0.551214 0)
(7.57226 -0.63128 0)
(7.62689 -0.704369 0)
(7.69195 -0.764339 0)
(7.76387 -0.806722 0)
(7.83822 -0.829557 0)
(7.91133 -0.833378 0)
(7.98006 -0.820084 0)
(8.0427 -0.792437 0)
(8.09814 -0.753165 0)
(8.14629 -0.704996 0)
(8.18724 -0.650191 0)
(8.22162 -0.590814 0)
(8.24993 -0.528452 0)
(8.27294 -0.464531 0)
(8.29096 -0.400087 0)
(8.30458 -0.336144 0)
(8.31362 -0.273378 0)
(8.3183 -0.212599 0)
(8.31778 -0.154504 0)
(8.31264 -0.0999945 0)
(8.29968 -0.050015 0)
(8.29085 -0.00880045 0)
(8.25454 0.0413969 0)
(5.00002 -0.00169856 0)
(5.00016 -0.00508584 0)
(5.00047 -0.00846434 0)
(5.00097 -0.0118204 0)
(5.00163 -0.0151459 0)
(5.00243 -0.018435 0)
(5.00338 -0.0216831 0)
(5.00445 -0.0248877 0)
(5.00564 -0.0280487 0)
(5.00694 -0.031168 0)
(5.00834 -0.0342499 0)
(5.00984 -0.037301 0)
(5.01142 -0.0403288 0)
(5.01308 -0.0433427 0)
(5.01482 -0.0463522 0)
(5.01663 -0.0493679 0)
(5.01851 -0.0524005 0)
(5.02046 -0.0554613 0)
(5.02247 -0.0585616 0)
(5.02454 -0.0617129 0)
(5.02667 -0.0649273 0)
(5.02886 -0.0682167 0)
(5.03112 -0.0715936 0)
(5.03343 -0.0750708 0)
(5.03581 -0.078661 0)
(5.03825 -0.0823776 0)
(5.04077 -0.0862341 0)
(5.04335 -0.090244 0)
(5.04601 -0.0944215 0)
(5.04876 -0.0987806 0)
(5.05158 -0.103336 0)
(5.05451 -0.108101 0)
(5.05753 -0.113093 0)
(5.06066 -0.118324 0)
(5.0639 -0.123812 0)
(5.06727 -0.129571 0)
(5.07078 -0.135617 0)
(5.07443 -0.141967 0)
(5.07823 -0.148637 0)
(5.08221 -0.155642 0)
(5.08637 -0.163001 0)
(5.09072 -0.170729 0)
(5.09529 -0.178845 0)
(5.10008 -0.187366 0)
(5.10511 -0.196309 0)
(5.11041 -0.205692 0)
(5.11598 -0.215535 0)
(5.12185 -0.225856 0)
(5.12804 -0.236674 0)
(5.13456 -0.24801 0)
(5.14143 -0.259884 0)
(5.14869 -0.272319 0)
(5.15634 -0.285338 0)
(5.16441 -0.298967 0)
(5.17293 -0.313231 0)
(5.18192 -0.32816 0)
(5.1914 -0.343787 0)
(5.20141 -0.360147 0)
(5.21198 -0.377279 0)
(5.22313 -0.395227 0)
(5.23492 -0.41404 0)
(5.24738 -0.433772 0)
(5.26056 -0.454483 0)
(5.27452 -0.476239 0)
(5.28935 -0.499115 0)
(5.30511 -0.523189 0)
(5.32193 -0.548546 0)
(5.33993 -0.575274 0)
(5.35928 -0.60346 0)
(5.38016 -0.633188 0)
(5.40283 -0.66453 0)
(5.42759 -0.697534 0)
(5.4548 -0.732211 0)
(5.4849 -0.76851 0)
(5.51841 -0.806296 0)
(5.55592 -0.845308 0)
(5.5981 -0.885117 0)
(5.64562 -0.925056 0)
(5.69907 -0.964178 0)
(5.75888 -1.00119 0)
(5.82503 -1.03448 0)
(5.89699 -1.06222 0)
(5.974 -1.08297 0)
(6.05529 -1.09612 0)
(6.14015 -1.1019 0)
(6.22797 -1.10096 0)
(6.31807 -1.09406 0)
(6.40964 -1.08198 0)
(6.50167 -1.06547 0)
(6.59311 -1.04521 0)
(6.6829 -1.02182 0)
(6.77007 -0.995795 0)
(6.85375 -0.967573 0)
(6.93319 -0.937545 0)
(7.00785 -0.906071 0)
(7.07732 -0.87348 0)
(7.14138 -0.840088 0)
(7.19993 -0.806186 0)
(7.253 -0.772056 0)
(7.30073 -0.737951 0)
(7.3433 -0.704107 0)
(7.381 -0.670732 0)
(7.41412 -0.63801 0)
(7.44298 -0.606094 0)
(7.46792 -0.575117 0)
(7.48927 -0.545182 0)
(7.50736 -0.516374 0)
(7.52251 -0.488753 0)
(7.53502 -0.462366 0)
(7.54518 -0.437238 0)
(7.55324 -0.413386 0)
(7.55946 -0.390813 0)
(7.56406 -0.369515 0)
(7.56724 -0.349478 0)
(7.56919 -0.330686 0)
(7.57009 -0.313114 0)
(7.57008 -0.296736 0)
(7.56931 -0.281517 0)
(7.56793 -0.267421 0)
(7.56606 -0.254401 0)
(7.56383 -0.242399 0)
(7.56135 -0.231343 0)
(7.55875 -0.221137 0)
(7.5561 -0.211667 0)
(7.55348 -0.202811 0)
(7.55089 -0.194433 0)
(7.5483 -0.186408 0)
(7.54564 -0.178609 0)
(7.54277 -0.17096 0)
(7.53957 -0.163407 0)
(7.53586 -0.155978 0)
(7.53154 -0.148726 0)
(7.52643 -0.141795 0)
(7.52045 -0.135358 0)
(7.51348 -0.129692 0)
(7.50552 -0.12512 0)
(7.49657 -0.122054 0)
(7.48686 -0.120919 0)
(7.47664 -0.122091 0)
(7.46638 -0.125849 0)
(7.45662 -0.132217 0)
(7.44799 -0.141 0)
(7.44108 -0.151695 0)
(7.43637 -0.16367 0)
(7.4343 -0.176129 0)
(7.43504 -0.188168 0)
(7.43864 -0.198771 0)
(7.44472 -0.206967 0)
(7.45276 -0.211984 0)
(7.46195 -0.21331 0)
(7.47154 -0.210775 0)
(7.48069 -0.204462 0)
(7.48878 -0.194746 0)
(7.49524 -0.182128 0)
(7.49978 -0.167252 0)
(7.50216 -0.150705 0)
(7.50231 -0.13305 0)
(7.50015 -0.114706 0)
(7.49559 -0.0961435 0)
(7.4886 -0.07773 0)
(7.47892 -0.0598734 0)
(7.46632 -0.0428319 0)
(7.45011 -0.0270702 0)
(7.4299 -0.0131416 0)
(7.40488 -0.00207222 0)
(7.37469 0.00488077 0)
(7.3385 0.00617096 0)
(7.2963 0.000238225 0)
(7.24838 -0.0149182 0)
(7.19644 -0.0414437 0)
(7.14154 -0.080807 0)
(7.08466 -0.133069 0)
(7.02825 -0.198396 0)
(6.97705 -0.277789 0)
(6.93398 -0.370569 0)
(6.89859 -0.476005 0)
(6.87164 -0.590581 0)
(6.85603 -0.704206 0)
(6.85626 -0.804549 0)
(6.87365 -0.88156 0)
(6.90565 -0.930144 0)
(6.94604 -0.949891 0)
(6.98871 -0.944248 0)
(7.0287 -0.917975 0)
(7.06355 -0.876161 0)
(7.09216 -0.822998 0)
(7.11494 -0.762141 0)
(7.13254 -0.696284 0)
(7.14626 -0.627683 0)
(7.15708 -0.557846 0)
(7.16627 -0.487972 0)
(7.17452 -0.418637 0)
(7.18271 -0.350335 0)
(7.19096 -0.283076 0)
(7.1994 -0.217204 0)
(7.20773 -0.153039 0)
(7.2149 -0.0911309 0)
(7.2201 -0.0324896 0)
(7.22442 0.0175829 0)
(7.22252 0.0865766 0)
(5.00002 -0.00188192 0)
(5.00019 -0.00563294 0)
(5.00054 -0.00936563 0)
(5.0011 -0.0130606 0)
(5.00184 -0.0167079 0)
(5.00275 -0.0203042 0)
(5.00381 -0.0238496 0)
(5.005 -0.0273461 0)
(5.00632 -0.0307962 0)
(5.00775 -0.0342031 0)
(5.00928 -0.0375707 0)
(5.01088 -0.0409046 0)
(5.01255 -0.0442109 0)
(5.01428 -0.0474974 0)
(5.01606 -0.0507725 0)
(5.01789 -0.0540457 0)
(5.01976 -0.0573272 0)
(5.02167 -0.0606276 0)
(5.02362 -0.0639582 0)
(5.02559 -0.0673304 0)
(5.0276 -0.0707561 0)
(5.02964 -0.0742475 0)
(5.03171 -0.0778172 0)
(5.03381 -0.0814784 0)
(5.03595 -0.0852444 0)
(5.03812 -0.0891294 0)
(5.04032 -0.0931478 0)
(5.04257 -0.0973146 0)
(5.04487 -0.101645 0)
(5.04721 -0.106155 0)
(5.04961 -0.110861 0)
(5.05207 -0.115779 0)
(5.0546 -0.120927 0)
(5.05721 -0.126322 0)
(5.05989 -0.131981 0)
(5.06267 -0.137922 0)
(5.06556 -0.144164 0)
(5.06855 -0.150725 0)
(5.07167 -0.157624 0)
(5.07493 -0.16488 0)
(5.07834 -0.172512 0)
(5.08191 -0.180539 0)
(5.08565 -0.188981 0)
(5.08959 -0.197858 0)
(5.09374 -0.207189 0)
(5.09811 -0.216995 0)
(5.10272 -0.227296 0)
(5.10759 -0.238112 0)
(5.11274 -0.249465 0)
(5.11817 -0.261376 0)
(5.12392 -0.273867 0)
(5.12999 -0.286962 0)
(5.13641 -0.300686 0)
(5.14319 -0.315063 0)
(5.15034 -0.330123 0)
(5.15788 -0.345897 0)
(5.16583 -0.362418 0)
(5.1742 -0.379726 0)
(5.18301 -0.397861 0)
(5.19226 -0.416875 0)
(5.20199 -0.436821 0)
(5.2122 -0.457765 0)
(5.22293 -0.479781 0)
(5.23421 -0.502954 0)
(5.24609 -0.527383 0)
(5.25862 -0.55318 0)
(5.2719 -0.580476 0)
(5.28605 -0.609419 0)
(5.30123 -0.640175 0)
(5.31767 -0.672926 0)
(5.33566 -0.707871 0)
(5.35562 -0.74521 0)
(5.37806 -0.785137 0)
(5.40369 -0.827811 0)
(5.43338 -0.873323 0)
(5.46824 -0.921629 0)
(5.50966 -0.972513 0)
(5.55924 -1.0254 0)
(5.61894 -1.07945 0)
(5.6906 -1.13301 0)
(5.77525 -1.18342 0)
(5.87339 -1.22777 0)
(5.98428 -1.26343 0)
(6.10594 -1.28949 0)
(6.23584 -1.30652 0)
(6.37101 -1.31518 0)
(6.50773 -1.31569 0)
(6.64172 -1.30808 0)
(6.76888 -1.29252 0)
(6.88593 -1.26942 0)
(6.9906 -1.23946 0)
(7.08157 -1.20353 0)
(7.15835 -1.16268 0)
(7.2211 -1.11802 0)
(7.27046 -1.07059 0)
(7.30737 -1.02137 0)
(7.33294 -0.971198 0)
(7.34836 -0.920817 0)
(7.35486 -0.870825 0)
(7.3536 -0.82172 0)
(7.34571 -0.773891 0)
(7.33223 -0.727644 0)
(7.31411 -0.683203 0)
(7.29219 -0.64073 0)
(7.26722 -0.600326 0)
(7.23986 -0.562051 0)
(7.21069 -0.525922 0)
(7.1802 -0.491928 0)
(7.1488 -0.460035 0)
(7.11686 -0.43019 0)
(7.08465 -0.40233 0)
(7.05244 -0.376384 0)
(7.02041 -0.352275 0)
(6.98872 -0.329929 0)
(6.95751 -0.309269 0)
(6.92687 -0.290229 0)
(6.89687 -0.27274 0)
(6.8676 -0.256746 0)
(6.8391 -0.242185 0)
(6.81144 -0.229003 0)
(6.78467 -0.217127 0)
(6.75886 -0.206451 0)
(6.73409 -0.196812 0)
(6.71041 -0.188011 0)
(6.68782 -0.179827 0)
(6.66633 -0.172029 0)
(6.64589 -0.16441 0)
(6.62639 -0.156793 0)
(6.60767 -0.149067 0)
(6.5895 -0.14116 0)
(6.57163 -0.133071 0)
(6.55381 -0.124827 0)
(6.53575 -0.116518 0)
(6.51715 -0.10827 0)
(6.49763 -0.100345 0)
(6.47684 -0.0931407 0)
(6.45439 -0.0872783 0)
(6.4302 -0.0834636 0)
(6.40427 -0.0825923 0)
(6.37702 -0.0855054 0)
(6.34922 -0.0925863 0)
(6.32193 -0.103522 0)
(6.29619 -0.117711 0)
(6.27263 -0.134457 0)
(6.25191 -0.153032 0)
(6.23455 -0.1721 0)
(6.22099 -0.189772 0)
(6.21105 -0.204078 0)
(6.20428 -0.213601 0)
(6.19983 -0.217556 0)
(6.19691 -0.215824 0)
(6.19457 -0.208765 0)
(6.19211 -0.197128 0)
(6.18893 -0.181875 0)
(6.18478 -0.163987 0)
(6.17963 -0.144319 0)
(6.17363 -0.123526 0)
(6.16696 -0.102122 0)
(6.15986 -0.0804017 0)
(6.15239 -0.0584475 0)
(6.144 -0.0361162 0)
(6.13404 -0.0132369 0)
(6.12164 0.0100322 0)
(6.10585 0.0332598 0)
(6.08472 0.0556896 0)
(6.05637 0.0766285 0)
(6.0183 0.0944636 0)
(5.96988 0.105462 0)
(5.91108 0.104144 0)
(5.84119 0.0882303 0)
(5.75685 0.0600217 0)
(5.65988 0.0191883 0)
(5.56086 -0.0444136 0)
(5.46993 -0.13392 0)
(5.36837 -0.236957 0)
(5.23481 -0.34974 0)
(5.09118 -0.468188 0)
(4.98441 -0.593352 0)
(4.93911 -0.72244 0)
(4.95115 -0.838716 0)
(5.00277 -0.923489 0)
(5.07365 -0.967441 0)
(5.1481 -0.972856 0)
(5.2152 -0.94767 0)
(5.27018 -0.901132 0)
(5.31146 -0.840878 0)
(5.34033 -0.772994 0)
(5.35854 -0.701568 0)
(5.36885 -0.629509 0)
(5.3734 -0.558438 0)
(5.37459 -0.489363 0)
(5.3738 -0.422439 0)
(5.37244 -0.357636 0)
(5.37131 -0.294501 0)
(5.3713 -0.232858 0)
(5.37333 -0.172381 0)
(5.37608 -0.113242 0)
(5.38465 -0.0545127 0)
(5.38644 -0.00653693 0)
(5.41136 0.0788391 0)
(5.00002 -0.00209782 0)
(5.00023 -0.00627684 0)
(5.00066 -0.0104232 0)
(5.00133 -0.0144967 0)
(5.00219 -0.0184663 0)
(5.0032 -0.0223142 0)
(5.00435 -0.0260355 0)
(5.00562 -0.0296339 0)
(5.007 -0.033119 0)
(5.00847 -0.0365038 0)
(5.01002 -0.0398035 0)
(5.01165 -0.0430342 0)
(5.01333 -0.0462119 0)
(5.01506 -0.0493528 0)
(5.01683 -0.0524728 0)
(5.01864 -0.0555878 0)
(5.02047 -0.0587137 0)
(5.02233 -0.0618663 0)
(5.0242 -0.0650609 0)
(5.02609 -0.0683128 0)
(5.028 -0.0716367 0)
(5.02991 -0.0750474 0)
(5.03184 -0.0785591 0)
(5.03377 -0.0821862 0)
(5.03571 -0.0859432 0)
(5.03767 -0.0898446 0)
(5.03963 -0.093905 0)
(5.0416 -0.0981396 0)
(5.04359 -0.102564 0)
(5.0456 -0.107193 0)
(5.04763 -0.112044 0)
(5.04969 -0.117132 0)
(5.05177 -0.122476 0)
(5.0539 -0.128092 0)
(5.05607 -0.133999 0)
(5.05829 -0.140214 0)
(5.06057 -0.146756 0)
(5.06293 -0.153644 0)
(5.06536 -0.160898 0)
(5.06788 -0.168537 0)
(5.07051 -0.176579 0)
(5.07325 -0.185046 0)
(5.07612 -0.193956 0)
(5.07913 -0.20333 0)
(5.08229 -0.213188 0)
(5.08562 -0.223549 0)
(5.08913 -0.234433 0)
(5.09284 -0.24586 0)
(5.09676 -0.257849 0)
(5.10089 -0.270422 0)
(5.10526 -0.283598 0)
(5.10988 -0.297398 0)
(5.11475 -0.311845 0)
(5.11989 -0.326961 0)
(5.12529 -0.342772 0)
(5.13098 -0.359305 0)
(5.13695 -0.376592 0)
(5.14322 -0.394667 0)
(5.14979 -0.413574 0)
(5.15667 -0.43336 0)
(5.16387 -0.454085 0)
(5.17142 -0.475821 0)
(5.17934 -0.498654 0)
(5.18768 -0.522692 0)
(5.1965 -0.548066 0)
(5.20588 -0.574937 0)
(5.21595 -0.603507 0)
(5.22688 -0.634022 0)
(5.23889 -0.666786 0)
(5.25229 -0.702168 0)
(5.2675 -0.740618 0)
(5.28509 -0.782666 0)
(5.30582 -0.828923 0)
(5.3307 -0.880066 0)
(5.36105 -0.936763 0)
(5.39853 -0.999602 0)
(5.44539 -1.06877 0)
(5.50375 -1.14385 0)
(5.57784 -1.22345 0)
(5.66867 -1.30373 0)
(5.78424 -1.38089 0)
(5.92935 -1.4551 0)
(6.09852 -1.52317 0)
(6.27716 -1.57995 0)
(6.44939 -1.61979 0)
(6.60314 -1.63782 0)
(6.73026 -1.63209 0)
(6.82597 -1.60386 0)
(6.88876 -1.55653 0)
(6.91973 -1.49431 0)
(6.92167 -1.42147 0)
(6.89825 -1.34193 0)
(6.85346 -1.25899 0)
(6.7913 -1.17528 0)
(6.71552 -1.09275 0)
(6.62946 -1.01281 0)
(6.536 -0.936381 0)
(6.43755 -0.864028 0)
(6.33613 -0.796061 0)
(6.23335 -0.732587 0)
(6.13053 -0.673589 0)
(6.02871 -0.61895 0)
(5.92868 -0.568509 0)
(5.83108 -0.522052 0)
(5.73636 -0.479361 0)
(5.64485 -0.440193 0)
(5.55678 -0.404319 0)
(5.47227 -0.371493 0)
(5.3914 -0.341498 0)
(5.31416 -0.314103 0)
(5.24051 -0.289119 0)
(5.17037 -0.266336 0)
(5.10363 -0.245598 0)
(5.04015 -0.226723 0)
(4.9798 -0.209594 0)
(4.9224 -0.19406 0)
(4.8678 -0.18005 0)
(4.81581 -0.167456 0)
(4.76631 -0.156275 0)
(4.71914 -0.146454 0)
(4.67426 -0.138089 0)
(4.63171 -0.131153 0)
(4.59155 -0.125493 0)
(4.55379 -0.120863 0)
(4.51843 -0.116931 0)
(4.48542 -0.113224 0)
(4.45468 -0.109311 0)
(4.426 -0.10486 0)
(4.39918 -0.0996915 0)
(4.37392 -0.0937499 0)
(4.34991 -0.0870868 0)
(4.32689 -0.0797716 0)
(4.30454 -0.0718462 0)
(4.28256 -0.0632554 0)
(4.26037 -0.0540384 0)
(4.23735 -0.0444659 0)
(4.2124 -0.0353442 0)
(4.18413 -0.0276144 0)
(4.15144 -0.0224133 0)
(4.11454 -0.0214721 0)
(4.07517 -0.027421 0)
(4.03556 -0.0411647 0)
(3.99757 -0.0618783 0)
(3.96022 -0.0860763 0)
(3.9231 -0.111765 0)
(3.88957 -0.136654 0)
(3.86324 -0.158919 0)
(3.84532 -0.17671 0)
(3.83534 -0.188901 0)
(3.83181 -0.19468 0)
(3.83299 -0.193756 0)
(3.83685 -0.186346 0)
(3.84142 -0.173406 0)
(3.84502 -0.156393 0)
(3.84683 -0.136992 0)
(3.84672 -0.116484 0)
(3.8449 -0.0958411 0)
(3.84184 -0.0756309 0)
(3.83828 -0.0558145 0)
(3.83507 -0.0358998 0)
(3.83285 -0.0153168 0)
(3.83204 0.00647975 0)
(3.83195 0.0300381 0)
(3.83142 0.0566724 0)
(3.82788 0.087704 0)
(3.81876 0.122971 0)
(3.79941 0.158091 0)
(3.76596 0.187622 0)
(3.71259 0.212977 0)
(3.63057 0.238169 0)
(3.51808 0.245673 0)
(3.40737 0.198844 0)
(3.3378 0.0995415 0)
(3.25399 0.0184539 0)
(2.98082 0.0624292 0)
(2.6527 0.153716 0)
(2.49814 0.0122038 0)
(2.53489 -0.325325 0)
(2.68296 -0.697262 0)
(2.87511 -0.988207 0)
(3.06543 -1.16516 0)
(3.23276 -1.23812 0)
(3.37187 -1.23269 0)
(3.48058 -1.1758 0)
(3.56109 -1.08858 0)
(3.6168 -0.986833 0)
(3.65187 -0.880688 0)
(3.66965 -0.777084 0)
(3.67426 -0.679473 0)
(3.66885 -0.589935 0)
(3.65721 -0.508318 0)
(3.64135 -0.433861 0)
(3.62323 -0.364694 0)
(3.60311 -0.300034 0)
(3.58157 -0.237706 0)
(3.55874 -0.178514 0)
(3.53102 -0.120765 0)
(3.50619 -0.064281 0)
(3.47163 -0.0252158 0)
(3.45493 0.0584799 0)
(5.00003 -0.0023624 0)
(5.00029 -0.00706481 0)
(5.00087 -0.0117276 0)
(5.00179 -0.0163241 0)
(5.00299 -0.0208404 0)
(5.0044 -0.025268 0)
(5.00596 -0.029596 0)
(5.00764 -0.0338126 0)
(5.0094 -0.0379101 0)
(5.01121 -0.0418887 0)
(5.01305 -0.0457542 0)
(5.01491 -0.049516 0)
(5.01678 -0.0531845 0)
(5.01864 -0.0567714 0)
(5.02049 -0.0602895 0)
(5.02232 -0.0637527 0)
(5.02414 -0.0671757 0)
(5.02593 -0.0705745 0)
(5.02769 -0.0739652 0)
(5.02942 -0.0773647 0)
(5.03113 -0.0807903 0)
(5.03281 -0.0842598 0)
(5.03446 -0.0877909 0)
(5.03609 -0.0914018 0)
(5.03768 -0.0951108 0)
(5.03925 -0.0989365 0)
(5.0408 -0.102897 0)
(5.04232 -0.107013 0)
(5.04382 -0.111301 0)
(5.0453 -0.115783 0)
(5.04676 -0.120478 0)
(5.0482 -0.125406 0)
(5.04964 -0.130588 0)
(5.05107 -0.136044 0)
(5.0525 -0.141796 0)
(5.05393 -0.147866 0)
(5.05537 -0.154275 0)
(5.05684 -0.161046 0)
(5.05833 -0.168201 0)
(5.05985 -0.175761 0)
(5.06142 -0.183749 0)
(5.06305 -0.192187 0)
(5.06475 -0.201097 0)
(5.06652 -0.210501 0)
(5.0684 -0.22042 0)
(5.07039 -0.230874 0)
(5.07251 -0.241884 0)
(5.07477 -0.25347 0)
(5.0772 -0.26565 0)
(5.07982 -0.278445 0)
(5.08266 -0.291872 0)
(5.08573 -0.305952 0)
(5.08907 -0.320705 0)
(5.0927 -0.336151 0)
(5.09667 -0.352316 0)
(5.10102 -0.369226 0)
(5.10578 -0.386915 0)
(5.11102 -0.405422 0)
(5.11678 -0.424797 0)
(5.12314 -0.4451 0)
(5.13016 -0.466407 0)
(5.13794 -0.488814 0)
(5.14655 -0.512439 0)
(5.1561 -0.537432 0)
(5.1667 -0.563978 0)
(5.17846 -0.592306 0)
(5.1915 -0.622705 0)
(5.20593 -0.655534 0)
(5.2219 -0.691245 0)
(5.23954 -0.730413 0)
(5.25903 -0.773772 0)
(5.28059 -0.822266 0)
(5.30455 -0.877106 0)
(5.3315 -0.939874 0)
(5.36233 -1.0125 0)
(5.39886 -1.0976 0)
(5.44351 -1.19738 0)
(5.50078 -1.31565 0)
(5.57642 -1.45019 0)
(5.67126 -1.60125 0)
(5.80772 -1.76052 0)
(5.95473 -1.88943 0)
(6.08081 -1.96604 0)
(6.16083 -1.98855 0)
(6.18333 -1.95957 0)
(6.14898 -1.88542 0)
(6.06275 -1.777 0)
(5.93198 -1.64671 0)
(5.76621 -1.50556 0)
(5.57552 -1.36211 0)
(5.36892 -1.22242 0)
(5.1539 -1.09044 0)
(4.93641 -0.968396 0)
(4.72115 -0.857302 0)
(4.5115 -0.757302 0)
(4.3099 -0.668018 0)
(4.11785 -0.588753 0)
(3.93623 -0.51867 0)
(3.76538 -0.456867 0)
(3.60535 -0.402473 0)
(3.45585 -0.354649 0)
(3.31655 -0.31264 0)
(3.1869 -0.275751 0)
(3.06643 -0.243373 0)
(2.95453 -0.21495 0)
(2.8507 -0.190006 0)
(2.75433 -0.168108 0)
(2.66498 -0.148883 0)
(2.58206 -0.131996 0)
(2.5052 -0.117161 0)
(2.43384 -0.104115 0)
(2.36767 -0.0926454 0)
(2.30618 -0.0825482 0)
(2.24908 -0.073668 0)
(2.19593 -0.0658472 0)
(2.14646 -0.0589772 0)
(2.10024 -0.052934 0)
(2.05705 -0.0476662 0)
(2.01636 -0.0431043 0)
(1.97806 -0.0393771 0)
(1.94129 -0.0365377 0)
(1.9073 -0.0346585 0)
(1.87649 -0.033554 0)
(1.84893 -0.0331462 0)
(1.82543 -0.0333917 0)
(1.80677 -0.0339728 0)
(1.79291 -0.0344469 0)
(1.78321 -0.0343146 0)
(1.77675 -0.0331928 0)
(1.77239 -0.0308289 0)
(1.76897 -0.0272749 0)
(1.76558 -0.0226877 0)
(1.76162 -0.0171543 0)
(1.75671 -0.0103191 0)
(1.75025 -0.00156807 0)
(1.7411 0.00990903 0)
(1.72729 0.0243482 0)
(1.70643 0.0405235 0)
(1.67862 0.0536891 0)
(1.6468 0.0559517 0)
(1.60763 0.0464163 0)
(1.54357 0.0362869 0)
(1.47256 0.0363549 0)
(1.42429 0.0454685 0)
(1.39813 0.0393577 0)
(1.39666 0.0028638 0)
(1.42414 -0.0551739 0)
(1.47361 -0.11424 0)
(1.53752 -0.164132 0)
(1.60938 -0.200348 0)
(1.68468 -0.221158 0)
(1.75788 -0.225665 0)
(1.82358 -0.215739 0)
(1.87744 -0.195387 0)
(1.91819 -0.16925 0)
(1.94654 -0.14052 0)
(1.96408 -0.111519 0)
(1.97271 -0.0841192 0)
(1.97449 -0.0597447 0)
(1.97099 -0.0384584 0)
(1.96417 -0.0190645 0)
(1.95639 0.000350565 0)
(1.94879 0.0227227 0)
(1.94147 0.0518399 0)
(1.93268 0.0903952 0)
(1.92157 0.140854 0)
(1.90121 0.206821 0)
(1.86627 0.293745 0)
(1.80893 0.403372 0)
(1.71607 0.507015 0)
(1.58775 0.548115 0)
(1.43574 0.543895 0)
(1.11154 0.666759 0)
(0.532692 0.969543 0)
(-0.390929 1.3354 0)
(0.260538 0.61765 0)
(0.497844 -0.431946 0)
(0.845812 -1.20521 0)
(1.19486 -1.63982 0)
(1.48734 -1.81318 0)
(1.72022 -1.8197 0)
(1.88811 -1.72555 0)
(2.00261 -1.57973 0)
(2.07488 -1.41376 0)
(2.11401 -1.24704 0)
(2.13438 -1.08855 0)
(2.13948 -0.940654 0)
(2.13778 -0.805578 0)
(2.12557 -0.682661 0)
(2.10808 -0.57424 0)
(2.08094 -0.478537 0)
(2.05012 -0.39443 0)
(2.0143 -0.321138 0)
(1.98325 -0.252921 0)
(1.94754 -0.18795 0)
(1.90672 -0.114566 0)
(1.83714 -0.0361707 0)
(1.75605 0.0411077 0)
(1.65917 0.0958743 0)
(1.54491 0.163617 0)
(5.00004 -0.00273311 0)
(5.00037 -0.00812451 0)
(5.00103 -0.0132667 0)
(5.00199 -0.0180077 0)
(5.00319 -0.0223451 0)
(5.00459 -0.0263604 0)
(5.00616 -0.0301279 0)
(5.00789 -0.0336946 0)
(5.00974 -0.0370968 0)
(5.01168 -0.0403713 0)
(5.01366 -0.0435532 0)
(5.01566 -0.0466731 0)
(5.01768 -0.0497565 0)
(5.01969 -0.0528251 0)
(5.02168 -0.0558976 0)
(5.02364 -0.0589905 0)
(5.02556 -0.0621182 0)
(5.02742 -0.0652936 0)
(5.02923 -0.068529 0)
(5.03098 -0.0718361 0)
(5.03266 -0.0752264 0)
(5.03426 -0.0787121 0)
(5.03579 -0.0823052 0)
(5.03725 -0.0860187 0)
(5.03863 -0.0898659 0)
(5.03993 -0.0938607 0)
(5.04116 -0.0980178 0)
(5.04231 -0.102352 0)
(5.04338 -0.10688 0)
(5.04439 -0.111619 0)
(5.04533 -0.116584 0)
(5.04621 -0.121796 0)
(5.04703 -0.127272 0)
(5.0478 -0.133032 0)
(5.04854 -0.139097 0)
(5.04925 -0.145488 0)
(5.04996 -0.152225 0)
(5.05066 -0.159333 0)
(5.05139 -0.166832 0)
(5.05217 -0.174746 0)
(5.05302 -0.183099 0)
(5.05397 -0.191914 0)
(5.05506 -0.201214 0)
(5.05631 -0.211026 0)
(5.05779 -0.221372 0)
(5.05952 -0.232277 0)
(5.06157 -0.243768 0)
(5.064 -0.25587 0)
(5.06687 -0.26861 0)
(5.07025 -0.282017 0)
(5.07422 -0.296121 0)
(5.07886 -0.310954 0)
(5.08425 -0.326552 0)
(5.09049 -0.342953 0)
(5.09767 -0.360202 0)
(5.10587 -0.378346 0)
(5.1152 -0.397442 0)
(5.12572 -0.417551 0)
(5.13751 -0.438744 0)
(5.15061 -0.461102 0)
(5.16507 -0.484716 0)
(5.18087 -0.509686 0)
(5.19798 -0.53613 0)
(5.2163 -0.564176 0)
(5.23568 -0.593971 0)
(5.25589 -0.625679 0)
(5.2766 -0.65949 0)
(5.29735 -0.695624 0)
(5.31756 -0.734344 0)
(5.33642 -0.775982 0)
(5.35293 -0.82098 0)
(5.36581 -0.869983 0)
(5.37343 -0.923969 0)
(5.37393 -0.984548 0)
(5.36478 -1.05419 0)
(5.34495 -1.13737 0)
(5.31031 -1.23938 0)
(5.27304 -1.37429 0)
(5.21516 -1.54231 0)
(5.2253 -1.80402 0)
(5.19515 -2.08266 0)
(5.10223 -2.17776 0)
(4.89612 -2.10167 0)
(4.58399 -1.92912 0)
(4.22693 -1.70818 0)
(3.86442 -1.47124 0)
(3.51017 -1.24097 0)
(3.17153 -1.03027 0)
(2.8544 -0.845189 0)
(2.56248 -0.687826 0)
(2.29728 -0.557494 0)
(2.05858 -0.451942 0)
(1.84529 -0.367794 0)
(1.65576 -0.301535 0)
(1.48811 -0.249514 0)
(1.34023 -0.20871 0)
(1.21005 -0.176276 0)
(1.09551 -0.150238 0)
(0.994694 -0.128731 0)
(0.905859 -0.110785 0)
(0.827458 -0.0953061 0)
(0.758134 -0.0820284 0)
(0.696703 -0.0702793 0)
(0.642176 -0.0601632 0)
(0.593649 -0.0511399 0)
(0.550423 -0.0434758 0)
(0.511796 -0.036618 0)
(0.477299 -0.0309183 0)
(0.446366 -0.0257686 0)
(0.418692 -0.0216066 0)
(0.393795 -0.0177604 0)
(0.371482 -0.0147739 0)
(0.351322 -0.0119033 0)
(0.333199 -0.00982016 0)
(0.316758 -0.00770566 0)
(0.301987 -0.00637534 0)
(0.288647 -0.00493749 0)
(0.276638 -0.00436374 0)
(0.265731 -0.00285444 0)
(0.258085 -0.00374504 0)
(0.252202 -0.0044943 0)
(0.25636 -0.00599689 0)
(0.271961 -0.0120969 0)
(0.294659 -0.0236623 0)
(0.323614 -0.0389134 0)
(0.358615 -0.0553409 0)
(0.397998 -0.0698452 0)
(0.4389 -0.0801087 0)
(0.478822 -0.0847623 0)
(0.515169 -0.0835246 0)
(0.545902 -0.0767942 0)
(0.56893 -0.0657924 0)
(0.582456 -0.0518006 0)
(0.587872 -0.0355527 0)
(0.586881 -0.0163326 0)
(0.577818 0.00761092 0)
(0.561072 0.0375247 0)
(0.531907 0.0715881 0)
(0.481422 0.114518 0)
(0.407212 0.17757 0)
(0.29471 0.274678 0)
(0.143166 0.376002 0)
(-0.100211 0.296215 0)
(-0.141271 0.106215 0)
(-0.104405 -0.141807 0)
(0.110834 -0.325919 0)
(0.254548 -0.44516 0)
(0.40944 -0.515552 0)
(0.552571 -0.555577 0)
(0.675227 -0.571206 0)
(0.787444 -0.561475 0)
(0.889278 -0.524253 0)
(0.97401 -0.464308 0)
(1.03948 -0.391884 0)
(1.08572 -0.317717 0)
(1.11553 -0.247429 0)
(1.13304 -0.183292 0)
(1.1409 -0.126378 0)
(1.1386 -0.0758472 0)
(1.12577 -0.028876 0)
(1.10627 0.0165957 0)
(1.08304 0.0606792 0)
(1.05445 0.107175 0)
(1.02228 0.15883 0)
(0.988909 0.220383 0)
(0.95515 0.294125 0)
(0.909903 0.387518 0)
(0.858551 0.495234 0)
(0.788619 0.617527 0)
(0.671187 0.73405 0)
(0.523331 0.882973 0)
(0.359808 1.09978 0)
(0.128203 1.42863 0)
(0.218902 1.37943 0)
(-0.492771 0.466996 0)
(-0.0734849 -0.417905 0)
(-0.267484 -1.27586 0)
(-0.352925 -1.90694 0)
(-0.292298 -2.24898 0)
(-0.0468985 -2.33996 0)
(0.190325 -2.24222 0)
(0.406128 -2.04016 0)
(0.582574 -1.79787 0)
(0.708469 -1.54892 0)
(0.782707 -1.32646 0)
(0.811288 -1.12967 0)
(0.824275 -0.961913 0)
(0.82722 -0.803278 0)
(0.81765 -0.660307 0)
(0.795937 -0.525719 0)
(0.757751 -0.408639 0)
(0.693873 -0.304766 0)
(0.639777 -0.238508 0)
(0.599603 -0.184137 0)
(0.609968 -0.142186 0)
(0.506442 -0.067043 0)
(0.477734 0.0414767 0)
(0.399119 0.181589 0)
(0.258454 0.223471 0)
(0.293119 0.275917 0)
(5.0001 -0.00320673 0)
(5.00101 -0.0100717 0)
(5.00291 -0.0171762 0)
(5.00543 -0.0240857 0)
(5.00808 -0.030593 0)
(5.01061 -0.0366571 0)
(5.01304 -0.0422734 0)
(5.01541 -0.0474489 0)
(5.0177 -0.0522094 0)
(5.01989 -0.0565947 0)
(5.02197 -0.0606466 0)
(5.02395 -0.0644068 0)
(5.02583 -0.0679153 0)
(5.02764 -0.0712126 0)
(5.02938 -0.0743376 0)
(5.03105 -0.0773276 0)
(5.03267 -0.0802164 0)
(5.03425 -0.0830361 0)
(5.03578 -0.0858156 0)
(5.03729 -0.0885824 0)
(5.03878 -0.0913619 0)
(5.04025 -0.0941792 0)
(5.04172 -0.0970574 0)
(5.04319 -0.10002 0)
(5.04468 -0.10309 0)
(5.04619 -0.10629 0)
(5.04773 -0.109642 0)
(5.04932 -0.113169 0)
(5.05098 -0.116894 0)
(5.05271 -0.120842 0)
(5.05454 -0.125036 0)
(5.05649 -0.129502 0)
(5.05857 -0.134266 0)
(5.06082 -0.139356 0)
(5.06325 -0.144799 0)
(5.0659 -0.150626 0)
(5.06881 -0.156868 0)
(5.07201 -0.163559 0)
(5.07554 -0.170732 0)
(5.07944 -0.178423 0)
(5.08376 -0.186669 0)
(5.08856 -0.19551 0)
(5.09389 -0.204984 0)
(5.0998 -0.215134 0)
(5.10634 -0.226 0)
(5.11359 -0.237627 0)
(5.12158 -0.250055 0)
(5.13038 -0.26333 0)
(5.14003 -0.277491 0)
(5.15056 -0.29258 0)
(5.162 -0.308633 0)
(5.17437 -0.325688 0)
(5.18764 -0.343772 0)
(5.20178 -0.362915 0)
(5.21672 -0.383132 0)
(5.23236 -0.404439 0)
(5.24854 -0.426836 0)
(5.26507 -0.450321 0)
(5.28169 -0.474874 0)
(5.29809 -0.500472 0)
(5.31388 -0.527075 0)
(5.32861 -0.554632 0)
(5.34174 -0.583081 0)
(5.35265 -0.612347 0)
(5.36063 -0.642338 0)
(5.36486 -0.67295 0)
(5.36442 -0.704056 0)
(5.35827 -0.735504 0)
(5.34521 -0.767098 0)
(5.32379 -0.798574 0)
(5.2923 -0.829545 0)
(5.24849 -0.859415 0)
(5.18929 -0.887363 0)
(5.11066 -0.912625 0)
(5.00598 -0.934984 0)
(4.86881 -0.955653 0)
(4.67926 -0.977143 0)
(4.44541 -1.01017 0)
(4.04965 -1.04986 0)
(3.82691 -1.2309 0)
(2.69625 -1.01955 0)
(2.139 -0.762886 0)
(1.64875 -0.574898 0)
(1.16592 -0.477349 0)
(0.824458 -0.429778 0)
(0.58899 -0.39984 0)
(0.418236 -0.371109 0)
(0.299566 -0.33811 0)
(0.21852 -0.302053 0)
(0.163519 -0.266198 0)
(0.126547 -0.232176 0)
(0.101532 -0.201196 0)
(0.0842712 -0.173349 0)
(0.0717707 -0.148982 0)
(0.0621418 -0.127678 0)
(0.0541089 -0.109445 0)
(0.047022 -0.0936816 0)
(0.0404715 -0.0802992 0)
(0.0343702 -0.068717 0)
(0.028653 -0.0588894 0)
(0.0234038 -0.0503348 0)
(0.0186222 -0.043081 0)
(0.0143804 -0.0367374 0)
(0.0106419 -0.0313788 0)
(0.00742784 -0.0266758 0)
(0.00466525 -0.022728 0)
(0.00234148 -0.0192509 0)
(0.000372816 -0.0163573 0)
(-0.0012631 -0.013798 0)
(-0.00264183 -0.01169 0)
(-0.00378087 -0.00981276 0)
(-0.00474184 -0.00828603 0)
(-0.00553568 -0.00691312 0)
(-0.00621248 -0.00582036 0)
(-0.00679714 -0.00483341 0)
(-0.00731766 -0.0040816 0)
(-0.00796591 -0.00340243 0)
(-0.00836795 -0.00297575 0)
(-0.0106007 -0.0025222 0)
(-0.00683815 -0.00614685 0)
(-0.0254452 -0.0238069 0)
(-0.0238338 -0.0569527 0)
(-0.0236121 -0.09197 0)
(-0.016495 -0.12845 0)
(0.000884023 -0.163299 0)
(0.0275675 -0.190957 0)
(0.0578781 -0.206762 0)
(0.0895194 -0.211199 0)
(0.120209 -0.205087 0)
(0.147724 -0.190334 0)
(0.171725 -0.16814 0)
(0.189116 -0.142274 0)
(0.19747 -0.118432 0)
(0.20034 -0.0985032 0)
(0.184891 -0.0664503 0)
(0.157338 -0.0134088 0)
(0.118844 0.0547219 0)
(0.0683861 0.151807 0)
(0.00685266 0.285963 0)
(-0.0265727 0.414437 0)
(-0.0347686 0.511085 0)
(-0.0257317 0.4905 0)
(-0.153747 0.254557 0)
(-0.029119 -0.0653293 0)
(-0.0932393 -0.354082 0)
(-0.148363 -0.540255 0)
(-0.17816 -0.645508 0)
(-0.170337 -0.711203 0)
(-0.125925 -0.752902 0)
(-0.0555347 -0.781636 0)
(0.0381783 -0.773447 0)
(0.125988 -0.710062 0)
(0.211718 -0.60701 0)
(0.281229 -0.478638 0)
(0.338202 -0.346906 0)
(0.370583 -0.225808 0)
(0.394254 -0.121699 0)
(0.412989 -0.025099 0)
(0.427911 0.0620823 0)
(0.422268 0.122134 0)
(0.422121 0.165882 0)
(0.42329 0.19175 0)
(0.421371 0.198577 0)
(0.412204 0.192929 0)
(0.388405 0.201592 0)
(0.363171 0.248289 0)
(0.322334 0.356112 0)
(0.287019 0.509681 0)
(0.233468 0.714662 0)
(0.158335 0.951454 0)
(0.124129 1.25295 0)
(0.0812209 1.49384 0)
(0.0876983 1.6215 0)
(0.306509 1.5707 0)
(-0.580766 1.4624 0)
(0.288398 0.337954 0)
(0.123852 -0.868374 0)
(-0.248904 -1.75288 0)
(-0.58167 -2.20823 0)
(-0.813871 -2.4099 0)
(-0.922027 -2.41342 0)
(-0.917277 -2.30844 0)
(-0.823983 -2.13963 0)
(-0.6794 -1.92504 0)
(-0.460447 -1.70893 0)
(-0.259764 -1.48295 0)
(-0.0571541 -1.26748 0)
(-0.0506549 -1.0312 0)
(0.0867982 -0.861371 0)
(0.0160987 -0.671994 0)
(0.158974 -0.54056 0)
(-0.0679808 -0.393337 0)
(0.254758 -0.364505 0)
(-0.15754 -0.177442 0)
(-0.271469 0.0627849 0)
(-0.813949 0.322009 0)
(-1.09714 0.498684 0)
(-1.32186 0.602154 0)
(-1.44213 0.684322 0)
(-1.98002 0.841459 0)
(4.99955 -0.00358826 0)
(4.99849 -0.0094215 0)
(4.99914 -0.0137288 0)
(5.00151 -0.0173022 0)
(5.0048 -0.0207355 0)
(5.00859 -0.0241523 0)
(5.0128 -0.0275184 0)
(5.01738 -0.0308444 0)
(5.02225 -0.0341781 0)
(5.02735 -0.0375514 0)
(5.03266 -0.0409717 0)
(5.03817 -0.044434 0)
(5.04386 -0.0479345 0)
(5.04974 -0.0514713 0)
(5.05579 -0.0550465 0)
(5.06201 -0.0586628 0)
(5.06841 -0.0623262 0)
(5.07499 -0.0660424 0)
(5.08174 -0.0698206 0)
(5.08866 -0.0736695 0)
(5.09575 -0.0776016 0)
(5.103 -0.0816288 0)
(5.11042 -0.0857672 0)
(5.11799 -0.0900315 0)
(5.12571 -0.0944413 0)
(5.13358 -0.099014 0)
(5.14159 -0.103773 0)
(5.14973 -0.108738 0)
(5.15799 -0.113935 0)
(5.16636 -0.119387 0)
(5.17484 -0.125124 0)
(5.18342 -0.131172 0)
(5.19207 -0.137562 0)
(5.20079 -0.144323 0)
(5.20957 -0.15149 0)
(5.21837 -0.159092 0)
(5.22719 -0.167168 0)
(5.23598 -0.175749 0)
(5.24473 -0.184871 0)
(5.25339 -0.194567 0)
(5.26191 -0.204872 0)
(5.27025 -0.215816 0)
(5.27832 -0.227432 0)
(5.28606 -0.239742 0)
(5.29338 -0.252772 0)
(5.30015 -0.266536 0)
(5.30625 -0.281049 0)
(5.31153 -0.296309 0)
(5.31582 -0.312314 0)
(5.31891 -0.329043 0)
(5.32057 -0.346473 0)
(5.32053 -0.364557 0)
(5.31851 -0.383245 0)
(5.31417 -0.402459 0)
(5.30713 -0.422122 0)
(5.29701 -0.442122 0)
(5.28334 -0.46235 0)
(5.26566 -0.482664 0)
(5.24345 -0.502924 0)
(5.21615 -0.52296 0)
(5.18319 -0.542606 0)
(5.14396 -0.561671 0)
(5.09783 -0.57997 0)
(5.04413 -0.597294 0)
(4.98222 -0.613441 0)
(4.91141 -0.628183 0)
(4.83104 -0.641294 0)
(4.74046 -0.652511 0)
(4.63905 -0.661541 0)
(4.52632 -0.668021 0)
(4.40199 -0.671475 0)
(4.26602 -0.670829 0)
(4.11803 -0.663866 0)
(3.95674 -0.647134 0)
(3.77842 -0.616389 0)
(3.57954 -0.56637 0)
(3.34647 -0.491699 0)
(3.08855 -0.378001 0)
(2.71847 -0.223647 0)
(2.50447 0.0351459 0)
(1.60514 0.195625 0)
(1.42021 0.102458 0)
(1.25438 -0.114418 0)
(1.05129 -0.295116 0)
(0.897435 -0.402804 0)
(0.765005 -0.449697 0)
(0.643032 -0.453064 0)
(0.536374 -0.429847 0)
(0.445306 -0.392582 0)
(0.368716 -0.349472 0)
(0.30519 -0.305682 0)
(0.25291 -0.264271 0)
(0.210026 -0.226789 0)
(0.17484 -0.193861 0)
(0.145861 -0.165455 0)
(0.121852 -0.141264 0)
(0.101808 -0.120752 0)
(0.0849488 -0.103417 0)
(0.0706677 -0.0887014 0)
(0.0585066 -0.0761977 0)
(0.0481119 -0.0654767 0)
(0.039212 -0.0562878 0)
(0.0315882 -0.0483313 0)
(0.0250639 -0.0414776 0)
(0.0194887 -0.0355103 0)
(0.0147357 -0.0303731 0)
(0.0106923 -0.025893 0)
(0.00726165 -0.0220544 0)
(0.0043573 -0.0187059 0)
(0.00190375 -0.015856 0)
(-0.00016513 -0.0133663 0)
(-0.00190926 -0.0112623 0)
(-0.00337941 -0.00941603 0)
(-0.004624 -0.00786595 0)
(-0.00569584 -0.00649172 0)
(-0.00660099 -0.00533875 0)
(-0.00753522 -0.00428114 0)
(-0.0079922 -0.00334925 0)
(-0.0102548 -0.00244171 0)
(-0.00613975 -0.00352837 0)
(-0.0252011 0.00471346 0)
(-0.035632 -0.029491 0)
(-0.0580147 -0.0718214 0)
(-0.0818353 -0.118929 0)
(-0.107102 -0.16285 0)
(-0.13078 -0.196425 0)
(-0.149982 -0.215455 0)
(-0.163926 -0.218266 0)
(-0.173594 -0.204995 0)
(-0.181221 -0.176901 0)
(-0.188834 -0.135456 0)
(-0.19792 -0.0826485 0)
(-0.20837 -0.0211584 0)
(-0.221647 0.045313 0)
(-0.23858 0.118199 0)
(-0.25064 0.197365 0)
(-0.254863 0.279343 0)
(-0.239575 0.354205 0)
(-0.203921 0.415641 0)
(-0.145181 0.462856 0)
(-0.0788891 0.487585 0)
(-0.00929683 0.4623 0)
(-0.0380633 0.346795 0)
(0.0596887 0.125391 0)
(0.0363698 -0.171168 0)
(-0.0773323 -0.395728 0)
(-0.217539 -0.533134 0)
(-0.353827 -0.618208 0)
(-0.480387 -0.680986 0)
(-0.597328 -0.725374 0)
(-0.692461 -0.7457 0)
(-0.74518 -0.73446 0)
(-0.747845 -0.693345 0)
(-0.709251 -0.626433 0)
(-0.636977 -0.543067 0)
(-0.554279 -0.446538 0)
(-0.469617 -0.343832 0)
(-0.405217 -0.237695 0)
(-0.357687 -0.124883 0)
(-0.353194 -0.0394474 0)
(-0.351659 0.0246549 0)
(-0.355055 0.0808799 0)
(-0.364659 0.137637 0)
(-0.372766 0.206024 0)
(-0.382747 0.285837 0)
(-0.384069 0.392384 0)
(-0.373817 0.522772 0)
(-0.343327 0.678838 0)
(-0.289358 0.856027 0)
(-0.21812 1.04701 0)
(-0.0801812 1.27766 0)
(0.0715225 1.46647 0)
(0.313458 1.62096 0)
(0.470555 1.64771 0)
(0.535771 1.33555 0)
(0.577413 0.81824 0)
(0.580289 0.10903 0)
(0.317413 -0.914293 0)
(-0.174938 -1.60621 0)
(-0.818873 -1.93766 0)
(-1.327 -2.02087 0)
(-1.69976 -1.98846 0)
(-1.98436 -1.87133 0)
(-2.16597 -1.68202 0)
(-2.27751 -1.44475 0)
(-2.34083 -1.18907 0)
(-2.37941 -0.932224 0)
(-2.38874 -0.693281 0)
(-2.39599 -0.472319 0)
(-2.40076 -0.273574 0)
(-2.42003 -0.087458 0)
(-2.44377 0.0849963 0)
(-2.4862 0.263788 0)
(-2.52551 0.446424 0)
(-2.53573 0.627952 0)
(-2.55209 0.786933 0)
(-2.57072 0.907106 0)
(-2.59956 1.01376 0)
(-2.60621 1.14142 0)
(-2.82783 1.32911 0)
(5.00478 -0.0132383 0)
(5.02143 -0.0341312 0)
(5.04058 -0.0485978 0)
(5.05949 -0.059148 0)
(5.07838 -0.0676569 0)
(5.09773 -0.0747068 0)
(5.11733 -0.0804803 0)
(5.13671 -0.0852409 0)
(5.15556 -0.0892821 0)
(5.17374 -0.0928276 0)
(5.19117 -0.0960181 0)
(5.20776 -0.0989535 0)
(5.22345 -0.101707 0)
(5.23815 -0.104341 0)
(5.25181 -0.106899 0)
(5.2644 -0.109422 0)
(5.27589 -0.111936 0)
(5.28624 -0.114467 0)
(5.29544 -0.117032 0)
(5.30346 -0.11965 0)
(5.31029 -0.122335 0)
(5.3159 -0.125103 0)
(5.32028 -0.127964 0)
(5.32339 -0.130937 0)
(5.32522 -0.134028 0)
(5.32574 -0.137258 0)
(5.32492 -0.140633 0)
(5.32271 -0.144176 0)
(5.31909 -0.147894 0)
(5.314 -0.151809 0)
(5.3074 -0.15593 0)
(5.29923 -0.160281 0)
(5.28942 -0.16487 0)
(5.2779 -0.169721 0)
(5.26459 -0.174842 0)
(5.2494 -0.180258 0)
(5.23224 -0.185973 0)
(5.21298 -0.192012 0)
(5.19152 -0.198376 0)
(5.16771 -0.205084 0)
(5.14142 -0.212133 0)
(5.11249 -0.219535 0)
(5.08076 -0.22728 0)
(5.04604 -0.23537 0)
(5.00814 -0.243783 0)
(4.96686 -0.252508 0)
(4.92199 -0.261508 0)
(4.8733 -0.270757 0)
(4.82055 -0.280195 0)
(4.76351 -0.289777 0)
(4.70194 -0.299423 0)
(4.63558 -0.309063 0)
(4.5642 -0.318592 0)
(4.48754 -0.327917 0)
(4.40538 -0.336907 0)
(4.31749 -0.345447 0)
(4.22367 -0.353385 0)
(4.12374 -0.360585 0)
(4.01754 -0.36688 0)
(3.90494 -0.372122 0)
(3.78585 -0.376135 0)
(3.66022 -0.378767 0)
(3.52803 -0.379843 0)
(3.38934 -0.379216 0)
(3.24423 -0.376716 0)
(3.09286 -0.372205 0)
(2.93541 -0.365521 0)
(2.77218 -0.356536 0)
(2.60336 -0.345113 0)
(2.42965 -0.331276 0)
(2.2515 -0.315196 0)
(2.07131 -0.297033 0)
(1.89411 -0.27614 0)
(1.72534 -0.249868 0)
(1.56607 -0.21237 0)
(1.4187 -0.155286 0)
(1.27205 -0.0662568 0)
(1.14585 0.0817891 0)
(0.983486 0.292441 0)
(1.07203 0.756066 0)
(0.675707 0.538508 0)
(0.836358 0.288014 0)
(0.867252 0.0907583 0)
(0.821292 -0.0233397 0)
(0.762175 -0.0900202 0)
(0.688065 -0.130035 0)
(0.60799 -0.150518 0)
(0.530338 -0.157186 0)
(0.458276 -0.154679 0)
(0.393319 -0.146365 0)
(0.336007 -0.134774 0)
(0.286136 -0.121672 0)
(0.243134 -0.108276 0)
(0.20626 -0.0953382 0)
(0.174728 -0.0833189 0)
(0.147785 -0.0724228 0)
(0.124753 -0.0627291 0)
(0.105041 -0.0541953 0)
(0.0881455 -0.0467505 0)
(0.0736494 -0.040275 0)
(0.0612033 -0.0346666 0)
(0.0505166 -0.0298051 0)
(0.0413452 -0.0256022 0)
(0.0334822 -0.0219603 0)
(0.0267504 -0.0188138 0)
(0.0209973 -0.0160876 0)
(0.0160897 -0.0137346 0)
(0.0119125 -0.0116968 0)
(0.00836494 -0.00994016 0)
(0.00535886 -0.00841778 0)
(0.00281855 -0.00710431 0)
(0.000675724 -0.00595982 0)
(-0.00112652 -0.00496373 0)
(-0.00263921 -0.00407826 0)
(-0.00391698 -0.003282 0)
(-0.00496373 -0.0025313 0)
(-0.00595747 -0.00179389 0)
(-0.00644582 -0.00099063 0)
(-0.00836508 -0.000192307 0)
(-0.00502192 0.00115928 0)
(-0.0150061 0.0353754 0)
(-0.0163416 0.0240742 0)
(-0.0339249 -0.00216918 0)
(-0.0621315 -0.0382879 0)
(-0.101835 -0.0778173 0)
(-0.149462 -0.115152 0)
(-0.199935 -0.142947 0)
(-0.248411 -0.156252 0)
(-0.291464 -0.15249 0)
(-0.327405 -0.132516 0)
(-0.356117 -0.0990294 0)
(-0.377587 -0.0563538 0)
(-0.391919 -0.00874562 0)
(-0.398489 0.0385356 0)
(-0.393314 0.0844571 0)
(-0.374356 0.124838 0)
(-0.339969 0.15886 0)
(-0.289595 0.183654 0)
(-0.222877 0.208241 0)
(-0.14497 0.226899 0)
(-0.0420326 0.281833 0)
(0.0717681 0.297064 0)
(0.149768 0.228674 0)
(0.166573 0.158257 0)
(0.162793 0.112697 0)
(0.133939 -0.00631819 0)
(0.038725 -0.151025 0)
(-0.107094 -0.256684 0)
(-0.293683 -0.341463 0)
(-0.509322 -0.421115 0)
(-0.746576 -0.48359 0)
(-0.955609 -0.519179 0)
(-1.12468 -0.526548 0)
(-1.25237 -0.509293 0)
(-1.33723 -0.473011 0)
(-1.38208 -0.422768 0)
(-1.39197 -0.363563 0)
(-1.37622 -0.298703 0)
(-1.34529 -0.231502 0)
(-1.31043 -0.168024 0)
(-1.27899 -0.108803 0)
(-1.24151 -0.0497621 0)
(-1.20135 0.0122098 0)
(-1.15702 0.0815849 0)
(-1.10714 0.158848 0)
(-1.04491 0.247108 0)
(-0.962767 0.346432 0)
(-0.858837 0.457831 0)
(-0.721216 0.580343 0)
(-0.567349 0.698753 0)
(-0.367129 0.83398 0)
(-0.0734448 0.995618 0)
(0.24922 1.09865 0)
(0.5461 0.986661 0)
(0.7672 0.703959 0)
(0.926161 0.3761 0)
(0.93366 0.300763 0)
(0.80653 0.268954 0)
(0.700719 -0.0620711 0)
(0.237186 -0.69917 0)
(-0.3203 -1.15073 0)
(-0.923819 -1.40275 0)
(-1.56816 -1.48534 0)
(-2.06056 -1.46468 0)
(-2.43583 -1.36909 0)
(-2.72786 -1.21842 0)
(-2.94634 -1.03235 0)
(-3.10439 -0.827541 0)
(-3.21518 -0.619243 0)
(-3.29244 -0.411438 0)
(-3.34729 -0.209497 0)
(-3.38322 -0.0103474 0)
(-3.4098 0.188374 0)
(-3.40455 0.387303 0)
(-3.37189 0.579011 0)
(-3.31591 0.761466 0)
(-3.26226 0.935386 0)
(-3.18556 1.11622 0)
(-3.03915 1.3141 0)
(-3.09602 1.44473 0)
(4.98713 -0.0113708 0)
(4.97046 -0.0303556 0)
(4.94906 -0.0448578 0)
(4.91799 -0.0562964 0)
(4.88069 -0.0657786 0)
(4.84052 -0.07366 0)
(4.79832 -0.0800725 0)
(4.75403 -0.0852158 0)
(4.7078 -0.0893195 0)
(4.66001 -0.0925773 0)
(4.61099 -0.0951311 0)
(4.56097 -0.0970984 0)
(4.51007 -0.0985736 0)
(4.45839 -0.099644 0)
(4.40601 -0.100377 0)
(4.35298 -0.100837 0)
(4.29936 -0.101071 0)
(4.24517 -0.101127 0)
(4.19044 -0.101037 0)
(4.13518 -0.100839 0)
(4.07937 -0.100555 0)
(4.02302 -0.100215 0)
(3.96609 -0.0998343 0)
(3.90857 -0.0994393 0)
(3.85041 -0.0990383 0)
(3.79158 -0.0986555 0)
(3.73203 -0.0982943 0)
(3.67172 -0.0979771 0)
(3.61058 -0.0977032 0)
(3.54856 -0.0974937 0)
(3.48559 -0.097344 0)
(3.42159 -0.0972741 0)
(3.35649 -0.0972751 0)
(3.29021 -0.097366 0)
(3.22265 -0.097533 0)
(3.15373 -0.0977937 0)
(3.08336 -0.0981284 0)
(3.01143 -0.0985524 0)
(2.93786 -0.0990395 0)
(2.86254 -0.0996017 0)
(2.78537 -0.100204 0)
(2.70628 -0.100855 0)
(2.62516 -0.101511 0)
(2.54195 -0.102172 0)
(2.45655 -0.102785 0)
(2.36891 -0.103345 0)
(2.279 -0.103784 0)
(2.18677 -0.104091 0)
(2.09222 -0.104185 0)
(1.99538 -0.10405 0)
(1.89628 -0.103592 0)
(1.79501 -0.102787 0)
(1.69167 -0.101534 0)
(1.58644 -0.0998072 0)
(1.47949 -0.0974966 0)
(1.37107 -0.0945815 0)
(1.26147 -0.0909504 0)
(1.15102 -0.0865919 0)
(1.04011 -0.0814014 0)
(0.929183 -0.0753828 0)
(0.818695 -0.0684474 0)
(0.709206 -0.0606198 0)
(0.601247 -0.0518359 0)
(0.495469 -0.0421428 0)
(0.392449 -0.0315087 0)
(0.29292 -0.0199982 0)
(0.197429 -0.00760512 0)
(0.106722 0.00555076 0)
(0.0224107 0.0189122 0)
(-0.0520882 0.0304102 0)
(-0.121221 0.0339677 0)
(-0.187982 0.029178 0)
(-0.253044 0.0291596 0)
(-0.315635 0.0541705 0)
(-0.372081 0.117596 0)
(-0.410366 0.217626 0)
(-0.403259 0.34195 0)
(-0.33194 0.496868 0)
(-0.149753 0.70861 0)
(0.2404 1.01731 0)
(0.376309 0.319 0)
(0.645395 0.0913892 0)
(0.689799 0.0153017 0)
(0.684578 -0.0192106 0)
(0.660992 -0.041315 0)
(0.617861 -0.0554781 0)
(0.564177 -0.0624493 0)
(0.506656 -0.0640315 0)
(0.449063 -0.0620914 0)
(0.393983 -0.0580247 0)
(0.342931 -0.0528791 0)
(0.296647 -0.0473237 0)
(0.25534 -0.0418242 0)
(0.218904 -0.0366213 0)
(0.187021 -0.0318762 0)
(0.159287 -0.0276217 0)
(0.135249 -0.0238821 0)
(0.114473 -0.0206068 0)
(0.096538 -0.0177733 0)
(0.0810776 -0.0153106 0)
(0.0677572 -0.0131907 0)
(0.056293 -0.0113479 0)
(0.0464319 -0.0097628 0)
(0.0379619 -0.00838119 0)
(0.0306934 -0.00719356 0)
(0.0244679 -0.00615583 0)
(0.0191431 -0.00526576 0)
(0.0145998 -0.00448636 0)
(0.0107312 -0.00382007 0)
(0.00744709 -0.00323426 0)
(0.00466911 -0.00273419 0)
(0.00232943 -0.00228942 0)
(0.000374059 -0.00190614 0)
(-0.00124291 -0.00155299 0)
(-0.0025617 -0.00123451 0)
(-0.00356639 -0.000911763 0)
(-0.00438087 -0.000581877 0)
(-0.00462757 -0.000173966 0)
(-0.0053511 0.000253419 0)
(-0.00339349 0.00166374 0)
(0.000983734 0.0224128 0)
(0.0161025 0.0261743 0)
(0.0258713 0.0246355 0)
(0.0276701 0.0186614 0)
(0.0191943 0.00800446 0)
(-0.00485635 -0.00883328 0)
(-0.044369 -0.0295443 0)
(-0.0949611 -0.0498498 0)
(-0.149825 -0.0655991 0)
(-0.202163 -0.07477 0)
(-0.246814 -0.0769426 0)
(-0.279236 -0.0727714 0)
(-0.297885 -0.063064 0)
(-0.30165 -0.0485545 0)
(-0.292165 -0.0295342 0)
(-0.27013 -0.00680966 0)
(-0.236387 0.0202235 0)
(-0.192481 0.0509336 0)
(-0.139752 0.0856085 0)
(-0.0786574 0.123174 0)
(0.00129421 0.151561 0)
(0.0873049 0.150765 0)
(0.157015 0.135646 0)
(0.207897 0.113566 0)
(0.234073 0.0882475 0)
(0.236256 0.0564133 0)
(0.194508 0.0138937 0)
(0.145363 -0.0336142 0)
(0.138065 -0.0700757 0)
(0.157853 -0.0910067 0)
(-0.0172913 -0.126319 0)
(-0.216945 -0.15581 0)
(-0.430892 -0.172528 0)
(-0.658589 -0.174265 0)
(-0.884129 -0.16494 0)
(-1.09709 -0.146217 0)
(-1.28027 -0.124609 0)
(-1.42724 -0.102728 0)
(-1.53002 -0.0853951 0)
(-1.58919 -0.0732748 0)
(-1.61032 -0.0684467 0)
(-1.60045 -0.0662322 0)
(-1.56773 -0.0631859 0)
(-1.51285 -0.0550221 0)
(-1.43943 -0.0391744 0)
(-1.34465 -0.0121886 0)
(-1.22696 0.0275333 0)
(-1.08633 0.0803598 0)
(-0.916968 0.141308 0)
(-0.723626 0.207459 0)
(-0.540556 0.271936 0)
(-0.323304 0.379417 0)
(0.0735243 0.422808 0)
(0.398516 0.370159 0)
(0.660888 0.263119 0)
(0.828511 0.121991 0)
(0.936124 -0.0239686 0)
(0.967863 -0.114255 0)
(0.93006 -0.0848414 0)
(0.812104 0.00456456 0)
(0.668207 0.04911 0)
(0.723777 -0.141351 0)
(0.141889 -0.391257 0)
(-0.308844 -0.572563 0)
(-0.77503 -0.635266 0)
(-1.23462 -0.62882 0)
(-1.65631 -0.578155 0)
(-2.0258 -0.501073 0)
(-2.32488 -0.410262 0)
(-2.55201 -0.310652 0)
(-2.6985 -0.207314 0)
(-2.76776 -0.0991376 0)
(-2.75547 0.0119634 0)
(-2.67221 0.128011 0)
(-2.5144 0.251128 0)
(-2.29562 0.388722 0)
(-1.99376 0.541716 0)
(-1.48444 0.723157 0)
(-0.639928 0.94909 0)
(-0.739056 1.0588 0)
)
;

boundaryField
{
    Inlet
    {
        type            fixedValue;
        value           uniform (5 0 0);
    }
    Outlet
    {
        type            zeroGradient;
    }
    Wall
    {
        type            noSlip;
    }
    symmetry
    {
        type            symmetry;
    }
    Frontback
    {
        type            empty;
    }
}


// ************************************************************************* //
