/*--------------------------------*- C++ -*----------------------------------*\
  =========                 |
  \\      /  F ield         | OpenFOAM: The Open Source CFD Toolbox
   \\    /   O peration     | Website:  https://openfoam.org
    \\  /    A nd           | Version:  10
     \\/     M anipulation  |
\*---------------------------------------------------------------------------*/
FoamFile
{
    format      ascii;
    class       volScalarField;
    location    "23400";
    object      p;
}
// * * * * * * * * * * * * * * * * * * * * * * * * * * * * * * * * * * * * * //

dimensions      [1 -1 -2 0 0 0 0];

internalField   nonuniform List<scalar> 
6400
(
403.537
534.264
679.924
822.995
966.292
1108.41
1269.96
1430.91
1588.95
1740.58
1889.86
2039.11
2186.81
2332.89
2476.79
2617.68
2756.34
2892.22
3022.78
3149.75
3274.31
3395.96
3512.84
3625.95
3736.53
3844.67
3948.95
4047.08
4139.84
4228.92
4314.95
4396.94
4451.07
4482.25
4510.75
4535.98
4557.27
4573.99
4585.53
4591.44
4591.44
4585.53
4573.99
4557.27
4535.98
4510.75
4482.25
4451.07
4396.94
4314.95
4228.92
4139.84
4047.08
3948.95
3844.67
3736.53
3625.95
3512.84
3395.96
3274.31
3149.75
3022.78
2892.22
2756.34
2617.68
2476.79
2332.89
2186.81
2039.11
1889.86
1740.58
1588.95
1430.91
1269.96
1108.41
966.292
822.995
679.924
534.264
403.537
103.844
239.5
385.979
528.947
672.318
813.546
975.965
1137.03
1295.23
1446.68
1595.86
1745.17
1892.88
2038.99
2182.92
2323.79
2462.47
2598.46
2728.95
2855.86
2980.44
3102.18
3219.02
3332.07
3442.65
3550.85
3655.23
3753.33
3846.01
3935.06
4021.14
4103.26
4157.55
4188.85
4217.49
4242.86
4264.3
4281.15
4292.8
4298.77
4298.77
4292.8
4281.15
4264.3
4242.86
4217.49
4188.85
4157.55
4103.26
4021.14
3935.06
3846.01
3753.33
3655.23
3550.85
3442.65
3332.07
3219.02
3102.18
2980.44
2855.86
2728.95
2598.46
2462.47
2323.79
2182.92
2038.99
1892.88
1745.17
1595.86
1446.68
1295.23
1137.03
975.965
813.546
672.318
528.947
385.979
239.5
103.844
103.258
102.902
102.803
206.281
349.928
488.932
653.535
814.815
973.411
1124.42
1273.37
1422.85
1570.56
1716.74
1860.76
2001.54
2140.28
2276.55
2406.85
2533.64
2658.27
2780.21
2896.94
3009.87
3120.43
3228.78
3333.4
3431.42
3523.93
3612.91
3699.09
3781.51
3836.19
3867.77
3896.73
3922.43
3944.21
3961.37
3973.27
3979.38
3979.38
3973.27
3961.37
3944.21
3922.43
3896.73
3867.77
3836.19
3781.51
3699.09
3612.91
3523.93
3431.42
3333.4
3228.78
3120.43
3009.87
2896.94
2780.21
2658.27
2533.64
2406.85
2276.55
2140.28
2001.54
1860.76
1716.74
1570.56
1422.85
1273.37
1124.42
973.411
814.815
653.535
488.932
349.928
206.281
102.803
102.902
103.258
102.747
102.484
102.365
102.243
102.127
130.982
300.016
461.527
620.9
771.059
919.59
1069.41
1217.12
1363.4
1507.6
1648.21
1787.05
1923.84
2053.78
2180.35
2305.08
2427.39
2543.93
2656.61
2767.16
2875.77
2980.85
3078.7
3170.89
3259.75
3346.1
3429.05
3484.4
3516.46
3545.97
3572.27
3594.64
3612.36
3624.7
3631.06
3631.06
3624.7
3612.36
3594.64
3572.27
3545.97
3516.46
3484.4
3429.05
3346.1
3259.75
3170.89
3078.7
2980.85
2875.77
2767.16
2656.61
2543.93
2427.39
2305.08
2180.35
2053.78
1923.84
1787.05
1648.21
1507.6
1363.4
1217.12
1069.41
919.59
771.059
620.9
461.527
300.016
130.982
102.127
102.243
102.365
102.484
102.747
102.208
102.014
101.897
101.785
101.698
101.862
101.442
101.86
235.291
383.571
531.401
681.877
829.538
975.999
1120.51
1260.8
1399.76
1537.51
1666.79
1792.99
1917.87
2040.87
2157.03
2269.32
2379.83
2488.85
2594.71
2692.27
2783.93
2872.59
2959.2
3042.97
3099.33
3132.15
3162.53
3189.76
3213.08
3231.68
3244.75
3251.54
3251.54
3244.75
3231.68
3213.08
3189.76
3162.53
3132.15
3099.33
3042.97
2959.2
2872.59
2783.93
2692.27
2594.71
2488.85
2379.83
2269.32
2157.03
2040.87
1917.87
1792.99
1666.79
1537.51
1399.76
1260.8
1120.51
975.999
829.538
681.877
531.401
383.571
235.291
101.86
101.442
101.862
101.698
101.785
101.897
102.014
102.208
101.634
101.492
101.382
101.28
101.206
101.259
100.963
100.859
100.502
100.37
105.166
257.084
404.503
551.243
696.318
835.976
975.068
1114.56
1242.6
1368.25
1493.33
1617.56
1733.02
1844.7
1955.15
2064.77
2171.97
2268.98
2359.79
2448.14
2535.12
2620.04
2677.89
2711.81
2743.47
2772.1
2796.84
2816.79
2831.03
2838.52
2838.52
2831.03
2816.79
2796.84
2772.1
2743.47
2711.81
2677.89
2620.04
2535.12
2448.14
2359.79
2268.98
2171.97
2064.77
1955.15
1844.7
1733.02
1617.56
1493.33
1368.25
1242.6
1114.56
975.068
835.976
696.318
551.243
404.503
257.084
105.166
100.37
100.502
100.859
100.963
101.259
101.206
101.28
101.382
101.492
101.634
101.019
100.915
100.817
100.724
100.652
100.637
100.416
100.274
99.9979
99.8614
99.8803
99.4502
99.268
100.868
232.013
370.088
509.206
651.988
777.615
902.427
1027.79
1154.24
1268.4
1379.1
1489.43
1599.91
1709.45
1805.41
1894.86
1982.76
2070.22
2156.73
2216.61
2252.1
2285.6
2316.27
2343.06
2365.05
2381.14
2389.84
2389.84
2381.14
2365.05
2343.06
2316.27
2285.6
2252.1
2216.61
2156.73
2070.22
1982.76
1894.86
1805.41
1709.45
1599.91
1489.43
1379.1
1268.4
1154.24
1027.79
902.427
777.615
651.988
509.206
370.088
232.013
100.868
99.268
99.4502
99.8803
99.8614
99.9979
100.274
100.416
100.637
100.652
100.724
100.817
100.915
101.019
100.359
100.282
100.196
100.11
100.037
99.982
99.8053
99.6507
99.4263
99.2834
99.2118
98.8955
98.7062
98.6176
98.1861
97.9246
97.8325
151.87
267.972
391.454
517.049
647.796
759.27
868.469
978.605
1090.17
1204
1297.85
1385.14
1472.39
1560.45
1649.08
1711.66
1749.28
1785.4
1819.02
1848.74
1873.68
1892.84
1903.77
1903.77
1892.84
1873.68
1848.74
1819.02
1785.4
1749.28
1711.66
1649.08
1560.45
1472.39
1385.14
1297.85
1204
1090.17
978.605
868.469
759.27
647.796
517.049
391.454
267.972
151.87
97.8325
97.9246
98.1861
98.6176
98.7062
98.8955
99.2118
99.2834
99.4263
99.6507
99.8053
99.982
100.037
100.11
100.196
100.282
100.359
99.6475
99.5898
99.5148
99.4356
99.3599
99.2824
99.1323
98.9776
98.7864
98.6382
98.5172
98.2671
98.0741
97.9194
97.5848
97.3308
97.1525
96.8487
96.5342
96.2905
96.1285
109.463
201.833
308.333
418.12
530.777
652.933
742.262
826.106
912.503
1001.27
1092.63
1158.62
1199.08
1238.93
1276.94
1310.6
1339.65
1364.17
1379.76
1379.76
1364.17
1339.65
1310.6
1276.94
1238.93
1199.08
1158.62
1092.63
1001.27
912.503
826.106
742.262
652.933
530.777
418.12
308.333
201.833
109.463
96.1285
96.2905
96.5342
96.8487
97.1525
97.3308
97.5848
97.9194
98.0741
98.2671
98.5172
98.6382
98.7864
98.9776
99.1323
99.2824
99.3599
99.4356
99.5148
99.5898
99.6475
98.8777
98.8334
98.7685
98.6949
98.6174
98.529
98.395
98.2463
98.0764
97.9253
97.7799
97.5669
97.3735
97.1879
96.9098
96.665
96.4549
96.1804
95.8966
95.6546
95.4518
95.191
94.8726
94.5879
94.3133
94.0397
93.5919
135.216
212.648
298.016
387.518
482.431
552.322
596.372
641.557
686.836
725.114
758.661
793.38
820.614
820.614
793.38
758.661
725.114
686.836
641.557
596.372
552.322
482.431
387.518
298.016
212.648
135.216
93.5919
94.0397
94.3133
94.5879
94.8726
95.191
95.4518
95.6546
95.8966
96.1804
96.4549
96.665
96.9098
97.1879
97.3735
97.5669
97.7799
97.9253
98.0764
98.2463
98.395
98.529
98.6174
98.6949
98.7685
98.8334
98.8777
98.0435
98.0084
97.9521
97.8833
97.8055
97.713
97.5896
97.449
97.2933
97.1421
96.9866
96.7945
96.6033
96.4066
96.1619
95.9269
95.7045
95.4496
95.1878
94.9482
94.726
94.4711
94.1828
93.9061
93.6346
93.3547
93.0197
92.8691
92.6592
92.4175
92.1559
91.6862
91.2946
91.0215
90.7102
90.2975
90.9243
121.652
177.684
240.664
240.664
177.684
121.652
90.9243
90.2975
90.7102
91.0215
91.2946
91.6862
92.1559
92.4175
92.6592
92.8691
93.0197
93.3547
93.6346
93.9061
94.1828
94.4711
94.726
94.9482
95.1878
95.4496
95.7045
95.9269
96.1619
96.4066
96.6033
96.7945
96.9866
97.1421
97.2933
97.449
97.5896
97.713
97.8055
97.8833
97.9521
98.0084
98.0435
97.1381
97.1095
97.0599
96.9957
96.919
96.8265
96.711
96.5786
96.4332
96.2842
96.1267
95.947
95.7601
95.5628
95.339
95.1139
94.8904
94.6499
94.4042
94.1686
93.939
93.6907
93.4229
93.1569
92.8925
92.623
92.3415
92.1427
91.925
91.6803
91.395
91.0042
90.6817
90.4779
90.2832
90.1371
90.2375
90.1194
89.8613
88.9909
88.9909
89.8613
90.1194
90.2375
90.1371
90.2832
90.4779
90.6817
91.0042
91.395
91.6803
91.925
92.1427
92.3415
92.623
92.8925
93.1569
93.4229
93.6907
93.939
94.1686
94.4042
94.6499
94.8904
95.1139
95.339
95.5628
95.7601
95.947
96.1267
96.2842
96.4332
96.5786
96.711
96.8265
96.919
96.9957
97.0599
97.1095
97.1381
96.1546
96.1304
96.0863
96.0263
95.952
95.8617
95.7528
95.6282
95.4911
95.346
95.1908
95.0199
94.8388
94.6461
94.4368
94.2217
94.003
93.7744
93.5414
93.3114
93.0819
92.8413
92.5889
92.3347
92.0803
91.8244
91.5701
91.3522
91.1288
90.8851
90.6081
90.2745
90.0182
89.8668
89.7332
89.636
89.5946
89.5408
89.3925
89.0012
89.0012
89.3925
89.5408
89.5946
89.636
89.7332
89.8668
90.0182
90.2745
90.6081
90.8851
91.1288
91.3522
91.5701
91.8244
92.0803
92.3347
92.5889
92.8413
93.0819
93.3114
93.5414
93.7744
94.003
94.2217
94.4368
94.6461
94.8388
95.0199
95.1908
95.346
95.4911
95.6282
95.7528
95.8617
95.952
96.0263
96.0863
96.1304
96.1546
95.0855
95.0645
95.0247
94.9686
94.8976
94.811
94.7082
94.5907
94.461
94.3211
94.1705
94.0071
93.8327
93.6472
93.4495
93.2444
93.0337
92.8159
92.5939
92.3711
92.1462
91.9143
91.6749
91.4328
91.1901
90.9477
90.7097
90.4874
90.2635
90.0263
89.7674
89.4827
89.278
89.1602
89.0569
88.9741
88.9141
88.8674
88.7404
88.4029
88.4029
88.7404
88.8674
88.9141
88.9741
89.0569
89.1602
89.278
89.4827
89.7674
90.0263
90.2635
90.4874
90.7097
90.9477
91.1901
91.4328
91.6749
91.9143
92.1462
92.3711
92.5939
92.8159
93.0337
93.2444
93.4495
93.6472
93.8327
94.0071
94.1705
94.3211
94.461
94.5907
94.7082
94.811
94.8976
94.9686
95.0247
95.0645
95.0855
93.923
93.9043
93.868
93.8158
93.7485
93.6664
93.5694
93.4588
93.3359
93.2021
93.0575
92.9014
92.7347
92.5575
92.3703
92.1753
91.974
91.7667
91.555
91.3407
91.1234
90.901
90.6737
90.444
90.2136
89.9841
89.7584
89.5397
89.3207
89.0946
88.8578
88.6135
88.446
88.3504
88.2652
88.193
88.1349
88.0901
87.9681
87.6475
87.6475
87.9681
88.0901
88.1349
88.193
88.2652
88.3504
88.446
88.6135
88.8578
89.0946
89.3207
89.5397
89.7584
89.9841
90.2136
90.444
90.6737
90.901
91.1234
91.3407
91.555
91.7667
91.974
92.1753
92.3703
92.5575
92.7347
92.9014
93.0575
93.2021
93.3359
93.4588
93.5694
93.6664
93.7485
93.8158
93.868
93.9043
93.923
92.6588
92.6418
92.6086
92.56
92.4968
92.4195
92.3283
92.2242
92.1081
91.981
91.8432
91.6948
91.5363
91.3681
91.1909
91.0062
90.815
90.6183
90.4171
90.2124
90.0043
89.7924
89.5771
89.3597
89.1419
88.9251
88.7109
88.5005
88.2908
88.0789
87.8645
87.6529
87.5121
87.4316
87.3589
87.2953
87.2416
87.1982
87.0795
86.7735
86.7735
87.0795
87.1982
87.2416
87.2953
87.3589
87.4316
87.5121
87.6529
87.8645
88.0789
88.2908
88.5005
88.7109
88.9251
89.1419
89.3597
89.5771
89.7924
90.0043
90.2124
90.4171
90.6183
90.815
91.0062
91.1909
91.3681
91.5363
91.6948
91.8432
91.981
92.1081
92.2242
92.3283
92.4195
92.4968
92.56
92.6086
92.6418
92.6588
91.1966
91.1812
91.1508
91.106
91.0473
90.9752
90.8902
90.7929
90.6842
90.5647
90.4348
90.2949
90.1456
89.9873
89.8209
89.6472
89.4674
89.2821
89.0923
88.8988
88.7019
88.5019
88.2994
88.0954
87.8911
87.6878
87.4864
87.2877
87.091
86.8959
86.704
86.5202
86.3999
86.3308
86.2675
86.2109
86.1614
86.1194
86.0041
85.7133
85.7133
86.0041
86.1194
86.1614
86.2109
86.2675
86.3308
86.3999
86.5202
86.704
86.8959
87.091
87.2877
87.4864
87.6878
87.8911
88.0954
88.2994
88.5019
88.7019
88.8988
89.0923
89.2821
89.4674
89.6472
89.8209
89.9873
90.1456
90.2949
90.4348
90.5647
90.6842
90.7929
90.8902
90.9752
91.0473
91.106
91.1508
91.1812
91.1966
89.5991
89.585
89.5572
89.5159
89.4617
89.3949
89.316
89.2256
89.1242
89.0126
88.8911
88.7602
88.6204
88.4724
88.3168
88.1545
87.9861
87.8126
87.6347
87.4531
87.2683
87.0809
86.8915
86.701
86.5105
86.3208
86.1331
85.9479
85.7658
85.5877
85.4156
85.2535
85.1478
85.0868
85.0303
84.9787
84.9323
84.8913
84.7799
84.5068
84.5068
84.7799
84.8913
84.9323
84.9787
85.0303
85.0868
85.1478
85.2535
85.4156
85.5877
85.7658
85.9479
86.1331
86.3208
86.5105
86.701
86.8915
87.0809
87.2683
87.4531
87.6347
87.8126
87.9861
88.1545
88.3168
88.4724
88.6204
88.7602
88.8911
89.0126
89.1242
89.2256
89.316
89.3949
89.4617
89.5159
89.5572
89.585
89.5991
88.0156
88.0027
87.977
87.9389
87.8886
87.8266
87.7533
87.6691
87.5746
87.4703
87.3567
87.2343
87.1035
86.9651
86.8195
86.6676
86.5101
86.3476
86.1808
86.0105
85.8373
85.6618
85.4846
85.3067
85.1289
84.9521
84.7772
84.6051
84.4367
84.2735
84.1172
83.9711
83.8756
83.82
83.7681
83.7199
83.6757
83.6356
83.5279
83.2719
83.2719
83.5279
83.6356
83.6757
83.7199
83.7681
83.82
83.8756
83.9711
84.1172
84.2735
84.4367
84.6051
84.7772
84.9521
85.1289
85.3067
85.4846
85.6618
85.8373
86.0105
86.1808
86.3476
86.5101
86.6676
86.8195
86.9651
87.1035
87.2343
87.3567
87.4703
87.5746
87.6691
87.7533
87.8266
87.8886
87.9389
87.977
88.0027
88.0156
86.445
86.433
86.4093
86.374
86.3273
86.2697
86.2015
86.123
86.0349
85.9374
85.8312
85.7167
85.5944
85.4648
85.3286
85.1864
85.0389
84.8867
84.7305
84.5709
84.4086
84.2443
84.0786
83.9123
83.7463
83.5813
83.4184
83.2585
83.1026
82.9521
82.8088
82.6749
82.5868
82.5352
82.4866
82.4409
82.3984
82.3591
82.2551
82.0152
82.0152
82.2551
82.3591
82.3984
82.4409
82.4866
82.5352
82.5868
82.6749
82.8088
82.9521
83.1026
83.2585
83.4184
83.5813
83.7463
83.9123
84.0786
84.2443
84.4086
84.5709
84.7305
84.8867
85.0389
85.1864
85.3286
85.4648
85.5944
85.7167
85.8312
85.9374
86.0349
86.123
86.2015
86.2697
86.3273
86.374
86.4093
86.433
86.445
84.8863
84.8752
84.8532
84.8204
84.777
84.7234
84.6598
84.5867
84.5044
84.4133
84.314
84.2069
84.0924
83.9712
83.8437
83.7106
83.5725
83.4299
83.2836
83.1341
82.982
82.8282
82.6731
82.5176
82.3625
82.2086
82.0567
81.9079
81.7631
81.6236
81.4909
81.3667
81.2844
81.2359
81.1898
81.1461
81.1049
81.0663
80.966
80.7417
80.7417
80.966
81.0663
81.1049
81.1461
81.1898
81.2359
81.2844
81.3667
81.4909
81.6236
81.7631
81.9079
82.0567
82.2086
82.3625
82.5176
82.6731
82.8282
82.982
83.1341
83.2836
83.4299
83.5725
83.7106
83.8437
83.9712
84.0924
84.2069
84.314
84.4133
84.5044
84.5867
84.6598
84.7234
84.777
84.8204
84.8532
84.8752
84.8863
83.3386
83.3284
83.3079
83.2774
83.237
83.187
83.1277
83.0594
82.9826
82.8975
82.8046
82.7044
82.5973
82.4838
82.3645
82.2398
82.1104
81.9769
81.8398
81.6997
81.5573
81.4132
81.2681
81.1226
80.9776
80.8338
80.692
80.5532
80.4183
80.2884
80.1646
80.0484
79.9707
79.9247
79.8807
79.8386
79.7986
79.7607
79.6641
79.4546
79.4546
79.6641
79.7607
79.7986
79.8386
79.8807
79.9247
79.9707
80.0484
80.1646
80.2884
80.4183
80.5532
80.692
80.8338
80.9776
81.1226
81.2681
81.4132
81.5573
81.6997
81.8398
81.9769
82.1104
82.2398
82.3645
82.4838
82.5973
82.7044
82.8046
82.8975
82.9826
83.0594
83.1277
83.187
83.237
83.2774
83.3079
83.3284
83.3386
81.8013
81.7917
81.7727
81.7442
81.7066
81.6599
81.6046
81.5408
81.469
81.3894
81.3026
81.2088
81.1085
81.0023
80.8905
80.7737
80.6525
80.5274
80.3989
80.2677
80.1342
79.9992
79.8633
79.7272
79.5915
79.457
79.3244
79.1946
79.0685
78.9469
78.8309
78.7213
78.6475
78.6037
78.5615
78.5208
78.4819
78.4446
78.3518
78.1566
78.1566
78.3518
78.4446
78.4819
78.5208
78.5615
78.6037
78.6475
78.7213
78.8309
78.9469
79.0685
79.1946
79.3244
79.457
79.5915
79.7272
79.8633
79.9992
80.1342
80.2677
80.3989
80.5274
80.6525
80.7737
80.8905
81.0023
81.1085
81.2088
81.3026
81.3894
81.469
81.5408
81.6046
81.6599
81.7066
81.7442
81.7727
81.7917
81.8013
80.2735
80.2646
80.2468
80.2203
80.1851
80.1416
80.0899
80.0303
79.9631
79.8887
79.8074
79.7196
79.6258
79.5262
79.4215
79.3121
79.1985
79.0813
78.9608
78.8378
78.7127
78.5862
78.4589
78.3313
78.2042
78.0782
77.954
77.8324
77.7141
77.5999
77.4906
77.3869
77.3166
77.2746
77.2339
77.1946
77.1567
77.1202
77.0312
76.8494
76.8494
77.0312
77.1202
77.1567
77.1946
77.2339
77.2746
77.3166
77.3869
77.4906
77.5999
77.7141
77.8324
77.954
78.0782
78.2042
78.3313
78.4589
78.5862
78.7127
78.8378
78.9608
79.0813
79.1985
79.3121
79.4215
79.5262
79.6258
79.7196
79.8074
79.8887
79.9631
80.0303
80.0899
80.1416
80.1851
80.2203
80.2468
80.2646
80.2735
78.7546
78.7463
78.7297
78.7049
78.6721
78.6314
78.5831
78.5274
78.4645
78.3949
78.3188
78.2366
78.1486
78.0554
77.9573
77.8547
77.7482
77.6383
77.5254
77.41
77.2927
77.174
77.0546
76.935
76.8157
76.6975
76.581
76.4668
76.3556
76.248
76.1447
76.0463
75.979
75.9387
75.8995
75.8615
75.8246
75.7888
75.7038
75.5349
75.5349
75.7038
75.7888
75.8246
75.8615
75.8995
75.9387
75.979
76.0463
76.1447
76.248
76.3556
76.4668
76.581
76.6975
76.8157
76.935
77.0546
77.174
77.2927
77.41
77.5254
77.6383
77.7482
77.8547
77.9573
78.0554
78.1486
78.2366
78.3188
78.3949
78.4645
78.5274
78.5831
78.6314
78.6721
78.7049
78.7297
78.7463
78.7546
77.244
77.2362
77.2207
77.1976
77.1669
77.1289
77.0837
77.0315
76.9727
76.9075
76.8362
76.7592
76.6768
76.5894
76.4974
76.4013
76.3014
76.1983
76.0923
75.9841
75.874
75.7627
75.6506
75.5382
75.4263
75.3152
75.2057
75.0982
74.9934
74.8918
74.794
74.7003
74.6359
74.5972
74.5594
74.5226
74.4867
74.4517
74.3708
74.2141
74.2141
74.3708
74.4517
74.4867
74.5226
74.5594
74.5972
74.6359
74.7003
74.794
74.8918
74.9934
75.0982
75.2057
75.3152
75.4263
75.5382
75.6506
75.7627
75.874
75.9841
76.0923
76.1983
76.3014
76.4013
76.4974
76.5894
76.6768
76.7592
76.8362
76.9075
76.9727
77.0315
77.0837
77.1289
77.1669
77.1976
77.2207
77.2362
77.244
75.7412
75.7339
75.7194
75.6978
75.6691
75.6335
75.5912
75.5424
75.4873
75.4262
75.3594
75.2872
75.21
75.128
75.0418
74.9516
74.8579
74.761
74.6616
74.56
74.4566
74.352
74.2467
74.1412
74.0359
73.9314
73.8283
73.727
73.628
73.5319
73.439
73.3498
73.2881
73.2509
73.2145
73.1789
73.1441
73.1101
73.0334
72.8881
72.8881
73.0334
73.1101
73.1441
73.1789
73.2145
73.2509
73.2881
73.3498
73.439
73.5319
73.628
73.727
73.8283
73.9314
74.0359
74.1412
74.2467
74.352
74.4566
74.56
74.6616
74.761
74.8579
74.9516
75.0418
75.128
75.21
75.2872
75.3594
75.4262
75.4873
75.5424
75.5912
75.6335
75.6691
75.6978
75.7194
75.7339
75.7412
74.2457
74.2389
74.2253
74.205
74.1782
74.1449
74.1052
74.0595
74.0079
73.9506
73.888
73.8203
73.7479
73.671
73.59
73.5054
73.4174
73.3265
73.2331
73.1376
73.0404
72.9421
72.8431
72.7438
72.6447
72.5463
72.449
72.3534
72.2598
72.1688
72.0805
71.9954
71.9363
71.9007
71.8657
71.8313
71.7977
71.7646
71.6923
71.5578
71.5578
71.6923
71.7646
71.7977
71.8313
71.8657
71.9007
71.9363
71.9954
72.0805
72.1688
72.2598
72.3534
72.449
72.5463
72.6447
72.7438
72.8431
72.9421
73.0404
73.1376
73.2331
73.3265
73.4174
73.5054
73.59
73.671
73.7479
73.8203
73.888
73.9506
74.0079
74.0595
74.1052
74.1449
74.1782
74.205
74.2253
74.2389
74.2457
72.757
72.7506
72.7379
72.7189
72.6937
72.6625
72.6254
72.5825
72.5341
72.4804
72.4217
72.3582
72.2902
72.218
72.142
72.0625
71.9798
71.8944
71.8066
71.7168
71.6255
71.533
71.4397
71.3462
71.2528
71.16
71.0682
70.9778
70.8892
70.8028
70.7188
70.6377
70.5812
70.547
70.5134
70.4804
70.448
70.4161
70.3484
70.2238
70.2238
70.3484
70.4161
70.448
70.4804
70.5134
70.547
70.5812
70.6377
70.7188
70.8028
70.8892
70.9778
71.0682
71.16
71.2528
71.3462
71.4397
71.533
71.6255
71.7168
71.8066
71.8944
71.9798
72.0625
72.142
72.218
72.2902
72.3582
72.4217
72.4804
72.5341
72.5825
72.6254
72.6625
72.6937
72.7189
72.7379
72.7506
72.757
71.2746
71.2686
71.2567
71.2389
71.2153
71.1861
71.1512
71.111
71.0656
71.0153
70.9601
70.9005
70.8367
70.7689
70.6975
70.6227
70.545
70.4647
70.3821
70.2976
70.2117
70.1245
70.0367
69.9485
69.8604
69.7727
69.6859
69.6003
69.5163
69.4343
69.3544
69.277
69.223
69.1904
69.1582
69.1266
69.0954
69.0648
69.002
68.8865
68.8865
69.002
69.0648
69.0954
69.1266
69.1582
69.1904
69.223
69.277
69.3544
69.4343
69.5163
69.6003
69.6859
69.7727
69.8604
69.9485
70.0367
70.1245
70.2117
70.2976
70.3821
70.4647
70.545
70.6227
70.6975
70.7689
70.8367
70.9005
70.9601
71.0153
71.0656
71.111
71.1512
71.1861
71.2153
71.2389
71.2567
71.2686
71.2746
69.7982
69.7926
69.7814
69.7648
69.7426
69.7152
69.6825
69.6448
69.6021
69.5548
69.5031
69.4471
69.3871
69.3234
69.2562
69.186
69.1129
69.0373
68.9595
68.88
68.799
68.7168
68.634
68.5507
68.4675
68.3846
68.3024
68.2213
68.1416
68.0636
67.9876
67.9138
67.8622
67.831
67.8003
67.7701
67.7404
67.7112
67.6533
67.546
67.546
67.6533
67.7112
67.7404
67.7701
67.8003
67.831
67.8622
67.9138
67.9876
68.0636
68.1416
68.2213
68.3024
68.3846
68.4675
68.5507
68.634
68.7168
68.799
68.88
68.9595
69.0373
69.1129
69.186
69.2562
69.3234
69.3871
69.4471
69.5031
69.5548
69.6021
69.6448
69.6825
69.7152
69.7426
69.7648
69.7814
69.7926
69.7982
68.3274
68.3222
68.3117
68.296
68.2752
68.2495
68.2188
68.1834
68.1433
68.0989
68.0503
67.9976
67.9412
67.8813
67.8181
67.752
67.6832
67.612
67.5388
67.4638
67.3874
67.3099
67.2316
67.1529
67.0742
66.9957
66.9178
66.8409
66.7651
66.6909
66.6185
66.5481
66.4989
66.4691
66.4398
66.411
66.3828
66.3551
66.3022
66.2019
66.2019
66.3022
66.3551
66.3828
66.411
66.4398
66.4691
66.4989
66.5481
66.6185
66.6909
66.7651
66.8409
66.9178
66.9957
67.0742
67.1529
67.2316
67.3099
67.3874
67.4638
67.5388
67.612
67.6832
67.752
67.8181
67.8813
67.9412
67.9976
68.0503
68.0989
68.1433
68.1834
68.2188
68.2495
68.2752
68.296
68.3117
68.3222
68.3274
66.8619
66.8569
66.8471
66.8324
66.8129
66.7887
66.7598
66.7266
66.6889
66.6472
66.6014
66.5519
66.4989
66.4425
66.383
66.3207
66.2559
66.1888
66.1198
66.049
65.9769
65.9037
65.8297
65.7552
65.6807
65.6063
65.5323
65.4592
65.3871
65.3164
65.2473
65.1801
65.1331
65.1047
65.0768
65.0494
65.0225
64.9962
64.9483
64.8537
64.8537
64.9483
64.9962
65.0225
65.0494
65.0768
65.1047
65.1331
65.1801
65.2473
65.3164
65.3871
65.4592
65.5323
65.6063
65.6807
65.7552
65.8297
65.9037
65.9769
66.049
66.1198
66.1888
66.2559
66.3207
66.383
66.4425
66.4989
66.5519
66.6014
66.6472
66.6889
66.7266
66.7598
66.7887
66.8129
66.8324
66.8471
66.8569
66.8619
65.4013
65.3966
65.3874
65.3736
65.3552
65.3325
65.3054
65.2741
65.2387
65.1994
65.1564
65.1098
65.0598
65.0067
64.9507
64.892
64.8309
64.7676
64.7024
64.6356
64.5674
64.4982
64.4282
64.3577
64.287
64.2163
64.1461
64.0765
64.0078
63.9403
63.8742
63.81
63.765
63.7378
63.7111
63.6849
63.6592
63.6342
63.5906
63.5006
63.5006
63.5906
63.6342
63.6592
63.6849
63.7111
63.7378
63.765
63.81
63.8742
63.9403
64.0078
64.0765
64.1461
64.2163
64.287
64.3577
64.4282
64.4982
64.5674
64.6356
64.7024
64.7676
64.8309
64.892
64.9507
65.0067
65.0598
65.1098
65.1564
65.1994
65.2387
65.2741
65.3054
65.3325
65.3552
65.3736
65.3874
65.3966
65.4013
63.9453
63.941
63.9323
63.9193
63.902
63.8806
63.8551
63.8257
63.7924
63.7554
63.7149
63.671
63.6239
63.5739
63.5211
63.4657
63.408
63.3483
63.2867
63.2236
63.1591
63.0935
63.0272
62.9603
62.8932
62.8261
62.7592
62.6928
62.6272
62.5627
62.4994
62.4378
62.3946
62.3684
62.3427
62.3175
62.2928
62.2688
62.2287
62.1422
62.1422
62.2287
62.2688
62.2928
62.3175
62.3427
62.3684
62.3946
62.4378
62.4994
62.5627
62.6272
62.6928
62.7592
62.8261
62.8932
62.9603
63.0272
63.0935
63.1591
63.2236
63.2867
63.3483
63.408
63.4657
63.5211
63.5739
63.6239
63.671
63.7149
63.7554
63.7924
63.8257
63.8551
63.8806
63.902
63.9193
63.9323
63.941
63.9453
62.4937
62.4896
62.4814
62.4692
62.453
62.4328
62.4088
62.3811
62.3497
62.3149
62.2767
62.2354
62.191
62.1438
62.094
62.0417
61.9873
61.9308
61.8726
61.8128
61.7518
61.6897
61.6267
61.5632
61.4994
61.4355
61.3717
61.3084
61.2456
61.1838
61.123
61.0637
61.022
60.9968
60.9719
60.9475
60.9235
60.9
60.8629
60.7792
60.7792
60.8629
60.9
60.9235
60.9475
60.9719
60.9968
61.022
61.0637
61.123
61.1838
61.2456
61.3084
61.3717
61.4355
61.4994
61.5632
61.6267
61.6897
61.7518
61.8128
61.8726
61.9308
61.9873
62.0417
62.094
62.1438
62.191
62.2354
62.2767
62.3149
62.3497
62.3811
62.4088
62.4328
62.453
62.4692
62.4814
62.4896
62.4937
61.0462
61.0423
61.0346
61.0231
61.0078
60.9889
60.9663
60.9401
60.9106
60.8778
60.8418
60.8028
60.7609
60.7164
60.6693
60.62
60.5685
60.5151
60.46
60.4034
60.3455
60.2866
60.2269
60.1665
60.1057
60.0448
59.9839
59.9233
59.8632
59.8038
59.7453
59.688
59.6476
59.6231
59.5989
59.575
59.5516
59.5286
59.4941
59.413
59.413
59.4941
59.5286
59.5516
59.575
59.5989
59.6231
59.6476
59.688
59.7453
59.8038
59.8632
59.9233
59.9839
60.0448
60.1057
60.1665
60.2269
60.2866
60.3455
60.4034
60.46
60.5151
60.5685
60.62
60.6693
60.7164
60.7609
60.8028
60.8418
60.8778
60.9106
60.9401
60.9663
60.9889
61.0078
61.0231
61.0346
61.0423
61.0462
59.6025
59.5989
59.5916
59.5808
59.5664
59.5485
59.5272
59.5026
59.4747
59.4438
59.4098
59.373
59.3335
59.2914
59.247
59.2003
59.1516
59.1011
59.0489
58.9953
58.9404
58.8844
58.8276
58.7701
58.7122
58.654
58.5958
58.5378
58.48
58.4228
58.3664
58.3108
58.2715
58.2476
58.224
58.2007
58.1777
58.155
58.1233
58.0445
58.0445
58.1233
58.155
58.1777
58.2007
58.224
58.2476
58.2715
58.3108
58.3664
58.4228
58.48
58.5378
58.5958
58.654
58.7122
58.7701
58.8276
58.8844
58.9404
58.9953
59.0489
59.1011
59.1516
59.2003
59.247
59.2914
59.3335
59.373
59.4098
59.4438
59.4747
59.5026
59.5272
59.5485
59.5664
59.5808
59.5916
59.5989
59.6025
58.1625
58.1591
58.1523
58.142
58.1285
58.1116
58.0915
58.0683
58.042
58.0128
57.9807
57.946
57.9086
57.8689
57.8269
57.7827
57.7366
57.6887
57.6393
57.5884
57.5362
57.483
57.429
57.3742
57.3189
57.2633
57.2076
57.1519
57.0963
57.0411
56.9865
56.9325
56.8942
56.8708
56.8476
56.8247
56.8021
56.7797
56.751
56.6747
56.6747
56.751
56.7797
56.8021
56.8247
56.8476
56.8708
56.8942
56.9325
56.9865
57.0411
57.0963
57.1519
57.2076
57.2633
57.3189
57.3742
57.429
57.483
57.5362
57.5884
57.6393
57.6887
57.7366
57.7827
57.8269
57.8689
57.9086
57.946
57.9807
58.0128
58.042
58.0683
58.0915
58.1116
58.1285
58.142
58.1523
58.1591
58.1625
56.7259
56.7227
56.7163
56.7066
56.6938
56.6779
56.6589
56.637
56.6122
56.5846
56.5543
56.5215
56.4862
56.4486
56.4088
56.367
56.3234
56.278
56.231
56.1827
56.1332
56.0825
56.031
55.9788
55.926
55.8728
55.8193
55.7658
55.7123
55.6589
55.6059
55.5533
55.5158
55.4928
55.47
55.4473
55.425
55.403
55.378
55.3075
55.3075
55.378
55.403
55.425
55.4473
55.47
55.4928
55.5158
55.5533
55.6059
55.6589
55.7123
55.7658
55.8193
55.8728
55.926
55.9788
56.031
56.0825
56.1332
56.1827
56.231
56.278
56.3234
56.367
56.4088
56.4486
56.4862
56.5215
56.5543
56.5846
56.6122
56.637
56.6589
56.6779
56.6938
56.7066
56.7163
56.7227
56.7259
55.2926
55.2895
55.2835
55.2743
55.2623
55.2472
55.2294
55.2086
55.1852
55.1591
55.1305
55.0995
55.0661
55.0305
54.9928
54.9532
54.9118
54.8688
54.8242
54.7783
54.7311
54.6829
54.6338
54.5839
54.5335
54.4825
54.4312
54.3796
54.328
54.2764
54.2249
54.1736
54.1367
54.114
54.0913
54.0686
54.0457
54.0226
53.9986
53.9582
53.9582
53.9986
54.0226
54.0457
54.0686
54.0913
54.114
54.1367
54.1736
54.2249
54.2764
54.328
54.3796
54.4312
54.4825
54.5335
54.5839
54.6338
54.6829
54.7311
54.7783
54.8242
54.8688
54.9118
54.9532
54.9928
55.0305
55.0661
55.0995
55.1305
55.1591
55.1852
55.2086
55.2294
55.2472
55.2623
55.2743
55.2835
55.2895
55.2926
53.8623
53.8595
53.8537
53.8451
53.8337
53.8195
53.8026
53.7831
53.7609
53.7363
53.7092
53.6798
53.6482
53.6145
53.5788
53.5413
53.502
53.4611
53.4188
53.3751
53.3302
53.2843
53.2374
53.1897
53.1414
53.0925
53.0432
52.9936
52.9438
52.8938
52.8438
52.7937
52.7575
52.7352
52.7128
52.6904
52.6679
52.6452
52.6221
52.5843
52.5843
52.6221
52.6452
52.6679
52.6904
52.7128
52.7352
52.7575
52.7937
52.8438
52.8938
52.9438
52.9936
53.0432
53.0925
53.1414
53.1897
53.2374
53.2843
53.3302
53.3751
53.4188
53.4611
53.502
53.5413
53.5788
53.6145
53.6482
53.6798
53.7092
53.7363
53.7609
53.7831
53.8026
53.8195
53.8337
53.8451
53.8537
53.8595
53.8623
52.435
52.4323
52.4268
52.4187
52.4079
52.3945
52.3785
52.36
52.3391
52.3158
52.2902
52.2624
52.2324
52.2005
52.1667
52.1311
52.0938
52.0549
52.0147
51.9731
51.9303
51.8865
51.8418
51.7962
51.7499
51.703
51.6556
51.6078
51.5597
51.5113
51.4627
51.4138
51.3784
51.3566
51.3346
51.3126
51.2906
51.2684
51.2458
51.2093
51.2093
51.2458
51.2684
51.2906
51.3126
51.3346
51.3566
51.3784
51.4138
51.4627
51.5113
51.5597
51.6078
51.6556
51.703
51.7499
51.7962
51.8418
51.8865
51.9303
51.9731
52.0147
52.0549
52.0938
52.1311
52.1667
52.2005
52.2324
52.2624
52.2902
52.3158
52.3391
52.36
52.3785
52.3945
52.4079
52.4187
52.4268
52.4323
52.435
51.0103
51.0078
51.0026
50.9949
50.9848
50.9721
50.957
50.9395
50.9197
50.8976
50.8734
50.847
50.8187
50.7884
50.7563
50.7225
50.6871
50.6502
50.6119
50.5723
50.5315
50.4897
50.447
50.4034
50.359
50.314
50.2684
50.2223
50.1758
50.129
50.0818
50.0342
49.9996
49.9783
49.9568
49.9353
49.9137
49.892
49.8699
49.8345
49.8345
49.8699
49.892
49.9137
49.9353
49.9568
49.9783
49.9996
50.0342
50.0818
50.129
50.1758
50.2223
50.2684
50.314
50.359
50.4034
50.447
50.4897
50.5315
50.5723
50.6119
50.6502
50.6871
50.7225
50.7563
50.7884
50.8187
50.847
50.8734
50.8976
50.9197
50.9395
50.957
50.9721
50.9848
50.9949
51.0026
51.0078
51.0103
49.5882
49.5858
49.581
49.5737
49.5641
49.5521
49.5378
49.5212
49.5025
49.4816
49.4586
49.4337
49.4068
49.3781
49.3477
49.3156
49.2819
49.2468
49.2104
49.1727
49.1338
49.0939
49.053
49.0113
48.9687
48.9255
48.8817
48.8373
48.7924
48.747
48.7012
48.6549
48.6212
48.6004
48.5794
48.5584
48.5373
48.5161
48.4944
48.4602
48.4602
48.4944
48.5161
48.5373
48.5584
48.5794
48.6004
48.6212
48.6549
48.7012
48.747
48.7924
48.8373
48.8817
48.9255
48.9687
49.0113
49.053
49.0939
49.1338
49.1727
49.2104
49.2468
49.2819
49.3156
49.3477
49.3781
49.4068
49.4337
49.4586
49.4816
49.5025
49.5212
49.5378
49.5521
49.5641
49.5737
49.581
49.5858
49.5882
48.1686
48.1663
48.1617
48.1548
48.1457
48.1344
48.1209
48.1052
48.0875
48.0677
48.0459
48.0223
47.9968
47.9695
47.9406
47.9102
47.8782
47.8448
47.8101
47.7742
47.7371
47.699
47.6599
47.62
47.5792
47.5377
47.4955
47.4527
47.4093
47.3654
47.321
47.2761
47.2433
47.223
47.2026
47.182
47.1614
47.1407
47.1195
47.0864
47.0864
47.1195
47.1407
47.1614
47.182
47.2026
47.223
47.2433
47.2761
47.321
47.3654
47.4093
47.4527
47.4955
47.5377
47.5792
47.62
47.6599
47.699
47.7371
47.7742
47.8101
47.8448
47.8782
47.9102
47.9406
47.9695
47.9968
48.0223
48.0459
48.0677
48.0875
48.1052
48.1209
48.1344
48.1457
48.1548
48.1617
48.1663
48.1686
46.7513
46.7491
46.7447
46.7382
46.7296
46.7189
46.7061
46.6913
46.6744
46.6557
46.6351
46.6127
46.5885
46.5627
46.5352
46.5063
46.4759
46.4441
46.4111
46.3768
46.3415
46.3051
46.2677
46.2295
46.1904
46.1505
46.11
46.0687
46.0269
45.9844
45.9414
45.8978
45.8658
45.8461
45.8262
45.8062
45.7861
45.7658
45.7451
45.7132
45.7132
45.7451
45.7658
45.7861
45.8062
45.8262
45.8461
45.8658
45.8978
45.9414
45.9844
46.0269
46.0687
46.11
46.1505
46.1904
46.2295
46.2677
46.3051
46.3415
46.3768
46.4111
46.4441
46.4759
46.5063
46.5352
46.5627
46.5885
46.6127
46.6351
46.6557
46.6744
46.6913
46.7061
46.7189
46.7296
46.7382
46.7447
46.7491
46.7513
45.3361
45.334
45.3299
45.3238
45.3156
45.3055
45.2933
45.2793
45.2634
45.2456
45.2261
45.2048
45.1819
45.1574
45.1313
45.1038
45.0749
45.0447
45.0132
44.9806
44.9469
44.9121
44.8764
44.8398
44.8023
44.7641
44.7251
44.6854
44.645
44.604
44.5623
44.52
44.489
44.4698
44.4505
44.431
44.4114
44.3916
44.3714
44.3407
44.3407
44.3714
44.3916
44.4114
44.431
44.4505
44.4698
44.489
44.52
44.5623
44.604
44.645
44.6854
44.7251
44.7641
44.8023
44.8398
44.8764
44.9121
44.9469
44.9806
45.0132
45.0447
45.0749
45.1038
45.1313
45.1574
45.1819
45.2048
45.2261
45.2456
45.2634
45.2793
45.2933
45.3055
45.3156
45.3238
45.3299
45.334
45.3361
43.923
43.921
43.9171
43.9113
43.9036
43.894
43.8825
43.8692
43.8541
43.8373
43.8188
43.7986
43.7769
43.7536
43.7289
43.7027
43.6753
43.6465
43.6166
43.5855
43.5533
43.5201
43.486
43.4509
43.415
43.3783
43.3409
43.3027
43.2638
43.2242
43.1839
43.1429
43.1128
43.0942
43.0754
43.0565
43.0374
43.0181
42.9985
42.9689
42.9689
42.9985
43.0181
43.0374
43.0565
43.0754
43.0942
43.1128
43.1429
43.1839
43.2242
43.2638
43.3027
43.3409
43.3783
43.415
43.4509
43.486
43.5201
43.5533
43.5855
43.6166
43.6465
43.6753
43.7027
43.7289
43.7536
43.7769
43.7986
43.8188
43.8373
43.8541
43.8692
43.8825
43.894
43.9036
43.9113
43.9171
43.921
43.923
42.5118
42.5099
42.5063
42.5008
42.4935
42.4844
42.4735
42.4609
42.4466
42.4307
42.4131
42.394
42.3734
42.3513
42.3278
42.303
42.2769
42.2496
42.221
42.1914
42.1608
42.1291
42.0965
42.063
42.0286
41.9934
41.9574
41.9207
41.8833
41.8451
41.8062
41.7665
41.7374
41.7193
41.701
41.6827
41.6641
41.6454
41.6263
41.5978
41.5978
41.6263
41.6454
41.6641
41.6827
41.701
41.7193
41.7374
41.7665
41.8062
41.8451
41.8833
41.9207
41.9574
41.9934
42.0286
42.063
42.0965
42.1291
42.1608
42.1914
42.221
42.2496
42.2769
42.303
42.3278
42.3513
42.3734
42.394
42.4131
42.4307
42.4466
42.4609
42.4735
42.4844
42.4935
42.5008
42.5063
42.5099
42.5118
41.1025
41.1007
41.0972
41.092
41.0851
41.0765
41.0662
41.0543
41.0408
41.0257
41.0091
40.9909
40.9714
40.9504
40.9281
40.9046
40.8798
40.8538
40.8266
40.7984
40.7692
40.739
40.7079
40.6758
40.6429
40.6092
40.5747
40.5395
40.5035
40.4667
40.4292
40.3909
40.3627
40.3451
40.3275
40.3096
40.2916
40.2735
40.2549
40.2276
40.2276
40.2549
40.2735
40.2916
40.3096
40.3275
40.3451
40.3627
40.3909
40.4292
40.4667
40.5035
40.5395
40.5747
40.6092
40.6429
40.6758
40.7079
40.739
40.7692
40.7984
40.8266
40.8538
40.8798
40.9046
40.9281
40.9504
40.9714
40.9909
41.0091
41.0257
41.0408
41.0543
41.0662
41.0765
41.0851
41.092
41.0972
41.1007
41.1025
39.6949
39.6932
39.6899
39.685
39.6785
39.6703
39.6606
39.6493
39.6365
39.6222
39.6065
39.5893
39.5708
39.5509
39.5297
39.5074
39.4838
39.4591
39.4333
39.4065
39.3786
39.3498
39.3201
39.2895
39.2581
39.2259
39.1928
39.159
39.1244
39.089
39.0529
39.016
38.9887
38.9718
38.9547
38.9374
38.92
38.9024
38.8844
38.8583
38.8583
38.8844
38.9024
38.92
38.9374
38.9547
38.9718
38.9887
39.016
39.0529
39.089
39.1244
39.159
39.1928
39.2259
39.2581
39.2895
39.3201
39.3498
39.3786
39.4065
39.4333
39.4591
39.4838
39.5074
39.5297
39.5509
39.5708
39.5893
39.6065
39.6222
39.6365
39.6493
39.6606
39.6703
39.6785
39.685
39.6899
39.6932
39.6949
38.2889
38.2874
38.2843
38.2796
38.2734
38.2657
38.2565
38.2458
38.2337
38.2202
38.2053
38.189
38.1715
38.1526
38.1326
38.1113
38.089
38.0655
38.041
38.0155
37.989
37.9616
37.9333
37.9041
37.8741
37.8433
37.8117
37.7793
37.7461
37.7122
37.6774
37.6419
37.6156
37.5993
37.5828
37.5661
37.5492
37.5322
37.5148
37.4898
37.4898
37.5148
37.5322
37.5492
37.5661
37.5828
37.5993
37.6156
37.6419
37.6774
37.7122
37.7461
37.7793
37.8117
37.8433
37.8741
37.9041
37.9333
37.9616
37.989
38.0155
38.041
38.0655
38.089
38.1113
38.1326
38.1526
38.1715
38.189
38.2053
38.2202
38.2337
38.2458
38.2565
38.2657
38.2734
38.2796
38.2843
38.2874
38.2889
36.8845
36.8831
36.8801
36.8757
36.8699
36.8626
36.8539
36.8438
36.8323
36.8195
36.8054
36.79
36.7734
36.7556
36.7366
36.7165
36.6952
36.673
36.6497
36.6255
36.6003
36.5742
36.5473
36.5195
36.4909
36.4615
36.4313
36.4004
36.3686
36.3361
36.3028
36.2686
36.2434
36.2276
36.2117
36.1957
36.1794
36.163
36.1461
36.1223
36.1223
36.1461
36.163
36.1794
36.1957
36.2117
36.2276
36.2434
36.2686
36.3028
36.3361
36.3686
36.4004
36.4313
36.4615
36.4909
36.5195
36.5473
36.5742
36.6003
36.6255
36.6497
36.673
36.6952
36.7165
36.7366
36.7556
36.7734
36.79
36.8054
36.8195
36.8323
36.8438
36.8539
36.8626
36.8699
36.8757
36.8801
36.8831
36.8845
35.4816
35.4802
35.4775
35.4733
35.4678
35.4609
35.4527
35.4432
35.4323
35.4202
35.4069
35.3923
35.3766
35.3597
35.3417
35.3227
35.3026
35.2815
35.2594
35.2364
35.2125
35.1877
35.1621
35.1357
35.1085
35.0805
35.0517
35.0222
34.9919
34.9608
34.9289
34.8962
34.872
34.8569
34.8416
34.8261
34.8105
34.7947
34.7784
34.7559
34.7559
34.7784
34.7947
34.8105
34.8261
34.8416
34.8569
34.872
34.8962
34.9289
34.9608
34.9919
35.0222
35.0517
35.0805
35.1085
35.1357
35.1621
35.1877
35.2125
35.2364
35.2594
35.2815
35.3026
35.3227
35.3417
35.3597
35.3766
35.3923
35.4069
35.4202
35.4323
35.4432
35.4527
35.4609
35.4678
35.4733
35.4775
35.4802
35.4816
34.0801
34.0788
34.0762
34.0723
34.067
34.0606
34.0528
34.0438
34.0336
34.0221
34.0095
33.9958
33.9809
33.9649
33.9479
33.9299
33.9109
33.8909
33.87
33.8482
33.8256
33.8021
33.7778
33.7527
33.7269
33.7003
33.6729
33.6448
33.616
33.5863
33.5559
33.5247
33.5015
33.487
33.4724
33.4576
33.4426
33.4274
33.4118
33.3904
33.3904
33.4118
33.4274
33.4426
33.4576
33.4724
33.487
33.5015
33.5247
33.5559
33.5863
33.616
33.6448
33.6729
33.7003
33.7269
33.7527
33.7778
33.8021
33.8256
33.8482
33.87
33.8909
33.9109
33.9299
33.9479
33.9649
33.9809
33.9958
34.0095
34.0221
34.0336
34.0438
34.0528
34.0606
34.067
34.0723
34.0762
34.0788
34.0801
32.6799
32.6787
32.6762
32.6725
32.6676
32.6615
32.6541
32.6456
32.636
32.6252
32.6133
32.6003
32.5863
32.5712
32.5552
32.5381
32.5202
32.5013
32.4815
32.4609
32.4395
32.4173
32.3943
32.3705
32.346
32.3208
32.2949
32.2682
32.2408
32.2127
32.1837
32.154
32.1319
32.1181
32.1041
32.09
32.0756
32.0611
32.0462
32.026
32.026
32.0462
32.0611
32.0756
32.09
32.1041
32.1181
32.1319
32.154
32.1837
32.2127
32.2408
32.2682
32.2949
32.3208
32.346
32.3705
32.3943
32.4173
32.4395
32.4609
32.4815
32.5013
32.5202
32.5381
32.5552
32.5712
32.5863
32.6003
32.6133
32.6252
32.636
32.6456
32.6541
32.6615
32.6676
32.6725
32.6762
32.6787
32.6799
31.2809
31.2798
31.2774
31.274
31.2693
31.2636
31.2567
31.2487
31.2396
31.2294
31.2182
31.206
31.1927
31.1785
31.1634
31.1473
31.1303
31.1125
31.0939
31.0744
31.0542
31.0332
31.0115
30.989
30.9659
30.9421
30.9175
30.8923
30.8664
30.8398
30.8124
30.7842
30.7632
30.7501
30.7368
30.7234
30.7097
30.6958
30.6816
30.6627
30.6627
30.6816
30.6958
30.7097
30.7234
30.7368
30.7501
30.7632
30.7842
30.8124
30.8398
30.8664
30.8923
30.9175
30.9421
30.9659
30.989
31.0115
31.0332
31.0542
31.0744
31.0939
31.1125
31.1303
31.1473
31.1634
31.1785
31.1927
31.206
31.2182
31.2294
31.2396
31.2487
31.2567
31.2636
31.2693
31.274
31.2774
31.2798
31.2809
29.8831
29.882
29.8798
29.8766
29.8722
29.8668
29.8603
29.8528
29.8442
29.8346
29.8241
29.8126
29.8001
29.7867
29.7725
29.7573
29.7414
29.7246
29.707
29.6887
29.6696
29.6499
29.6294
29.6083
29.5865
29.564
29.5409
29.5171
29.4927
29.4676
29.4418
29.4152
29.3954
29.383
29.3705
29.3577
29.3448
29.3317
29.3182
29.3005
29.3005
29.3182
29.3317
29.3448
29.3577
29.3705
29.383
29.3954
29.4152
29.4418
29.4676
29.4927
29.5171
29.5409
29.564
29.5865
29.6083
29.6294
29.6499
29.6696
29.6887
29.707
29.7246
29.7414
29.7573
29.7725
29.7867
29.8001
29.8126
29.8241
29.8346
29.8442
29.8528
29.8603
29.8668
29.8722
29.8766
29.8798
29.882
29.8831
28.4864
28.4854
28.4833
28.4803
28.4762
28.4711
28.465
28.4579
28.4499
28.4409
28.431
28.4201
28.4084
28.3959
28.3825
28.3682
28.3532
28.3375
28.3209
28.3037
28.2858
28.2672
28.248
28.2281
28.2077
28.1866
28.1649
28.1426
28.1197
28.0962
28.072
28.047
28.0285
28.0169
28.0051
27.9931
27.9809
27.9686
27.9559
27.9395
27.9395
27.9559
27.9686
27.9809
27.9931
28.0051
28.0169
28.0285
28.047
28.072
28.0962
28.1197
28.1426
28.1649
28.1866
28.2077
28.2281
28.248
28.2672
28.2858
28.3037
28.3209
28.3375
28.3532
28.3682
28.3825
28.3959
28.4084
28.4201
28.431
28.4409
28.4499
28.4579
28.465
28.4711
28.4762
28.4803
28.4833
28.4854
28.4864
27.0907
27.0898
27.0878
27.085
27.0811
27.0763
27.0706
27.064
27.0565
27.048
27.0387
27.0286
27.0176
27.0058
26.9933
26.9799
26.9658
26.9511
26.9356
26.9194
26.9026
26.8852
26.8672
26.8486
26.8295
26.8098
26.7895
26.7687
26.7474
26.7254
26.7029
26.6797
26.6624
26.6516
26.6406
26.6295
26.6181
26.6066
26.5947
26.5796
26.5796
26.5947
26.6066
26.6181
26.6295
26.6406
26.6516
26.6624
26.6797
26.7029
26.7254
26.7474
26.7687
26.7895
26.8098
26.8295
26.8486
26.8672
26.8852
26.9026
26.9194
26.9356
26.9511
26.9658
26.9799
26.9933
27.0058
27.0176
27.0286
27.0387
27.048
27.0565
27.064
27.0706
27.0763
27.0811
27.085
27.0878
27.0898
27.0907
25.696
25.6951
25.6933
25.6906
25.687
25.6826
25.6772
25.671
25.664
25.6561
25.6474
25.6379
25.6276
25.6166
25.6048
25.5923
25.5792
25.5653
25.5509
25.5358
25.5201
25.5038
25.487
25.4697
25.4519
25.4335
25.4147
25.3954
25.3756
25.3553
25.3345
25.3131
25.2971
25.2872
25.2771
25.2668
25.2563
25.2456
25.2347
25.221
25.221
25.2347
25.2456
25.2563
25.2668
25.2771
25.2872
25.2971
25.3131
25.3345
25.3553
25.3756
25.3954
25.4147
25.4335
25.4519
25.4697
25.487
25.5038
25.5201
25.5358
25.5509
25.5653
25.5792
25.5923
25.6048
25.6166
25.6276
25.6379
25.6474
25.6561
25.664
25.671
25.6772
25.6826
25.687
25.6906
25.6933
25.6951
25.696
24.3022
24.3014
24.2997
24.2972
24.2938
24.2896
24.2846
24.2789
24.2723
24.2649
24.2568
24.2479
24.2384
24.2281
24.2171
24.2054
24.1932
24.1803
24.1668
24.1527
24.1381
24.123
24.1074
24.0913
24.0747
24.0577
24.0403
24.0225
24.0043
23.9857
23.9666
23.9471
23.9326
23.9236
23.9144
23.905
23.8955
23.8858
23.8758
23.8636
23.8636
23.8758
23.8858
23.8955
23.905
23.9144
23.9236
23.9326
23.9471
23.9666
23.9857
24.0043
24.0225
24.0403
24.0577
24.0747
24.0913
24.1074
24.123
24.1381
24.1527
24.1668
24.1803
24.1932
24.2054
24.2171
24.2281
24.2384
24.2479
24.2568
24.2649
24.2723
24.2789
24.2846
24.2896
24.2938
24.2972
24.2997
24.3014
24.3022
22.9092
22.9084
22.9069
22.9045
22.9014
22.8975
22.8929
22.8875
22.8814
22.8745
22.867
22.8587
22.8498
22.8402
22.83
22.8192
22.8078
22.7958
22.7833
22.7702
22.7567
22.7427
22.7282
22.7133
22.698
22.6824
22.6664
22.6501
22.6334
22.6165
22.5993
22.5817
22.5687
22.5607
22.5525
22.5442
22.5357
22.5271
22.5182
22.5075
22.5075
22.5182
22.5271
22.5357
22.5442
22.5525
22.5607
22.5687
22.5817
22.5993
22.6165
22.6334
22.6501
22.6664
22.6824
22.698
22.7133
22.7282
22.7427
22.7567
22.7702
22.7833
22.7958
22.8078
22.8192
22.83
22.8402
22.8498
22.8587
22.867
22.8745
22.8814
22.8875
22.8929
22.8975
22.9014
22.9045
22.9069
22.9084
22.9092
21.517
21.5163
21.5149
21.5127
21.5098
21.5062
21.5019
21.4969
21.4912
21.4848
21.4778
21.4702
21.4619
21.453
21.4436
21.4335
21.423
21.4119
21.4003
21.3882
21.3757
21.3628
21.3494
21.3357
21.3217
21.3074
21.2928
21.2779
21.2629
21.2476
21.2322
21.2167
21.2053
21.1983
21.1912
21.1841
21.1768
21.1694
21.1618
21.1528
21.1528
21.1618
21.1694
21.1768
21.1841
21.1912
21.1983
21.2053
21.2167
21.2322
21.2476
21.2629
21.2779
21.2928
21.3074
21.3217
21.3357
21.3494
21.3628
21.3757
21.3882
21.4003
21.4119
21.423
21.4335
21.4436
21.453
21.4619
21.4702
21.4778
21.4848
21.4912
21.4969
21.5019
21.5062
21.5098
21.5127
21.5149
21.5163
21.517
20.1256
20.1249
20.1236
20.1216
20.1189
20.1155
20.1116
20.1069
20.1017
20.0958
20.0893
20.0823
20.0746
20.0664
20.0577
20.0484
20.0387
20.0284
20.0177
20.0066
19.9951
19.9832
19.971
19.9585
19.9457
19.9326
19.9194
19.906
19.8925
19.8789
19.8654
19.8519
19.8422
19.8363
19.8303
19.8245
19.8186
19.8126
19.8066
19.7996
19.7996
19.8066
19.8126
19.8186
19.8245
19.8303
19.8363
19.8422
19.8519
19.8654
19.8789
19.8925
19.906
19.9194
19.9326
19.9457
19.9585
19.971
19.9832
19.9951
20.0066
20.0177
20.0284
20.0387
20.0484
20.0577
20.0664
20.0746
20.0823
20.0893
20.0958
20.1017
20.1069
20.1116
20.1155
20.1189
20.1216
20.1236
20.1249
20.1256
18.7348
18.7342
18.7329
18.7311
18.7286
18.7256
18.7219
18.7176
18.7128
18.7074
18.7014
18.6949
18.6879
18.6803
18.6723
18.6638
18.6548
18.6454
18.6357
18.6255
18.6149
18.6041
18.5929
18.5815
18.5699
18.5581
18.5462
18.5342
18.5222
18.5102
18.4984
18.4869
18.4789
18.4741
18.4694
18.4648
18.4605
18.4564
18.4525
18.4482
18.4482
18.4525
18.4564
18.4605
18.4648
18.4694
18.4741
18.4789
18.4869
18.4984
18.5102
18.5222
18.5342
18.5462
18.5581
18.5699
18.5815
18.5929
18.6041
18.6149
18.6255
18.6357
18.6454
18.6548
18.6638
18.6723
18.6803
18.6879
18.6949
18.7014
18.7074
18.7128
18.7176
18.7219
18.7256
18.7286
18.7311
18.7329
18.7342
18.7348
17.3446
17.3441
17.3429
17.3412
17.339
17.3362
17.3328
17.3289
17.3245
17.3195
17.3141
17.3081
17.3017
17.2948
17.2874
17.2796
17.2714
17.2629
17.2539
17.2447
17.2351
17.2252
17.2151
17.2048
17.1943
17.1837
17.173
17.1624
17.1518
17.1413
17.1312
17.1215
17.115
17.1112
17.1076
17.1043
17.1013
17.0987
17.0967
17.0954
17.0954
17.0967
17.0987
17.1013
17.1043
17.1076
17.1112
17.115
17.1215
17.1312
17.1413
17.1518
17.1624
17.173
17.1837
17.1943
17.2048
17.2151
17.2252
17.2351
17.2447
17.2539
17.2629
17.2714
17.2796
17.2874
17.2948
17.3017
17.3081
17.3141
17.3195
17.3245
17.3289
17.3328
17.3362
17.339
17.3412
17.3429
17.3441
17.3446
15.955
15.9545
15.9535
15.9519
15.9499
15.9473
15.9442
15.9407
15.9367
15.9322
15.9272
15.9218
15.9159
15.9096
15.9029
15.8959
15.8884
15.8807
15.8726
15.8642
15.8555
15.8466
15.8375
15.8282
15.8188
15.8093
15.7999
15.7905
15.7812
15.7722
15.7636
15.7555
15.7503
15.7473
15.7445
15.742
15.7399
15.7382
15.737
15.7364
15.7364
15.737
15.7382
15.7399
15.742
15.7445
15.7473
15.7503
15.7555
15.7636
15.7722
15.7812
15.7905
15.7999
15.8093
15.8188
15.8282
15.8375
15.8466
15.8555
15.8642
15.8726
15.8807
15.8884
15.8959
15.9029
15.9096
15.9159
15.9218
15.9272
15.9322
15.9367
15.9407
15.9442
15.9473
15.9499
15.9519
15.9535
15.9545
15.955
14.5659
14.5655
14.5645
14.5631
14.5613
14.559
14.5562
14.553
14.5493
14.5453
14.5408
14.5359
14.5306
14.5249
14.5189
14.5125
14.5058
14.4988
14.4915
14.4839
14.4761
14.4682
14.46
14.4517
14.4434
14.435
14.4267
14.4184
14.4104
14.4026
14.3953
14.3887
14.3844
14.3821
14.3799
14.378
14.3765
14.3753
14.3744
14.374
14.374
14.3744
14.3753
14.3765
14.378
14.3799
14.3821
14.3844
14.3887
14.3953
14.4026
14.4104
14.4184
14.4267
14.435
14.4434
14.4517
14.46
14.4682
14.4761
14.4839
14.4915
14.4988
14.5058
14.5125
14.5189
14.5249
14.5306
14.5359
14.5408
14.5453
14.5493
14.553
14.5562
14.559
14.5613
14.5631
14.5645
14.5655
14.5659
13.1773
13.1769
13.1761
13.1748
13.1731
13.1711
13.1686
13.1657
13.1624
13.1588
13.1547
13.1504
13.1456
13.1405
13.1351
13.1294
13.1234
13.1172
13.1107
13.1039
13.097
13.0899
13.0827
13.0753
13.068
13.0606
13.0533
13.0462
13.0392
13.0326
13.0265
13.021
13.0176
13.0157
13.014
13.0125
13.0113
13.0104
13.0097
13.0094
13.0094
13.0097
13.0104
13.0113
13.0125
13.014
13.0157
13.0176
13.021
13.0265
13.0326
13.0392
13.0462
13.0533
13.0606
13.068
13.0753
13.0827
13.0899
13.097
13.1039
13.1107
13.1172
13.1234
13.1294
13.1351
13.1405
13.1456
13.1504
13.1547
13.1588
13.1624
13.1657
13.1686
13.1711
13.1731
13.1748
13.1761
13.1769
13.1773
11.7891
11.7888
11.788
11.7869
11.7854
11.7836
11.7814
11.7788
11.7759
11.7727
11.7691
11.7652
11.761
11.7565
11.7517
11.7467
11.7413
11.7358
11.7301
11.7241
11.718
11.7118
11.7054
11.699
11.6926
11.6862
11.6799
11.6737
11.6678
11.6622
11.657
11.6525
11.6497
11.6482
11.6468
11.6456
11.6447
11.644
11.6435
11.6432
11.6432
11.6435
11.644
11.6447
11.6456
11.6468
11.6482
11.6497
11.6525
11.657
11.6622
11.6678
11.6737
11.6799
11.6862
11.6926
11.699
11.7054
11.7118
11.718
11.7241
11.7301
11.7358
11.7413
11.7467
11.7517
11.7565
11.761
11.7652
11.7691
11.7727
11.7759
11.7788
11.7814
11.7836
11.7854
11.7869
11.788
11.7888
11.7891
10.4013
10.401
10.4003
10.3994
10.3981
10.3964
10.3945
10.3923
10.3897
10.3869
10.3838
10.3803
10.3767
10.3727
10.3685
10.3641
10.3595
10.3547
10.3496
10.3445
10.3392
10.3337
10.3282
10.3227
10.3172
10.3117
10.3062
10.301
10.296
10.2913
10.287
10.2833
10.281
10.2797
10.2787
10.2777
10.277
10.2764
10.276
10.2758
10.2758
10.276
10.2764
10.277
10.2777
10.2787
10.2797
10.281
10.2833
10.287
10.2913
10.296
10.301
10.3062
10.3117
10.3172
10.3227
10.3282
10.3337
10.3392
10.3445
10.3496
10.3547
10.3595
10.3641
10.3685
10.3727
10.3767
10.3803
10.3838
10.3869
10.3897
10.3923
10.3945
10.3964
10.3981
10.3994
10.4003
10.401
10.4013
9.01382
9.01354
9.01297
9.01213
9.01101
9.00962
9.00796
9.00603
9.00384
9.00139
8.9987
8.99576
8.9926
8.98921
8.98562
8.98182
8.97784
8.9737
8.9694
8.96496
8.96042
8.95579
8.9511
8.94639
8.94168
8.93703
8.93247
8.92807
8.92389
8.91999
8.91646
8.91339
8.91156
8.91055
8.90967
8.90893
8.90833
8.90787
8.90756
8.90741
8.90741
8.90756
8.90787
8.90833
8.90893
8.90967
8.91055
8.91156
8.91339
8.91646
8.91999
8.92389
8.92807
8.93247
8.93703
8.94168
8.94639
8.9511
8.95579
8.96042
8.96496
8.9694
8.9737
8.97784
8.98182
8.98562
8.98921
8.9926
8.99576
8.9987
9.00139
9.00384
9.00603
9.00796
9.00962
9.01101
9.01213
9.01297
9.01354
9.01382
7.6266
7.62637
7.62589
7.62519
7.62424
7.62307
7.62167
7.62005
7.6182
7.61615
7.61388
7.61142
7.60876
7.60591
7.60289
7.5997
7.59636
7.59288
7.58928
7.58557
7.58177
7.5779
7.57399
7.57007
7.56616
7.5623
7.55854
7.55492
7.55149
7.54832
7.54546
7.54298
7.54152
7.54071
7.54001
7.53942
7.53895
7.53858
7.53834
7.53822
7.53822
7.53834
7.53858
7.53895
7.53942
7.54001
7.54071
7.54152
7.54298
7.54546
7.54832
7.55149
7.55492
7.55854
7.5623
7.56616
7.57007
7.57399
7.5779
7.58177
7.58557
7.58928
7.59288
7.59636
7.5997
7.60289
7.60591
7.60876
7.61142
7.61388
7.61615
7.6182
7.62005
7.62167
7.62307
7.62424
7.62519
7.62589
7.62637
7.6266
6.23963
6.23944
6.23905
6.23847
6.23771
6.23675
6.23561
6.23429
6.23279
6.23111
6.22927
6.22726
6.2251
6.22278
6.22033
6.21774
6.21502
6.2122
6.20927
6.20626
6.20318
6.20006
6.1969
6.19373
6.19058
6.18748
6.18447
6.18158
6.17885
6.17633
6.17407
6.17212
6.17098
6.17035
6.16981
6.16935
6.16897
6.16869
6.1685
6.16841
6.16841
6.1685
6.16869
6.16897
6.16935
6.16981
6.17035
6.17098
6.17212
6.17407
6.17633
6.17885
6.18158
6.18447
6.18748
6.19058
6.19373
6.1969
6.20006
6.20318
6.20626
6.20927
6.2122
6.21502
6.21774
6.22033
6.22278
6.2251
6.22726
6.22927
6.23111
6.23279
6.23429
6.23561
6.23675
6.23771
6.23847
6.23905
6.23944
6.23963
4.85285
4.8527
4.8524
4.85195
4.85136
4.85062
4.84973
4.84871
4.84754
4.84625
4.84482
4.84326
4.84159
4.8398
4.83789
4.83589
4.83379
4.83161
4.82935
4.82703
4.82465
4.82224
4.81981
4.81737
4.81495
4.81258
4.81028
4.80807
4.80599
4.80408
4.80238
4.80091
4.80005
4.79958
4.79917
4.79882
4.79854
4.79833
4.79819
4.79812
4.79812
4.79819
4.79833
4.79854
4.79882
4.79917
4.79958
4.80005
4.80091
4.80238
4.80408
4.80599
4.80807
4.81028
4.81258
4.81495
4.81737
4.81981
4.82224
4.82465
4.82703
4.82935
4.83161
4.83379
4.83589
4.83789
4.8398
4.84159
4.84326
4.84482
4.84625
4.84754
4.84871
4.84973
4.85062
4.85136
4.85195
4.8524
4.8527
4.85285
3.46621
3.4661
3.46589
3.46557
3.46515
3.46462
3.46399
3.46326
3.46244
3.46151
3.46049
3.45939
3.45819
3.45692
3.45557
3.45414
3.45265
3.4511
3.44949
3.44784
3.44615
3.44444
3.44272
3.441
3.43929
3.43761
3.43598
3.43443
3.43297
3.43163
3.43044
3.42941
3.42881
3.42849
3.4282
3.42796
3.42777
3.42762
3.42753
3.42748
3.42748
3.42753
3.42762
3.42777
3.42796
3.4282
3.42849
3.42881
3.42941
3.43044
3.43163
3.43297
3.43443
3.43598
3.43761
3.43929
3.441
3.44272
3.44444
3.44615
3.44784
3.44949
3.4511
3.45265
3.45414
3.45557
3.45692
3.45819
3.45939
3.46049
3.46151
3.46244
3.46326
3.46399
3.46462
3.46515
3.46557
3.46589
3.4661
3.46621
2.07968
2.07962
2.07949
2.0793
2.07905
2.07873
2.07836
2.07792
2.07742
2.07687
2.07626
2.0756
2.07488
2.07412
2.07331
2.07246
2.07157
2.07064
2.06968
2.06869
2.06768
2.06666
2.06563
2.0646
2.06359
2.06259
2.06162
2.0607
2.05983
2.05904
2.05833
2.05772
2.05737
2.05718
2.05701
2.05687
2.05676
2.05667
2.05661
2.05658
2.05658
2.05661
2.05667
2.05676
2.05687
2.05701
2.05718
2.05737
2.05772
2.05833
2.05904
2.05983
2.0607
2.06162
2.06259
2.06359
2.0646
2.06563
2.06666
2.06768
2.06869
2.06968
2.07064
2.07157
2.07246
2.07331
2.07412
2.07488
2.0756
2.07626
2.07687
2.07742
2.07792
2.07836
2.07873
2.07905
2.0793
2.07949
2.07962
2.07968
0.693221
0.6932
0.693157
0.693094
0.693009
0.692904
0.692779
0.692633
0.692468
0.692284
0.692081
0.69186
0.691623
0.691369
0.691099
0.690815
0.690518
0.690209
0.689889
0.689561
0.689226
0.688886
0.688544
0.688202
0.687864
0.687532
0.687211
0.686905
0.686618
0.686355
0.686121
0.685921
0.685804
0.68574
0.685685
0.685638
0.685601
0.685572
0.685553
0.685544
0.685544
0.685553
0.685572
0.685601
0.685638
0.685685
0.68574
0.685804
0.685921
0.686121
0.686355
0.686618
0.686905
0.687211
0.687532
0.687864
0.688202
0.688544
0.688886
0.689226
0.689561
0.689889
0.690209
0.690518
0.690815
0.691099
0.691369
0.691623
0.69186
0.692081
0.692284
0.692468
0.692633
0.692779
0.692904
0.693009
0.693094
0.693157
0.6932
0.693221
)
;

boundaryField
{
    top
    {
        type            fixedValue;
        value           uniform 0;
    }
    inlet
    {
        type            darcyGradPressure;
        gradient        nonuniform List<scalar> 
80
(
9799.08
9806.58
9808.51
9809.1
9809.38
9809.53
9809.62
9809.69
9809.74
9809.77
9809.8
9809.82
9809.84
9809.85
9809.87
9809.88
9809.88
9809.89
9809.9
9809.9
9809.91
9809.91
9809.92
9809.92
9809.92
9809.93
9809.93
9809.93
9809.93
9809.93
9809.94
9809.94
9809.94
9809.94
9809.94
9809.94
9809.94
9809.94
9809.94
9809.94
9809.94
9809.94
9809.94
9809.94
9809.94
9809.94
9809.94
9809.94
9809.94
9809.94
9809.93
9809.93
9809.93
9809.93
9809.93
9809.92
9809.92
9809.92
9809.91
9809.91
9809.9
9809.9
9809.89
9809.88
9809.88
9809.87
9809.85
9809.84
9809.82
9809.8
9809.77
9809.74
9809.69
9809.62
9809.53
9809.38
9809.1
9808.51
9806.58
9799.08
)
;
        value           nonuniform List<scalar> 
80
(
543.589
674.424
820.111
963.19
1106.49
1248.61
1410.16
1571.12
1729.16
1880.78
2030.07
2179.31
2327.01
2473.1
2617
2757.89
2896.55
3032.43
3162.99
3289.96
3414.51
3536.16
3653.05
3766.16
3876.74
3984.88
4089.16
4187.29
4280.05
4369.12
4455.16
4537.15
4591.28
4622.45
4650.96
4676.18
4697.48
4714.2
4725.74
4731.65
4731.65
4725.74
4714.2
4697.48
4676.18
4650.96
4622.45
4591.28
4537.15
4455.16
4369.12
4280.05
4187.29
4089.16
3984.88
3876.74
3766.16
3653.05
3536.16
3414.51
3289.96
3162.99
3032.43
2896.55
2757.89
2617
2473.1
2327.01
2179.31
2030.07
1880.78
1729.16
1571.12
1410.16
1248.61
1106.49
963.19
820.111
674.424
543.589
)
;
    }
    axis
    {
        type            darcyGradPressure;
        gradient        uniform -0;
        value           nonuniform List<scalar> 
160
(
403.537
103.844
103.258
102.747
102.208
101.634
101.019
100.359
99.6475
98.8777
98.0435
97.1381
96.1546
95.0855
93.923
92.6588
91.1966
89.5991
88.0156
86.445
84.8863
83.3386
81.8013
80.2735
78.7546
77.244
75.7412
74.2457
72.757
71.2746
69.7982
68.3274
66.8619
65.4013
63.9453
62.4937
61.0462
59.6025
58.1625
56.7259
55.2926
53.8623
52.435
51.0103
49.5882
48.1686
46.7513
45.3361
43.923
42.5118
41.1025
39.6949
38.2889
36.8845
35.4816
34.0801
32.6799
31.2809
29.8831
28.4864
27.0907
25.696
24.3022
22.9092
21.517
20.1256
18.7348
17.3446
15.955
14.5659
13.1773
11.7891
10.4013
9.01382
7.6266
6.23963
4.85285
3.46621
2.07968
0.693221
403.537
103.844
103.258
102.747
102.208
101.634
101.019
100.359
99.6475
98.8777
98.0435
97.1381
96.1546
95.0855
93.923
92.6588
91.1966
89.5991
88.0156
86.445
84.8863
83.3386
81.8013
80.2735
78.7546
77.244
75.7412
74.2457
72.757
71.2746
69.7982
68.3274
66.8619
65.4013
63.9453
62.4937
61.0462
59.6025
58.1625
56.7259
55.2926
53.8623
52.435
51.0103
49.5882
48.1686
46.7513
45.3361
43.923
42.5118
41.1025
39.6949
38.2889
36.8845
35.4816
34.0801
32.6799
31.2809
29.8831
28.4864
27.0907
25.696
24.3022
22.9092
21.517
20.1256
18.7348
17.3446
15.955
14.5659
13.1773
11.7891
10.4013
9.01382
7.6266
6.23963
4.85285
3.46621
2.07968
0.693221
)
;
    }
    frontAndBack
    {
        type            empty;
    }
}


// ************************************************************************* //
