/*--------------------------------*- C++ -*----------------------------------*\
  =========                 |
  \\      /  F ield         | OpenFOAM: The Open Source CFD Toolbox
   \\    /   O peration     | Website:  https://openfoam.org
    \\  /    A nd           | Version:  10
     \\/     M anipulation  |
\*---------------------------------------------------------------------------*/
FoamFile
{
    format      ascii;
    class       surfaceScalarField;
    location    "8000";
    object      phi;
}
// * * * * * * * * * * * * * * * * * * * * * * * * * * * * * * * * * * * * * //

dimensions      [0 3 -1 0 0 0 0];

internalField   nonuniform List<scalar> 
6280
(
-1.30433e-07
1.30433e-07
-2.59133e-07
1.28701e-07
-3.86658e-07
1.27525e-07
-5.13524e-07
1.26865e-07
-6.40215e-07
1.26691e-07
-7.67194e-07
1.2698e-07
-8.94909e-07
1.27715e-07
-1.0238e-06
1.28888e-07
-1.15429e-06
1.30493e-07
-1.28682e-06
1.32531e-07
-1.42183e-06
1.35007e-07
-1.55976e-06
1.3793e-07
-1.70107e-06
1.41315e-07
-1.84625e-06
1.45181e-07
-1.99581e-06
1.49551e-07
-2.15026e-06
1.54456e-07
-2.3102e-06
1.59935e-07
-2.47623e-06
1.66037e-07
-2.64906e-06
1.72828e-07
-2.82946e-06
1.80396e-07
-3.01832e-06
1.88863e-07
-3.21673e-06
1.98406e-07
-3.42601e-06
2.09284e-07
-3.6479e-06
2.21888e-07
-3.88471e-06
2.36815e-07
-4.1397e-06
2.54987e-07
-4.41755e-06
2.77845e-07
-4.7252e-06
3.07655e-07
-5.0732e-06
3.47994e-07
-5.47773e-06
4.04534e-07
-5.96403e-06
4.86303e-07
-6.57174e-06
6.07705e-07
-7.36353e-06
7.91788e-07
-8.43906e-06
1.07553e-06
-9.95747e-06
1.51841e-06
-1.21738e-05
2.21629e-06
-1.54977e-05
3.32395e-06
-1.83418e-05
2.84412e-06
-1.86083e-05
2.66502e-07
1.20719e-07
-1.8729e-05
-1.29221e-07
2.59653e-07
-2.56711e-07
2.56191e-07
-3.83009e-07
2.53823e-07
-5.08613e-07
2.52469e-07
-6.33992e-07
2.52069e-07
-7.5959e-07
2.52578e-07
-8.85837e-07
2.53962e-07
-1.01315e-06
2.56202e-07
-1.14195e-06
2.59287e-07
-1.27263e-06
2.63217e-07
-1.40562e-06
2.67999e-07
-1.54134e-06
2.7365e-07
-1.68022e-06
2.80193e-07
-1.8227e-06
2.8766e-07
-1.96924e-06
2.96093e-07
-2.12033e-06
3.05541e-07
-2.27646e-06
3.16064e-07
-2.43815e-06
3.27734e-07
-2.60596e-06
3.40638e-07
-2.78045e-06
3.54885e-07
-2.9622e-06
3.70611e-07
-3.15178e-06
3.87987e-07
-3.34974e-06
4.07241e-07
-3.55652e-06
4.28673e-07
-3.7724e-06
4.52687e-07
-3.99724e-06
4.79831e-07
-4.23024e-06
5.10845e-07
-4.4693e-06
5.46714e-07
-4.71003e-06
5.88723e-07
-4.94396e-06
6.38462e-07
-5.15539e-06
6.97742e-07
-5.31594e-06
7.68252e-07
-5.37487e-06
8.50714e-07
-5.24233e-06
9.42994e-07
-4.76013e-06
1.03622e-06
-3.65096e-06
1.10712e-06
-1.43055e-06
1.10354e-06
4.9609e-07
9.17478e-07
1.44665e-07
6.17927e-07
4.08099e-07
-1.42716e-07
-1.26839e-07
3.86492e-07
-2.51951e-07
3.81304e-07
-3.7584e-07
3.77711e-07
-4.98968e-07
3.75598e-07
-6.21772e-07
3.74873e-07
-7.44664e-07
3.75469e-07
-8.68038e-07
3.77336e-07
-9.92278e-07
3.80442e-07
-1.11776e-06
3.84768e-07
-1.24485e-06
3.9031e-07
-1.37393e-06
3.97075e-07
-1.50536e-06
4.0508e-07
-1.63952e-06
4.14355e-07
-1.7768e-06
4.24938e-07
-1.91758e-06
4.36876e-07
-2.06227e-06
4.50226e-07
-2.21125e-06
4.65052e-07
-2.36495e-06
4.81426e-07
-2.52373e-06
4.99423e-07
-2.68797e-06
5.19123e-07
-2.85796e-06
5.40603e-07
-3.0339e-06
5.6393e-07
-3.21581e-06
5.89147e-07
-3.40339e-06
6.16251e-07
-3.59586e-06
6.45158e-07
-3.79167e-06
6.75643e-07
-3.98808e-06
7.07248e-07
-4.18051e-06
7.39144e-07
-4.3617e-06
7.69914e-07
-4.52048e-06
7.97242e-07
-4.64022e-06
8.17484e-07
-4.69706e-06
8.25093e-07
-4.6583e-06
8.11956e-07
-4.48207e-06
7.6676e-07
-4.12066e-06
6.74804e-07
-3.53263e-06
5.19094e-07
-2.71367e-06
2.84575e-07
-1.76523e-06
-3.09563e-08
-7.54844e-07
-3.92464e-07
-6.68378e-07
3.21634e-07
-1.23368e-07
5.0986e-07
-2.45017e-07
5.02953e-07
-3.65398e-07
4.98093e-07
-4.84928e-07
4.95128e-07
-6.03995e-07
4.9394e-07
-7.22964e-07
4.94438e-07
-8.42182e-07
4.96555e-07
-9.61984e-07
5.00244e-07
-1.08269e-06
5.05476e-07
-1.20462e-06
5.1224e-07
-1.32809e-06
5.20538e-07
-1.45339e-06
5.30385e-07
-1.58084e-06
5.41809e-07
-1.71076e-06
5.5485e-07
-1.84343e-06
5.69554e-07
-1.97919e-06
5.85981e-07
-2.11833e-06
6.04193e-07
-2.26116e-06
6.2426e-07
-2.40799e-06
6.46248e-07
-2.55909e-06
6.70222e-07
-2.71472e-06
6.9623e-07
-2.87508e-06
7.24294e-07
-3.04032e-06
7.54391e-07
-3.21049e-06
7.86419e-07
-3.38549e-06
8.20158e-07
-3.56505e-06
8.55206e-07
-3.74868e-06
8.90878e-07
-3.93561e-06
9.26069e-07
-4.12474e-06
9.59042e-07
-4.3146e-06
9.8711e-07
-4.50327e-06
1.00615e-06
-4.68805e-06
1.00987e-06
-4.86467e-06
9.8857e-07
-5.02509e-06
9.27183e-07
-5.15221e-06
8.01925e-07
-5.20761e-06
5.74497e-07
-5.10494e-06
1.81904e-07
-4.65426e-06
-4.81636e-07
-3.4497e-06
-1.59703e-06
-4.24005e-06
1.2197e-07
-1.18923e-07
6.28783e-07
-2.3614e-07
6.2017e-07
-3.52038e-07
6.13991e-07
-4.66975e-07
6.10065e-07
-5.81281e-07
6.08246e-07
-6.95264e-07
6.08421e-07
-8.09213e-07
6.10504e-07
-9.23403e-07
6.14434e-07
-1.03809e-06
6.20167e-07
-1.15353e-06
6.27682e-07
-1.26997e-06
6.36971e-07
-1.38763e-06
6.48044e-07
-1.50674e-06
6.60921e-07
-1.62753e-06
6.75639e-07
-1.75022e-06
6.92242e-07
-1.87502e-06
7.10787e-07
-2.00217e-06
7.31339e-07
-2.13188e-06
7.53971e-07
-2.26439e-06
7.78759e-07
-2.39995e-06
8.05786e-07
-2.53886e-06
8.35133e-07
-2.68144e-06
8.6688e-07
-2.82815e-06
9.01101e-07
-2.9796e-06
9.37866e-07
-3.13668e-06
9.77241e-07
-3.30078e-06
1.0193e-06
-3.47405e-06
1.06415e-06
-3.65998e-06
1.112e-06
-3.86419e-06
1.16325e-06
-4.09584e-06
1.21876e-06
-4.36987e-06
1.28018e-06
-4.7107e-06
1.3507e-06
-5.15841e-06
1.43629e-06
-5.77907e-06
1.54784e-06
-6.68211e-06
1.70497e-06
-8.05014e-06
1.94253e-06
-1.01901e-05
2.32189e-06
-1.36221e-05
2.95033e-06
-1.91614e-05
3.94232e-06
-2.46022e-05
1.20075e-06
-1.13648e-07
7.42431e-07
-2.25606e-07
7.32129e-07
-3.36194e-07
7.24579e-07
-4.45701e-07
7.19571e-07
-5.54392e-07
7.16937e-07
-6.62512e-07
7.16541e-07
-7.70285e-07
7.18278e-07
-8.7792e-07
7.22068e-07
-9.85607e-07
7.27854e-07
-1.09352e-06
7.35599e-07
-1.20184e-06
7.45283e-07
-1.3107e-06
7.56902e-07
-1.42024e-06
7.70468e-07
-1.53061e-06
7.86005e-07
-1.64192e-06
8.03551e-07
-1.75429e-06
8.23156e-07
-1.86783e-06
8.44882e-07
-1.98266e-06
8.68803e-07
-2.09891e-06
8.95007e-07
-2.21672e-06
9.23595e-07
-2.33627e-06
9.54687e-07
-2.45782e-06
9.88427e-07
-2.58171e-06
1.02499e-06
-2.70843e-06
1.0646e-06
-2.83873e-06
1.10754e-06
-2.97363e-06
1.15421e-06
-3.11463e-06
1.20515e-06
-3.26377e-06
1.26114e-06
-3.42378e-06
1.32327e-06
-3.59813e-06
1.3931e-06
-3.79078e-06
1.47283e-06
-4.00554e-06
1.56546e-06
-4.24421e-06
1.67496e-06
-4.50268e-06
1.8063e-06
-4.76276e-06
1.96505e-06
-4.97643e-06
2.1562e-06
-5.0356e-06
2.38106e-06
-4.71611e-06
2.63084e-06
-3.31168e-06
2.53789e-06
-2.90827e-05
1.16877e-06
-1.07701e-07
8.50132e-07
-2.13739e-07
8.38166e-07
-3.18356e-07
8.29196e-07
-4.21772e-07
8.22988e-07
-5.24186e-07
8.1935e-07
-6.25773e-07
8.18128e-07
-7.26693e-07
8.19197e-07
-8.27084e-07
8.22459e-07
-9.27066e-07
8.27837e-07
-1.02674e-06
8.35277e-07
-1.1262e-06
8.44743e-07
-1.22551e-06
8.56212e-07
-1.32473e-06
8.6968e-07
-1.42387e-06
8.85154e-07
-1.52298e-06
9.02655e-07
-1.62204e-06
9.22218e-07
-1.72105e-06
9.43888e-07
-1.81997e-06
9.67726e-07
-1.91877e-06
9.93808e-07
-2.0174e-06
1.02223e-06
-2.11581e-06
1.0531e-06
-2.21394e-06
1.08656e-06
-2.31174e-06
1.12278e-06
-2.40913e-06
1.16199e-06
-2.50606e-06
1.20446e-06
-2.60238e-06
1.25053e-06
-2.69787e-06
1.30064e-06
-2.79206e-06
1.35532e-06
-2.88401e-06
1.41523e-06
-2.97203e-06
1.48112e-06
-3.05304e-06
1.55384e-06
-3.1218e-06
1.63422e-06
-3.16974e-06
1.7229e-06
-3.18352e-06
1.82008e-06
-3.14353e-06
1.92506e-06
-3.02293e-06
2.0356e-06
-2.78911e-06
2.14725e-06
-2.41099e-06
2.25271e-06
-1.64776e-06
1.77465e-06
-3.12685e-05
5.38089e-07
-1.01253e-07
9.51385e-07
-2.00878e-07
9.37791e-07
-2.99041e-07
9.27359e-07
-3.95893e-07
9.1984e-07
-4.91564e-07
9.15021e-07
-5.86166e-07
9.1273e-07
-6.7979e-07
9.12822e-07
-7.7251e-07
9.15179e-07
-8.64379e-07
9.19706e-07
-9.5543e-07
9.26328e-07
-1.04567e-06
9.34987e-07
-1.1351e-06
9.4564e-07
-1.22368e-06
9.58259e-07
-1.31135e-06
9.72827e-07
-1.39804e-06
9.89341e-07
-1.48363e-06
1.00781e-06
-1.56798e-06
1.02824e-06
-1.65092e-06
1.05067e-06
-1.73225e-06
1.07514e-06
-1.81171e-06
1.10169e-06
-1.88901e-06
1.13039e-06
-1.96377e-06
1.16132e-06
-2.03556e-06
1.19457e-06
-2.10381e-06
1.23024e-06
-2.16781e-06
1.26846e-06
-2.22665e-06
1.30936e-06
-2.27909e-06
1.35308e-06
-2.3235e-06
1.39973e-06
-2.35769e-06
1.44941e-06
-2.37871e-06
1.50214e-06
-2.38265e-06
1.55779e-06
-2.36446e-06
1.61602e-06
-2.31777e-06
1.67621e-06
-2.23495e-06
1.73726e-06
-2.10744e-06
1.79756e-06
-1.92668e-06
1.85484e-06
-1.68562e-06
1.90619e-06
-1.38113e-06
1.94821e-06
-9.44234e-07
1.33776e-06
-3.2568e-05
3.55225e-07
-9.44746e-08
1.04586e-06
-1.87364e-07
1.03068e-06
-2.78766e-07
1.01876e-06
-3.68763e-07
1.00984e-06
-4.57422e-07
1.00368e-06
-5.44794e-07
1.0001e-06
-6.30911e-07
9.98939e-07
-7.15787e-07
1.00005e-06
-7.99414e-07
1.00333e-06
-8.81762e-07
1.00868e-06
-9.6278e-07
1.016e-06
-1.04239e-06
1.02525e-06
-1.12049e-06
1.03636e-06
-1.19694e-06
1.04928e-06
-1.27159e-06
1.06399e-06
-1.34422e-06
1.08044e-06
-1.41462e-06
1.09863e-06
-1.48248e-06
1.11854e-06
-1.54749e-06
1.14015e-06
-1.60925e-06
1.16345e-06
-1.66731e-06
1.18845e-06
-1.72111e-06
1.21513e-06
-1.77002e-06
1.24348e-06
-1.81326e-06
1.27348e-06
-1.8499e-06
1.3051e-06
-1.87881e-06
1.33827e-06
-1.89864e-06
1.37291e-06
-1.90775e-06
1.40885e-06
-1.9042e-06
1.44586e-06
-1.88568e-06
1.48363e-06
-1.84957e-06
1.52167e-06
-1.79293e-06
1.55938e-06
-1.71267e-06
1.59594e-06
-1.60573e-06
1.63033e-06
-1.4695e-06
1.66132e-06
-1.30218e-06
1.68752e-06
-1.10341e-06
1.70742e-06
-8.74732e-07
1.71954e-06
-6.09589e-07
1.07262e-06
-3.35134e-05
3.35835e-07
-8.7526e-08
1.13339e-06
-1.73521e-07
1.11668e-06
-2.58019e-07
1.10326e-06
-3.41041e-07
1.09286e-06
-4.22601e-07
1.08524e-06
-5.02695e-07
1.0802e-06
-5.81303e-07
1.07755e-06
-6.58388e-07
1.07714e-06
-7.33894e-07
1.07884e-06
-8.07741e-07
1.08252e-06
-8.79827e-07
1.08809e-06
-9.50024e-07
1.09545e-06
-1.01818e-06
1.10451e-06
-1.0841e-06
1.1152e-06
-1.14757e-06
1.12746e-06
-1.20834e-06
1.14121e-06
-1.26612e-06
1.1564e-06
-1.32055e-06
1.17297e-06
-1.37127e-06
1.19086e-06
-1.41781e-06
1.21e-06
-1.45968e-06
1.23032e-06
-1.49629e-06
1.25174e-06
-1.527e-06
1.27418e-06
-1.55103e-06
1.29752e-06
-1.56756e-06
1.32163e-06
-1.57562e-06
1.34633e-06
-1.57414e-06
1.37143e-06
-1.56194e-06
1.39665e-06
-1.53777e-06
1.42169e-06
-1.50029e-06
1.44614e-06
-1.44817e-06
1.46955e-06
-1.38014e-06
1.49136e-06
-1.29514e-06
1.51094e-06
-1.19241e-06
1.5276e-06
-1.07168e-06
1.54059e-06
-9.3333e-07
1.54917e-06
-7.78492e-07
1.55258e-06
-6.09151e-07
1.55019e-06
-4.33579e-07
8.97048e-07
-3.42929e-05
3.45937e-07
-8.05535e-08
1.21394e-06
-1.59641e-07
1.19576e-06
-2.37239e-07
1.18086e-06
-3.13322e-07
1.16894e-06
-3.87853e-07
1.15977e-06
-4.60785e-07
1.15313e-06
-5.3206e-07
1.14882e-06
-6.01599e-07
1.14668e-06
-6.6931e-07
1.14655e-06
-7.35078e-07
1.14829e-06
-7.98767e-07
1.15178e-06
-8.60217e-07
1.1569e-06
-9.19244e-07
1.16354e-06
-9.75634e-07
1.17159e-06
-1.02914e-06
1.18097e-06
-1.0795e-06
1.19157e-06
-1.12639e-06
1.20329e-06
-1.16947e-06
1.21605e-06
-1.20834e-06
1.22974e-06
-1.24259e-06
1.24425e-06
-1.27175e-06
1.25947e-06
-1.29528e-06
1.27528e-06
-1.31263e-06
1.29153e-06
-1.3232e-06
1.30809e-06
-1.32634e-06
1.32476e-06
-1.32137e-06
1.34136e-06
-1.3076e-06
1.35766e-06
-1.28434e-06
1.37339e-06
-1.25093e-06
1.38828e-06
-1.20678e-06
1.40199e-06
-1.15141e-06
1.41419e-06
-1.08453e-06
1.42447e-06
-1.00605e-06
1.43246e-06
-9.16195e-07
1.43775e-06
-8.15553e-07
1.43995e-06
-7.05104e-07
1.43872e-06
-5.86265e-07
1.43375e-06
-4.60896e-07
1.42482e-06
-3.34383e-07
7.70535e-07
-3.49846e-05
3.57299e-07
-7.36824e-08
1.28762e-06
-1.45972e-07
1.26805e-06
-2.16802e-07
1.25169e-06
-2.86105e-07
1.23824e-06
-3.53809e-07
1.22747e-06
-4.19833e-07
1.21915e-06
-4.84087e-07
1.21308e-06
-5.46469e-07
1.20906e-06
-6.06861e-07
1.20694e-06
-6.65128e-07
1.20656e-06
-7.21118e-07
1.20777e-06
-7.74657e-07
1.21044e-06
-8.25552e-07
1.21443e-06
-8.73583e-07
1.21963e-06
-9.18511e-07
1.2259e-06
-9.60066e-07
1.23312e-06
-9.97957e-07
1.24118e-06
-1.03186e-06
1.24996e-06
-1.06143e-06
1.25931e-06
-1.0863e-06
1.26911e-06
-1.10607e-06
1.27923e-06
-1.12031e-06
1.28952e-06
-1.12861e-06
1.29983e-06
-1.13051e-06
1.30999e-06
-1.12559e-06
1.31984e-06
-1.11341e-06
1.32918e-06
-1.09359e-06
1.33783e-06
-1.06578e-06
1.34559e-06
-1.02973e-06
1.35223e-06
-9.8528e-07
1.35754e-06
-9.32406e-07
1.36131e-06
-8.7125e-07
1.36332e-06
-8.02144e-07
1.36335e-06
-7.25632e-07
1.36124e-06
-6.42481e-07
1.3568e-06
-5.53686e-07
1.34992e-06
-4.60446e-07
1.34051e-06
-3.6413e-07
1.32851e-06
-2.67523e-07
6.73927e-07
-3.56286e-05
3.76431e-07
-6.70139e-08
1.35464e-06
-1.32717e-07
1.33376e-06
-1.97009e-07
1.31598e-06
-2.59791e-07
1.30103e-06
-3.20966e-07
1.28865e-06
-3.80431e-07
1.27862e-06
-4.38077e-07
1.27072e-06
-4.93787e-07
1.26477e-06
-5.47431e-07
1.26059e-06
-5.98868e-07
1.258e-06
-6.47943e-07
1.25684e-06
-6.94486e-07
1.25698e-06
-7.3831e-07
1.25825e-06
-7.79211e-07
1.26053e-06
-8.16968e-07
1.26365e-06
-8.51341e-07
1.2675e-06
-8.82075e-07
1.27192e-06
-9.08896e-07
1.27678e-06
-9.31516e-07
1.28193e-06
-9.49632e-07
1.28723e-06
-9.62933e-07
1.29253e-06
-9.71102e-07
1.29769e-06
-9.73827e-07
1.30255e-06
-9.708e-07
1.30697e-06
-9.61739e-07
1.31078e-06
-9.4639e-07
1.31383e-06
-9.24547e-07
1.31599e-06
-8.96069e-07
1.31711e-06
-8.60894e-07
1.31705e-06
-8.19061e-07
1.31571e-06
-7.70725e-07
1.31298e-06
-7.16176e-07
1.30877e-06
-6.55852e-07
1.30303e-06
-5.90344e-07
1.29573e-06
-5.20402e-07
1.28686e-06
-4.46926e-07
1.27645e-06
-3.70961e-07
1.26454e-06
-2.93673e-07
1.25122e-06
-2.14058e-07
5.94312e-07
-3.62472e-05
4.04552e-07
-6.06242e-08
1.41526e-06
-1.20026e-07
1.39316e-06
-1.78081e-07
1.37403e-06
-2.34672e-07
1.35762e-06
-2.89685e-07
1.34366e-06
-3.43003e-07
1.33194e-06
-3.9451e-07
1.32223e-06
-4.44083e-07
1.31434e-06
-4.91593e-07
1.30809e-06
-5.36902e-07
1.30331e-06
-5.79867e-07
1.29981e-06
-6.2033e-07
1.29744e-06
-6.58126e-07
1.29605e-06
-6.93078e-07
1.29548e-06
-7.25e-07
1.29558e-06
-7.53692e-07
1.29619e-06
-7.78948e-07
1.29717e-06
-8.00549e-07
1.29838e-06
-8.1827e-07
1.29965e-06
-8.31882e-07
1.30084e-06
-8.41151e-07
1.3018e-06
-8.45846e-07
1.30239e-06
-8.45742e-07
1.30245e-06
-8.40624e-07
1.30185e-06
-8.30298e-07
1.30045e-06
-8.14599e-07
1.29813e-06
-7.93397e-07
1.29479e-06
-7.66614e-07
1.29032e-06
-7.34232e-07
1.28467e-06
-6.9631e-07
1.27779e-06
-6.52995e-07
1.26966e-06
-6.04534e-07
1.26031e-06
-5.51289e-07
1.24978e-06
-4.93741e-07
1.23818e-06
-4.32498e-07
1.22562e-06
-3.68289e-07
1.21224e-06
-3.01959e-07
1.19821e-06
-2.34445e-07
1.18371e-06
-1.65657e-07
5.25524e-07
-3.68544e-05
4.41579e-07
-5.45653e-08
1.46983e-06
-1.08001e-07
1.44659e-06
-1.60169e-07
1.4262e-06
-2.1094e-07
1.40839e-06
-2.60193e-07
1.39291e-06
-3.07807e-07
1.37955e-06
-3.53665e-07
1.36809e-06
-3.97647e-07
1.35833e-06
-4.39634e-07
1.35008e-06
-4.79501e-07
1.34317e-06
-5.1712e-07
1.33743e-06
-5.52361e-07
1.33268e-06
-5.85087e-07
1.32878e-06
-6.15158e-07
1.32555e-06
-6.42427e-07
1.32284e-06
-6.66746e-07
1.32051e-06
-6.87961e-07
1.31839e-06
-7.05914e-07
1.31633e-06
-7.20447e-07
1.31418e-06
-7.31397e-07
1.31179e-06
-7.38604e-07
1.30901e-06
-7.41903e-07
1.30569e-06
-7.41137e-07
1.30168e-06
-7.36148e-07
1.29686e-06
-7.26786e-07
1.29109e-06
-7.12908e-07
1.28426e-06
-6.94386e-07
1.27627e-06
-6.71106e-07
1.26704e-06
-6.42981e-07
1.25655e-06
-6.09957e-07
1.24476e-06
-5.72026e-07
1.23173e-06
-5.2924e-07
1.21752e-06
-4.81733e-07
1.20228e-06
-4.29735e-07
1.18618e-06
-3.73602e-07
1.16948e-06
-3.13828e-07
1.15246e-06
-2.5106e-07
1.13544e-06
-1.86104e-07
1.11875e-06
-1.19765e-07
4.59185e-07
-3.74607e-05
4.86527e-07
-4.88677e-08
1.51869e-06
-9.67002e-08
1.49443e-06
-1.43354e-07
1.47286e-06
-1.88696e-07
1.45373e-06
-2.32603e-07
1.43682e-06
-2.74959e-07
1.42191e-06
-3.15649e-07
1.40878e-06
-3.54566e-07
1.39724e-06
-3.91603e-07
1.38712e-06
-4.26655e-07
1.37822e-06
-4.59618e-07
1.37039e-06
-4.90391e-07
1.36346e-06
-5.18871e-07
1.35726e-06
-5.4496e-07
1.35164e-06
-5.68557e-07
1.34644e-06
-5.89568e-07
1.34152e-06
-6.07896e-07
1.33672e-06
-6.23448e-07
1.33188e-06
-6.36133e-07
1.32687e-06
-6.45859e-07
1.32152e-06
-6.52536e-07
1.31569e-06
-6.56071e-07
1.30922e-06
-6.56365e-07
1.30198e-06
-6.53315e-07
1.29381e-06
-6.468e-07
1.28457e-06
-6.36686e-07
1.27414e-06
-6.22811e-07
1.26239e-06
-6.04987e-07
1.24922e-06
-5.8299e-07
1.23455e-06
-5.56563e-07
1.21834e-06
-5.25418e-07
1.20058e-06
-4.89249e-07
1.18135e-06
-4.47758e-07
1.16079e-06
-4.00697e-07
1.13912e-06
-3.47918e-07
1.1167e-06
-2.89441e-07
1.09399e-06
-2.25514e-07
1.07151e-06
-1.56625e-07
1.04986e-06
-8.51559e-08
3.87716e-07
-3.8075e-05
5.29137e-07
-4.35433e-08
1.56224e-06
-8.6146e-08
1.53703e-06
-1.27664e-07
1.51437e-06
-1.67968e-07
1.49404e-06
-2.06937e-07
1.47579e-06
-2.4446e-07
1.45943e-06
-2.80435e-07
1.44475e-06
-3.14767e-07
1.43158e-06
-3.47366e-07
1.41972e-06
-3.78148e-07
1.40901e-06
-4.07037e-07
1.39928e-06
-4.33962e-07
1.39038e-06
-4.58858e-07
1.38215e-06
-4.81667e-07
1.37445e-06
-5.02339e-07
1.36711e-06
-5.20831e-07
1.36001e-06
-5.37109e-07
1.353e-06
-5.51147e-07
1.34592e-06
-5.62926e-07
1.33864e-06
-5.72432e-07
1.33102e-06
-5.79657e-07
1.32291e-06
-5.84595e-07
1.31416e-06
-5.87233e-07
1.30462e-06
-5.87546e-07
1.29412e-06
-5.85489e-07
1.28252e-06
-5.80976e-07
1.26963e-06
-5.73872e-07
1.25529e-06
-5.63959e-07
1.23931e-06
-5.50918e-07
1.22151e-06
-5.34297e-07
1.20172e-06
-5.13481e-07
1.17977e-06
-4.87671e-07
1.15554e-06
-4.55882e-07
1.129e-06
-4.16976e-07
1.10022e-06
-3.69764e-07
1.06949e-06
-3.13219e-07
1.03744e-06
-2.46846e-07
1.00514e-06
-1.71289e-07
9.74305e-07
-9.00171e-08
3.06444e-07
-3.8694e-05
5.29029e-07
-3.85904e-08
1.60083e-06
-7.63328e-08
1.57477e-06
-1.13087e-07
1.55113e-06
-1.48729e-07
1.52968e-06
-1.83144e-07
1.51021e-06
-2.16231e-07
1.49252e-06
-2.47899e-07
1.47642e-06
-2.78067e-07
1.46174e-06
-3.06663e-07
1.44831e-06
-3.33626e-07
1.43597e-06
-3.58904e-07
1.42456e-06
-3.82456e-07
1.41393e-06
-4.04252e-07
1.40395e-06
-4.24273e-07
1.39447e-06
-4.42515e-07
1.38536e-06
-4.58988e-07
1.37648e-06
-4.73714e-07
1.36772e-06
-4.86734e-07
1.35894e-06
-4.98104e-07
1.35001e-06
-5.07897e-07
1.34082e-06
-5.16201e-07
1.33122e-06
-5.23119e-07
1.32108e-06
-5.28765e-07
1.31026e-06
-5.33254e-07
1.29861e-06
-5.36697e-07
1.28596e-06
-5.39186e-07
1.27212e-06
-5.40764e-07
1.25686e-06
-5.41398e-07
1.23994e-06
-5.40924e-07
1.22104e-06
-5.38979e-07
1.19977e-06
-5.34896e-07
1.17568e-06
-5.27573e-07
1.14822e-06
-5.1529e-07
1.11671e-06
-4.95489e-07
1.08041e-06
-4.64523e-07
1.03853e-06
-4.17437e-07
9.90355e-07
-3.47897e-07
9.35602e-07
-2.48544e-07
8.74952e-07
-9.71631e-08
1.55064e-07
-3.93264e-05
5.35182e-07
-3.39978e-08
1.63482e-06
-6.72362e-08
1.60801e-06
-9.95816e-08
1.58347e-06
-1.30915e-07
1.56101e-06
-1.61132e-07
1.54042e-06
-1.90141e-07
1.52152e-06
-2.1786e-07
1.50414e-06
-2.44224e-07
1.48811e-06
-2.69176e-07
1.47327e-06
-2.92673e-07
1.45947e-06
-3.14686e-07
1.44657e-06
-3.35198e-07
1.43444e-06
-3.54208e-07
1.42296e-06
-3.7173e-07
1.41199e-06
-3.87796e-07
1.40142e-06
-4.02459e-07
1.39115e-06
-4.1579e-07
1.38105e-06
-4.27888e-07
1.37104e-06
-4.38873e-07
1.361e-06
-4.489e-07
1.35084e-06
-4.5815e-07
1.34047e-06
-4.66845e-07
1.32977e-06
-4.75244e-07
1.31866e-06
-4.83647e-07
1.30701e-06
-4.92404e-07
1.29472e-06
-5.01908e-07
1.28162e-06
-5.12603e-07
1.26756e-06
-5.24969e-07
1.25231e-06
-5.39508e-07
1.23558e-06
-5.56699e-07
1.21696e-06
-5.76918e-07
1.1959e-06
-6.00283e-07
1.17159e-06
-6.2637e-07
1.1428e-06
-6.53697e-07
1.10774e-06
-6.78814e-07
1.06364e-06
-6.94698e-07
1.00624e-06
-6.87957e-07
9.28862e-07
-6.33985e-07
8.2098e-07
-9.97726e-08
-3.79149e-07
-3.99763e-05
5.50104e-07
-2.9749e-08
1.66457e-06
-5.88219e-08
1.63708e-06
-8.7092e-08
1.61174e-06
-1.14448e-07
1.58837e-06
-1.40791e-07
1.56677e-06
-1.6604e-07
1.54677e-06
-1.90122e-07
1.52822e-06
-2.12983e-07
1.51097e-06
-2.34578e-07
1.49486e-06
-2.54878e-07
1.47977e-06
-2.7387e-07
1.46556e-06
-2.91554e-07
1.45213e-06
-3.07947e-07
1.43935e-06
-3.23086e-07
1.42713e-06
-3.37026e-07
1.41536e-06
-3.49846e-07
1.40397e-06
-3.61648e-07
1.39285e-06
-3.72563e-07
1.38195e-06
-3.82754e-07
1.37119e-06
-3.92422e-07
1.36051e-06
-4.01812e-07
1.34986e-06
-4.1122e-07
1.33918e-06
-4.21007e-07
1.32845e-06
-4.31612e-07
1.31762e-06
-4.43573e-07
1.30668e-06
-4.57559e-07
1.29561e-06
-4.74405e-07
1.28441e-06
-4.95173e-07
1.27308e-06
-5.21239e-07
1.26164e-06
-5.54416e-07
1.25014e-06
-5.97147e-07
1.23863e-06
-6.52794e-07
1.22723e-06
-7.26094e-07
1.2161e-06
-8.23868e-07
1.20552e-06
-9.56154e-07
1.19593e-06
-1.13803e-06
1.18811e-06
-1.39254e-06
1.18338e-06
-1.75537e-06
1.18381e-06
-8.32517e-08
-2.05127e-06
-4.0642e-05
5.82483e-07
-2.58259e-08
1.6904e-06
-5.10528e-08
1.66231e-06
-7.55602e-08
1.63625e-06
-9.92428e-08
1.61205e-06
-1.22009e-07
1.58953e-06
-1.43783e-07
1.56855e-06
-1.645e-07
1.54894e-06
-1.84111e-07
1.53058e-06
-2.02582e-07
1.51333e-06
-2.19889e-07
1.49708e-06
-2.36029e-07
1.4817e-06
-2.51008e-07
1.46711e-06
-2.64854e-07
1.4532e-06
-2.7761e-07
1.43988e-06
-2.89339e-07
1.42709e-06
-3.00124e-07
1.41475e-06
-3.10073e-07
1.4028e-06
-3.19321e-07
1.3912e-06
-3.2803e-07
1.3799e-06
-3.36401e-07
1.36888e-06
-3.44673e-07
1.35813e-06
-3.53134e-07
1.34764e-06
-3.62132e-07
1.33744e-06
-3.72086e-07
1.32757e-06
-3.83509e-07
1.3181e-06
-3.97031e-07
1.30913e-06
-4.13434e-07
1.30081e-06
-4.33704e-07
1.29335e-06
-4.59101e-07
1.28704e-06
-4.9126e-07
1.2823e-06
-5.32329e-07
1.2797e-06
-5.8518e-07
1.28008e-06
-6.53703e-07
1.28462e-06
-7.43224e-07
1.29504e-06
-8.6112e-07
1.31383e-06
-1.01768e-06
1.34467e-06
-1.22731e-06
1.39301e-06
-1.50947e-06
1.46597e-06
-7.69868e-08
-3.48375e-06
-4.13234e-05
6.04443e-07
-2.22113e-08
1.71261e-06
-4.3894e-08
1.68399e-06
-6.49327e-08
1.65729e-06
-8.52267e-08
1.63234e-06
-1.04689e-07
1.60899e-06
-1.23247e-07
1.5871e-06
-1.40841e-07
1.56653e-06
-1.57426e-07
1.54716e-06
-1.72968e-07
1.52887e-06
-1.87448e-07
1.51156e-06
-2.00862e-07
1.49512e-06
-2.13217e-07
1.47946e-06
-2.24539e-07
1.46452e-06
-2.34863e-07
1.45021e-06
-2.44247e-07
1.43648e-06
-2.52759e-07
1.42326e-06
-2.6049e-07
1.41053e-06
-2.67547e-07
1.39826e-06
-2.7406e-07
1.38641e-06
-2.80177e-07
1.375e-06
-2.86074e-07
1.36403e-06
-2.91951e-07
1.35352e-06
-2.98035e-07
1.34353e-06
-3.04585e-07
1.33412e-06
-3.11886e-07
1.3254e-06
-3.20254e-07
1.3175e-06
-3.3003e-07
1.31058e-06
-3.41564e-07
1.30488e-06
-3.55194e-07
1.30067e-06
-3.71196e-07
1.2983e-06
-3.89699e-07
1.29821e-06
-4.10534e-07
1.30092e-06
-4.32969e-07
1.30706e-06
-4.5526e-07
1.31733e-06
-4.73897e-07
1.33246e-06
-4.8234e-07
1.35311e-06
-4.68933e-07
1.37961e-06
-4.11723e-07
1.40876e-06
-1.47469e-07
-3.74801e-06
-4.2037e-05
5.66053e-07
-1.88908e-08
1.7315e-06
-3.73166e-08
1.70242e-06
-5.51657e-08
1.67514e-06
-7.23401e-08
1.64952e-06
-8.87557e-08
1.62541e-06
-1.04341e-07
1.60269e-06
-1.19038e-07
1.58123e-06
-1.32801e-07
1.56093e-06
-1.45596e-07
1.54167e-06
-1.57401e-07
1.52336e-06
-1.68206e-07
1.50592e-06
-1.78014e-07
1.48927e-06
-1.86837e-07
1.47334e-06
-1.947e-07
1.45807e-06
-2.0164e-07
1.44341e-06
-2.07701e-07
1.42933e-06
-2.1294e-07
1.41577e-06
-2.17424e-07
1.40274e-06
-2.21226e-07
1.39022e-06
-2.24426e-07
1.3782e-06
-2.2711e-07
1.36671e-06
-2.29362e-07
1.35577e-06
-2.31261e-07
1.34543e-06
-2.32876e-07
1.33574e-06
-2.34248e-07
1.32677e-06
-2.3538e-07
1.31863e-06
-2.36208e-07
1.31141e-06
-2.36568e-07
1.30524e-06
-2.36149e-07
1.30025e-06
-2.34419e-07
1.29657e-06
-2.30534e-07
1.29432e-06
-2.2321e-07
1.29359e-06
-2.10554e-07
1.2944e-06
-1.89871e-07
1.29664e-06
-1.57433e-07
1.30002e-06
-1.08281e-07
1.30396e-06
-3.61412e-08
1.30747e-06
6.67906e-08
1.30582e-06
-2.03976e-07
-3.47724e-06
-4.27755e-05
5.34596e-07
-1.58534e-08
1.74735e-06
-3.1299e-08
1.71786e-06
-4.62269e-08
1.69007e-06
-6.0541e-08
1.66383e-06
-7.41577e-08
1.63903e-06
-8.70057e-08
1.61554e-06
-9.90257e-08
1.59325e-06
-1.10169e-07
1.57207e-06
-1.20399e-07
1.5519e-06
-1.29688e-07
1.53265e-06
-1.38018e-07
1.51425e-06
-1.45381e-07
1.49663e-06
-1.51775e-07
1.47974e-06
-1.57209e-07
1.46351e-06
-1.61695e-07
1.4479e-06
-1.65251e-07
1.43288e-06
-1.679e-07
1.41842e-06
-1.69663e-07
1.4045e-06
-1.70562e-07
1.39112e-06
-1.70613e-07
1.37825e-06
-1.69823e-07
1.36592e-06
-1.68184e-07
1.35413e-06
-1.65665e-07
1.34291e-06
-1.62205e-07
1.33228e-06
-1.57699e-07
1.32227e-06
-1.51985e-07
1.31292e-06
-1.44828e-07
1.30425e-06
-1.35897e-07
1.29631e-06
-1.24741e-07
1.28909e-06
-1.10764e-07
1.28259e-06
-9.31988e-08
1.27676e-06
-7.10845e-08
1.27148e-06
-4.32584e-08
1.26658e-06
-8.37149e-09
1.26176e-06
3.50537e-08
1.2566e-06
8.84984e-08
1.25051e-06
1.53229e-07
1.24274e-06
2.29861e-07
1.22919e-06
-2.30464e-07
-3.01691e-06
-4.35293e-05
5.2327e-07
-1.30915e-08
1.76045e-06
-2.58261e-08
1.7306e-06
-3.80952e-08
1.70234e-06
-4.98029e-08
1.67554e-06
-6.08652e-08
1.65009e-06
-7.12098e-08
1.62588e-06
-8.07749e-08
1.60282e-06
-8.95087e-08
1.5808e-06
-9.73686e-08
1.55976e-06
-1.04321e-07
1.5396e-06
-1.10338e-07
1.52027e-06
-1.15402e-07
1.5017e-06
-1.19497e-07
1.48383e-06
-1.22614e-07
1.46662e-06
-1.24747e-07
1.45003e-06
-1.25888e-07
1.43402e-06
-1.26032e-07
1.41857e-06
-1.25167e-07
1.40364e-06
-1.23278e-07
1.38923e-06
-1.20336e-07
1.37531e-06
-1.16301e-07
1.36188e-06
-1.11112e-07
1.34894e-06
-1.04685e-07
1.33648e-06
-9.69035e-08
1.3245e-06
-8.76171e-08
1.31298e-06
-7.66315e-08
1.30193e-06
-6.37056e-08
1.29133e-06
-4.85478e-08
1.28115e-06
-3.08178e-08
1.27136e-06
-1.01342e-08
1.26191e-06
1.39083e-08
1.25271e-06
4.17059e-08
1.24368e-06
7.35947e-08
1.23469e-06
1.09772e-07
1.22558e-06
1.50189e-07
1.21618e-06
1.94405e-07
1.2063e-06
2.41408e-07
1.19573e-06
2.89335e-07
1.18127e-06
-2.46891e-07
-2.48069e-06
-4.42834e-05
5.07231e-07
-1.06e-08
1.77105e-06
-2.08887e-08
1.74089e-06
-3.07576e-08
1.7122e-06
-4.01109e-08
1.68489e-06
-4.88638e-08
1.65884e-06
-5.6942e-08
1.63396e-06
-6.42813e-08
1.61016e-06
-7.08258e-08
1.58735e-06
-7.65282e-08
1.56546e-06
-8.13478e-08
1.54442e-06
-8.52503e-08
1.52417e-06
-8.82067e-08
1.50465e-06
-9.01914e-08
1.48582e-06
-9.1182e-08
1.46761e-06
-9.11567e-08
1.45001e-06
-9.00935e-08
1.43296e-06
-8.79675e-08
1.41644e-06
-8.47493e-08
1.40042e-06
-8.0402e-08
1.38488e-06
-7.4879e-08
1.36979e-06
-6.81202e-08
1.35513e-06
-6.00497e-08
1.34087e-06
-5.0572e-08
1.327e-06
-3.95693e-08
1.31349e-06
-2.68992e-08
1.30031e-06
-1.23932e-08
1.28742e-06
4.14247e-09
1.27479e-06
2.29233e-08
1.26237e-06
4.41789e-08
1.25011e-06
6.81398e-08
1.23795e-06
9.50157e-08
1.22584e-06
1.24964e-07
1.21373e-06
1.58045e-07
1.20161e-06
1.9416e-07
1.18946e-06
2.32974e-07
1.17737e-06
2.73805e-07
1.16547e-06
3.15501e-07
1.15404e-06
3.56139e-07
1.14063e-06
-2.37791e-07
-1.88676e-06
-4.49888e-05
4.67661e-07
-8.37558e-09
1.77942e-06
-1.64803e-08
1.74899e-06
-2.42062e-08
1.71993e-06
-3.1457e-08
1.69214e-06
-3.81472e-08
1.66553e-06
-4.4201e-08
1.64001e-06
-4.95516e-08
1.61551e-06
-5.41399e-08
1.59194e-06
-5.79143e-08
1.56923e-06
-6.08292e-08
1.54734e-06
-6.28442e-08
1.52619e-06
-6.39232e-08
1.50573e-06
-6.40334e-08
1.48593e-06
-6.3144e-08
1.46672e-06
-6.12253e-08
1.44809e-06
-5.82468e-08
1.42998e-06
-5.41764e-08
1.41237e-06
-4.89785e-08
1.39522e-06
-4.26126e-08
1.37851e-06
-3.50312e-08
1.36221e-06
-2.61784e-08
1.34627e-06
-1.59877e-08
1.33068e-06
-4.38069e-09
1.3154e-06
8.73528e-09
1.30038e-06
2.34681e-08
1.28558e-06
3.99426e-08
1.27095e-06
5.83008e-08
1.25644e-06
7.87033e-08
1.24197e-06
1.01329e-07
1.22748e-06
1.26376e-07
1.2129e-06
1.54062e-07
1.19815e-06
1.84625e-07
1.18317e-06
2.1833e-07
1.1679e-06
2.5547e-07
1.15232e-06
2.96379e-07
1.13646e-06
3.41434e-07
1.12041e-06
3.91048e-07
1.10442e-06
4.45408e-07
1.08627e-06
-1.52775e-07
-1.28858e-06
-4.54945e-05
3.52878e-07
-6.41527e-09
1.78584e-06
-1.25958e-08
1.75517e-06
-1.84343e-08
1.72577e-06
-2.38347e-08
1.69754e-06
-2.8711e-08
1.67041e-06
-3.29865e-08
1.64429e-06
-3.65925e-08
1.61911e-06
-3.94679e-08
1.59481e-06
-4.15578e-08
1.57132e-06
-4.28133e-08
1.54859e-06
-4.31899e-08
1.52656e-06
-4.26474e-08
1.50519e-06
-4.11488e-08
1.48443e-06
-3.86594e-08
1.46424e-06
-3.51464e-08
1.44458e-06
-3.05776e-08
1.42541e-06
-2.49213e-08
1.40671e-06
-1.81449e-08
1.38845e-06
-1.02149e-08
1.37058e-06
-1.09595e-09
1.35309e-06
9.24985e-09
1.33593e-06
2.08633e-08
1.31907e-06
3.37887e-08
1.30247e-06
4.8075e-08
1.28609e-06
6.37764e-08
1.26988e-06
8.09543e-08
1.25377e-06
9.96801e-08
1.23771e-06
1.20039e-07
1.22161e-06
1.42139e-07
1.20538e-06
1.6612e-07
1.18892e-06
1.92171e-07
1.1721e-06
2.20564e-07
1.15478e-06
2.51696e-07
1.13677e-06
2.86163e-07
1.11786e-06
3.24879e-07
1.09774e-06
3.69274e-07
1.07602e-06
4.21612e-07
1.05208e-06
4.85234e-07
1.02265e-06
3.56183e-08
-8.3896e-07
-4.56288e-05
1.6996e-07
-4.71565e-09
1.79055e-06
-9.2288e-09
1.75968e-06
-1.34335e-08
1.72997e-06
-1.72345e-08
1.70134e-06
-2.05464e-08
1.67372e-06
-2.3292e-08
1.64704e-06
-2.54021e-08
1.62122e-06
-2.68142e-08
1.59622e-06
-2.74719e-08
1.57198e-06
-2.73241e-08
1.54844e-06
-2.63241e-08
1.52556e-06
-2.44296e-08
1.5033e-06
-2.16017e-08
1.4816e-06
-1.78045e-08
1.46044e-06
-1.30049e-08
1.43978e-06
-7.17263e-09
1.41958e-06
-2.79645e-10
1.39982e-06
7.69927e-09
1.38047e-06
1.67864e-08
1.3615e-06
2.70004e-08
1.34287e-06
3.83558e-08
1.32457e-06
5.08617e-08
1.30656e-06
6.4521e-08
1.28881e-06
7.93288e-08
1.27128e-06
9.52719e-08
1.25393e-06
1.12327e-07
1.23672e-06
1.30463e-07
1.21957e-06
1.49636e-07
1.20244e-06
1.69797e-07
1.18522e-06
1.9089e-07
1.16783e-06
2.12854e-07
1.15014e-06
2.35624e-07
1.13201e-06
2.59122e-07
1.11327e-06
2.83234e-07
1.09375e-06
3.07756e-07
1.07322e-06
3.32276e-07
1.0515e-06
3.55959e-07
1.0284e-06
3.76896e-07
1.00171e-06
3.57243e-08
-4.97789e-07
-4.57421e-05
1.49009e-07
-3.27185e-09
1.79382e-06
-6.3699e-09
1.76278e-06
-9.19059e-09
1.73279e-06
-1.16406e-08
1.70379e-06
-1.36356e-08
1.67572e-06
-1.50996e-08
1.6485e-06
-1.59635e-08
1.62209e-06
-1.61647e-08
1.59643e-06
-1.56461e-08
1.57146e-06
-1.43557e-08
1.54715e-06
-1.2246e-08
1.52345e-06
-9.27354e-09
1.50032e-06
-5.39852e-09
1.47773e-06
-5.84807e-10
1.45562e-06
5.20019e-09
1.43399e-06
1.19853e-08
1.4128e-06
1.9795e-08
1.39201e-06
2.8649e-08
1.37161e-06
3.85608e-08
1.35158e-06
4.95364e-08
1.3319e-06
6.15725e-08
1.31254e-06
7.46535e-08
1.29348e-06
8.8749e-08
1.27472e-06
1.0381e-07
1.25622e-06
1.19764e-07
1.23798e-06
1.36511e-07
1.21997e-06
1.5392e-07
1.20217e-06
1.71819e-07
1.18454e-06
1.89997e-07
1.16704e-06
2.08197e-07
1.14963e-06
2.26114e-07
1.13222e-06
2.43404e-07
1.11472e-06
2.5968e-07
1.097e-06
2.74533e-07
1.07889e-06
2.87543e-07
1.06021e-06
2.98298e-07
1.04074e-06
3.06415e-07
1.02028e-06
3.11316e-07
9.9681e-07
3.58332e-08
-2.22307e-07
-4.5835e-05
1.28734e-07
-2.07685e-09
1.7959e-06
-4.00547e-09
1.76471e-06
-5.68589e-09
1.73448e-06
-7.02782e-09
1.70514e-06
-7.94947e-09
1.67664e-06
-8.37659e-09
1.64893e-06
-8.24154e-09
1.62195e-06
-7.48253e-09
1.59567e-06
-6.04296e-09
1.57002e-06
-3.87082e-09
1.54498e-06
-9.18287e-10
1.5205e-06
2.85868e-09
1.49655e-06
7.50051e-09
1.47308e-06
1.30442e-08
1.45008e-06
1.9523e-08
1.42751e-06
2.69663e-08
1.40535e-06
3.53992e-08
1.38358e-06
4.48412e-08
1.36217e-06
5.53054e-08
1.34112e-06
6.67964e-08
1.32041e-06
7.9308e-08
1.30002e-06
9.28203e-08
1.27997e-06
1.07295e-07
1.26024e-06
1.22671e-07
1.24085e-06
1.38855e-07
1.2218e-06
1.55716e-07
1.20311e-06
1.73072e-07
1.18481e-06
1.9068e-07
1.16693e-06
2.08217e-07
1.14951e-06
2.2527e-07
1.13257e-06
2.41323e-07
1.11617e-06
2.55749e-07
1.10029e-06
2.67828e-07
1.08492e-06
2.76781e-07
1.06994e-06
2.81864e-07
1.05513e-06
2.82508e-07
1.0401e-06
2.78551e-07
1.02424e-06
2.70169e-07
1.00519e-06
3.49526e-08
1.29092e-08
-4.5908e-05
1.07963e-07
-1.12098e-09
1.79702e-06
-2.1165e-09
1.76571e-06
-2.89156e-09
1.73525e-06
-3.36018e-09
1.7056e-06
-3.44427e-09
1.67672e-06
-3.07261e-09
1.64855e-06
-2.18002e-09
1.62106e-06
-7.06633e-10
1.59419e-06
1.40282e-09
1.56791e-06
4.1995e-09
1.54219e-06
7.73094e-09
1.51697e-06
1.20414e-08
1.49224e-06
1.71721e-08
1.46795e-06
2.31616e-08
1.44409e-06
3.00454e-08
1.42063e-06
3.78564e-08
1.39754e-06
4.66243e-08
1.37481e-06
5.63752e-08
1.35242e-06
6.71312e-08
1.33036e-06
7.89091e-08
1.30863e-06
9.17191e-08
1.28721e-06
1.05563e-07
1.26613e-06
1.2043e-07
1.24537e-06
1.36295e-07
1.22498e-06
1.53109e-07
1.20498e-06
1.70792e-07
1.18543e-06
1.89219e-07
1.16638e-06
2.08199e-07
1.14795e-06
2.27449e-07
1.13026e-06
2.4655e-07
1.11347e-06
2.64889e-07
1.09783e-06
2.81593e-07
1.08359e-06
2.9543e-07
1.07108e-06
3.04735e-07
1.06063e-06
3.07367e-07
1.0525e-06
3.00841e-07
1.04662e-06
2.82857e-07
1.04223e-06
2.52325e-07
1.03572e-06
3.23324e-08
2.32901e-07
-4.59613e-05
8.56307e-08
-3.91515e-10
1.79741e-06
-6.77888e-10
1.76599e-06
-7.7055e-10
1.73534e-06
-5.89199e-10
1.70542e-06
-6.07011e-11
1.67619e-06
8.81867e-10
1.64761e-06
2.30004e-09
1.61964e-06
4.25071e-09
1.59224e-06
6.78672e-09
1.56538e-06
9.95745e-09
1.53901e-06
1.38093e-08
1.51312e-06
1.83861e-08
1.48766e-06
2.37295e-08
1.46261e-06
2.98794e-08
1.43794e-06
3.68742e-08
1.41363e-06
4.47511e-08
1.38966e-06
5.35465e-08
1.36601e-06
6.32965e-08
1.34267e-06
7.40371e-08
1.31962e-06
8.58051e-08
1.29686e-06
9.86387e-08
1.27438e-06
1.12579e-07
1.25219e-06
1.27669e-07
1.23028e-06
1.4396e-07
1.20869e-06
1.61506e-07
1.18744e-06
1.80371e-07
1.16656e-06
2.00625e-07
1.14613e-06
2.22342e-07
1.12623e-06
2.45585e-07
1.10701e-06
2.70375e-07
1.08868e-06
2.96628e-07
1.07157e-06
3.24014e-07
1.0562e-06
3.51686e-07
1.04341e-06
3.77744e-07
1.03458e-06
3.98223e-07
1.03202e-06
4.05181e-07
1.03967e-06
3.83157e-07
1.06425e-06
3.02145e-07
1.11674e-06
1.34178e-08
5.21629e-07
5.42254e-10
5.93696e-08
1.27518e-10
1.79729e-06
3.42e-10
1.76578e-06
7.24072e-10
1.73496e-06
1.34695e-09
1.7048e-06
2.27748e-09
1.67526e-06
3.57702e-09
1.64631e-06
5.30222e-09
1.61792e-06
7.50574e-09
1.59004e-06
1.02368e-08
1.56265e-06
1.35418e-08
1.53571e-06
1.74647e-08
1.5092e-06
2.20478e-08
1.48308e-06
2.73317e-08
1.45733e-06
3.33564e-08
1.43192e-06
4.01613e-08
1.40683e-06
4.77862e-08
1.38204e-06
5.6272e-08
1.35753e-06
6.56618e-08
1.33328e-06
7.60019e-08
1.30928e-06
8.73442e-08
1.28552e-06
9.97484e-08
1.26198e-06
1.13286e-07
1.23865e-06
1.28046e-07
1.21552e-06
1.4414e-07
1.1926e-06
1.61718e-07
1.16986e-06
1.80982e-07
1.1473e-06
2.02213e-07
1.1249e-06
2.25815e-07
1.10263e-06
2.52379e-07
1.08045e-06
2.82794e-07
1.05827e-06
3.18437e-07
1.03593e-06
3.61485e-07
1.01316e-06
4.15462e-07
9.89431e-07
4.86196e-07
9.63842e-07
5.83478e-07
9.34736e-07
7.23994e-07
8.9915e-07
9.36459e-07
8.51785e-07
1.27e-06
7.83193e-07
1.11494e-06
6.76691e-07
5.86981e-07
5.28501e-07
4.55477e-10
1.79683e-06
9.81552e-10
1.76525e-06
1.64943e-09
1.73429e-06
2.52386e-09
1.70393e-06
3.66407e-09
1.67412e-06
5.12455e-09
1.64485e-06
6.95581e-09
1.61608e-06
9.20497e-09
1.58779e-06
1.19163e-08
1.55994e-06
1.51318e-08
1.53249e-06
1.88916e-08
1.50544e-06
2.32343e-08
1.47873e-06
2.81979e-08
1.45236e-06
3.38196e-08
1.4263e-06
4.01369e-08
1.40051e-06
4.71882e-08
1.37499e-06
5.5013e-08
1.3497e-06
6.36538e-08
1.32464e-06
7.31567e-08
1.29978e-06
8.35733e-08
1.2751e-06
9.49629e-08
1.25059e-06
1.07396e-07
1.22622e-06
1.20955e-07
1.20196e-06
1.35747e-07
1.17781e-06
1.51899e-07
1.15371e-06
1.69577e-07
1.12962e-06
1.88989e-07
1.10548e-06
2.104e-07
1.08122e-06
2.34139e-07
1.05671e-06
2.60608e-07
1.0318e-06
2.90271e-07
1.00627e-06
3.23601e-07
9.79825e-07
3.60953e-07
9.5208e-07
4.02252e-07
9.22543e-07
4.46347e-07
8.9064e-07
4.89695e-07
8.55802e-07
5.23789e-07
8.17691e-07
5.30254e-07
7.76729e-07
4.71753e-07
7.35192e-07
6.99372e-07
3.59362e-07
6.15038e-10
1.79622e-06
1.28582e-09
1.76458e-06
2.07273e-09
1.73351e-06
3.03076e-09
1.70297e-06
4.21024e-09
1.67294e-06
5.65762e-09
1.6434e-06
7.41601e-09
1.61433e-06
9.52576e-09
1.58568e-06
1.20249e-08
1.55744e-06
1.49495e-08
1.52957e-06
1.83343e-08
1.50205e-06
2.22128e-08
1.47486e-06
2.66175e-08
1.44796e-06
3.15809e-08
1.42133e-06
3.71351e-08
1.39496e-06
4.33125e-08
1.36881e-06
5.01461e-08
1.34287e-06
5.76704e-08
1.31712e-06
6.59209e-08
1.29153e-06
7.49355e-08
1.26609e-06
8.47546e-08
1.24077e-06
9.54214e-08
1.21555e-06
1.06982e-07
1.1904e-06
1.19486e-07
1.1653e-06
1.32982e-07
1.14021e-06
1.47518e-07
1.11508e-06
1.63135e-07
1.08987e-06
1.79853e-07
1.0645e-06
1.97653e-07
1.03891e-06
2.16448e-07
1.013e-06
2.36032e-07
9.86685e-07
2.56007e-07
9.5985e-07
2.75678e-07
9.32409e-07
2.93916e-07
9.04304e-07
3.09003e-07
8.75554e-07
3.18497e-07
8.46307e-07
3.19271e-07
8.16917e-07
3.07989e-07
7.88011e-07
2.82668e-07
7.60513e-07
7.35503e-07
2.46537e-07
6.32001e-10
1.79558e-06
1.3061e-09
1.76391e-06
2.07066e-09
1.73274e-06
2.96971e-09
1.70207e-06
4.04364e-09
1.67187e-06
5.32972e-09
1.64212e-06
6.86263e-09
1.61279e-06
8.67483e-09
1.58387e-06
1.0797e-08
1.55531e-06
1.32581e-08
1.52711e-06
1.60862e-08
1.49922e-06
1.9308e-08
1.47163e-06
2.29497e-08
1.44432e-06
2.70364e-08
1.41725e-06
3.1593e-08
1.3904e-06
3.66436e-08
1.36376e-06
4.22119e-08
1.3373e-06
4.83206e-08
1.31101e-06
5.49913e-08
1.28486e-06
6.2244e-08
1.25883e-06
7.00956e-08
1.23292e-06
7.85593e-08
1.20708e-06
8.76418e-08
1.18132e-06
9.73402e-08
1.1556e-06
1.07638e-07
1.12991e-06
1.18498e-07
1.10422e-06
1.29855e-07
1.07851e-06
1.41604e-07
1.05275e-06
1.53585e-07
1.02693e-06
1.65564e-07
1.00102e-06
1.77217e-07
9.75032e-07
1.88104e-07
9.48964e-07
1.97656e-07
9.22856e-07
2.05176e-07
8.96785e-07
2.09858e-07
8.70871e-07
2.10869e-07
8.45296e-07
2.07489e-07
8.20297e-07
1.99337e-07
7.96163e-07
1.86654e-07
7.73195e-07
7.51655e-07
1.70502e-07
5.3494e-10
1.79505e-06
1.09928e-09
1.76334e-06
1.72833e-09
1.73211e-06
2.45422e-09
1.70134e-06
3.30649e-09
1.67102e-06
4.31237e-09
1.64111e-06
5.49724e-09
1.61161e-06
6.88484e-09
1.58248e-06
8.49759e-09
1.5537e-06
1.03567e-08
1.52525e-06
1.24825e-08
1.4971e-06
1.48943e-08
1.46922e-06
1.76107e-08
1.4416e-06
2.06495e-08
1.41421e-06
2.40274e-08
1.38702e-06
2.77603e-08
1.36003e-06
3.18624e-08
1.3332e-06
3.63462e-08
1.30652e-06
4.12213e-08
1.27998e-06
4.64938e-08
1.25356e-06
5.21647e-08
1.22724e-06
5.8228e-08
1.20102e-06
6.46685e-08
1.17488e-06
7.14585e-08
1.14881e-06
7.85546e-08
1.12282e-06
8.58924e-08
1.09688e-06
9.33823e-08
1.07102e-06
1.00904e-07
1.04523e-06
1.083e-07
1.01953e-06
1.15375e-07
9.9395e-07
1.21889e-07
9.68518e-07
1.27564e-07
9.43288e-07
1.32093e-07
9.18327e-07
1.35156e-07
8.93721e-07
1.36455e-07
8.69573e-07
1.35749e-07
8.46002e-07
1.32912e-07
8.23134e-07
1.27978e-07
8.01097e-07
1.21172e-07
7.80001e-07
7.59928e-07
1.129e-07
3.54718e-10
1.79469e-06
7.2681e-10
1.76297e-06
1.13776e-09
1.7317e-06
1.60715e-09
1.70087e-06
2.15295e-09
1.67047e-06
2.79177e-09
1.64047e-06
3.53905e-09
1.61086e-06
4.40926e-09
1.58161e-06
5.41603e-09
1.55269e-06
6.57226e-09
1.52409e-06
7.89019e-09
1.49578e-06
9.38145e-09
1.46773e-06
1.10571e-08
1.43992e-06
1.29274e-08
1.41234e-06
1.50018e-08
1.38495e-06
1.7289e-08
1.35774e-06
1.97961e-08
1.33069e-06
2.25283e-08
1.30379e-06
2.54885e-08
1.27702e-06
2.86763e-08
1.25037e-06
3.20869e-08
1.22383e-06
3.57098e-08
1.1974e-06
3.95273e-08
1.17106e-06
4.35125e-08
1.14483e-06
4.76273e-08
1.1187e-06
5.18208e-08
1.09269e-06
5.60265e-08
1.06681e-06
6.01616e-08
1.0411e-06
6.41262e-08
1.01557e-06
6.78039e-08
9.90273e-07
7.1065e-08
9.65257e-07
7.37716e-08
9.40582e-07
7.57859e-08
9.16313e-07
7.69822e-08
8.92525e-07
7.72598e-08
8.69296e-07
7.65582e-08
8.46703e-07
7.48701e-08
8.24822e-07
7.22495e-08
8.03718e-07
6.88107e-08
7.8344e-07
7.64021e-07
6.47176e-08
1.239e-10
2.53547e-10
3.96154e-10
5.58295e-10
7.46006e-10
9.64863e-10
1.22005e-09
1.51644e-09
1.85858e-09
2.2508e-09
2.6972e-09
3.20163e-09
3.76774e-09
4.3989e-09
5.09815e-09
5.86814e-09
6.71096e-09
7.62797e-09
8.61957e-09
9.68487e-09
1.08213e-08
1.20242e-08
1.32861e-08
1.45965e-08
1.59409e-08
1.73005e-08
1.86517e-08
1.99658e-08
2.12096e-08
2.23456e-08
2.33339e-08
2.41338e-08
2.47072e-08
2.50213e-08
2.50528e-08
2.47907e-08
2.42391e-08
2.34177e-08
2.23605e-08
2.11128e-08
2.41126e-05
-4.28416e-05
2.40514e-05
6.11748e-08
2.38374e-05
2.1405e-07
2.04254e-05
3.41195e-06
1.55383e-05
4.88708e-06
1.22665e-05
3.27184e-06
1.00206e-05
2.24592e-06
8.43304e-06
1.58754e-06
7.27461e-06
1.15843e-06
6.40087e-06
8.73745e-07
5.71974e-06
6.8113e-07
5.17176e-06
5.47979e-07
4.71796e-06
4.53801e-07
4.33238e-06
3.85573e-07
3.99746e-06
3.34921e-07
3.70107e-06
2.96389e-07
3.4347e-06
2.66373e-07
3.19224e-06
2.42461e-07
2.96922e-06
2.23018e-07
2.76231e-06
2.06915e-07
2.56894e-06
1.93365e-07
2.38713e-06
1.81812e-07
2.21527e-06
1.71856e-07
2.05207e-06
1.63205e-07
1.89642e-06
1.55647e-07
1.7474e-06
1.4902e-07
1.60419e-06
1.43206e-07
1.46608e-06
1.38112e-07
1.33241e-06
1.3367e-07
1.20259e-06
1.29826e-07
1.07605e-06
1.26541e-07
9.5226e-07
1.23786e-07
8.30717e-07
1.21543e-07
7.10915e-07
1.19801e-07
5.92358e-07
1.18557e-07
4.74542e-07
1.17816e-07
3.56953e-07
1.1759e-07
2.39052e-07
1.17901e-07
1.20271e-07
1.18781e-07
1.20271e-07
8.2569e-07
-4.38101e-05
1.18456e-08
8.75019e-07
-1.12525e-06
1.35114e-06
5.69947e-07
1.71676e-06
3.50526e-06
1.95177e-06
4.89128e-06
1.88582e-06
5.43566e-06
1.70154e-06
5.53497e-06
1.48824e-06
5.40761e-06
1.28578e-06
5.17225e-06
1.1091e-06
4.89221e-06
9.61175e-07
4.60036e-06
8.39828e-07
4.31306e-06
7.411e-07
4.03782e-06
6.60814e-07
3.77752e-06
5.95222e-07
3.53269e-06
5.41215e-07
3.30275e-06
4.96311e-07
3.08663e-06
4.58581e-07
2.88311e-06
4.26545e-07
2.69095e-06
3.99072e-07
2.50901e-06
3.75303e-07
2.33624e-06
3.54585e-07
2.17168e-06
3.36417e-07
2.01447e-06
3.20416e-07
1.86383e-06
3.06285e-07
1.71905e-06
2.93794e-07
1.5795e-06
2.82763e-07
1.44456e-06
2.73052e-07
1.31368e-06
2.64552e-07
1.18632e-06
2.57177e-07
1.062e-06
2.50865e-07
9.40218e-07
2.45568e-07
8.20504e-07
2.41258e-07
7.02389e-07
2.37916e-07
5.85403e-07
2.35543e-07
4.69068e-07
2.3415e-07
3.52892e-07
2.33766e-07
2.3636e-07
2.34433e-07
1.18925e-07
2.36215e-07
2.39196e-07
8.61624e-07
-4.435e-05
1.09164e-06
6.45e-07
1.45746e-06
9.85327e-07
2.06096e-06
1.11326e-06
2.79398e-06
1.21875e-06
3.40828e-06
1.27152e-06
3.83556e-06
1.27426e-06
4.08374e-06
1.24006e-06
4.18677e-06
1.18276e-06
4.18235e-06
1.11352e-06
4.10329e-06
1.04023e-06
3.97522e-06
9.67902e-07
3.81691e-06
8.99406e-07
3.64156e-06
8.36165e-07
3.45811e-06
7.78673e-07
3.27244e-06
7.26884e-07
3.08829e-06
6.8046e-07
2.90793e-06
6.38939e-07
2.73265e-06
6.01821e-07
2.5631e-06
5.68623e-07
2.3995e-06
5.38906e-07
2.2418e-06
5.12283e-07
2.0898e-06
4.8842e-07
1.94318e-06
4.67033e-07
1.80159e-06
4.47882e-07
1.66461e-06
4.30769e-07
1.53185e-06
4.15527e-07
1.40288e-06
4.0202e-07
1.27729e-06
3.9014e-07
1.15467e-06
3.79797e-07
1.03461e-06
3.70926e-07
9.16701e-07
3.63478e-07
8.00535e-07
3.57424e-07
6.85701e-07
3.52751e-07
5.71779e-07
3.49465e-07
4.58339e-07
3.47591e-07
3.4493e-07
3.47174e-07
2.3108e-07
3.48283e-07
1.16285e-07
3.5101e-07
3.55481e-07
1.0711e-06
-4.52992e-05
1.79178e-06
-7.56803e-08
2.29162e-06
4.85485e-07
2.68538e-06
7.19499e-07
3.01183e-06
8.923e-07
3.27187e-06
1.01148e-06
3.46117e-06
1.08495e-06
3.57999e-06
1.12124e-06
3.63397e-06
1.12878e-06
3.63224e-06
1.11525e-06
3.58533e-06
1.08714e-06
3.50355e-06
1.04969e-06
3.39608e-06
1.00687e-06
3.27065e-06
9.61599e-07
3.1334e-06
9.15922e-07
2.98907e-06
8.71212e-07
2.84119e-06
8.2834e-07
2.69231e-06
7.8782e-07
2.54421e-06
7.4992e-07
2.3981e-06
7.1474e-07
2.25473e-06
6.82277e-07
2.11455e-06
6.52461e-07
1.97778e-06
6.25188e-07
1.84447e-06
6.0034e-07
1.71456e-06
5.77793e-07
1.5879e-06
5.57427e-07
1.46429e-06
5.39135e-07
1.34349e-06
5.22819e-07
1.22524e-06
5.08397e-07
1.10924e-06
4.95799e-07
9.95186e-07
4.84976e-07
8.82774e-07
4.7589e-07
7.71673e-07
4.68525e-07
6.61544e-07
4.6288e-07
5.52034e-07
4.58975e-07
4.42772e-07
4.56852e-07
3.3337e-07
4.56577e-07
2.2341e-07
4.58242e-07
1.12448e-07
4.61972e-07
4.6793e-07
3.16685e-06
-4.72653e-05
4.16624e-06
-1.07507e-06
3.99611e-06
6.55619e-07
3.85282e-06
8.62789e-07
3.73882e-06
1.0063e-06
3.64815e-06
1.10214e-06
3.57165e-06
1.16145e-06
3.50041e-06
1.19248e-06
3.42751e-06
1.20168e-06
3.3485e-06
1.19425e-06
3.26114e-06
1.1745e-06
3.16489e-06
1.14594e-06
3.06033e-06
1.11143e-06
2.94869e-06
1.07323e-06
2.8315e-06
1.03311e-06
2.7103e-06
9.92415e-07
2.58651e-06
9.52126e-07
2.46138e-06
9.12955e-07
2.33591e-06
8.75389e-07
2.2109e-06
8.39748e-07
2.08695e-06
8.06225e-07
1.96449e-06
7.74926e-07
1.84378e-06
7.45891e-07
1.72501e-06
7.19119e-07
1.60822e-06
6.94579e-07
1.49342e-06
6.72229e-07
1.38054e-06
6.52017e-07
1.26946e-06
6.33893e-07
1.16005e-06
6.17811e-07
1.05211e-06
6.03731e-07
9.45463e-07
5.91627e-07
8.39869e-07
5.81484e-07
7.35091e-07
5.73303e-07
6.30868e-07
5.67103e-07
5.26921e-07
5.62922e-07
4.2295e-07
5.60823e-07
3.18635e-07
5.60892e-07
2.13628e-07
5.63249e-07
1.07553e-07
5.68047e-07
5.75483e-07
3.86052e-06
-4.9957e-05
6.42448e-06
-3.63903e-06
5.47412e-06
1.60598e-06
4.78763e-06
1.54927e-06
4.28698e-06
1.50695e-06
3.91709e-06
1.47204e-06
3.63861e-06
1.43993e-06
3.42321e-06
1.40789e-06
3.25043e-06
1.37445e-06
3.10567e-06
1.33901e-06
2.97867e-06
1.30151e-06
2.86238e-06
1.26224e-06
2.75212e-06
1.22169e-06
2.64493e-06
1.18042e-06
2.53904e-06
1.13901e-06
2.43348e-06
1.09797e-06
2.32782e-06
1.05778e-06
2.22196e-06
1.01881e-06
2.11599e-06
9.81367e-07
2.01006e-06
9.45671e-07
1.9044e-06
9.11891e-07
1.79918e-06
8.80138e-07
1.69459e-06
8.50481e-07
1.59076e-06
8.22956e-07
1.48776e-06
7.97577e-07
1.38565e-06
7.74342e-07
1.28443e-06
7.53237e-07
1.18407e-06
7.3425e-07
1.08452e-06
7.17364e-07
9.85677e-07
7.02571e-07
8.87435e-07
6.89868e-07
7.89654e-07
6.79266e-07
6.9217e-07
6.70787e-07
5.94801e-07
6.64472e-07
4.97343e-07
6.6038e-07
3.99571e-07
6.58595e-07
3.01237e-07
6.59226e-07
2.02068e-07
6.62418e-07
1.01765e-07
6.6835e-07
6.77248e-07
2.10859e-06
-5.15275e-05
5.53013e-06
-7.06056e-06
4.82396e-06
2.31216e-06
4.2758e-06
2.09743e-06
3.85057e-06
1.93218e-06
3.51924e-06
1.80336e-06
3.25891e-06
1.70026e-06
3.05156e-06
1.61524e-06
2.88315e-06
1.54287e-06
2.74281e-06
1.47935e-06
2.62225e-06
1.42206e-06
2.51524e-06
1.36925e-06
2.41716e-06
1.31976e-06
2.32471e-06
1.27287e-06
2.23555e-06
1.22817e-06
2.1481e-06
1.18542e-06
2.06134e-06
1.14454e-06
1.97465e-06
1.10551e-06
1.88769e-06
1.06833e-06
1.8003e-06
1.03306e-06
1.71247e-06
9.99728e-07
1.62422e-06
9.68385e-07
1.53564e-06
9.39061e-07
1.44682e-06
9.11779e-07
1.35784e-06
8.86556e-07
1.26878e-06
8.63406e-07
1.17968e-06
8.42334e-07
1.09058e-06
8.23349e-07
1.00148e-06
8.06461e-07
9.12369e-07
7.91684e-07
8.23198e-07
7.7904e-07
7.33902e-07
7.68561e-07
6.44396e-07
7.60294e-07
5.54568e-07
7.543e-07
4.64288e-07
7.5066e-07
3.73404e-07
7.49479e-07
2.81741e-07
7.50889e-07
1.89103e-07
7.55056e-07
9.52709e-08
7.62182e-07
7.72519e-07
1.30557e-06
-5.24779e-05
2.90202e-06
-8.65701e-06
2.87196e-06
2.34222e-06
2.79474e-06
2.17464e-06
2.69873e-06
2.0282e-06
2.59827e-06
1.90381e-06
2.50087e-06
1.79767e-06
2.40977e-06
1.70633e-06
2.3258e-06
1.62684e-06
2.24841e-06
1.55674e-06
2.17642e-06
1.49405e-06
2.10844e-06
1.43724e-06
2.04308e-06
1.38511e-06
1.97917e-06
1.33678e-06
1.91572e-06
1.29162e-06
1.85197e-06
1.24917e-06
1.7874e-06
1.20912e-06
1.72165e-06
1.17125e-06
1.65452e-06
1.13546e-06
1.58594e-06
1.10164e-06
1.51589e-06
1.06977e-06
1.44444e-06
1.03983e-06
1.37169e-06
1.01182e-06
1.29773e-06
9.85734e-07
1.22269e-06
9.61595e-07
1.14668e-06
9.39418e-07
1.06979e-06
9.19222e-07
9.92112e-07
9.0103e-07
9.137e-07
8.84872e-07
8.34601e-07
8.70783e-07
7.54835e-07
8.58806e-07
6.74401e-07
8.48995e-07
5.93278e-07
8.41417e-07
5.11423e-07
8.36155e-07
4.28773e-07
8.3331e-07
3.45244e-07
8.33008e-07
2.60734e-07
8.35399e-07
1.75121e-07
8.40669e-07
8.82628e-08
8.4904e-07
8.60782e-07
9.79475e-07
-5.31215e-05
9.64153e-07
-8.64169e-06
1.24964e-06
2.05673e-06
1.44088e-06
1.9834e-06
1.56599e-06
1.90309e-06
1.64435e-06
1.82546e-06
1.68991e-06
1.75211e-06
1.71253e-06
1.68371e-06
1.71902e-06
1.62035e-06
1.71398e-06
1.56178e-06
1.70047e-06
1.50757e-06
1.68045e-06
1.45726e-06
1.65517e-06
1.41039e-06
1.62542e-06
1.36653e-06
1.5917e-06
1.32535e-06
1.55432e-06
1.28655e-06
1.51353e-06
1.24991e-06
1.46951e-06
1.21527e-06
1.42245e-06
1.18252e-06
1.37252e-06
1.15157e-06
1.3199e-06
1.12239e-06
1.26478e-06
1.09495e-06
1.20734e-06
1.06925e-06
1.14778e-06
1.0453e-06
1.08626e-06
1.02311e-06
1.02296e-06
1.00272e-06
9.58019e-07
9.84159e-07
8.91582e-07
9.67467e-07
8.23762e-07
9.52692e-07
7.54656e-07
9.3989e-07
6.84339e-07
9.29123e-07
6.12867e-07
9.20466e-07
5.40278e-07
9.14006e-07
4.66587e-07
9.09845e-07
3.91793e-07
9.08104e-07
3.15875e-07
9.08925e-07
2.38797e-07
9.12477e-07
1.60505e-07
9.18961e-07
8.0933e-08
9.28613e-07
9.41715e-07
7.96725e-07
-5.35723e-05
8.51211e-08
-7.93009e-06
3.6555e-07
1.7763e-06
5.94907e-07
1.75404e-06
7.78492e-07
1.71951e-06
9.22981e-07
1.68097e-06
1.03489e-06
1.6402e-06
1.12004e-06
1.59856e-06
1.1834e-06
1.55699e-06
1.22903e-06
1.51615e-06
1.26017e-06
1.47643e-06
1.27935e-06
1.43807e-06
1.28856e-06
1.40118e-06
1.28929e-06
1.3658e-06
1.28273e-06
1.33191e-06
1.26977e-06
1.2995e-06
1.25114e-06
1.26854e-06
1.2274e-06
1.239e-06
1.19906e-06
1.21086e-06
1.16651e-06
1.18412e-06
1.13012e-06
1.15878e-06
1.09021e-06
1.13486e-06
1.04708e-06
1.11239e-06
1.00099e-06
1.09139e-06
9.52188e-07
1.07191e-06
9.00899e-07
1.05401e-06
8.47325e-07
1.03773e-06
7.9165e-07
1.02314e-06
7.34036e-07
1.01031e-06
6.74627e-07
9.99299e-07
6.13544e-07
9.90205e-07
5.50893e-07
9.83118e-07
4.86757e-07
9.78142e-07
4.21204e-07
9.75398e-07
3.54286e-07
9.75023e-07
2.86037e-07
9.77174e-07
2.16478e-07
9.82036e-07
1.45621e-07
9.89818e-07
7.34638e-08
1.00077e-06
1.01518e-06
6.53768e-07
-5.38688e-05
-3.20311e-07
-6.95601e-06
-9.02839e-08
1.54627e-06
1.13143e-07
1.55061e-06
2.89664e-07
1.54299e-06
4.40804e-07
1.52983e-06
5.68578e-07
1.51243e-06
6.75245e-07
1.49189e-06
7.63108e-07
1.46913e-06
8.34375e-07
1.44488e-06
8.9107e-07
1.41974e-06
9.34996e-07
1.39415e-06
9.67723e-07
1.36845e-06
9.90595e-07
1.34292e-06
1.00475e-06
1.31775e-06
1.01116e-06
1.29309e-06
1.01064e-06
1.26907e-06
1.00388e-06
1.24576e-06
9.91488e-07
1.22326e-06
9.73967e-07
1.20164e-06
9.51774e-07
1.18098e-06
9.2531e-07
1.16133e-06
8.94933e-07
1.14276e-06
8.60965e-07
1.12536e-06
8.23699e-07
1.10918e-06
7.834e-07
1.09431e-06
7.40308e-07
1.08082e-06
6.94643e-07
1.06881e-06
6.466e-07
1.05835e-06
5.96358e-07
1.04954e-06
5.44075e-07
1.04249e-06
4.89891e-07
1.0373e-06
4.3393e-07
1.0341e-06
3.763e-07
1.03303e-06
3.17095e-07
1.03423e-06
2.56397e-07
1.03787e-06
1.94278e-07
1.04416e-06
1.308e-07
1.0533e-06
6.60217e-08
1.06555e-06
1.0812e-06
5.30688e-07
-5.4023e-05
-4.74237e-07
-5.95108e-06
-3.05367e-07
1.3774e-06
-1.45551e-07
1.3908e-06
1.98107e-09
1.39545e-06
1.35943e-07
1.39586e-06
2.5582e-07
1.39255e-06
3.61656e-07
1.38605e-06
4.53891e-07
1.37689e-06
5.33212e-07
1.36556e-06
6.00451e-07
1.3525e-06
6.56498e-07
1.3381e-06
7.02253e-07
1.3227e-06
7.3858e-07
1.3066e-06
7.66291e-07
1.29004e-06
7.86133e-07
1.27325e-06
7.98786e-07
1.25641e-06
8.04863e-07
1.23968e-06
8.04915e-07
1.22321e-06
7.99439e-07
1.20712e-06
7.88882e-07
1.19153e-06
7.73648e-07
1.17656e-06
7.54104e-07
1.16231e-06
7.30584e-07
1.14888e-06
7.03395e-07
1.13637e-06
6.72814e-07
1.12489e-06
6.39098e-07
1.11454e-06
6.02482e-07
1.10542e-06
5.63182e-07
1.09765e-06
5.21394e-07
1.09133e-06
4.77299e-07
1.08658e-06
4.31063e-07
1.08354e-06
3.82836e-07
1.08233e-06
3.32756e-07
1.08311e-06
2.80951e-07
1.08603e-06
2.27538e-07
1.09128e-06
1.72629e-07
1.09906e-06
1.16332e-07
1.10959e-06
5.87519e-08
1.12313e-06
1.13995e-06
4.07688e-07
-5.40262e-05
-5.53594e-07
-4.9898e-06
-4.21917e-07
1.24573e-06
-2.93644e-07
1.26252e-06
-1.71445e-07
1.27326e-06
-5.67938e-08
1.28121e-06
4.93026e-08
1.28645e-06
1.46233e-07
1.28912e-06
2.33713e-07
1.28941e-06
3.11715e-07
1.28756e-06
3.80401e-07
1.28381e-06
4.40072e-07
1.27843e-06
4.91118e-07
1.27165e-06
5.33984e-07
1.26373e-06
5.69141e-07
1.25489e-06
5.97064e-07
1.24533e-06
6.18222e-07
1.23525e-06
6.33068e-07
1.22484e-06
6.42029e-07
1.21425e-06
6.45512e-07
1.20364e-06
6.43893e-07
1.19315e-06
6.37528e-07
1.18292e-06
6.26746e-07
1.17309e-06
6.11855e-07
1.16377e-06
5.93139e-07
1.15509e-06
5.70867e-07
1.14716e-06
5.45287e-07
1.14012e-06
5.1663e-07
1.13408e-06
4.85115e-07
1.12916e-06
4.50942e-07
1.1255e-06
4.14302e-07
1.12322e-06
3.7537e-07
1.12247e-06
3.34314e-07
1.12339e-06
2.91292e-07
1.12613e-06
2.46452e-07
1.13087e-06
1.99939e-07
1.1378e-06
1.51894e-07
1.14711e-06
1.02458e-07
1.15903e-06
5.17761e-08
1.17381e-06
1.19173e-06
2.73866e-07
-5.38584e-05
-6.01514e-07
-4.11442e-06
-4.89533e-07
1.13375e-06
-3.80583e-07
1.15357e-06
-2.76257e-07
1.16893e-06
-1.77376e-07
1.18233e-06
-8.45779e-08
1.19366e-06
1.67107e-09
1.20287e-06
8.10603e-08
1.21002e-06
1.53417e-07
1.2152e-06
2.18685e-07
1.21854e-06
2.76909e-07
1.2202e-06
3.2821e-07
1.22035e-06
3.72772e-07
1.21917e-06
4.10822e-07
1.21684e-06
4.42619e-07
1.21353e-06
4.68439e-07
1.20943e-06
4.8857e-07
1.20471e-06
5.03304e-07
1.19951e-06
5.12929e-07
1.19401e-06
5.17728e-07
1.18835e-06
5.17977e-07
1.18268e-06
5.13943e-07
1.17712e-06
5.05879e-07
1.17183e-06
4.94032e-07
1.16693e-06
4.78635e-07
1.16256e-06
4.59912e-07
1.15884e-06
4.38075e-07
1.15592e-06
4.13329e-07
1.15391e-06
3.85866e-07
1.15296e-06
3.55872e-07
1.15322e-06
3.23526e-07
1.15482e-06
2.88999e-07
1.15791e-06
2.52456e-07
1.16267e-06
2.1406e-07
1.16927e-06
1.73973e-07
1.17789e-06
1.32354e-07
1.18873e-06
8.93692e-08
1.20201e-06
4.519e-08
1.21799e-06
1.23692e-06
1.2775e-07
-5.34997e-05
-6.14837e-07
-3.37183e-06
-5.14651e-07
1.03356e-06
-4.19504e-07
1.05843e-06
-3.29514e-07
1.07894e-06
-2.44537e-07
1.09735e-06
-1.6456e-07
1.11368e-06
-8.96505e-08
1.12796e-06
-1.99045e-08
1.14028e-06
4.4582e-08
1.15072e-06
1.03735e-07
1.15939e-06
1.57513e-07
1.16642e-06
2.05913e-07
1.17195e-06
2.4897e-07
1.17611e-06
2.86756e-07
1.17905e-06
3.19373e-07
1.18092e-06
3.46949e-07
1.18186e-06
3.69635e-07
1.18202e-06
3.87595e-07
1.18155e-06
4.01008e-07
1.1806e-06
4.1006e-07
1.1793e-06
4.14939e-07
1.1778e-06
4.1584e-07
1.17622e-06
4.12955e-07
1.17472e-06
4.06476e-07
1.17341e-06
3.96592e-07
1.17244e-06
3.83491e-07
1.17194e-06
3.67355e-07
1.17205e-06
3.48365e-07
1.1729e-06
3.26695e-07
1.17463e-06
3.02518e-07
1.17739e-06
2.76003e-07
1.18133e-06
2.47319e-07
1.1866e-06
2.1663e-07
1.19336e-06
1.84104e-07
1.20179e-06
1.49908e-07
1.21208e-06
1.14215e-07
1.22442e-06
7.72037e-08
1.23903e-06
3.90641e-08
1.25613e-06
1.27598e-06
-7.45974e-09
-5.29631e-05
-5.6492e-07
-2.81437e-06
-4.844e-07
9.53041e-07
-4.08305e-07
9.82332e-07
-3.36091e-07
1.00673e-06
-2.67329e-07
1.02859e-06
-2.01879e-07
1.04823e-06
-1.39761e-07
1.06585e-06
-8.10776e-08
1.0816e-06
-2.59691e-08
1.09561e-06
2.54206e-08
1.108e-06
7.29606e-08
1.11888e-06
1.16544e-07
1.12837e-06
1.56094e-07
1.13656e-06
1.91563e-07
1.14358e-06
2.22937e-07
1.14954e-06
2.50229e-07
1.15457e-06
2.73478e-07
1.15877e-06
2.92746e-07
1.16229e-06
3.08115e-07
1.16523e-06
3.19682e-07
1.16773e-06
3.27558e-07
1.16992e-06
3.31865e-07
1.17191e-06
3.32734e-07
1.17385e-06
3.303e-07
1.17585e-06
3.24705e-07
1.17804e-06
3.16095e-07
1.18055e-06
3.04617e-07
1.18353e-06
2.90422e-07
1.1871e-06
2.73661e-07
1.1914e-06
2.54487e-07
1.19657e-06
2.33053e-07
1.20276e-06
2.09518e-07
1.21013e-06
1.8404e-07
1.21884e-06
1.56782e-07
1.22905e-06
1.27913e-07
1.24095e-06
9.76074e-08
1.25473e-06
6.60518e-08
1.27058e-06
3.34442e-08
1.28874e-06
1.30943e-06
-1.89027e-08
-5.24151e-05
-4.51706e-07
-2.38157e-06
-4.06941e-07
9.08275e-07
-3.58819e-07
9.3421e-07
-3.0921e-07
9.57116e-07
-2.59217e-07
9.786e-07
-2.09633e-07
9.98647e-07
-1.61059e-07
1.01727e-06
-1.13971e-07
1.03451e-06
-6.87543e-08
1.05039e-06
-2.57319e-08
1.06498e-06
1.4829e-08
1.07832e-06
5.27072e-08
1.09049e-06
8.77231e-08
1.10155e-06
1.19735e-07
1.11157e-06
1.48637e-07
1.12064e-06
1.74355e-07
1.12885e-06
1.96842e-07
1.13628e-06
2.16082e-07
1.14305e-06
2.32079e-07
1.14923e-06
2.44858e-07
1.15495e-06
2.54464e-07
1.16031e-06
2.60957e-07
1.16542e-06
2.64411e-07
1.17039e-06
2.64911e-07
1.17534e-06
2.62554e-07
1.18039e-06
2.57444e-07
1.18566e-06
2.49693e-07
1.19128e-06
2.3942e-07
1.19737e-06
2.26748e-07
1.20407e-06
2.1181e-07
1.21151e-06
1.94739e-07
1.21983e-06
1.75679e-07
1.22919e-06
1.54775e-07
1.23974e-06
1.32184e-07
1.25164e-06
1.08067e-07
1.26507e-06
8.25969e-08
1.2802e-06
5.59596e-08
1.29722e-06
2.83545e-08
1.31634e-06
1.33778e-06
-2.23624e-08
-5.18576e-05
-3.76575e-07
-2.02736e-06
-3.46835e-07
8.78536e-07
-3.13888e-07
9.01263e-07
-2.78768e-07
9.21996e-07
-2.42226e-07
9.42058e-07
-2.04924e-07
9.61345e-07
-1.67436e-07
9.79784e-07
-1.30257e-07
9.97328e-07
-9.38155e-08
1.01395e-06
-5.84798e-08
1.02964e-06
-2.45679e-08
1.04441e-06
7.64776e-09
1.05827e-06
3.79355e-08
1.07126e-06
6.6101e-08
1.0834e-06
9.19838e-08
1.09476e-06
1.15455e-07
1.10538e-06
1.36414e-07
1.11532e-06
1.54789e-07
1.12467e-06
1.70529e-07
1.13349e-06
1.83608e-07
1.14188e-06
1.94019e-07
1.1499e-06
2.01774e-07
1.15767e-06
2.06902e-07
1.16527e-06
2.09444e-07
1.1728e-06
2.09458e-07
1.18038e-06
2.07011e-07
1.18811e-06
2.02183e-07
1.19611e-06
1.95062e-07
1.20449e-06
1.85747e-07
1.21338e-06
1.74345e-07
1.22291e-06
1.60971e-07
1.23321e-06
1.45749e-07
1.24442e-06
1.28812e-07
1.25668e-06
1.10303e-07
1.27015e-06
9.03744e-08
1.285e-06
6.91926e-08
1.30138e-06
4.69361e-08
1.31947e-06
2.38003e-08
1.33948e-06
1.36158e-06
-2.58024e-08
-5.12817e-05
-3.27989e-07
-1.72517e-06
-3.05387e-07
8.55934e-07
-2.80514e-07
8.7639e-07
-2.53903e-07
8.95385e-07
-2.25947e-07
9.14102e-07
-1.97048e-07
9.32446e-07
-1.67596e-07
9.50332e-07
-1.37964e-07
9.67696e-07
-1.08498e-07
9.84484e-07
-7.95149e-08
1.00066e-06
-5.13047e-08
1.0162e-06
-2.4127e-08
1.0311e-06
1.78686e-09
1.04534e-06
2.62334e-08
1.05896e-06
4.9036e-08
1.07195e-06
7.00435e-08
1.08437e-06
8.91295e-08
1.09624e-06
1.06191e-07
1.10761e-06
1.21147e-07
1.11854e-06
1.33936e-07
1.12909e-06
1.44519e-07
1.13932e-06
1.52873e-07
1.14931e-06
1.58992e-07
1.15915e-06
1.62887e-07
1.16891e-06
1.64581e-07
1.17869e-06
1.64114e-07
1.18858e-06
1.61536e-07
1.19869e-06
1.5691e-07
1.20912e-06
1.5031e-07
1.21998e-06
1.41822e-07
1.2314e-06
1.31541e-07
1.24349e-06
1.19573e-07
1.25638e-06
1.06036e-07
1.27022e-06
9.10583e-08
1.28513e-06
7.47808e-08
1.30127e-06
5.7358e-08
1.3188e-06
3.89593e-08
1.33787e-06
1.97713e-08
1.35866e-06
1.38135e-06
-2.86051e-08
-5.06706e-05
-2.95205e-07
-1.45857e-06
-2.76712e-07
8.3744e-07
-2.56571e-07
8.56249e-07
-2.35149e-07
8.73963e-07
-2.12676e-07
8.91629e-07
-1.89395e-07
9.09164e-07
-1.65556e-07
9.26493e-07
-1.41411e-07
9.43551e-07
-1.1721e-07
9.60283e-07
-9.31929e-08
9.76644e-07
-6.95898e-08
9.92599e-07
-4.66171e-08
1.00812e-06
-2.44759e-08
1.0232e-06
-3.35068e-09
1.03783e-06
1.65917e-08
1.05201e-06
3.52024e-08
1.06576e-06
5.23507e-08
1.07909e-06
6.79239e-08
1.09204e-06
8.18275e-08
1.10464e-06
9.39843e-08
1.11693e-06
1.04334e-07
1.12897e-06
1.12834e-07
1.14081e-06
1.19455e-07
1.15253e-06
1.24185e-07
1.16418e-06
1.27026e-07
1.17585e-06
1.27993e-07
1.18761e-06
1.27115e-07
1.19956e-06
1.24434e-07
1.2118e-06
1.20003e-07
1.22441e-06
1.13887e-07
1.23751e-06
1.06165e-07
1.25121e-06
9.69261e-08
1.26562e-06
8.62714e-08
1.28087e-06
7.43153e-08
1.29709e-06
6.1185e-08
1.3144e-06
4.70222e-08
1.33296e-06
3.19843e-08
1.35291e-06
1.62456e-08
1.3744e-06
1.3976e-06
-3.37098e-08
-5.00324e-05
-2.73247e-07
-1.21903e-06
-2.56801e-07
8.20994e-07
-2.39343e-07
8.38792e-07
-2.21095e-07
8.55715e-07
-2.0216e-07
8.72694e-07
-1.82662e-07
8.89666e-07
-1.62743e-07
9.06575e-07
-1.4256e-07
9.23368e-07
-1.22277e-07
9.4e-07
-1.02062e-07
9.56429e-07
-8.20858e-08
9.72622e-07
-6.25141e-08
9.88552e-07
-4.35086e-08
1.0042e-06
-2.5223e-08
1.01955e-06
-7.80148e-09
1.03459e-06
8.6226e-09
1.04933e-06
2.39278e-08
1.06379e-06
3.80056e-08
1.07796e-06
5.07605e-08
1.09188e-06
6.2111e-08
1.10558e-06
7.1989e-08
1.11909e-06
8.03405e-08
1.13246e-06
8.71251e-08
1.14574e-06
9.23161e-08
1.15899e-06
9.58998e-08
1.17226e-06
9.78759e-08
1.18564e-06
9.82567e-08
1.19918e-06
9.70671e-08
1.21299e-06
9.43444e-08
1.22714e-06
9.01381e-08
1.24172e-06
8.451e-08
1.25684e-06
7.75343e-08
1.2726e-06
6.92977e-08
1.28911e-06
5.99001e-08
1.30649e-06
4.94549e-08
1.32485e-06
3.809e-08
1.34433e-06
2.59491e-08
1.36505e-06
1.31927e-08
1.38716e-06
1.41079e-06
-3.88374e-08
-4.94276e-05
-2.56345e-07
-1.00153e-06
-2.41217e-07
8.05866e-07
-2.25601e-07
8.23175e-07
-2.0958e-07
8.39694e-07
-1.93161e-07
8.56276e-07
-1.76392e-07
8.72897e-07
-1.59344e-07
8.89527e-07
-1.42109e-07
9.06133e-07
-1.24793e-07
9.22684e-07
-1.07513e-07
9.39149e-07
-9.03897e-08
9.55499e-07
-7.35485e-08
9.71711e-07
-5.7114e-08
9.87763e-07
-4.1209e-08
1.00364e-06
-2.59522e-08
1.01933e-06
-1.14567e-08
1.03484e-06
2.17171e-09
1.05016e-06
1.48353e-08
1.0653e-06
2.64456e-08
1.08027e-06
3.69243e-08
1.0951e-06
4.62034e-08
1.10981e-06
5.42261e-08
1.12444e-06
6.09468e-08
1.13902e-06
6.63316e-08
1.1536e-06
7.03579e-08
1.16824e-06
7.30153e-08
1.18298e-06
7.43047e-08
1.19789e-06
7.42391e-08
1.21305e-06
7.28432e-08
1.22853e-06
7.01536e-08
1.24441e-06
6.62191e-08
1.26077e-06
6.11004e-08
1.27772e-06
5.4871e-08
1.29534e-06
4.76172e-08
1.31374e-06
3.94391e-08
1.33303e-06
3.04506e-08
1.35332e-06
2.07813e-08
1.37472e-06
1.05766e-08
1.39736e-06
1.42137e-06
-3.93552e-08
-4.88536e-05
-2.39202e-07
-8.0168e-07
-2.2629e-07
7.92954e-07
-2.12771e-07
8.09656e-07
-1.98836e-07
8.25759e-07
-1.84551e-07
8.4199e-07
-1.69979e-07
8.58325e-07
-1.55191e-07
8.74738e-07
-1.4026e-07
8.91203e-07
-1.25269e-07
9.07693e-07
-1.10304e-07
9.24185e-07
-9.54582e-08
9.40653e-07
-8.08252e-08
9.57078e-07
-6.6502e-08
9.7344e-07
-5.25854e-08
9.89724e-07
-3.91711e-08
1.00592e-06
-2.6352e-08
1.02202e-06
-1.42171e-08
1.03802e-06
-2.85053e-09
1.05393e-06
7.66988e-09
1.06975e-06
1.72732e-08
1.0855e-06
2.58963e-08
1.10119e-06
3.34844e-08
1.11685e-06
3.99919e-08
1.13251e-06
4.53826e-08
1.14821e-06
4.96299e-08
1.16399e-06
5.27176e-08
1.17989e-06
5.46399e-08
1.19597e-06
5.54014e-08
1.21229e-06
5.50177e-08
1.22892e-06
5.35157e-08
1.24591e-06
5.09333e-08
1.26336e-06
4.73202e-08
1.28133e-06
4.27381e-08
1.29992e-06
3.72612e-08
1.31922e-06
3.09767e-08
1.33931e-06
2.39854e-08
1.36031e-06
1.64024e-08
1.3823e-06
8.35832e-09
1.40541e-06
1.42973e-06
-4.07594e-08
-4.82896e-05
-2.24931e-07
-6.17508e-07
-2.13298e-07
7.8132e-07
-2.01205e-07
7.97564e-07
-1.88804e-07
8.13358e-07
-1.76144e-07
8.2933e-07
-1.63276e-07
8.45457e-07
-1.50257e-07
8.61718e-07
-1.37145e-07
8.7809e-07
-1.24002e-07
8.9455e-07
-1.10895e-07
9.11077e-07
-9.78928e-08
9.27651e-07
-8.5068e-08
9.44253e-07
-7.24951e-08
9.60867e-07
-6.02495e-08
9.77478e-07
-4.84071e-08
9.94077e-07
-3.70428e-08
1.01066e-06
-2.62299e-08
1.02721e-06
-1.60383e-08
1.04374e-06
-6.5345e-09
1.06025e-06
2.22009e-09
1.07674e-06
1.01695e-08
1.09324e-06
1.7264e-08
1.10976e-06
2.34609e-08
1.12632e-06
2.87251e-08
1.14295e-06
3.30295e-08
1.15968e-06
3.63554e-08
1.17656e-06
3.86932e-08
1.19363e-06
4.00426e-08
1.21094e-06
4.04129e-08
1.22855e-06
3.98234e-08
1.2465e-06
3.83039e-08
1.26488e-06
3.58947e-08
1.28374e-06
3.26477e-08
1.30317e-06
2.8626e-08
1.32324e-06
2.39052e-08
1.34403e-06
1.85735e-08
1.36564e-06
1.27324e-08
1.38815e-06
6.49768e-09
1.41164e-06
1.43622e-06
-4.17257e-08
-4.77406e-05
-2.12055e-07
-4.47178e-07
-2.01368e-07
7.70633e-07
-1.90307e-07
7.86502e-07
-1.79035e-07
8.02086e-07
-1.67603e-07
8.17898e-07
-1.56055e-07
8.3391e-07
-1.44433e-07
8.50097e-07
-1.32779e-07
8.66436e-07
-1.21135e-07
8.82907e-07
-1.09549e-07
8.99492e-07
-9.80721e-08
9.16174e-07
-8.67567e-08
9.32937e-07
-7.56592e-08
9.49769e-07
-6.48379e-08
9.66657e-07
-5.43521e-08
9.83591e-07
-4.4261e-08
1.00056e-06
-3.46237e-08
1.01757e-06
-2.54973e-08
1.03461e-06
-1.69368e-08
1.05169e-06
-8.99405e-09
1.0688e-06
-1.71683e-09
1.08596e-06
4.85163e-09
1.10319e-06
1.06734e-08
1.12049e-06
1.57163e-08
1.1379e-06
1.99549e-08
1.15545e-06
2.33705e-08
1.17315e-06
2.5952e-08
1.19105e-06
2.76962e-08
1.2092e-06
2.86082e-08
1.22763e-06
2.87023e-08
1.24641e-06
2.80015e-08
1.26558e-06
2.6539e-08
1.2852e-06
2.43578e-08
1.30535e-06
2.15118e-08
1.32608e-06
1.80658e-08
1.34748e-06
1.40963e-08
1.36961e-06
9.69225e-09
1.39255e-06
4.95512e-09
1.41638e-06
1.44118e-06
-4.30392e-08
-4.72299e-05
-2.00503e-07
-2.89714e-07
-1.90053e-07
7.60182e-07
-1.795e-07
7.75949e-07
-1.68965e-07
7.91552e-07
-1.58454e-07
8.07386e-07
-1.47963e-07
8.23419e-07
-1.37497e-07
8.39631e-07
-1.27068e-07
8.56006e-07
-1.16695e-07
8.72533e-07
-1.06405e-07
8.89202e-07
-9.62315e-08
9.06001e-07
-8.62134e-08
9.22919e-07
-7.63921e-08
9.39948e-07
-6.6812e-08
9.57077e-07
-5.75191e-08
9.74299e-07
-4.85603e-08
9.91606e-07
-3.99822e-08
1.00899e-06
-3.18309e-08
1.02646e-06
-2.41509e-08
1.04401e-06
-1.69846e-08
1.06163e-06
-1.03716e-08
1.07935e-06
-4.34822e-09
1.09716e-06
1.05307e-09
1.11509e-06
5.80443e-09
1.13315e-06
9.88307e-09
1.15137e-06
1.32718e-08
1.16976e-06
1.59595e-08
1.18837e-06
1.79417e-08
1.20722e-06
1.92212e-08
1.22635e-06
1.98082e-08
1.24582e-06
1.9721e-08
1.26566e-06
1.89865e-08
1.28594e-06
1.76407e-08
1.30669e-06
1.57291e-08
1.328e-06
1.3307e-08
1.3499e-06
1.04403e-08
1.37248e-06
7.20605e-09
1.39578e-06
3.6925e-09
1.41989e-06
1.44487e-06
-4.38537e-08
-4.68332e-05
-1.88356e-07
-1.45211e-07
-1.77383e-07
7.4921e-07
-1.67171e-07
7.65737e-07
-1.57408e-07
7.81789e-07
-1.47879e-07
7.97858e-07
-1.38474e-07
8.14014e-07
-1.29142e-07
8.30299e-07
-1.1987e-07
8.46734e-07
-1.10665e-07
8.63328e-07
-1.01545e-07
8.80082e-07
-9.25373e-08
8.96993e-07
-8.36741e-08
9.14056e-07
-7.49893e-08
9.31263e-07
-6.65191e-08
9.48607e-07
-5.83001e-08
9.6608e-07
-5.03694e-08
9.83675e-07
-4.27638e-08
1.00139e-06
-3.55197e-08
1.01922e-06
-2.8672e-08
1.03716e-06
-2.22546e-08
1.05522e-06
-1.62992e-08
1.07339e-06
-1.08352e-08
1.0917e-06
-5.88912e-09
1.11015e-06
-1.48428e-09
1.12875e-06
2.35997e-09
1.14752e-06
5.62862e-09
1.16649e-06
8.31155e-09
1.18568e-06
1.0404e-08
1.20512e-06
1.19072e-08
1.22485e-06
1.28286e-08
1.2449e-06
1.31829e-08
1.26531e-06
1.29918e-08
1.28613e-06
1.22853e-08
1.3074e-06
1.11014e-08
1.32918e-06
9.48711e-09
1.35151e-06
7.49875e-09
1.37446e-06
5.20229e-09
1.39808e-06
2.67383e-09
1.42242e-06
1.44755e-06
-2.40635e-08
-4.66392e-05
-1.6226e-07
-7.01438e-09
-1.56819e-07
7.43768e-07
-1.50223e-07
7.5914e-07
-1.42966e-07
7.74532e-07
-1.35302e-07
7.90194e-07
-1.27394e-07
8.06106e-07
-1.19351e-07
8.22257e-07
-1.11252e-07
8.38635e-07
-1.03156e-07
8.55232e-07
-9.51128e-08
8.72039e-07
-8.71637e-08
8.89044e-07
-7.93456e-08
9.06238e-07
-7.16923e-08
9.2361e-07
-6.42353e-08
9.4115e-07
-5.70046e-08
9.58849e-07
-5.00288e-08
9.76699e-07
-4.3336e-08
9.94695e-07
-3.69533e-08
1.01283e-06
-3.09069e-08
1.03111e-06
-2.52222e-08
1.04953e-06
-1.99234e-08
1.06809e-06
-1.50332e-08
1.08681e-06
-1.05723e-08
1.10569e-06
-6.55946e-09
1.12474e-06
-3.01033e-09
1.14397e-06
6.2481e-11
1.16342e-06
2.65015e-09
1.18309e-06
4.74814e-09
1.20303e-06
6.35669e-09
1.22324e-06
7.48135e-09
1.24377e-06
8.1335e-09
1.26466e-06
8.33082e-09
1.28593e-06
8.09777e-09
1.30763e-06
7.46609e-09
1.32981e-06
6.47522e-09
1.35251e-06
5.17269e-09
1.37577e-06
3.61454e-09
1.39964e-06
1.86565e-09
1.42417e-06
1.44941e-06
-2.25286e-08
-4.64676e-05
-1.49612e-07
1.20069e-07
-1.43668e-07
7.37824e-07
-1.3724e-07
7.52712e-07
-1.3047e-07
7.67762e-07
-1.2345e-07
7.83174e-07
-1.16268e-07
7.98925e-07
-1.09004e-07
8.14992e-07
-1.01723e-07
8.31354e-07
-9.44817e-08
8.47991e-07
-8.73241e-08
8.64881e-07
-8.0287e-08
8.82007e-07
-7.34002e-08
8.99351e-07
-6.66886e-08
9.16898e-07
-6.0174e-08
9.34635e-07
-5.38756e-08
9.5255e-07
-4.78116e-08
9.70635e-07
-4.19993e-08
9.88883e-07
-3.64558e-08
1.00729e-06
-3.11983e-08
1.02585e-06
-2.62436e-08
1.04458e-06
-2.16087e-08
1.06346e-06
-1.73097e-08
1.08251e-06
-1.33623e-08
1.10174e-06
-9.78052e-09
1.12115e-06
-6.57707e-09
1.14077e-06
-3.76221e-09
1.1606e-06
-1.34353e-09
1.18068e-06
6.74642e-10
1.20101e-06
2.2918e-09
1.22162e-06
3.51174e-09
1.24255e-06
4.34309e-09
1.26383e-06
4.79982e-09
1.28547e-06
4.90167e-09
1.30753e-06
4.67461e-09
1.33004e-06
4.15129e-09
1.35303e-06
3.37134e-09
1.37655e-06
2.38176e-09
1.40063e-06
1.23716e-09
1.42532e-06
1.45065e-06
-2.28329e-08
-4.63161e-05
-1.3961e-07
2.36846e-07
-1.32851e-07
7.31065e-07
-1.25905e-07
7.45766e-07
-1.18883e-07
7.60739e-07
-1.11842e-07
7.76133e-07
-1.04842e-07
7.91925e-07
-9.79336e-08
8.08084e-07
-9.11579e-08
8.24579e-07
-8.4546e-08
8.41379e-07
-7.81192e-08
8.58454e-07
-7.18912e-08
8.75779e-07
-6.58704e-08
8.9333e-07
-6.00616e-08
9.1109e-07
-5.44678e-08
9.29041e-07
-4.90917e-08
9.47174e-07
-4.39365e-08
9.6548e-07
-3.90065e-08
9.83953e-07
-3.43077e-08
1.00259e-06
-2.98476e-08
1.02139e-06
-2.56351e-08
1.04036e-06
-2.16802e-08
1.05951e-06
-1.79937e-08
1.07882e-06
-1.45867e-08
1.09833e-06
-1.14701e-08
1.11804e-06
-8.65397e-09
1.13795e-06
-6.1471e-09
1.1581e-06
-3.95637e-09
1.17849e-06
-2.08624e-09
1.19914e-06
-5.38165e-10
1.22008e-06
6.89865e-10
1.24133e-06
1.60388e-09
1.26291e-06
2.21439e-09
1.28486e-06
2.53681e-09
1.30721e-06
2.5919e-09
1.32998e-06
2.40613e-09
1.35321e-06
2.01198e-09
1.37694e-06
1.44826e-09
1.40119e-06
7.60275e-10
1.426e-06
1.45141e-06
-2.2933e-08
-4.61852e-05
-1.29865e-07
3.43779e-07
-1.22066e-07
7.23266e-07
-1.14223e-07
7.37923e-07
-1.06534e-07
7.5305e-07
-9.91013e-08
7.68701e-07
-9.19908e-08
7.84814e-07
-8.5237e-08
8.0133e-07
-7.88493e-08
8.18191e-07
-7.2819e-08
8.35348e-07
-6.71259e-08
8.52761e-07
-6.17437e-08
8.70397e-07
-5.66444e-08
8.88231e-07
-5.18014e-08
9.06247e-07
-4.71915e-08
9.24431e-07
-4.27957e-08
9.42779e-07
-3.86e-08
9.61284e-07
-3.45951e-08
9.79948e-07
-3.07762e-08
9.98772e-07
-2.71428e-08
1.01776e-06
-2.36973e-08
1.03692e-06
-2.0445e-08
1.05625e-06
-1.73933e-08
1.07577e-06
-1.45507e-08
1.09549e-06
-1.19263e-08
1.11541e-06
-9.52928e-09
1.13556e-06
-7.36802e-09
1.15594e-06
-5.44967e-09
1.17657e-06
-3.7795e-09
1.19747e-06
-2.3604e-09
1.21866e-06
-1.19237e-09
1.24016e-06
-2.72048e-10
1.26199e-06
4.07745e-10
1.28418e-06
8.5839e-10
1.30676e-06
1.09584e-09
1.32975e-06
1.14096e-09
1.35317e-06
1.01976e-09
1.37706e-06
7.63639e-10
1.40145e-06
4.09543e-10
1.42636e-06
1.45182e-06
-2.44577e-08
-4.60751e-05
-1.20509e-07
4.3983e-07
-1.10137e-07
7.12894e-07
-1.0039e-07
7.28176e-07
-9.14084e-08
7.44069e-07
-8.32634e-08
7.60556e-07
-7.59622e-08
7.77513e-07
-6.94548e-08
7.94822e-07
-6.36561e-08
8.12392e-07
-5.84654e-08
8.30158e-07
-5.37816e-08
8.48077e-07
-4.95114e-08
8.66127e-07
-4.55744e-08
8.84294e-07
-4.19044e-08
9.02577e-07
-3.84495e-08
9.20977e-07
-3.51705e-08
9.395e-07
-3.20397e-08
9.58154e-07
-2.90388e-08
9.76947e-07
-2.61575e-08
9.95891e-07
-2.33915e-08
1.01499e-06
-2.07419e-08
1.03427e-06
-1.82132e-08
1.05372e-06
-1.58126e-08
1.07337e-06
-1.35492e-08
1.09323e-06
-1.14328e-08
1.1133e-06
-9.47351e-09
1.1336e-06
-7.68103e-09
1.15414e-06
-6.06388e-09
1.17495e-06
-4.62906e-09
1.19603e-06
-3.38144e-09
1.21741e-06
-2.3234e-09
1.2391e-06
-1.45435e-09
1.26112e-06
-7.70369e-10
1.2835e-06
-2.63882e-10
1.30625e-06
7.66582e-11
1.3294e-06
2.67023e-10
1.35298e-06
3.27418e-10
1.377e-06
2.82631e-10
1.40149e-06
1.62117e-10
1.42648e-06
1.45198e-06
-1.21451e-08
4.24888e-09
-1.03898e-07
5.31582e-07
-9.17227e-08
7.00719e-07
-7.96936e-08
7.16147e-07
-6.9251e-08
7.33626e-07
-6.06951e-08
7.52e-07
-5.38645e-08
7.70682e-07
-4.84453e-08
7.89403e-07
-4.41103e-08
8.08057e-07
-4.05734e-08
8.26621e-07
-3.76045e-08
8.45108e-07
-3.50279e-08
8.6355e-07
-3.2714e-08
8.8198e-07
-3.05703e-08
9.00433e-07
-2.85326e-08
9.18939e-07
-2.65591e-08
9.37526e-07
-2.46238e-08
9.56218e-07
-2.27133e-08
9.75037e-07
-2.08228e-08
9.94001e-07
-1.89544e-08
1.01313e-06
-1.71146e-08
1.03243e-06
-1.53133e-08
1.05192e-06
-1.35623e-08
1.07162e-06
-1.18747e-08
1.09154e-06
-1.0264e-08
1.11169e-06
-8.74338e-09
1.13208e-06
-7.32523e-09
1.15273e-06
-6.02071e-09
1.17365e-06
-4.8393e-09
1.19485e-06
-3.78839e-09
1.21636e-06
-2.87293e-09
1.23818e-06
-2.09516e-09
1.26034e-06
-1.45428e-09
1.28286e-06
-9.46235e-10
1.30574e-06
-5.63446e-10
1.32902e-06
-2.94671e-10
1.35271e-06
-1.24849e-10
1.37683e-06
-3.50236e-11
1.4014e-06
-2.31751e-12
1.42645e-06
1.45198e-06
-3.45242e-08
5.67275e-07
-1.14198e-07
6.11257e-07
-7.02562e-08
6.56777e-07
-4.58386e-08
6.9173e-07
-3.24806e-08
7.20268e-07
-2.53519e-08
7.44871e-07
-2.17003e-08
7.67031e-07
-1.99537e-08
7.87657e-07
-1.92115e-08
8.07315e-07
-1.89562e-08
8.26366e-07
-1.88911e-08
8.45043e-07
-1.88474e-08
8.63506e-07
-1.87319e-08
8.81865e-07
-1.84961e-08
9.00197e-07
-1.8119e-08
9.18562e-07
-1.75965e-08
9.37003e-07
-1.69347e-08
9.55556e-07
-1.61464e-08
9.74249e-07
-1.52486e-08
9.93103e-07
-1.42604e-08
1.01214e-06
-1.32023e-08
1.03137e-06
-1.20951e-08
1.05082e-06
-1.09597e-08
1.07049e-06
-9.81615e-09
1.09039e-06
-8.6836e-09
1.11055e-06
-7.57986e-09
1.13097e-06
-6.52113e-09
1.15167e-06
-5.52181e-09
1.17265e-06
-4.59417e-09
1.19392e-06
-3.74824e-09
1.21551e-06
-2.99154e-09
1.23743e-06
-2.3289e-09
1.25968e-06
-1.76234e-09
1.28229e-06
-1.29086e-09
1.30527e-06
-9.10343e-10
1.32864e-06
-6.13438e-10
1.35241e-06
-3.89514e-10
1.37661e-06
-2.24628e-10
1.40124e-06
-1.01576e-10
1.42632e-06
1.45188e-06
2.401e-07
6.86536e-07
1.56714e-07
6.94643e-07
1.05071e-07
7.0842e-07
7.19605e-08
7.2484e-07
4.98692e-08
7.42359e-07
3.45051e-08
7.60235e-07
2.3396e-08
7.7814e-07
1.50969e-08
7.95956e-07
8.74505e-09
8.13667e-07
3.80952e-09
8.31301e-07
-4.90156e-11
8.48902e-07
-3.05764e-09
8.66515e-07
-5.3762e-09
8.84183e-07
-7.12313e-09
9.01944e-07
-8.39045e-09
9.19829e-07
-9.25272e-09
9.37866e-07
-9.77243e-09
9.56076e-07
-1.00033e-08
9.7448e-07
-9.9926e-09
9.93092e-07
-9.78219e-09
1.01193e-06
-9.40976e-09
1.031e-06
-8.90933e-09
1.05032e-06
-8.31168e-09
1.06989e-06
-7.64461e-09
1.08973e-06
-6.93319e-09
1.10984e-06
-6.19984e-09
1.13024e-06
-5.46438e-09
1.15093e-06
-4.74412e-09
1.17193e-06
-4.05381e-09
1.19323e-06
-3.40563e-09
1.21486e-06
-2.80916e-09
1.23683e-06
-2.27132e-09
1.25914e-06
-1.79632e-09
1.28182e-06
-1.38562e-09
1.30486e-06
-1.03787e-09
1.32829e-06
-7.489e-10
1.35212e-06
-5.11726e-10
1.37637e-06
-3.1658e-10
1.40104e-06
-1.51001e-10
1.42616e-06
1.45173e-06
2.05956e-07
7.27117e-07
1.6707e-07
7.33528e-07
1.33184e-07
7.42307e-07
1.04976e-07
7.53048e-07
8.20267e-08
7.65308e-07
6.35547e-08
7.78707e-07
4.87438e-08
7.9295e-07
3.68728e-08
8.07827e-07
2.73484e-08
8.23191e-07
1.97002e-08
8.38949e-07
1.35609e-08
8.55041e-07
8.64459e-09
8.71431e-07
4.72814e-09
8.881e-07
1.63542e-09
9.05037e-07
-7.74335e-10
9.22239e-07
-2.61527e-09
9.39707e-07
-3.98139e-09
9.57442e-07
-4.95121e-09
9.75449e-07
-5.59117e-09
9.93732e-07
-5.95816e-09
1.01229e-06
-6.1013e-09
1.03114e-06
-6.06337e-09
1.05028e-06
-5.88176e-09
1.06971e-06
-5.58924e-09
1.08943e-06
-5.21457e-09
1.10947e-06
-4.7829e-09
1.12981e-06
-4.31613e-09
1.15046e-06
-3.83309e-09
1.17144e-06
-3.34979e-09
1.19275e-06
-2.87952e-09
1.21439e-06
-2.43293e-09
1.23638e-06
-2.01813e-09
1.25873e-06
-1.64067e-09
1.28144e-06
-1.30365e-09
1.30453e-06
-1.00768e-09
1.328e-06
-7.50984e-10
1.35187e-06
-5.29385e-10
1.37615e-06
-3.36433e-10
1.40085e-06
-1.63508e-10
1.42598e-06
1.45156e-06
1.52123e-07
7.45497e-07
1.32773e-07
7.52878e-07
1.13742e-07
7.61338e-07
9.59011e-08
7.70888e-07
7.97396e-08
7.8147e-07
6.54554e-08
7.92991e-07
5.30563e-08
8.0535e-07
4.24381e-08
8.18445e-07
3.34403e-08
8.32189e-07
2.58817e-08
8.46508e-07
1.95813e-08
8.61342e-07
1.43694e-08
8.76643e-07
1.00926e-08
8.92376e-07
6.61545e-09
9.08514e-07
3.81944e-09
9.25035e-07
1.60195e-09
9.41924e-07
-1.2578e-10
9.5917e-07
-1.44042e-09
9.76764e-07
-2.40826e-09
9.947e-07
-3.08671e-09
1.01297e-06
-3.52555e-09
1.03158e-06
-3.76805e-09
1.05052e-06
-3.85184e-09
1.06979e-06
-3.80965e-09
1.08939e-06
-3.66995e-09
1.10933e-06
-3.4574e-09
1.1296e-06
-3.19331e-09
1.1502e-06
-2.89591e-09
1.17115e-06
-2.58064e-09
1.19243e-06
-2.26035e-09
1.21407e-06
-1.94545e-09
1.23607e-06
-1.64407e-09
1.25843e-06
-1.36208e-09
1.28116e-06
-1.10328e-09
1.30427e-06
-8.69383e-10
1.32776e-06
-6.60125e-10
1.35166e-06
-4.73346e-10
1.37596e-06
-3.05077e-10
1.40068e-06
-1.49677e-10
1.42583e-06
1.45141e-06
1.03488e-07
7.54908e-07
9.32658e-08
7.631e-07
8.27059e-08
7.71898e-07
7.22325e-08
7.81362e-07
6.21828e-08
7.9152e-07
5.27963e-08
8.02378e-07
4.42223e-08
8.13924e-07
3.65344e-08
8.26133e-07
2.97491e-08
8.38974e-07
2.3842e-08
8.52415e-07
1.87621e-08
8.66421e-07
1.44431e-08
8.80962e-07
1.08111e-08
8.96008e-07
7.79086e-09
9.11534e-07
5.30875e-09
9.27517e-07
3.29554e-09
9.43937e-07
1.68739e-09
9.60778e-07
4.26386e-10
9.78025e-07
-5.39392e-10
9.95666e-07
-1.25611e-09
1.01369e-06
-1.76456e-09
1.03209e-06
-2.1006e-09
1.05086e-06
-2.29563e-09
1.06999e-06
-2.37708e-09
1.08947e-06
-2.36877e-09
1.10932e-06
-2.29135e-09
1.12952e-06
-2.16259e-09
1.15007e-06
-1.99772e-09
1.17098e-06
-1.80958e-09
1.19225e-06
-1.6089e-09
1.21387e-06
-1.40442e-09
1.23587e-06
-1.20305e-09
1.25823e-06
-1.00996e-09
1.28096e-06
-8.28665e-10
1.30409e-06
-6.61138e-10
1.3276e-06
-5.07863e-10
1.35151e-06
-3.67922e-10
1.37582e-06
-2.39087e-10
1.40055e-06
-1.17937e-10
1.42571e-06
1.45129e-06
6.00712e-08
7.59555e-07
5.49667e-08
7.68205e-07
4.9583e-08
7.77282e-07
4.41001e-08
7.86844e-07
3.86825e-08
7.96937e-07
3.34682e-08
8.07592e-07
2.85633e-08
8.18829e-07
2.40416e-08
8.30655e-07
1.99468e-08
8.43069e-07
1.62978e-08
8.56064e-07
1.3093e-08
8.69626e-07
1.03163e-08
8.83739e-07
7.94127e-09
8.98383e-07
5.93534e-09
9.1354e-07
4.26269e-09
9.2919e-07
2.88664e-09
9.45313e-07
1.77125e-09
9.61894e-07
8.82394e-10
9.78914e-07
1.88388e-10
9.9636e-07
-3.39674e-10
1.01422e-06
-7.27825e-10
1.03248e-06
-9.9927e-10
1.05113e-06
-1.17453e-09
1.07016e-06
-1.27162e-09
1.08957e-06
-1.30626e-09
1.10935e-06
-1.2921e-09
1.1295e-06
-1.24089e-09
1.15002e-06
-1.1627e-09
1.1709e-06
-1.06604e-09
1.19215e-06
-9.58021e-10
1.21377e-06
-8.44454e-10
1.23575e-06
-7.2997e-10
1.25811e-06
-6.18085e-10
1.28085e-06
-5.11274e-10
1.30398e-06
-4.11037e-10
1.3275e-06
-3.17952e-10
1.35141e-06
-2.31735e-10
1.37574e-06
-1.51306e-10
1.40047e-06
-7.48678e-11
1.42563e-06
1.45122e-06
1.96983e-08
1.81384e-08
1.648e-08
1.47731e-08
1.30655e-08
1.14003e-08
9.81298e-09
8.33061e-09
6.97169e-09
5.74682e-09
4.6598e-09
3.70899e-09
2.8887e-09
2.19039e-09
1.60383e-09
1.11789e-09
7.21218e-10
4.02754e-10
1.51993e-10
-4.07973e-11
-1.84487e-10
-2.87051e-10
-3.55584e-10
-3.96343e-10
-4.14803e-10
-4.15725e-10
-4.03215e-10
-3.80787e-10
-3.51418e-10
-3.17594e-10
-2.81357e-10
-2.44333e-10
-2.07767e-10
-1.72547e-10
-1.39229e-10
-1.08056e-10
-7.89783e-11
-5.16813e-11
-2.56089e-11
)
;

boundaryField
{
    top
    {
        type            calculated;
        value           nonuniform List<scalar> 
80
(
1.79457e-06
1.76284e-06
1.73156e-06
1.70071e-06
1.67028e-06
1.64025e-06
1.61061e-06
1.58131e-06
1.55235e-06
1.5237e-06
1.49533e-06
1.46723e-06
1.43936e-06
1.4117e-06
1.38425e-06
1.35697e-06
1.32985e-06
1.30288e-06
1.27603e-06
1.24931e-06
1.2227e-06
1.1962e-06
1.1698e-06
1.14352e-06
1.11736e-06
1.09133e-06
1.06546e-06
1.03978e-06
1.01432e-06
9.89136e-07
9.64269e-07
9.39782e-07
9.1574e-07
8.92211e-07
8.69264e-07
8.46965e-07
8.25374e-07
8.04539e-07
7.84497e-07
7.65268e-07
7.60969e-07
7.69765e-07
7.7894e-07
7.88551e-07
7.98645e-07
8.09257e-07
8.20416e-07
8.32137e-07
8.44428e-07
8.57289e-07
8.70713e-07
8.8469e-07
8.99204e-07
9.14238e-07
9.29776e-07
9.45799e-07
9.6229e-07
9.79232e-07
9.9661e-07
1.01441e-06
1.03262e-06
1.05123e-06
1.07023e-06
1.08961e-06
1.10937e-06
1.1295e-06
1.15001e-06
1.17088e-06
1.19212e-06
1.21373e-06
1.23572e-06
1.25808e-06
1.28082e-06
1.30394e-06
1.32746e-06
1.35138e-06
1.37571e-06
1.40045e-06
1.42561e-06
1.45119e-06
)
;
    }
    inlet
    {
        type            calculated;
        value           nonuniform List<scalar> 
80
(
1.69407e-21
8.47033e-21
-3.38813e-21
0
1.18585e-20
-5.0822e-21
-5.0822e-21
-3.38813e-21
3.38813e-21
0
-5.0822e-21
-1.69407e-21
1.69407e-21
0
8.47033e-21
-9.31736e-21
-1.01644e-20
2.37169e-20
-1.01644e-20
-9.31736e-21
9.31736e-21
5.0822e-21
-3.38813e-21
1.69407e-21
3.38813e-21
8.47033e-22
5.92923e-21
1.69407e-21
-8.47033e-22
1.69407e-21
-5.0822e-21
-4.23516e-21
-1.60936e-20
8.47033e-22
1.86347e-20
6.77626e-21
2.03288e-20
4.65868e-21
0
6.77626e-21
-4.06576e-20
1.35525e-20
2.71051e-20
5.0822e-21
-1.69407e-21
1.69407e-20
6.77626e-21
0
2.5411e-21
3.13402e-20
8.47033e-22
1.86347e-20
9.31736e-21
-1.01644e-20
1.94818e-20
-5.1669e-20
7.6233e-21
1.18585e-20
1.69407e-21
2.20229e-20
-9.31736e-21
2.6258e-20
-1.69407e-21
1.18585e-20
-5.0822e-21
5.92923e-21
8.47033e-21
8.47033e-21
4.06576e-20
2.5411e-20
3.04932e-20
-2.03288e-20
1.69407e-20
5.0822e-21
1.69407e-21
8.47033e-21
1.69407e-21
1.52466e-20
-6.77626e-21
-1.52466e-20
)
;
    }
    axis
    {
        type            calculated;
        value           uniform 0;
    }
    frontAndBack
    {
        type            empty;
        value           nonuniform List<scalar> 0();
    }
}


// ************************************************************************* //
