/*--------------------------------*- C++ -*----------------------------------*\
  =========                 |
  \\      /  F ield         | OpenFOAM: The Open Source CFD Toolbox
   \\    /   O peration     | Website:  https://openfoam.org
    \\  /    A nd           | Version:  11
     \\/     M anipulation  |
\*---------------------------------------------------------------------------*/
FoamFile
{
    format      ascii;
    class       volVectorField;
    location    "41";
    object      U;
}
// * * * * * * * * * * * * * * * * * * * * * * * * * * * * * * * * * * * * * //

dimensions      [0 1 -1 0 0 0 0];

internalField   nonuniform List<vector> 
2048
(
(1.00014 -0.00059865 0)
(1.00256 -0.00180574 0)
(1.00735 -0.00303732 0)
(1.01465 -0.00430742 0)
(1.02456 -0.00562648 0)
(1.03716 -0.00699764 0)
(1.05253 -0.00841407 0)
(1.07075 -0.00985702 0)
(1.09186 -0.0112949 0)
(1.11581 -0.0126833 0)
(1.14248 -0.0139657 0)
(1.1716 -0.0150768 0)
(1.20277 -0.0159478 0)
(1.23547 -0.0165154 0)
(1.26905 -0.0167343 0)
(1.30278 -0.0165878 0)
(1.33592 -0.0160947 0)
(1.3678 -0.0153088 0)
(1.39784 -0.0143066 0)
(1.42565 -0.0131689 0)
(1.45102 -0.0119646 0)
(1.47387 -0.010746 0)
(1.49423 -0.00955074 0)
(1.51219 -0.00840502 0)
(1.52789 -0.00732591 0)
(1.54149 -0.00632278 0)
(1.55314 -0.00539962 0)
(1.56302 -0.00455739 0)
(1.5713 -0.00379575 0)
(1.57812 -0.00311393 0)
(1.58366 -0.00251125 0)
(1.58808 -0.00198752 0)
(1.59153 -0.00154318 0)
(1.59417 -0.00117922 0)
(1.59616 -0.000896737 0)
(1.59767 -0.000696501 0)
(1.59885 -0.000578411 0)
(1.59988 -0.000540926 0)
(1.60092 -0.000580349 0)
(1.60211 -0.000690432 0)
(1.60358 -0.000862044 0)
(1.60546 -0.00108318 0)
(1.60783 -0.0013389 0)
(1.61074 -0.00161161 0)
(1.61421 -0.00188151 0)
(1.61822 -0.00212762 0)
(1.62271 -0.00232854 0)
(1.62754 -0.002464 0)
(1.63259 -0.00251543 0)
(1.63766 -0.00246815 0)
(1.64256 -0.00231115 0)
(1.64701 -0.00204042 0)
(1.65086 -0.0016564 0)
(1.65377 -0.00117041 0)
(1.65571 -0.000594932 0)
(1.65624 4.15188e-05 0)
(1.65574 0.000720083 0)
(1.65333 0.00139984 0)
(1.65041 0.00206188 0)
(1.64476 0.00265615 0)
(1.64034 0.00318008 0)
(1.63102 0.00358896 0)
(1.6275 0.00388219 0)
(1.61283 0.00408138 0)
(1.00013 -0.00179065 0)
(1.00253 -0.0054012 0)
(1.00726 -0.00908709 0)
(1.01449 -0.0128935 0)
(1.02433 -0.0168544 0)
(1.03686 -0.020981 0)
(1.05219 -0.0252549 0)
(1.07043 -0.0296206 0)
(1.09164 -0.0339828 0)
(1.11581 -0.0382051 0)
(1.14281 -0.0421136 0)
(1.17241 -0.0455067 0)
(1.2042 -0.0481714 0)
(1.23762 -0.0499098 0)
(1.27199 -0.0505768 0)
(1.30651 -0.050115 0)
(1.34037 -0.0485825 0)
(1.37282 -0.0461525 0)
(1.40328 -0.0430712 0)
(1.43136 -0.0395908 0)
(1.45686 -0.0359227 0)
(1.47974 -0.0322242 0)
(1.50007 -0.0286075 0)
(1.51796 -0.0251503 0)
(1.53355 -0.021901 0)
(1.54702 -0.0188853 0)
(1.55854 -0.0161131 0)
(1.56827 -0.0135858 0)
(1.5764 -0.0113014 0)
(1.58308 -0.00925676 0)
(1.58848 -0.00744938 0)
(1.59274 -0.00587845 0)
(1.59604 -0.00454542 0)
(1.59852 -0.00345352 0)
(1.60035 -0.00260657 0)
(1.6017 -0.00200738 0)
(1.60273 -0.00165626 0)
(1.6036 -0.00154908 0)
(1.6045 -0.00167516 0)
(1.60556 -0.00201591 0)
(1.60693 -0.00254403 0)
(1.60873 -0.00322329 0)
(1.61106 -0.00400848 0)
(1.61397 -0.00484618 0)
(1.61748 -0.00567627 0)
(1.62157 -0.00643475 0)
(1.62617 -0.00705617 0)
(1.63117 -0.00747835 0)
(1.63641 -0.00764427 0)
(1.64169 -0.00750895 0)
(1.64681 -0.00703861 0)
(1.65149 -0.0062215 0)
(1.65554 -0.0050583 0)
(1.65863 -0.00358264 0)
(1.66071 -0.00183091 0)
(1.66132 0.000107997 0)
(1.66084 0.00217755 0)
(1.65838 0.004248 0)
(1.65535 0.00626573 0)
(1.64949 0.00807042 0)
(1.64489 0.0096651 0)
(1.63523 0.0108965 0)
(1.63155 0.0117881 0)
(1.6164 0.0123716 0)
(1.00013 -0.00296007 0)
(1.00247 -0.00893107 0)
(1.00709 -0.0150363 0)
(1.01416 -0.0213595 0)
(1.02381 -0.0279655 0)
(1.03619 -0.0348809 0)
(1.05142 -0.0420826 0)
(1.06967 -0.0494831 0)
(1.09106 -0.0569238 0)
(1.11563 -0.0641683 0)
(1.14331 -0.0709078 0)
(1.17387 -0.0767827 0)
(1.20691 -0.0814098 0)
(1.24182 -0.084432 0)
(1.27782 -0.0855802 0)
(1.31398 -0.0847372 0)
(1.34931 -0.0820075 0)
(1.38294 -0.0777239 0)
(1.41422 -0.072347 0)
(1.44279 -0.0663293 0)
(1.46853 -0.0600346 0)
(1.49146 -0.0537284 0)
(1.5117 -0.0475973 0)
(1.52941 -0.0417661 0)
(1.54476 -0.0363075 0)
(1.55796 -0.0312554 0)
(1.56919 -0.0266201 0)
(1.57863 -0.0223999 0)
(1.58647 -0.0185882 0)
(1.59285 -0.0151773 0)
(1.59795 -0.0121611 0)
(1.60191 -0.00953808 0)
(1.6049 -0.00731085 0)
(1.60706 -0.00548598 0)
(1.60857 -0.0040712 0)
(1.60959 -0.00307303 0)
(1.6103 -0.00249427 0)
(1.61086 -0.00232984 0)
(1.61146 -0.00256305 0)
(1.61226 -0.00316373 0)
(1.61342 -0.00408693 0)
(1.61506 -0.00527199 0)
(1.61729 -0.00664212 0)
(1.62018 -0.00810594 0)
(1.62376 -0.00956045 0)
(1.628 -0.0108956 0)
(1.63285 -0.0119982 0)
(1.63816 -0.0127604 0)
(1.64379 -0.0130822 0)
(1.6495 -0.0128847 0)
(1.65507 -0.0121079 0)
(1.66021 -0.01073 0)
(1.66469 -0.00875318 0)
(1.66814 -0.00623355 0)
(1.67049 -0.00323544 0)
(1.67126 9.74912e-05 0)
(1.67082 0.00366442 0)
(1.66825 0.00722789 0)
(1.665 0.0107006 0)
(1.65874 0.0137934 0)
(1.65374 0.0165292 0)
(1.64342 0.0186116 0)
(1.6394 0.0201333 0)
(1.62327 0.0210681 0)
(1.00013 -0.00408419 0)
(1.00236 -0.0123316 0)
(1.00679 -0.0207876 0)
(1.01359 -0.0295857 0)
(1.02293 -0.0388329 0)
(1.035 -0.0485827 0)
(1.05001 -0.0588216 0)
(1.06821 -0.0694401 0)
(1.0898 -0.0802262 0)
(1.11493 -0.090834 0)
(1.14359 -0.100792 0)
(1.17562 -0.109533 0)
(1.21059 -0.116432 0)
(1.24785 -0.120921 0)
(1.28643 -0.122567 0)
(1.32518 -0.121171 0)
(1.36281 -0.116927 0)
(1.39823 -0.110414 0)
(1.43071 -0.10238 0)
(1.45996 -0.0935105 0)
(1.48599 -0.0843303 0)
(1.50892 -0.0752171 0)
(1.52895 -0.0664323 0)
(1.54632 -0.0581389 0)
(1.56127 -0.0504187 0)
(1.57403 -0.0433005 0)
(1.58481 -0.0367861 0)
(1.5938 -0.0308651 0)
(1.60118 -0.0255215 0)
(1.60712 -0.0207393 0)
(1.61176 -0.0165075 0)
(1.61527 -0.0128231 0)
(1.61778 -0.00969111 0)
(1.61946 -0.0071232 0)
(1.62047 -0.00513287 0)
(1.62099 -0.00373323 0)
(1.62119 -0.00293348 0)
(1.62126 -0.00273067 0)
(1.62139 -0.00310362 0)
(1.62176 -0.00401133 0)
(1.62256 -0.00539123 0)
(1.62392 -0.00715904 0)
(1.62598 -0.00920555 0)
(1.62881 -0.0113978 0)
(1.63246 -0.013585 0)
(1.6369 -0.015605 0)
(1.64207 -0.0172915 0)
(1.64784 -0.0184844 0)
(1.65401 -0.0190345 0)
(1.66035 -0.0188219 0)
(1.66659 -0.0177545 0)
(1.67239 -0.0157968 0)
(1.67749 -0.0129459 0)
(1.68148 -0.0092865 0)
(1.68425 -0.00491975 0)
(1.68526 -4.19078e-05 0)
(1.68489 0.0051956 0)
(1.68213 0.0104214 0)
(1.67854 0.0155136 0)
(1.67166 0.0200279 0)
(1.66607 0.0240225 0)
(1.65474 0.0270081 0)
(1.6502 0.0292112 0)
(1.63261 0.0304401 0)
(1.00012 -0.00513753 0)
(1.0022 -0.0155292 0)
(1.00632 -0.0262246 0)
(1.0127 -0.0374235 0)
(1.02153 -0.04929 0)
(1.03308 -0.0619228 0)
(1.04766 -0.0753377 0)
(1.06562 -0.0894167 0)
(1.08732 -0.103923 0)
(1.11306 -0.118399 0)
(1.14298 -0.132205 0)
(1.177 -0.144484 0)
(1.21473 -0.154227 0)
(1.25535 -0.160528 0)
(1.29769 -0.162664 0)
(1.34017 -0.160331 0)
(1.38101 -0.153962 0)
(1.4188 -0.144579 0)
(1.45278 -0.133324 0)
(1.48282 -0.121136 0)
(1.50909 -0.108702 0)
(1.53188 -0.096513 0)
(1.55153 -0.0849015 0)
(1.56836 -0.0740475 0)
(1.5827 -0.064016 0)
(1.59482 -0.0548107 0)
(1.60496 -0.0464126 0)
(1.6133 -0.0387934 0)
(1.62004 -0.0319209 0)
(1.62534 -0.0257663 0)
(1.62934 -0.0203111 0)
(1.63219 -0.0155523 0)
(1.63403 -0.0114987 0)
(1.635 -0.00817024 0)
(1.63529 -0.005588 0)
(1.63505 -0.00377874 0)
(1.63449 -0.00276335 0)
(1.6338 -0.00254431 0)
(1.6332 -0.00309918 0)
(1.6329 -0.00438081 0)
(1.63309 -0.00630723 0)
(1.63394 -0.00876645 0)
(1.63562 -0.0116143 0)
(1.63822 -0.014676 0)
(1.64179 -0.017748 0)
(1.64633 -0.0206075 0)
(1.65177 -0.0230248 0)
(1.65795 -0.0247789 0)
(1.66468 -0.0256619 0)
(1.67168 -0.0255047 0)
(1.67866 -0.0241754 0)
(1.68521 -0.0216198 0)
(1.69104 -0.0178282 0)
(1.69565 -0.0129137 0)
(1.69892 -0.00699251 0)
(1.70025 -0.000350846 0)
(1.69997 0.00681166 0)
(1.697 0.0139361 0)
(1.69301 0.0208759 0)
(1.68539 0.0269876 0)
(1.67907 0.032406 0)
(1.66651 0.0363529 0)
(1.66131 0.0393153 0)
(1.64192 0.0407401 0)
(1.0001 -0.00608566 0)
(1.00195 -0.018425 0)
(1.00564 -0.031184 0)
(1.01137 -0.0446586 0)
(1.01943 -0.0590813 0)
(1.03014 -0.0746349 0)
(1.04395 -0.0913827 0)
(1.06134 -0.109216 0)
(1.08288 -0.127914 0)
(1.10909 -0.146888 0)
(1.14038 -0.165416 0)
(1.17692 -0.182263 0)
(1.21837 -0.19589 0)
(1.26373 -0.204789 0)
(1.31142 -0.207528 0)
(1.35909 -0.203627 0)
(1.40418 -0.194124 0)
(1.44488 -0.180859 0)
(1.48059 -0.165522 0)
(1.51142 -0.149325 0)
(1.5378 -0.133114 0)
(1.56019 -0.117493 0)
(1.57909 -0.10284 0)
(1.595 -0.0893062 0)
(1.60832 -0.0769032 0)
(1.6194 -0.0655883 0)
(1.62847 -0.0553065 0)
(1.63575 -0.045997 0)
(1.64143 -0.0375993 0)
(1.64567 -0.0300655 0)
(1.6486 -0.0233685 0)
(1.65037 -0.017506 0)
(1.6511 -0.0124957 0)
(1.65093 -0.00837191 0)
(1.65003 -0.00515011 0)
(1.64856 -0.00289589 0)
(1.64673 -0.00165067 0)
(1.64476 -0.00142167 0)
(1.64288 -0.00218181 0)
(1.64133 -0.00388712 0)
(1.64034 -0.00645175 0)
(1.6401 -0.00974277 0)
(1.64079 -0.0135567 0)
(1.64254 -0.0176643 0)
(1.64543 -0.0218087 0)
(1.64947 -0.025703 0)
(1.65457 -0.0290462 0)
(1.66061 -0.031543 0)
(1.66738 -0.0329143 0)
(1.67457 -0.0329302 0)
(1.68187 -0.0314081 0)
(1.68885 -0.0282671 0)
(1.69519 -0.0234862 0)
(1.70034 -0.0172095 0)
(1.70415 -0.00959578 0)
(1.70593 -0.00104886 0)
(1.70594 0.00830981 0)
(1.703 0.0176366 0)
(1.69889 0.0267311 0)
(1.69085 0.0346693 0)
(1.68407 0.0417455 0)
(1.67059 0.0467266 0)
(1.66491 0.050576 0)
(1.64409 0.0520563 0)
(1.00009 -0.00688378 0)
(1.00161 -0.0208927 0)
(1.00466 -0.0354454 0)
(1.00947 -0.050996 0)
(1.01637 -0.0678241 0)
(1.02579 -0.086307 0)
(1.03834 -0.106537 0)
(1.05463 -0.128501 0)
(1.07554 -0.152004 0)
(1.10184 -0.176224 0)
(1.13429 -0.200537 0)
(1.17369 -0.223141 0)
(1.21983 -0.242152 0)
(1.2717 -0.255017 0)
(1.32718 -0.258634 0)
(1.38237 -0.252314 0)
(1.4332 -0.238368 0)
(1.47749 -0.21991 0)
(1.51494 -0.199331 0)
(1.5461 -0.178165 0)
(1.57166 -0.157461 0)
(1.59238 -0.137946 0)
(1.60908 -0.119972 0)
(1.62252 -0.10358 0)
(1.63327 -0.0886902 0)
(1.64175 -0.0752053 0)
(1.64825 -0.0630197 0)
(1.65304 -0.052018 0)
(1.65632 -0.0420922 0)
(1.65826 -0.0331655 0)
(1.65896 -0.0251984 0)
(1.65855 -0.0181895 0)
(1.65712 -0.0121529 0)
(1.65483 -0.00718313 0)
(1.65177 -0.00324504 0)
(1.64809 -0.000464162 0)
(1.64399 0.00107609 0)
(1.63972 0.00136028 0)
(1.63548 0.000405371 0)
(1.63152 -0.00171236 0)
(1.62806 -0.00488187 0)
(1.62537 -0.00902425 0)
(1.62365 -0.0139054 0)
(1.62304 -0.0192305 0)
(1.62365 -0.0246434 0)
(1.6255 -0.0297852 0)
(1.62859 -0.0342915 0)
(1.63281 -0.037791 0)
(1.638 -0.0399231 0)
(1.64391 -0.0403849 0)
(1.65028 -0.0389279 0)
(1.65673 -0.035425 0)
(1.66293 -0.029821 0)
(1.66833 -0.0222788 0)
(1.67274 -0.0129511 0)
(1.67557 -0.00237924 0)
(1.67687 0.00914022 0)
(1.67515 0.0207598 0)
(1.67224 0.0322625 0)
(1.66535 0.0422529 0)
(1.65953 0.0512844 0)
(1.64696 0.057434 0)
(1.64177 0.0624025 0)
(1.62183 0.0638806 0)
(1.00005 -0.00747706 0)
(1.00115 -0.0227835 0)
(1.00332 -0.0387263 0)
(1.00688 -0.0560579 0)
(1.01209 -0.0749565 0)
(1.0196 -0.0963232 0)
(1.03011 -0.120033 0)
(1.04446 -0.146672 0)
(1.06411 -0.175831 0)
(1.08972 -0.206434 0)
(1.12306 -0.23815 0)
(1.16542 -0.267616 0)
(1.2166 -0.293346 0)
(1.27749 -0.311333 0)
(1.34533 -0.315641 0)
(1.41197 -0.305845 0)
(1.47009 -0.286199 0)
(1.51698 -0.261142 0)
(1.55317 -0.233821 0)
(1.58019 -0.206291 0)
(1.59958 -0.180047 0)
(1.61296 -0.156002 0)
(1.62188 -0.134337 0)
(1.62757 -0.114856 0)
(1.63086 -0.0973544 0)
(1.63228 -0.0816748 0)
(1.63227 -0.0676383 0)
(1.63111 -0.0550402 0)
(1.62903 -0.0436948 0)
(1.62613 -0.0334736 0)
(1.62247 -0.0243105 0)
(1.6181 -0.0161984 0)
(1.61298 -0.00914464 0)
(1.60721 -0.00315807 0)
(1.60087 0.00152612 0)
(1.59386 0.00487032 0)
(1.58636 0.00681344 0)
(1.57857 0.00729195 0)
(1.57069 0.00628717 0)
(1.56291 0.00384618 0)
(1.55533 7.44344e-05 0)
(1.5482 -0.00477286 0)
(1.54184 -0.0104847 0)
(1.53647 -0.0168978 0)
(1.53225 -0.0235763 0)
(1.52926 -0.0300608 0)
(1.5276 -0.0359164 0)
(1.52734 -0.0407098 0)
(1.52849 -0.0440148 0)
(1.53101 -0.0454606 0)
(1.53481 -0.0447251 0)
(1.53964 -0.0416075 0)
(1.54531 -0.0359749 0)
(1.55132 -0.0279543 0)
(1.55739 -0.0176078 0)
(1.56276 -0.005498 0)
(1.5675 0.00774854 0)
(1.56998 0.0213315 0)
(1.57144 0.0351247 0)
(1.5693 0.0471914 0)
(1.56768 0.0583737 0)
(1.5602 0.0659088 0)
(1.55778 0.0722845 0)
(1.54406 0.0740963 0)
(0.999992 -0.00780633 0)
(1.0006 -0.0239355 0)
(1.00153 -0.0406981 0)
(1.0036 -0.0594041 0)
(1.00627 -0.0797209 0)
(1.01135 -0.103853 0)
(1.01821 -0.130472 0)
(1.0298 -0.162625 0)
(1.04644 -0.198041 0)
(1.07032 -0.23744 0)
(1.10504 -0.280217 0)
(1.14951 -0.318072 0)
(1.20674 -0.352894 0)
(1.28325 -0.377673 0)
(1.36979 -0.381687 0)
(1.44745 -0.366271 0)
(1.50483 -0.338206 0)
(1.54122 -0.303122 0)
(1.56048 -0.265479 0)
(1.56705 -0.228499 0)
(1.56475 -0.194701 0)
(1.55684 -0.16516 0)
(1.54599 -0.139496 0)
(1.53392 -0.117023 0)
(1.52148 -0.0973032 0)
(1.50917 -0.080016 0)
(1.49739 -0.0648148 0)
(1.48636 -0.0513434 0)
(1.47611 -0.0392951 0)
(1.46654 -0.0284486 0)
(1.45747 -0.0186664 0)
(1.44872 -0.00989754 0)
(1.44011 -0.00224326 0)
(1.43129 0.0043238 0)
(1.42206 0.0095999 0)
(1.41242 0.0135356 0)
(1.40223 0.0160353 0)
(1.39149 0.0169754 0)
(1.38024 0.0162774 0)
(1.36861 0.0139231 0)
(1.35685 0.00999864 0)
(1.34511 0.0047404 0)
(1.33341 -0.0016715 0)
(1.3221 -0.00880953 0)
(1.31179 -0.0163723 0)
(1.30273 -0.023993 0)
(1.29527 -0.0312085 0)
(1.28977 -0.0375463 0)
(1.2866 -0.0425451 0)
(1.28599 -0.0457741 0)
(1.28808 -0.0468241 0)
(1.29277 -0.0453841 0)
(1.29992 -0.0411889 0)
(1.30898 -0.0342245 0)
(1.31958 -0.0244643 0)
(1.33057 -0.0123656 0)
(1.34209 0.00177002 0)
(1.35249 0.0164811 0)
(1.36213 0.0319149 0)
(1.36899 0.0457358 0)
(1.37524 0.0589265 0)
(1.37775 0.0680231 0)
(1.38067 0.0759225 0)
(1.37959 0.0788143 0)
(0.999888 -0.00782333 0)
(1 -0.0241767 0)
(0.99926 -0.0410484 0)
(0.999782 -0.0605478 0)
(0.998623 -0.0812893 0)
(1.00139 -0.107874 0)
(1.00126 -0.135775 0)
(1.01079 -0.174621 0)
(1.01761 -0.214365 0)
(1.04192 -0.268316 0)
(1.07333 -0.32635 0)
(1.11984 -0.3785 0)
(1.19432 -0.441479 0)
(1.29385 -0.479109 0)
(1.38628 -0.473679 0)
(1.44361 -0.43847 0)
(1.46137 -0.387941 0)
(1.45002 -0.331075 0)
(1.41968 -0.274847 0)
(1.37955 -0.223524 0)
(1.33515 -0.1806 0)
(1.29085 -0.146007 0)
(1.25032 -0.117877 0)
(1.21488 -0.0947884 0)
(1.18433 -0.0757537 0)
(1.15835 -0.0598978 0)
(1.13676 -0.0464449 0)
(1.11919 -0.0347768 0)
(1.10513 -0.0244427 0)
(1.09389 -0.0151047 0)
(1.0849 -0.00654985 0)
(1.07727 0.00137653 0)
(1.07041 0.00845528 0)
(1.06403 0.0146649 0)
(1.05756 0.0200476 0)
(1.05055 0.0243646 0)
(1.04265 0.0274064 0)
(1.03368 0.0289848 0)
(1.02357 0.0289357 0)
(1.01237 0.0271836 0)
(1.00032 0.0237214 0)
(0.987703 0.0186002 0)
(0.97508 0.0120721 0)
(0.962926 0.00449894 0)
(0.951709 -0.00396943 0)
(0.942174 -0.0130566 0)
(0.935077 -0.0223205 0)
(0.930992 -0.0312453 0)
(0.930337 -0.0392618 0)
(0.933297 -0.0457729 0)
(0.939893 -0.0501752 0)
(0.949844 -0.0519477 0)
(0.962844 -0.0506267 0)
(0.978196 -0.0460046 0)
(0.995473 -0.0379589 0)
(1.01358 -0.0268611 0)
(1.0323 -0.0127949 0)
(1.05038 0.00261397 0)
(1.06802 0.0192837 0)
(1.08363 0.0346948 0)
(1.09755 0.0497203 0)
(1.11016 0.0606003 0)
(1.11838 0.0700488 0)
(1.13101 0.0749215 0)
(0.999761 -0.00750678 0)
(0.999358 -0.0233283 0)
(0.996628 -0.0395777 0)
(0.995556 -0.0589432 0)
(0.989464 -0.0791013 0)
(0.990183 -0.107038 0)
(0.979078 -0.134157 0)
(0.98878 -0.179721 0)
(0.971727 -0.217881 0)
(1.00703 -0.295881 0)
(1.00177 -0.358391 0)
(1.07596 -0.457976 0)
(1.16796 -0.596818 0)
(1.25308 -0.623369 0)
(1.28199 -0.562308 0)
(1.24347 -0.4685 0)
(1.163 -0.370469 0)
(1.06851 -0.280422 0)
(0.970848 -0.204741 0)
(0.881406 -0.143442 0)
(0.799 -0.100034 0)
(0.730342 -0.0701945 0)
(0.679629 -0.0494163 0)
(0.643865 -0.0357034 0)
(0.619359 -0.0269933 0)
(0.603535 -0.0211694 0)
(0.594435 -0.0166689 0)
(0.590336 -0.0125657 0)
(0.589841 -0.00837671 0)
(0.591596 -0.00383211 0)
(0.594993 0.00114328 0)
(0.598701 0.00648204 0)
(0.602293 0.012343 0)
(0.605723 0.0182803 0)
(0.608242 0.0239283 0)
(0.609384 0.0289373 0)
(0.608922 0.0329646 0)
(0.606824 0.0356896 0)
(0.603162 0.0368255 0)
(0.598198 0.0361312 0)
(0.592358 0.0334298 0)
(0.586165 0.0286503 0)
(0.580253 0.021812 0)
(0.575309 0.0129813 0)
(0.571953 0.00250412 0)
(0.570672 -0.00921369 0)
(0.571906 -0.0216158 0)
(0.575897 -0.0340076 0)
(0.582727 -0.0456045 0)
(0.592327 -0.0556002 0)
(0.604543 -0.0632087 0)
(0.619069 -0.0677584 0)
(0.635621 -0.0687036 0)
(0.653685 -0.0657635 0)
(0.672996 -0.0587993 0)
(0.69277 -0.0481408 0)
(0.713004 -0.0340568 0)
(0.732672 -0.0177807 0)
(0.752131 2.97105e-05 0)
(0.770104 0.0169732 0)
(0.786599 0.0335228 0)
(0.803265 0.0460568 0)
(0.813786 0.0569422 0)
(0.833936 0.0639177 0)
(0.999686 -0.006851 0)
(0.998579 -0.0212601 0)
(0.994041 -0.0362181 0)
(0.990772 -0.0541122 0)
(0.980168 -0.0730425 0)
(0.977232 -0.0997563 0)
(0.955478 -0.125534 0)
(0.962171 -0.172697 0)
(0.915227 -0.206556 0)
(0.962498 -0.305563 0)
(0.86458 -0.345525 0)
(1.02926 -0.564444 0)
(0.976759 -0.718701 0)
(0.954782 -0.633302 0)
(0.844236 -0.476953 0)
(0.679602 -0.32485 0)
(0.52271 -0.200168 0)
(0.398396 -0.111933 0)
(0.302767 -0.0580484 0)
(0.234687 -0.0211415 0)
(0.181141 -0.0167364 0)
(0.164881 -0.0242263 0)
(0.171632 -0.0297233 0)
(0.182619 -0.0333891 0)
(0.194151 -0.0347926 0)
(0.205447 -0.0341525 0)
(0.216064 -0.0318931 0)
(0.225818 -0.0283586 0)
(0.234722 -0.0237543 0)
(0.242706 -0.0182268 0)
(0.250152 -0.0118693 0)
(0.256689 -0.00470247 0)
(0.262376 0.00315805 0)
(0.267047 0.0110016 0)
(0.270733 0.0184962 0)
(0.273442 0.02532 0)
(0.275142 0.0310748 0)
(0.275983 0.0353221 0)
(0.27608 0.0376436 0)
(0.2757 0.037682 0)
(0.275165 0.0351887 0)
(0.274892 0.0300031 0)
(0.275182 0.0221871 0)
(0.276444 0.0119081 0)
(0.278854 -0.00041465 0)
(0.282636 -0.014186 0)
(0.28798 -0.028725 0)
(0.294951 -0.0432391 0)
(0.303559 -0.0568581 0)
(0.313752 -0.0687083 0)
(0.325441 -0.0779647 0)
(0.338477 -0.0839158 0)
(0.352707 -0.0859826 0)
(0.367889 -0.0838272 0)
(0.383832 -0.0773179 0)
(0.400087 -0.0667243 0)
(0.416629 -0.0524863 0)
(0.432726 -0.0357502 0)
(0.448849 -0.0173637 0)
(0.463842 0.000576916 0)
(0.478288 0.0179906 0)
(0.493377 0.031388 0)
(0.503204 0.0435565 0)
(0.525405 0.0511578 0)
(0.999688 -0.00583773 0)
(0.99767 -0.0180001 0)
(0.991821 -0.0309241 0)
(0.985602 -0.0460336 0)
(0.972091 -0.0629948 0)
(0.96261 -0.0854994 0)
(0.935581 -0.110164 0)
(0.928637 -0.149754 0)
(0.869288 -0.185125 0)
(0.892038 -0.272676 0)
(0.724846 -0.302154 0)
(0.911023 -0.591325 0)
(0.33313 -0.394482 0)
(0.237374 -0.238504 0)
(0.118097 -0.178551 0)
(0.0550109 -0.135136 0)
(0.0293657 -0.0936649 0)
(0.01751 -0.0614375 0)
(0.0112044 -0.0372266 0)
(0.00508274 -0.0168654 0)
(0.0090226 -0.0491332 0)
(0.015567 -0.0623687 0)
(0.0278566 -0.0609531 0)
(0.0332408 -0.0571813 0)
(0.0378421 -0.0519485 0)
(0.0416963 -0.0464327 0)
(0.0449238 -0.0409013 0)
(0.0476278 -0.0351775 0)
(0.0498889 -0.0290288 0)
(0.0517485 -0.0223277 0)
(0.0532905 -0.0150193 0)
(0.0544036 -0.00723332 0)
(0.0551097 0.000688867 0)
(0.0555843 0.00881513 0)
(0.0558581 0.0167472 0)
(0.0559106 0.0240349 0)
(0.0557557 0.0301896 0)
(0.0555145 0.0347054 0)
(0.0552474 0.0371318 0)
(0.0550604 0.0370861 0)
(0.0550579 0.0342766 0)
(0.0554519 0.0285608 0)
(0.0562681 0.0200406 0)
(0.0577099 0.00889975 0)
(0.0598727 -0.00437216 0)
(0.0628561 -0.0192043 0)
(0.0667752 -0.0348784 0)
(0.0717057 -0.0505533 0)
(0.0776982 -0.0653209 0)
(0.0847403 -0.0782652 0)
(0.0927917 -0.0885198 0)
(0.10176 -0.0953267 0)
(0.111547 -0.0980857 0)
(0.12202 -0.0964207 0)
(0.132982 -0.0901942 0)
(0.144182 -0.0796395 0)
(0.155491 -0.0652905 0)
(0.166534 -0.0481907 0)
(0.177593 -0.0295376 0)
(0.188024 -0.0110744 0)
(0.198989 0.00631041 0)
(0.210633 0.0201373 0)
(0.2207 0.03189 0)
(0.245403 0.0360823 0)
(0.999691 -0.00446582 0)
(0.996877 -0.0137321 0)
(0.989906 -0.0237191 0)
(0.981074 -0.0352309 0)
(0.965154 -0.0487078 0)
(0.949509 -0.0656699 0)
(0.918992 -0.0865569 0)
(0.896774 -0.114776 0)
(0.836261 -0.149975 0)
(0.815161 -0.20221 0)
(0.672948 -0.258018 0)
(0.734559 -0.38532 0)
(0.311914 -0.267178 0)
(0.300274 -0.254101 0)
(0.207926 -0.230397 0)
(0.129072 -0.179614 0)
(0.0785752 -0.1233 0)
(0.0469142 -0.0771181 0)
(0.0291624 -0.0437153 0)
(0.0143002 -0.0175377 0)
(0.0212198 -0.0430106 0)
(-0.00389541 -0.0562367 0)
(-0.00635425 -0.0548435 0)
(-0.0165383 -0.0515367 0)
(-0.0242403 -0.0473517 0)
(-0.0315281 -0.0428165 0)
(-0.0383748 -0.037935 0)
(-0.0447882 -0.0325971 0)
(-0.0508092 -0.0266988 0)
(-0.0564951 -0.0202005 0)
(-0.0618391 -0.0131237 0)
(-0.0668549 -0.00549982 0)
(-0.0716273 0.00258749 0)
(-0.0761125 0.0107789 0)
(-0.0803699 0.0186855 0)
(-0.0843462 0.025886 0)
(-0.0880386 0.031905 0)
(-0.091434 0.0362572 0)
(-0.0945313 0.0384648 0)
(-0.0973298 0.0381306 0)
(-0.0998132 0.0349832 0)
(-0.101902 0.0288815 0)
(-0.103535 0.0198241 0)
(-0.104645 0.00814649 0)
(-0.105135 -0.00581075 0)
(-0.104952 -0.021418 0)
(-0.103993 -0.0379438 0)
(-0.10219 -0.0545082 0)
(-0.0995222 -0.0701527 0)
(-0.0960081 -0.0839172 0)
(-0.0916884 -0.0949082 0)
(-0.0866373 -0.102349 0)
(-0.0809302 -0.105624 0)
(-0.0746922 -0.104326 0)
(-0.0680911 -0.0983117 0)
(-0.0613246 -0.0877736 0)
(-0.0545805 -0.0733056 0)
(-0.0480021 -0.056028 0)
(-0.0413291 -0.0374278 0)
(-0.0343216 -0.0193474 0)
(-0.0260798 -0.00331988 0)
(-0.0160573 0.00886091 0)
(-0.00337989 0.016004 0)
(0.0202514 0.0189316 0)
(0.999657 -0.00280825 0)
(0.996367 -0.00866801 0)
(0.988353 -0.0149428 0)
(0.977995 -0.0223067 0)
(0.959494 -0.030738 0)
(0.940806 -0.0418585 0)
(0.904715 -0.0546635 0)
(0.877438 -0.0739117 0)
(0.805104 -0.0938201 0)
(0.779038 -0.130712 0)
(0.61569 -0.153508 0)
(0.684389 -0.239257 0)
(0.291168 -0.144553 0)
(0.300393 -0.112931 0)
(0.21595 -0.097122 0)
(0.140403 -0.0785653 0)
(0.0901565 -0.0577536 0)
(0.0569294 -0.0386761 0)
(0.0382105 -0.0229727 0)
(0.0203805 -0.00897902 0)
(0.0339474 -0.0286522 0)
(-0.00448981 -0.0397546 0)
(-0.0164066 -0.040184 0)
(-0.0372142 -0.0378326 0)
(-0.0541826 -0.0346587 0)
(-0.0697649 -0.0311066 0)
(-0.0840651 -0.0271312 0)
(-0.0972128 -0.0226185 0)
(-0.109338 -0.0174594 0)
(-0.120575 -0.0115911 0)
(-0.130967 -0.00500346 0)
(-0.140536 0.00217111 0)
(-0.149472 0.00975404 0)
(-0.15786 0.0174076 0)
(-0.16568 0.0248279 0)
(-0.172957 0.0315825 0)
(-0.179723 0.0371854 0)
(-0.186015 0.041136 0)
(-0.191857 0.0429553 0)
(-0.197256 0.0422314 0)
(-0.202226 0.0386643 0)
(-0.20677 0.032101 0)
(-0.210749 0.0225394 0)
(-0.214152 0.0102092 0)
(-0.216953 -0.00444173 0)
(-0.219083 -0.0207839 0)
(-0.220523 -0.0380927 0)
(-0.221222 -0.0554443 0)
(-0.221182 -0.0718485 0)
(-0.22043 -0.086329 0)
(-0.219008 -0.097985 0)
(-0.21697 -0.106029 0)
(-0.214389 -0.10982 0)
(-0.211373 -0.108906 0)
(-0.20808 -0.103085 0)
(-0.204705 -0.0925059 0)
(-0.201428 -0.0778468 0)
(-0.198238 -0.0604415 0)
(-0.194724 -0.0422454 0)
(-0.190053 -0.0256529 0)
(-0.183133 -0.0127759 0)
(-0.173746 -0.00451033 0)
(-0.161682 -0.000205286 0)
(-0.148408 0.00209264 0)
(0.999649 -0.000988262 0)
(0.996075 -0.00303393 0)
(0.987568 -0.00524808 0)
(0.976275 -0.00778899 0)
(0.956634 -0.0107901 0)
(0.935871 -0.0145477 0)
(0.897737 -0.0192079 0)
(0.866245 -0.02547 0)
(0.791248 -0.0329844 0)
(0.7577 -0.0441657 0)
(0.594322 -0.053433 0)
(0.653064 -0.0786635 0)
(0.274248 -0.0457611 0)
(0.293957 -0.0419619 0)
(0.219672 -0.0407415 0)
(0.149387 -0.0339302 0)
(0.0995298 -0.0246984 0)
(0.0646692 -0.0162922 0)
(0.0446316 -0.00972696 0)
(0.0244762 -0.004234 0)
(0.0423032 -0.0130369 0)
(-0.00312531 -0.0172512 0)
(-0.019862 -0.0175594 0)
(-0.0461147 -0.0167121 0)
(-0.0678719 -0.015324 0)
(-0.0876946 -0.0134527 0)
(-0.105765 -0.0109864 0)
(-0.12228 -0.00780183 0)
(-0.137409 -0.00380479 0)
(-0.151309 0.00104587 0)
(-0.164121 0.00672279 0)
(-0.175964 0.01307 0)
(-0.186939 0.0198258 0)
(-0.197133 0.0267701 0)
(-0.206599 0.0335387 0)
(-0.215389 0.0396895 0)
(-0.223555 0.0447265 0)
(-0.231142 0.0481448 0)
(-0.238202 0.0494666 0)
(-0.24476 0.0482578 0)
(-0.250821 0.0441974 0)
(-0.256391 0.0371334 0)
(-0.261456 0.0270682 0)
(-0.265919 0.0141271 0)
(-0.269759 -0.00122663 0)
(-0.273069 -0.0182212 0)
(-0.275826 -0.036225 0)
(-0.277967 -0.0542632 0)
(-0.279514 -0.0713232 0)
(-0.280515 -0.0864155 0)
(-0.28103 -0.0986339 0)
(-0.281124 -0.107179 0)
(-0.280864 -0.111373 0)
(-0.280315 -0.110712 0)
(-0.279559 -0.104954 0)
(-0.278694 -0.0942804 0)
(-0.277778 -0.0795341 0)
(-0.276695 -0.0624036 0)
(-0.275075 -0.0452848 0)
(-0.272346 -0.0307018 0)
(-0.268029 -0.0201578 0)
(-0.262378 -0.0131147 0)
(-0.256502 -0.00706234 0)
(-0.252352 -0.0011097 0)
(0.999649 0.000901087 0)
(0.996074 0.00277269 0)
(0.987565 0.00481483 0)
(0.976268 0.0071895 0)
(0.956623 0.0100298 0)
(0.935854 0.0136371 0)
(0.897713 0.0181526 0)
(0.866213 0.0242844 0)
(0.791208 0.0316726 0)
(0.757648 0.0427353 0)
(0.594267 0.0519325 0)
(0.652986 0.0768922 0)
(0.27419 0.0448567 0)
(0.293903 0.0411254 0)
(0.219616 0.039709 0)
(0.149329 0.032659 0)
(0.0994678 0.0231755 0)
(0.0646021 0.0145133 0)
(0.0445389 0.0076825 0)
(0.0244037 0.00167504 0)
(0.0419819 0.00382173 0)
(-0.0034353 0.00755393 0)
(-0.0201929 0.00763498 0)
(-0.0463742 0.00677955 0)
(-0.0680121 0.00610186 0)
(-0.0876452 0.00603138 0)
(-0.105462 0.00676152 0)
(-0.121668 0.00841965 0)
(-0.136437 0.0110708 0)
(-0.149933 0.0147185 0)
(-0.1623 0.0192797 0)
(-0.173655 0.0246227 0)
(-0.184091 0.0305146 0)
(-0.19369 0.0366686 0)
(-0.202522 0.0427084 0)
(-0.21065 0.0481863 0)
(-0.218134 0.0526061 0)
(-0.225027 0.0554575 0)
(-0.231387 0.0562524 0)
(-0.23725 0.0545578 0)
(-0.242636 0.0500373 0)
(-0.247574 0.0425065 0)
(-0.252103 0.0319704 0)
(-0.256223 0.0185967 0)
(-0.259737 0.00275129 0)
(-0.262816 -0.0148916 0)
(-0.265634 -0.0334736 0)
(-0.267997 -0.052048 0)
(-0.26997 -0.0695882 0)
(-0.271631 -0.0850849 0)
(-0.273063 -0.0976239 0)
(-0.274358 -0.10642 0)
(-0.275582 -0.110819 0)
(-0.276734 -0.110339 0)
(-0.277729 -0.104751 0)
(-0.278466 -0.094246 0)
(-0.278874 -0.0796946 0)
(-0.278973 -0.0628914 0)
(-0.278849 -0.0463707 0)
(-0.278542 -0.0326259 0)
(-0.278063 -0.0228179 0)
(-0.277493 -0.015918 0)
(-0.276947 -0.0093599 0)
(-0.276505 -0.00215894 0)
(0.999657 0.00272216 0)
(0.996363 0.00841015 0)
(0.988343 0.0145152 0)
(0.977974 0.021715 0)
(0.959461 0.029988 0)
(0.940754 0.0409598 0)
(0.904646 0.0536236 0)
(0.877339 0.0727404 0)
(0.804991 0.0925318 0)
(0.778875 0.129292 0)
(0.615537 0.152047 0)
(0.684139 0.23748 0)
(0.290984 0.143621 0)
(0.300221 0.112102 0)
(0.215777 0.0961182 0)
(0.140229 0.077332 0)
(0.0899773 0.056274 0)
(0.0567421 0.0369526 0)
(0.0379596 0.0210126 0)
(0.0201923 0.00654941 0)
(0.0329878 0.0197042 0)
(-0.00555444 0.0301517 0)
(-0.0175739 0.0302351 0)
(-0.0381987 0.0277675 0)
(-0.0548406 0.0251651 0)
(-0.0698864 0.0232649 0)
(-0.083451 0.0223488 0)
(-0.0956842 0.0225527 0)
(-0.106727 0.0239207 0)
(-0.116707 0.0264221 0)
(-0.125731 0.0299581 0)
(-0.133883 0.0343691 0)
(-0.141232 0.0394169 0)
(-0.147841 0.0447947 0)
(-0.153764 0.0501207 0)
(-0.159059 0.0549467 0)
(-0.163783 0.0587792 0)
(-0.167992 0.0611055 0)
(-0.171752 0.0614302 0)
(-0.175103 0.0593186 0)
(-0.178088 0.0544179 0)
(-0.180725 0.0465056 0)
(-0.183117 0.0355849 0)
(-0.185256 0.0218667 0)
(-0.187132 0.00576984 0)
(-0.188732 -0.0122439 0)
(-0.190183 -0.0311737 0)
(-0.191512 -0.0500528 0)
(-0.192756 -0.0678341 0)
(-0.193999 -0.0834806 0)
(-0.195315 -0.0960555 0)
(-0.196788 -0.104797 0)
(-0.198507 -0.10914 0)
(-0.200452 -0.108713 0)
(-0.202467 -0.10337 0)
(-0.204267 -0.0932965 0)
(-0.205605 -0.0792086 0)
(-0.206403 -0.0626106 0)
(-0.207036 -0.0458013 0)
(-0.208123 -0.031322 0)
(-0.210271 -0.0207856 0)
(-0.213531 -0.0138168 0)
(-0.217222 -0.00808185 0)
(-0.219583 -0.00195951 0)
(0.99969 0.00438181 0)
(0.996872 0.0134807 0)
(0.98989 0.0233023 0)
(0.981041 0.0346543 0)
(0.965099 0.0479772 0)
(0.949426 0.0647949 0)
(0.918877 0.0855446 0)
(0.896619 0.113637 0)
(0.836066 0.14872 0)
(0.814915 0.200836 0)
(0.672656 0.256583 0)
(0.734201 0.383618 0)
(0.311611 0.266199 0)
(0.299977 0.253193 0)
(0.207619 0.229316 0)
(0.128773 0.178295 0)
(0.0782812 0.121712 0)
(0.0466257 0.0752861 0)
(0.0287976 0.0417081 0)
(0.0140356 0.0152758 0)
(0.0195196 0.0346796 0)
(-0.00612635 0.0469746 0)
(-0.00894185 0.0450261 0)
(-0.019031 0.0413396 0)
(-0.026386 0.0374459 0)
(-0.0329601 0.0342956 0)
(-0.0387556 0.0322275 0)
(-0.0438194 0.031399 0)
(-0.0482107 0.0318355 0)
(-0.0519752 0.0334859 0)
(-0.0551424 0.0362372 0)
(-0.0577329 0.0399152 0)
(-0.059764 0.044278 0)
(-0.061255 0.0490148 0)
(-0.0622322 0.053746 0)
(-0.0627313 0.0580305 0)
(-0.0627954 0.0613819 0)
(-0.062469 0.0632879 0)
(-0.0618096 0.0632463 0)
(-0.0608598 0.060813 0)
(-0.0597112 0.0556497 0)
(-0.058338 0.0475334 0)
(-0.0569334 0.0364192 0)
(-0.0554332 0.0225551 0)
(-0.0539938 0.00638534 0)
(-0.0526329 -0.0117094 0)
(-0.0515003 -0.0306475 0)
(-0.0506895 -0.0494699 0)
(-0.0503077 -0.0671372 0)
(-0.0504425 -0.0826168 0)
(-0.0511286 -0.094959 0)
(-0.0523494 -0.103385 0)
(-0.0541286 -0.107365 0)
(-0.0563639 -0.106645 0)
(-0.0589102 -0.101236 0)
(-0.0614589 -0.0914533 0)
(-0.0637748 -0.0779774 0)
(-0.0655015 -0.0619691 0)
(-0.0668068 -0.0450816 0)
(-0.068191 -0.0294292 0)
(-0.07077 -0.0168322 0)
(-0.0749943 -0.00838846 0)
(-0.0815073 -0.00334823 0)
(-0.0882312 -0.000321924 0)
(0.999688 0.00575675 0)
(0.997663 0.0177581 0)
(0.991799 0.030523 0)
(0.985557 0.0454795 0)
(0.972017 0.0622923 0)
(0.962498 0.08466 0)
(0.935426 0.109191 0)
(0.928428 0.148663 0)
(0.869027 0.183923 0)
(0.891694 0.27135 0)
(0.724486 0.300816 0)
(0.910438 0.589604 0)
(0.332798 0.393577 0)
(0.237182 0.237768 0)
(0.117947 0.177663 0)
(0.0548548 0.134037 0)
(0.0291917 0.0923711 0)
(0.017341 0.0600051 0)
(0.0110218 0.0357477 0)
(0.0050451 0.0153928 0)
(0.00776481 0.0422794 0)
(0.0120554 0.0539145 0)
(0.0229715 0.0514318 0)
(0.027666 0.0468677 0)
(0.0319636 0.0416052 0)
(0.0359184 0.0372268 0)
(0.0396773 0.0342751 0)
(0.0433346 0.0327685 0)
(0.0469817 0.0326306 0)
(0.0507253 0.0337605 0)
(0.0546663 0.0360165 0)
(0.0588865 0.0392073 0)
(0.0634493 0.0430873 0)
(0.0683936 0.04735 0)
(0.0737391 0.0516288 0)
(0.0794873 0.0554989 0)
(0.0856121 0.0584878 0)
(0.0920937 0.0600952 0)
(0.0988748 0.0598298 0)
(0.105912 0.0572334 0)
(0.113068 0.0519558 0)
(0.120396 0.0438154 0)
(0.127568 0.0327915 0)
(0.134631 0.0191073 0)
(0.141073 0.00313131 0)
(0.146974 -0.0144786 0)
(0.152194 -0.0328043 0)
(0.15621 -0.0509125 0)
(0.158825 -0.0677995 0)
(0.159921 -0.0824826 0)
(0.159475 -0.0940818 0)
(0.157632 -0.10188 0)
(0.154588 -0.105367 0)
(0.150737 -0.104302 0)
(0.146447 -0.0987264 0)
(0.142222 -0.0890349 0)
(0.138271 -0.0758966 0)
(0.135067 -0.0604321 0)
(0.132409 -0.0438685 0)
(0.130512 -0.0278975 0)
(0.127927 -0.0136696 0)
(0.125233 -0.00265888 0)
(0.119629 0.00477448 0)
(0.109655 0.00778597 0)
(0.999685 0.00677395 0)
(0.998569 0.0210301 0)
(0.994014 0.0358374 0)
(0.990716 0.0535866 0)
(0.980079 0.0723774 0)
(0.977091 0.0989601 0)
(0.955296 0.124618 0)
(0.961898 0.171656 0)
(0.914933 0.205441 0)
(0.962027 0.304272 0)
(0.864182 0.344317 0)
(1.02852 0.562805 0)
(0.976118 0.717294 0)
(0.954329 0.632145 0)
(0.843996 0.47586 0)
(0.679403 0.323591 0)
(0.522289 0.198549 0)
(0.397512 0.109914 0)
(0.301413 0.055717 0)
(0.232923 0.0190112 0)
(0.178983 0.0125122 0)
(0.160146 0.0180236 0)
(0.164333 0.0219098 0)
(0.172996 0.0243784 0)
(0.18225 0.0253571 0)
(0.191362 0.0254102 0)
(0.199999 0.0252337 0)
(0.208166 0.0253326 0)
(0.216127 0.026017 0)
(0.224148 0.0274429 0)
(0.232439 0.0296444 0)
(0.241162 0.0325535 0)
(0.250441 0.0360103 0)
(0.260367 0.0397698 0)
(0.27099 0.0435126 0)
(0.282341 0.0468519 0)
(0.294408 0.0493433 0)
(0.30717 0.0505081 0)
(0.320514 0.0498844 0)
(0.334366 0.0470613 0)
(0.348492 0.0416986 0)
(0.362863 0.0336264 0)
(0.377081 0.0228751 0)
(0.390885 0.00969677 0)
(0.403839 -0.00546013 0)
(0.415663 -0.0217036 0)
(0.425827 -0.0384189 0)
(0.433779 -0.0546801 0)
(0.439113 -0.0695445 0)
(0.441564 -0.0821548 0)
(0.44102 -0.0917903 0)
(0.43761 -0.0979186 0)
(0.431631 -0.100196 0)
(0.423733 -0.0985172 0)
(0.414584 -0.0929355 0)
(0.405197 -0.0837932 0)
(0.396103 -0.0715552 0)
(0.38841 -0.0571578 0)
(0.381722 -0.0414636 0)
(0.377217 -0.0260257 0)
(0.37298 -0.0114431 0)
(0.370229 0.000209318 0)
(0.367432 0.010422 0)
(0.359226 0.015507 0)
(0.999761 0.0074345 0)
(0.999347 0.0231127 0)
(0.996597 0.0392216 0)
(0.99549 0.0584512 0)
(0.989362 0.0784814 0)
(0.990017 0.106293 0)
(0.97887 0.133308 0)
(0.988462 0.178748 0)
(0.971382 0.216853 0)
(1.0065 0.294691 0)
(1.00123 0.357228 0)
(1.07519 0.456625 0)
(1.16702 0.595362 0)
(1.25209 0.621979 0)
(1.28105 0.561024 0)
(1.24255 0.467301 0)
(1.16201 0.369306 0)
(1.06724 0.279267 0)
(0.969257 0.203467 0)
(0.879117 0.142047 0)
(0.796047 0.0979255 0)
(0.725693 0.0670958 0)
(0.672082 0.0452707 0)
(0.632451 0.0307019 0)
(0.603251 0.0216742 0)
(0.582106 0.0163758 0)
(0.567371 0.0134797 0)
(0.557728 0.0122536 0)
(0.552136 0.0123116 0)
(0.549817 0.0134143 0)
(0.55023 0.0153729 0)
(0.553021 0.0180013 0)
(0.557968 0.0210875 0)
(0.564939 0.024375 0)
(0.573835 0.0275558 0)
(0.584586 0.0302748 0)
(0.59709 0.0321495 0)
(0.61125 0.0327781 0)
(0.626856 0.0317613 0)
(0.643707 0.028717 0)
(0.661441 0.0233314 0)
(0.679756 0.0154127 0)
(0.698172 0.00523028 0)
(0.716138 -0.00693714 0)
(0.733008 -0.0205045 0)
(0.748163 -0.0347671 0)
(0.761003 -0.0489871 0)
(0.770982 -0.0623079 0)
(0.777652 -0.0738844 0)
(0.780721 -0.0829872 0)
(0.780018 -0.0890616 0)
(0.775596 -0.0917946 0)
(0.767598 -0.0910955 0)
(0.756545 -0.0871366 0)
(0.742897 -0.0802116 0)
(0.727791 -0.0708524 0)
(0.711784 -0.0594865 0)
(0.69662 -0.0469105 0)
(0.682254 -0.0334034 0)
(0.670635 -0.020266 0)
(0.66057 -0.0073208 0)
(0.653088 0.00309249 0)
(0.648231 0.0123764 0)
(0.640932 0.0194774 0)
(0.999887 0.0077565 0)
(0.999988 0.0239774 0)
(0.999226 0.0407201 0)
(0.99971 0.0600942 0)
(0.998509 0.0807197 0)
(1.00121 0.107189 0)
(1.00103 0.134997 0)
(1.01045 0.173735 0)
(1.0172 0.21342 0)
(1.04137 0.267268 0)
(1.07268 0.325265 0)
(1.11906 0.377368 0)
(1.19334 0.440277 0)
(1.29268 0.477903 0)
(1.38498 0.472533 0)
(1.4422 0.437426 0)
(1.45983 0.387007 0)
(1.44825 0.330247 0)
(1.41758 0.274043 0)
(1.37685 0.222666 0)
(1.33159 0.179488 0)
(1.2859 0.144608 0)
(1.24328 0.116371 0)
(1.20499 0.0935116 0)
(1.17078 0.0751904 0)
(1.14034 0.0606783 0)
(1.11356 0.0493277 0)
(1.09032 0.040622 0)
(1.07039 0.0341541 0)
(1.05357 0.0295751 0)
(1.03967 0.0265587 0)
(1.02861 0.024781 0)
(1.02036 0.0239144 0)
(1.01492 0.0236125 0)
(1.01232 0.023505 0)
(1.01255 0.0232162 0)
(1.01554 0.0223546 0)
(1.02119 0.0205267 0)
(1.02924 0.017399 0)
(1.03934 0.0127019 0)
(1.05102 0.00611321 0)
(1.06383 -0.00225813 0)
(1.07717 -0.012294 0)
(1.09017 -0.0236484 0)
(1.1021 -0.0357968 0)
(1.11234 -0.04809 0)
(1.12033 -0.0598064 0)
(1.12561 -0.070193 0)
(1.1279 -0.0785344 0)
(1.12707 -0.0842355 0)
(1.12313 -0.0868679 0)
(1.1163 -0.0862307 0)
(1.10677 -0.0823292 0)
(1.09501 -0.0754509 0)
(1.08122 -0.0660171 0)
(1.06609 -0.0547286 0)
(1.04966 -0.0421719 0)
(1.03305 -0.029352 0)
(1.01621 -0.0165541 0)
(1.0004 -0.00521864 0)
(0.985676 0.00516818 0)
(0.971996 0.0132101 0)
(0.962827 0.0196745 0)
(0.949627 0.0245802 0)
(0.999992 0.00774547 0)
(1.00058 0.0237543 0)
(1.0015 0.0404001 0)
(1.00352 0.0589929 0)
(1.00614 0.0792052 0)
(1.01116 0.103236 0)
(1.01795 0.12977 0)
(1.02945 0.161835 0)
(1.04599 0.19719 0)
(1.06977 0.236526 0)
(1.10435 0.279259 0)
(1.14869 0.317096 0)
(1.20577 0.351909 0)
(1.28209 0.376702 0)
(1.36844 0.380766 0)
(1.44592 0.365436 0)
(1.50311 0.337486 0)
(1.53928 0.302539 0)
(1.55824 0.265024 0)
(1.56436 0.228171 0)
(1.56141 0.194492 0)
(1.55253 0.16515 0)
(1.54033 0.139927 0)
(1.52648 0.118273 0)
(1.51187 0.0998684 0)
(1.49706 0.0845046 0)
(1.48254 0.0719166 0)
(1.46869 0.0617749 0)
(1.45577 0.0537341 0)
(1.44394 0.0474558 0)
(1.43333 0.0426061 0)
(1.42406 0.0388525 0)
(1.41623 0.035858 0)
(1.40996 0.0332802 0)
(1.40533 0.0307773 0)
(1.40239 0.0280129 0)
(1.40115 0.0246557 0)
(1.40155 0.0204202 0)
(1.40342 0.0150635 0)
(1.4064 0.00835473 0)
(1.41034 0.000291191 0)
(1.41469 -0.00883482 0)
(1.41882 -0.0190191 0)
(1.42226 -0.0299372 0)
(1.42452 -0.0410663 0)
(1.42516 -0.051819 0)
(1.42385 -0.0615756 0)
(1.42039 -0.0697211 0)
(1.41474 -0.0756947 0)
(1.40703 -0.0790546 0)
(1.39748 -0.0795055 0)
(1.38647 -0.0769532 0)
(1.37437 -0.0714662 0)
(1.36166 -0.0633559 0)
(1.34862 -0.0529897 0)
(1.33574 -0.0410491 0)
(1.32308 -0.0280245 0)
(1.31116 -0.0149515 0)
(1.29966 -0.0020817 0)
(1.28838 0.00903976 0)
(1.27845 0.0190685 0)
(1.26759 0.0261654 0)
(1.26123 0.0318692 0)
(1.24827 0.0343035 0)
(1.00005 0.0074226 0)
(1.00114 0.0226216 0)
(1.00328 0.0384604 0)
(1.0068 0.0556919 0)
(1.01196 0.0744978 0)
(1.0194 0.095777 0)
(1.02983 0.119411 0)
(1.0441 0.14598 0)
(1.06364 0.175084 0)
(1.08914 0.205642 0)
(1.12237 0.237327 0)
(1.16459 0.266782 0)
(1.21563 0.292517 0)
(1.27636 0.310533 0)
(1.34402 0.314896 0)
(1.41048 0.305189 0)
(1.46841 0.285666 0)
(1.51509 0.260774 0)
(1.55105 0.233659 0)
(1.57777 0.206393 0)
(1.59677 0.180492 0)
(1.60962 0.156931 0)
(1.61784 0.135994 0)
(1.62269 0.11759 0)
(1.62506 0.101608 0)
(1.62559 0.0879651 0)
(1.62483 0.0765202 0)
(1.62324 0.0670544 0)
(1.6212 0.0593049 0)
(1.61901 0.0529969 0)
(1.61688 0.0478504 0)
(1.61502 0.0435771 0)
(1.61354 0.0398819 0)
(1.61255 0.036462 0)
(1.61211 0.0330206 0)
(1.6122 0.0292772 0)
(1.61278 0.024961 0)
(1.61375 0.0198582 0)
(1.61488 0.0138306 0)
(1.61601 0.00672139 0)
(1.61699 -0.00127449 0)
(1.61725 -0.0101081 0)
(1.61638 -0.019583 0)
(1.6142 -0.0293597 0)
(1.61048 -0.0389887 0)
(1.60504 -0.0479775 0)
(1.59781 -0.0558248 0)
(1.58887 -0.0620519 0)
(1.57841 -0.0662392 0)
(1.56674 -0.0680769 0)
(1.55425 -0.067372 0)
(1.54142 -0.0641052 0)
(1.52868 -0.0583628 0)
(1.51652 -0.05045 0)
(1.50527 -0.0406511 0)
(1.49531 -0.0296137 0)
(1.48675 -0.0176483 0)
(1.4797 -0.0057253 0)
(1.47398 0.00592767 0)
(1.46953 0.0160879 0)
(1.46653 0.0255501 0)
(1.46376 0.0320964 0)
(1.46267 0.0375668 0)
(1.45972 0.0396467 0)
(1.00008 0.00683603 0)
(1.00159 0.0207511 0)
(1.00462 0.0352131 0)
(1.00939 0.050677 0)
(1.01624 0.0674246 0)
(1.02559 0.0858332 0)
(1.03805 0.105997 0)
(1.05426 0.127905 0)
(1.07507 0.151362 0)
(1.10126 0.175548 0)
(1.13359 0.19984 0)
(1.17286 0.222439 0)
(1.21887 0.241464 0)
(1.27059 0.254364 0)
(1.32592 0.258046 0)
(1.38095 0.251823 0)
(1.43162 0.238011 0)
(1.47575 0.219738 0)
(1.51302 0.199402 0)
(1.54399 0.178558 0)
(1.56933 0.158281 0)
(1.58982 0.139346 0)
(1.60625 0.12217 0)
(1.61945 0.106871 0)
(1.63005 0.0934333 0)
(1.63856 0.0818007 0)
(1.64543 0.0718772 0)
(1.65102 0.0635142 0)
(1.65569 0.0565214 0)
(1.65971 0.0506856 0)
(1.66332 0.0457818 0)
(1.66667 0.0415736 0)
(1.66989 0.0378181 0)
(1.67304 0.0342682 0)
(1.67615 0.0306821 0)
(1.67916 0.0268371 0)
(1.68199 0.0225338 0)
(1.68451 0.0176146 0)
(1.68653 0.0119927 0)
(1.6879 0.00563398 0)
(1.6884 -0.00144567 0)
(1.68762 -0.00916977 0)
(1.68534 -0.017263 0)
(1.68148 -0.025412 0)
(1.67598 -0.0332687 0)
(1.6688 -0.0404501 0)
(1.66002 -0.0465675 0)
(1.64986 -0.0512629 0)
(1.6386 -0.0542298 0)
(1.62662 -0.0552543 0)
(1.61435 -0.0542077 0)
(1.60227 -0.051101 0)
(1.59082 -0.0460069 0)
(1.58046 -0.0391875 0)
(1.57149 -0.0308627 0)
(1.56429 -0.0215687 0)
(1.55887 -0.011521 0)
(1.55543 -0.00154355 0)
(1.55362 0.00841559 0)
(1.55416 0.0171873 0)
(1.55536 0.0253472 0)
(1.55905 0.0311318 0)
(1.56098 0.0358751 0)
(1.56747 0.0381651 0)
(1.0001 0.0060449 0)
(1.00194 0.0183043 0)
(1.00559 0.0309863 0)
(1.01129 0.0443877 0)
(1.01929 0.0587425 0)
(1.02993 0.0742342 0)
(1.04366 0.0909276 0)
(1.06097 0.108714 0)
(1.0824 0.127376 0)
(1.10851 0.146324 0)
(1.13968 0.164839 0)
(1.17611 0.181688 0)
(1.21743 0.195334 0)
(1.26266 0.204274 0)
(1.31021 0.207082 0)
(1.35776 0.203281 0)
(1.40272 0.193917 0)
(1.4433 0.180838 0)
(1.47889 0.165747 0)
(1.50962 0.149877 0)
(1.53592 0.134095 0)
(1.55825 0.119043 0)
(1.57715 0.105144 0)
(1.59315 0.0925977 0)
(1.60674 0.0814561 0)
(1.61832 0.0716976 0)
(1.62824 0.0632623 0)
(1.63683 0.0560527 0)
(1.64437 0.0499348 0)
(1.6511 0.0447478 0)
(1.65722 0.0403139 0)
(1.66287 0.0364447 0)
(1.66815 0.0329458 0)
(1.67312 0.0296223 0)
(1.67776 0.0262848 0)
(1.68204 0.0227613 0)
(1.68587 0.0189037 0)
(1.68913 0.0145969 0)
(1.69164 0.00977314 0)
(1.69325 0.00441921 0)
(1.69376 -0.00148859 0)
(1.69294 -0.00782883 0)
(1.69063 -0.0143518 0)
(1.68679 -0.0208214 0)
(1.68141 -0.0269872 0)
(1.67452 -0.0325616 0)
(1.66625 -0.0372504 0)
(1.65685 -0.0407894 0)
(1.6466 -0.0429543 0)
(1.63587 -0.0435919 0)
(1.62507 -0.0426073 0)
(1.61461 -0.0400152 0)
(1.60489 -0.0358706 0)
(1.59634 -0.0303833 0)
(1.5892 -0.0237189 0)
(1.58385 -0.0162907 0)
(1.58021 -0.00826156 0)
(1.57879 -0.00026259 0)
(1.57879 0.007812 0)
(1.58151 0.0149473 0)
(1.5842 0.0214917 0)
(1.59084 0.0263821 0)
(1.59369 0.0301969 0)
(1.6048 0.032596 0)
(1.00012 0.00510395 0)
(1.00218 0.01543 0)
(1.00628 0.0260622 0)
(1.01261 0.0372013 0)
(1.02139 0.0490125 0)
(1.03287 0.0615953 0)
(1.04737 0.0749665 0)
(1.06525 0.0890091 0)
(1.08685 0.103487 0)
(1.11248 0.117945 0)
(1.14229 0.131744 0)
(1.1762 0.144029 0)
(1.21381 0.153794 0)
(1.25432 0.160137 0)
(1.29655 0.162338 0)
(1.33892 0.160099 0)
(1.37967 0.153859 0)
(1.41738 0.144649 0)
(1.45131 0.133623 0)
(1.48132 0.121735 0)
(1.50762 0.109692 0)
(1.5305 0.0980118 0)
(1.55033 0.0870563 0)
(1.56747 0.0770361 0)
(1.58231 0.0680394 0)
(1.59519 0.0600793 0)
(1.60642 0.0531267 0)
(1.61627 0.0471192 0)
(1.625 0.0419638 0)
(1.63282 0.0375418 0)
(1.6399 0.0337173 0)
(1.64638 0.0303446 0)
(1.65235 0.0272735 0)
(1.65785 0.0243547 0)
(1.66289 0.0214447 0)
(1.66743 0.0184124 0)
(1.6714 0.0151486 0)
(1.6747 0.0115672 0)
(1.67718 0.00761506 0)
(1.67873 0.00328999 0)
(1.67919 -0.00140273 0)
(1.67841 -0.00636071 0)
(1.67628 -0.0114132 0)
(1.67277 -0.0163889 0)
(1.66789 -0.0211009 0)
(1.6617 -0.0253357 0)
(1.65436 -0.0288754 0)
(1.64606 -0.0315257 0)
(1.63709 -0.0331216 0)
(1.62776 -0.0335512 0)
(1.61842 -0.0327448 0)
(1.60945 -0.030716 0)
(1.60117 -0.0275073 0)
(1.59397 -0.0232767 0)
(1.58803 -0.0181485 0)
(1.58375 -0.0124252 0)
(1.58096 -0.00624041 0)
(1.58029 -4.64956e-05 0)
(1.58073 0.00612882 0)
(1.58391 0.0116601 0)
(1.58671 0.0166975 0)
(1.59385 0.0206552 0)
(1.59663 0.0236003 0)
(1.60862 0.0258199 0)
(1.00013 0.00405794 0)
(1.00235 0.0122541 0)
(1.00674 0.020661 0)
(1.0135 0.0294126 0)
(1.02279 0.038617 0)
(1.03479 0.0483283 0)
(1.04972 0.0585339 0)
(1.06783 0.0691249 0)
(1.08933 0.0798903 0)
(1.11435 0.0904855 0)
(1.14291 0.100441 0)
(1.17483 0.109189 0)
(1.2097 0.116109 0)
(1.24685 0.120636 0)
(1.28534 0.122339 0)
(1.32401 0.121024 0)
(1.36158 0.11689 0)
(1.39696 0.110525 0)
(1.42944 0.102685 0)
(1.45874 0.0940693 0)
(1.48487 0.0852167 0)
(1.508 0.0765228 0)
(1.52835 0.0682686 0)
(1.54618 0.060635 0)
(1.5618 0.0537169 0)
(1.57548 0.0475461 0)
(1.58749 0.0421129 0)
(1.59809 0.0373785 0)
(1.60749 0.0332792 0)
(1.61589 0.0297306 0)
(1.62345 0.0266342 0)
(1.6303 0.0238828 0)
(1.63652 0.0213659 0)
(1.64216 0.0189738 0)
(1.64724 0.0166018 0)
(1.65173 0.0141547 0)
(1.65558 0.0115532 0)
(1.6587 0.00873736 0)
(1.66101 0.00567151 0)
(1.66238 0.00236017 0)
(1.66272 -0.00118233 0)
(1.66193 -0.00489145 0)
(1.65991 -0.00865364 0)
(1.65667 -0.0123401 0)
(1.65222 -0.0158116 0)
(1.64664 -0.0189162 0)
(1.64007 -0.0214991 0)
(1.6327 -0.0234217 0)
(1.62476 -0.0245668 0)
(1.61655 -0.0248559 0)
(1.60834 -0.0242407 0)
(1.60049 -0.0227321 0)
(1.59325 -0.0203619 0)
(1.58697 -0.0172431 0)
(1.58179 -0.0134699 0)
(1.57809 -0.00925785 0)
(1.57567 -0.00471848 0)
(1.57517 -0.000158355 0)
(1.57558 0.00437342 0)
(1.57855 0.00849077 0)
(1.58102 0.0122123 0)
(1.58765 0.0152325 0)
(1.59006 0.0174087 0)
(1.60132 0.0192284 0)
(1.00013 0.00294124 0)
(1.00245 0.00887561 0)
(1.00704 0.0149457 0)
(1.01407 0.0212358 0)
(1.02367 0.0278114 0)
(1.03597 0.0346995 0)
(1.05113 0.0418777 0)
(1.0693 0.049259 0)
(1.09059 0.0566857 0)
(1.11507 0.0639222 0)
(1.14264 0.0706605 0)
(1.1731 0.0765426 0)
(1.20604 0.0811868 0)
(1.24086 0.0842382 0)
(1.27678 0.0854305 0)
(1.31287 0.0846497 0)
(1.34816 0.0820049 0)
(1.38179 0.0778342 0)
(1.41311 0.0726053 0)
(1.44178 0.0667792 0)
(1.4677 0.06073 0)
(1.49091 0.0547345 0)
(1.51156 0.0489914 0)
(1.52983 0.0436358 0)
(1.54596 0.0387473 0)
(1.56018 0.0343595 0)
(1.57273 0.030473 0)
(1.58383 0.0270647 0)
(1.59369 0.0240935 0)
(1.60247 0.0215039 0)
(1.61035 0.0192297 0)
(1.61742 0.0171981 0)
(1.62379 0.0153338 0)
(1.62949 0.0135622 0)
(1.63456 0.011812 0)
(1.63897 0.0100191 0)
(1.64269 0.00813009 0)
(1.64566 0.00610657 0)
(1.6478 0.00392587 0)
(1.64903 0.00158965 0)
(1.64926 -0.000887686 0)
(1.64844 -0.00346431 0)
(1.6465 -0.00606604 0)
(1.64345 -0.00860353 0)
(1.63931 -0.0109817 0)
(1.63418 -0.0131001 0)
(1.62817 -0.0148563 0)
(1.62146 -0.0161582 0)
(1.61427 -0.0169278 0)
(1.60684 -0.0171134 0)
(1.59944 -0.0166833 0)
(1.59236 -0.0156453 0)
(1.58584 -0.0140216 0)
(1.58017 -0.0118887 0)
(1.57548 -0.0093123 0)
(1.57211 -0.00643439 0)
(1.56987 -0.00333159 0)
(1.56938 -0.000204885 0)
(1.56966 0.00289499 0)
(1.57228 0.0057308 0)
(1.57438 0.00827819 0)
(1.58036 0.0103866 0)
(1.58241 0.0118774 0)
(1.59266 0.0132028 0)
(1.00013 0.00177933 0)
(1.00252 0.00536789 0)
(1.00722 0.00903268 0)
(1.0144 0.0128193 0)
(1.02418 0.0167619 0)
(1.03665 0.0208723 0)
(1.0519 0.0251322 0)
(1.07006 0.0294867 0)
(1.09117 0.0338407 0)
(1.11524 0.0380586 0)
(1.14215 0.0419669 0)
(1.17165 0.045365 0)
(1.20334 0.0480408 0)
(1.23668 0.0497979 0)
(1.27098 0.0504927 0)
(1.30545 0.0500701 0)
(1.33929 0.0485908 0)
(1.37176 0.0462315 0)
(1.40229 0.0432424 0)
(1.4305 0.039881 0)
(1.45622 0.0363643 0)
(1.47944 0.0328562 0)
(1.50023 0.0294753 0)
(1.51876 0.0263047 0)
(1.53519 0.0233959 0)
(1.54975 0.0207736 0)
(1.56263 0.0184411 0)
(1.57405 0.0163866 0)
(1.58419 0.0145873 0)
(1.59323 0.0130119 0)
(1.6013 0.0116227 0)
(1.60852 0.0103776 0)
(1.61497 0.00923289 0)
(1.62072 0.00814523 0)
(1.62577 0.0070734 0)
(1.63013 0.00598047 0)
(1.63377 0.00483584 0)
(1.63664 0.00361738 0)
(1.63867 0.00231222 0)
(1.63981 0.000919927 0)
(1.63998 -0.000546807 0)
(1.63914 -0.00206369 0)
(1.63726 -0.00358998 0)
(1.63434 -0.00507414 0)
(1.63041 -0.00646109 0)
(1.62556 -0.00769359 0)
(1.61992 -0.00871333 0)
(1.61364 -0.00946747 0)
(1.60693 -0.00991148 0)
(1.60001 -0.0100158 0)
(1.59312 -0.00976267 0)
(1.58653 -0.0091565 0)
(1.58045 -0.00821078 0)
(1.57517 -0.00696887 0)
(1.57078 -0.00546919 0)
(1.56761 -0.00379218 0)
(1.56547 -0.0019856 0)
(1.56495 -0.000163063 0)
(1.56511 0.00163961 0)
(1.56747 0.00329612 0)
(1.5693 0.00477909 0)
(1.57478 0.00602337 0)
(1.57659 0.00689265 0)
(1.58606 0.00769623 0)
(1.00014 0.000594877 0)
(1.00255 0.00179464 0)
(1.0073 0.00301918 0)
(1.01456 0.00428268 0)
(1.02442 0.00559568 0)
(1.03695 0.00696144 0)
(1.05224 0.00837324 0)
(1.07038 0.00981246 0)
(1.09139 0.0112477 0)
(1.11525 0.0126346 0)
(1.14182 0.013917 0)
(1.17084 0.0150299 0)
(1.20192 0.0159047 0)
(1.23454 0.0164787 0)
(1.26805 0.0167071 0)
(1.30174 0.016574 0)
(1.33488 0.016099 0)
(1.36678 0.015337 0)
(1.39691 0.0143662 0)
(1.42487 0.0132687 0)
(1.45048 0.0121155 0)
(1.47368 0.0109609 0)
(1.49454 0.00984467 0)
(1.51317 0.00879464 0)
(1.52975 0.00782874 0)
(1.54446 0.00695588 0)
(1.55751 0.00617773 0)
(1.56908 0.00549077 0)
(1.57936 0.00488778 0)
(1.58851 0.00435866 0)
(1.59668 0.00389112 0)
(1.60397 0.00347149 0)
(1.61047 0.00308542 0)
(1.61623 0.00271868 0)
(1.62128 0.00235778 0)
(1.62562 0.00199067 0)
(1.62922 0.00160729 0)
(1.63204 0.00120028 0)
(1.63403 0.000765562 0)
(1.63512 0.000302574 0)
(1.63527 -0.000183214 0)
(1.63443 -0.000683928 0)
(1.63258 -0.00118695 0)
(1.62972 -0.00167557 0)
(1.62589 -0.0021317 0)
(1.62119 -0.00253668 0)
(1.61573 -0.00287155 0)
(1.60966 -0.00311907 0)
(1.60318 -0.00326472 0)
(1.59651 -0.00329889 0)
(1.58987 -0.00321577 0)
(1.58352 -0.00301684 0)
(1.57766 -0.00270644 0)
(1.57256 -0.00229852 0)
(1.56832 -0.00180589 0)
(1.56524 -0.00125488 0)
(1.56315 -0.000661935 0)
(1.5626 -6.32562e-05 0)
(1.56271 0.000528208 0)
(1.56492 0.00107372 0)
(1.56663 0.0015611 0)
(1.57184 0.00197354 0)
(1.57354 0.00225924 0)
(1.5826 0.00252916 0)
)
;

boundaryField
{
    inlet
    {
        type            fixedValue;
        value           uniform (1 0 0);
    }
    outlet
    {
        type            pressureInletOutletVelocity;
        value           nonuniform List<vector> 
32
(
(1.61283 0.00408138 0)
(1.6164 0.0123716 0)
(1.62327 0.0210681 0)
(1.63261 0.0304401 0)
(1.64192 0.0407401 0)
(1.64409 0.0520563 0)
(1.62183 0.0638806 0)
(1.54406 0.0740963 0)
(1.37959 0.0788143 0)
(1.13101 0.0749215 0)
(0.833936 0.0639177 0)
(0.525405 0.0511578 0)
(0.245403 0.0360823 0)
(0.0202514 0.0189316 0)
(-0.148408 0 0)
(-0.252352 0 0)
(-0.276505 0 0)
(-0.219583 0 0)
(-0.0882312 0 0)
(0.109655 0.00778597 0)
(0.359226 0.015507 0)
(0.640932 0.0194774 0)
(0.949627 0.0245802 0)
(1.24827 0.0343035 0)
(1.45972 0.0396467 0)
(1.56747 0.0381651 0)
(1.6048 0.032596 0)
(1.60862 0.0258199 0)
(1.60132 0.0192284 0)
(1.59266 0.0132028 0)
(1.58606 0.00769623 0)
(1.5826 0.00252916 0)
)
;
    }
    top
    {
        type            symmetryPlane;
    }
    bottom
    {
        type            symmetryPlane;
    }
    frontAndBack
    {
        type            empty;
    }
}


// ************************************************************************* //
