/*--------------------------------*- C++ -*----------------------------------*\
  =========                 |
  \\      /  F ield         | OpenFOAM: The Open Source CFD Toolbox
   \\    /   O peration     | Website:  https://openfoam.org
    \\  /    A nd           | Version:  10
     \\/     M anipulation  |
\*---------------------------------------------------------------------------*/
FoamFile
{
    format      ascii;
    class       volScalarField;
    location    "21700";
    object      p;
}
// * * * * * * * * * * * * * * * * * * * * * * * * * * * * * * * * * * * * * //

dimensions      [1 -1 -2 0 0 0 0];

internalField   nonuniform List<scalar> 
6400
(
104.566
104.685
123.529
342.806
549.114
722.955
901.087
1074.99
1247.6
1416.73
1582.9
1741.05
1897.01
2056.39
2215.22
2373.28
2531.84
2689.43
2845.68
3000.24
3152.44
3302.84
3451.75
3598.98
3744.61
3888.99
4032.29
4174.38
4314.93
4453.6
4589.43
4719.98
4807.01
4857.49
4904.05
4945.65
4981.13
5009.22
5028.74
5038.76
5038.76
5028.74
5009.22
4981.13
4945.65
4904.05
4857.49
4807.01
4719.98
4589.43
4453.6
4314.93
4174.38
4032.29
3888.99
3744.61
3598.98
3451.75
3302.84
3152.44
3000.24
2845.68
2689.43
2531.84
2373.28
2215.22
2056.39
1897.01
1741.05
1582.9
1416.73
1247.6
1074.99
901.087
722.955
549.114
342.806
123.529
104.685
104.566
104.267
104.387
104.782
104.914
256.687
428.695
607.229
781.019
953.727
1122.85
1289.25
1447.14
1602.86
1762.41
1921.25
2079.26
2237.88
2395.49
2551.75
2706.34
2858.52
3008.91
3157.83
3305.05
3450.67
3595.05
3738.36
3880.45
4021.02
4159.73
4295.67
4426.44
4513.71
4564.38
4611.16
4653.03
4688.79
4717.14
4736.87
4747.01
4747.01
4736.87
4717.14
4688.79
4653.03
4611.16
4564.38
4513.71
4426.44
4295.67
4159.73
4021.02
3880.45
3738.36
3595.05
3450.67
3305.05
3157.83
3008.91
2858.52
2706.34
2551.75
2395.49
2237.88
2079.26
1921.25
1762.41
1602.86
1447.14
1289.25
1122.85
953.727
781.019
607.229
428.695
256.687
104.914
104.782
104.387
104.267
103.933
104.045
104.344
104.347
104.197
105.332
285.092
458.557
631.547
800.617
967.597
1124.87
1280
1439.98
1598.85
1756.72
1915.51
2073.15
2229.45
2384.11
2536.24
2686.59
2835.54
2982.75
3128.34
3272.69
3416.02
3558.15
3698.75
3837.56
3973.74
4105
4192.83
4243.93
4291.25
4333.74
4370.15
4399.13
4419.35
4429.76
4429.76
4419.35
4399.13
4370.15
4333.74
4291.25
4243.93
4192.83
4105
3973.74
3837.56
3698.75
3558.15
3416.02
3272.69
3128.34
2982.75
2835.54
2686.59
2536.24
2384.11
2229.45
2073.15
1915.51
1756.72
1598.85
1439.98
1280
1124.87
967.597
800.617
631.547
458.557
285.092
105.332
104.197
104.347
104.344
104.045
103.933
103.559
103.659
103.882
103.9
103.812
103.985
103.745
104.646
278.376
447.257
615.412
771.487
925.53
1086.39
1245.28
1402.87
1561.97
1719.67
1876.04
2030.84
2182.85
2333.15
2482.15
2629.34
2774.87
2919.19
3062.54
3204.73
3345.39
3484.36
3620.97
3753.06
3841.86
3893.71
3941.95
3985.52
4023.1
4053.19
4074.3
4085.2
4085.2
4074.3
4053.19
4023.1
3985.52
3941.95
3893.71
3841.86
3753.06
3620.97
3484.36
3345.39
3204.73
3062.54
2919.19
2774.87
2629.34
2482.15
2333.15
2182.85
2030.84
1876.04
1719.67
1561.97
1402.87
1245.28
1086.39
925.53
771.487
615.412
447.257
278.376
104.646
103.745
103.985
103.812
103.9
103.882
103.659
103.559
103.141
103.227
103.391
103.417
103.369
103.466
103.316
103.41
103.13
103.316
230.694
384.001
536.142
698.654
857.527
1014.62
1174.29
1332.05
1488.51
1643.57
1795.37
1945.58
2094.67
2241.83
2387.26
2531.53
2674.93
2817.21
2957.94
3097.15
3234.39
3367.76
3458.01
3511.01
3560.68
3605.97
3645.43
3677.34
3699.9
3711.62
3711.62
3699.9
3677.34
3645.43
3605.97
3560.68
3511.01
3458.01
3367.76
3234.39
3097.15
2957.94
2817.21
2674.93
2531.53
2387.26
2241.83
2094.67
1945.58
1795.37
1643.57
1488.51
1332.05
1174.29
1014.62
857.527
698.654
536.142
384.001
230.694
103.316
103.13
103.41
103.316
103.466
103.369
103.417
103.391
103.227
103.141
102.676
102.745
102.865
102.894
102.871
102.92
102.824
102.849
102.658
102.648
102.418
102.374
107.78
273.663
432.336
588.467
749.214
906.993
1063.57
1219.08
1370.51
1520.57
1669.84
1816.96
1962.21
2106.42
2249.88
2392.32
2533.12
2672.63
2810.74
2945.96
3038.24
3092.85
3144.62
3192.48
3234.82
3269.57
3294.44
3307.47
3307.47
3294.44
3269.57
3234.82
3192.48
3144.62
3092.85
3038.24
2945.96
2810.74
2672.63
2533.12
2392.32
2249.88
2106.42
1962.21
1816.96
1669.84
1520.57
1370.51
1219.08
1063.57
906.993
749.214
588.467
432.336
273.663
107.78
102.374
102.418
102.648
102.658
102.849
102.824
102.92
102.871
102.894
102.865
102.745
102.676
102.157
102.212
102.298
102.326
102.316
102.336
102.271
102.257
102.121
102.07
101.906
101.868
102.041
101.651
101.567
120.272
283.294
440.87
597.562
753.932
904.642
1054.48
1204.1
1351.15
1496.13
1640.21
1783.79
1926.46
2067.31
2207.17
2346.41
2484.19
2579.09
2635.88
2690.58
2742.17
2788.87
2828.04
2856.58
2871.71
2871.71
2856.58
2828.04
2788.87
2742.17
2690.58
2635.88
2579.09
2484.19
2346.41
2207.17
2067.31
1926.46
1783.79
1640.21
1496.13
1351.15
1204.1
1054.48
904.642
753.932
597.562
440.87
283.294
120.272
101.567
101.651
102.041
101.868
101.906
102.07
102.121
102.257
102.271
102.336
102.316
102.326
102.298
102.212
102.157
101.582
101.623
101.683
101.708
101.704
101.707
101.659
101.624
101.52
101.451
101.329
101.285
101.339
101.087
100.997
101.071
100.647
100.503
102.001
244.983
393.795
543.265
693.61
840.496
985.016
1128.92
1272.69
1415.73
1556.54
1696.74
1837.35
1978.6
2076.65
2136.19
2194.8
2251.73
2305.04
2351.19
2385.67
2404.28
2404.28
2385.67
2351.19
2305.04
2251.73
2194.8
2136.19
2076.65
1978.6
1837.35
1696.74
1556.54
1415.73
1272.69
1128.92
985.016
840.496
693.61
543.265
393.795
244.983
102.001
100.503
100.647
101.071
100.997
101.087
101.339
101.285
101.329
101.451
101.52
101.624
101.659
101.707
101.704
101.708
101.683
101.623
101.582
100.944
100.973
101.015
101.034
101.032
101.024
100.984
100.94
100.855
100.781
100.683
100.63
100.616
100.443
100.346
100.316
100.029
99.8794
99.8534
99.4465
99.2335
99.1948
137.571
281.004
424.528
568.13
712.213
855.924
996.402
1136.83
1278.92
1425
1526.34
1588.99
1652.59
1717
1780.47
1838
1882.48
1907.17
1907.17
1882.48
1838
1780.47
1717
1652.59
1588.99
1526.34
1425
1278.92
1136.83
996.402
855.924
712.213
568.13
424.528
281.004
137.571
99.1948
99.2335
99.4465
99.8534
99.8794
100.029
100.316
100.346
100.443
100.616
100.63
100.683
100.781
100.855
100.94
100.984
101.024
101.032
101.034
101.015
100.973
100.944
100.239
100.259
100.286
100.299
100.296
100.282
100.246
100.198
100.125
100.051
99.9657
99.904
99.8535
99.7218
99.6194
99.5361
99.3244
99.1721
99.0658
98.7747
98.5765
98.4861
98.4219
98.0213
97.8023
97.7378
104.175
243.037
382.15
522.437
665.754
819.144
922.674
988.142
1057.38
1131.81
1211.38
1288.46
1350.56
1386.78
1386.78
1350.56
1288.46
1211.38
1131.81
1057.38
988.142
922.674
819.144
665.754
522.437
382.15
243.037
104.175
97.7378
97.8023
98.0213
98.4219
98.4861
98.5765
98.7747
99.0658
99.1721
99.3244
99.5361
99.6194
99.7218
99.8535
99.904
99.9657
100.051
100.125
100.198
100.246
100.282
100.296
100.299
100.286
100.259
100.239
99.4604
99.4732
99.4899
99.4971
99.4911
99.4732
99.4379
99.3895
99.3235
99.2518
99.174
99.1054
99.0359
98.9242
98.8182
98.7104
98.5384
98.3857
98.2441
98.0165
97.8313
97.7055
97.5766
97.2894
97.0839
96.9756
96.9225
96.4524
96.1525
95.9704
96.0099
165.947
260.815
326.481
400.306
486.153
592.768
705.269
799.104
860.063
860.063
799.104
705.269
592.768
486.153
400.306
326.481
260.815
165.947
96.0099
95.9704
96.1525
96.4524
96.9225
96.9756
97.0839
97.2894
97.5766
97.7055
97.8313
98.0165
98.2441
98.3857
98.5384
98.7104
98.8182
98.9242
99.0359
99.1054
99.174
99.2518
99.3235
99.3895
99.4379
99.4732
99.4911
99.4971
99.4899
99.4732
99.4604
98.6034
98.6106
98.6193
98.6208
98.6116
98.5907
98.5556
98.5077
98.4462
98.3773
98.3031
98.2298
98.1506
98.0478
97.94
97.8224
97.6709
97.5202
97.3665
97.1734
96.9976
96.8502
96.693
96.4641
96.2693
96.1245
95.9799
95.6455
95.3702
95.1663
95.0039
94.6519
94.4199
94.2968
94.1949
94.1247
93.7207
135.872
256.699
376.244
376.244
256.699
135.872
93.7207
94.1247
94.1949
94.2968
94.4199
94.6519
95.0039
95.1663
95.3702
95.6455
95.9799
96.1245
96.2693
96.4641
96.693
96.8502
96.9976
97.1734
97.3665
97.5202
97.6709
97.8224
97.94
98.0478
98.1506
98.2298
98.3031
98.3773
98.4462
98.5077
98.5556
98.5907
98.6116
98.6208
98.6193
98.6106
98.6034
97.6609
97.6641
97.6667
97.6633
97.6508
97.6275
97.5921
97.545
97.4865
97.42
97.3475
97.2714
97.1875
97.0883
96.9799
96.8597
96.7192
96.5719
96.4169
96.2428
96.0737
95.9154
95.7476
95.5476
95.3593
95.191
95.0088
94.7411
94.4885
94.2706
94.0611
93.7691
93.5614
93.4396
93.3218
93.1986
93.0407
92.8923
92.3751
121.183
121.183
92.3751
92.8923
93.0407
93.1986
93.3218
93.4396
93.5614
93.7691
94.0611
94.2706
94.4885
94.7411
95.0088
95.191
95.3593
95.5476
95.7476
95.9154
96.0737
96.2428
96.4169
96.5719
96.7192
96.8597
96.9799
97.0883
97.1875
97.2714
97.3475
97.42
97.4865
97.545
97.5921
97.6275
97.6508
97.6633
97.6667
97.6641
97.6609
96.626
96.6262
96.6243
96.6167
96.6011
96.5759
96.54
96.4936
96.4371
96.3724
96.3008
96.2232
96.1373
96.0395
95.9315
95.8119
95.678
95.5349
95.383
95.2201
95.0561
94.8937
94.7235
94.5377
94.3531
94.1726
93.9777
93.743
93.5077
93.2848
93.0598
92.799
92.6079
92.4913
92.3751
92.2565
92.1326
92.0105
91.6245
88.9662
88.9662
91.6245
92.0105
92.1326
92.2565
92.3751
92.4913
92.6079
92.799
93.0598
93.2848
93.5077
93.743
93.9777
94.1726
94.3531
94.5377
94.7235
94.8937
95.0561
95.2201
95.383
95.5349
95.678
95.8119
95.9315
96.0395
96.1373
96.2232
96.3008
96.3724
96.4371
96.4936
96.54
96.5759
96.6011
96.6167
96.6243
96.6262
96.626
95.4907
95.4888
95.4835
95.4727
95.4545
95.4276
95.3912
95.3452
95.29
95.2266
95.1557
95.0776
94.9909
94.8942
94.7872
94.6695
94.5403
94.4016
94.2544
94.0988
93.9393
93.7769
93.6078
93.4294
93.2476
93.0626
92.8657
92.6486
92.4259
92.2047
91.9787
91.7368
91.5593
91.4505
91.3425
91.2358
91.1319
91.0352
90.7464
88.898
88.898
90.7464
91.0352
91.1319
91.2358
91.3425
91.4505
91.5593
91.7368
91.9787
92.2047
92.4259
92.6486
92.8657
93.0626
93.2476
93.4294
93.6078
93.7769
93.9393
94.0988
94.2544
94.4016
94.5403
94.6695
94.7872
94.8942
94.9909
95.0776
95.1557
95.2266
95.29
95.3452
95.3912
95.4276
95.4545
95.4727
95.4835
95.4888
95.4907
94.2467
94.2433
94.2356
94.2222
94.2018
94.1735
94.1366
94.0909
94.0365
93.9741
93.9039
93.8259
93.7394
93.6437
93.5384
93.4231
93.2979
93.1636
93.0212
92.8713
92.716
92.5558
92.3893
92.2158
92.0368
91.8521
91.6577
91.4514
91.2386
91.0227
90.8021
90.574
90.408
90.3065
90.2062
90.1081
90.0133
89.9234
89.6535
87.9646
87.9646
89.6535
89.9234
90.0133
90.1081
90.2062
90.3065
90.408
90.574
90.8021
91.0227
91.2386
91.4514
91.6577
91.8521
92.0368
92.2158
92.3893
92.5558
92.716
92.8713
93.0212
93.1636
93.2979
93.4231
93.5384
93.6437
93.7394
93.8259
93.9039
93.9741
94.0365
94.0909
94.1366
94.1735
94.2018
94.2222
94.2356
94.2433
94.2467
92.7981
92.7936
92.784
92.7687
92.7466
92.7171
92.6797
92.6341
92.5805
92.5189
92.4495
92.3721
92.2865
92.1922
92.089
91.9766
91.8554
91.7257
91.5881
91.4435
91.2928
91.1361
90.9733
90.8041
90.6288
90.4471
90.2575
90.0597
89.8558
89.6475
89.4351
89.219
89.0628
88.9673
88.8729
88.7802
88.6897
88.6017
88.3388
86.7466
86.7466
88.3388
88.6017
88.6897
88.7802
88.8729
88.9673
89.0628
89.219
89.4351
89.6475
89.8558
90.0597
90.2575
90.4471
90.6288
90.8041
90.9733
91.1361
91.2928
91.4435
91.5881
91.7257
91.8554
91.9766
92.089
92.1922
92.2865
92.3721
92.4495
92.5189
92.5805
92.6341
92.6797
92.7171
92.7466
92.7687
92.784
92.7936
92.7981
91.2046
91.1994
91.1887
91.172
91.1487
91.1184
91.0807
91.0353
90.9823
90.9215
90.853
90.7767
90.6925
90.6
90.4992
90.39
90.2726
90.1472
90.0145
89.8747
89.7286
89.5762
89.4177
89.253
89.0822
88.905
88.7212
88.5308
88.3349
88.1346
87.9307
87.7246
87.5757
87.4845
87.3939
87.3044
87.2161
87.1291
86.8735
85.3992
85.3992
86.8735
87.1291
87.2161
87.3044
87.3939
87.4845
87.5757
87.7246
87.9307
88.1346
88.3349
88.5308
88.7212
88.905
89.0822
89.253
89.4177
89.5762
89.7286
89.8747
90.0145
90.1472
90.2726
90.39
90.4992
90.6
90.6925
90.7767
90.853
90.9215
90.9823
91.0353
91.0807
91.1184
91.1487
91.172
91.1887
91.1994
91.2046
89.6164
89.6108
89.5994
89.5819
89.5579
89.5272
89.4893
89.4442
89.3917
89.3318
89.2644
89.1894
89.1067
89.0162
88.9178
88.8116
88.6977
88.5763
88.4477
88.3124
88.1706
88.0225
87.8684
87.7081
87.5419
87.3696
87.1913
87.0074
86.8184
86.6252
86.4287
86.2302
86.0864
85.9981
85.91
85.8225
85.7355
85.6492
85.4005
84.0394
84.0394
85.4005
85.6492
85.7355
85.8225
85.91
85.9981
86.0864
86.2302
86.4287
86.6252
86.8184
87.0074
87.1913
87.3696
87.5419
87.7081
87.8684
88.0225
88.1706
88.3124
88.4477
88.5763
88.6977
88.8116
88.9178
89.0162
89.1067
89.1894
89.2644
89.3318
89.3917
89.4442
89.4893
89.5272
89.5579
89.5819
89.5994
89.6108
89.6164
88.0337
88.0279
88.0161
87.9982
87.9739
87.943
87.9053
87.8605
87.8087
87.7496
87.6833
87.6097
87.5287
87.4402
87.3443
87.2409
87.1302
87.0124
86.8878
86.7565
86.6188
86.4749
86.325
86.1692
86.0075
85.8402
85.6672
85.489
85.3061
85.1191
84.9289
84.7363
84.5963
84.51
84.4238
84.3377
84.2517
84.1659
83.9241
82.6707
82.6707
83.9241
84.1659
84.2517
84.3377
84.4238
84.51
84.5963
84.7363
84.9289
85.1191
85.3061
85.489
85.6672
85.8402
86.0075
86.1692
86.325
86.4749
86.6188
86.7565
86.8878
87.0124
87.1302
87.2409
87.3443
87.4402
87.5287
87.6097
87.6833
87.7496
87.8087
87.8605
87.9053
87.943
87.9739
87.9982
88.0161
88.0279
88.0337
86.4569
86.451
86.439
86.421
86.3966
86.3657
86.3282
86.2839
86.2328
86.1747
86.1095
86.0374
85.9581
85.8717
85.7781
85.6775
85.5699
85.4555
85.3344
85.2069
85.0732
84.9334
84.7877
84.6361
84.479
84.3163
84.1483
83.9754
83.7979
83.6163
83.4313
83.2436
83.1066
83.022
82.9371
82.8521
82.7669
82.6815
82.4464
81.2956
81.2956
82.4464
82.6815
82.7669
82.8521
82.9371
83.022
83.1066
83.2436
83.4313
83.6163
83.7979
83.9754
84.1483
84.3163
84.479
84.6361
84.7877
84.9334
85.0732
85.2069
85.3344
85.4555
85.5699
85.6775
85.7781
85.8717
85.9581
86.0374
86.1095
86.1747
86.2328
86.2839
86.3282
86.3657
86.3966
86.421
86.439
86.451
86.4569
84.886
84.8801
84.8681
84.85
84.8257
84.795
84.7579
84.7142
84.6638
84.6067
84.5429
84.4722
84.3947
84.3103
84.2191
84.1211
84.0164
83.9052
83.7876
83.6637
83.5337
83.3978
83.2561
83.1087
82.9559
82.7977
82.6344
82.4663
82.2937
82.1169
81.9365
81.753
81.6184
81.5352
81.4514
81.3673
81.2828
81.1978
80.9693
79.9162
79.9162
80.9693
81.1978
81.2828
81.3673
81.4514
81.5352
81.6184
81.753
81.9365
82.1169
82.2937
82.4663
82.6344
82.7977
82.9559
83.1087
83.2561
83.3978
83.5337
83.6637
83.7876
83.9052
84.0164
84.1211
84.2191
84.3103
84.3947
84.4722
84.5429
84.6067
84.6638
84.7142
84.7579
84.795
84.8257
84.85
84.8681
84.8801
84.886
83.3211
83.3152
83.3032
83.2853
83.2611
83.2308
83.1941
83.1511
83.1016
83.0456
82.983
82.9138
82.8381
82.7557
82.6668
82.5714
82.4695
82.3613
82.2469
82.1265
82.0001
81.8679
81.7301
81.5868
81.4381
81.2842
81.1254
80.9617
80.7936
80.6212
80.4449
80.265
80.1327
80.0506
79.9679
79.8846
79.8007
79.7161
79.4943
78.5343
78.5343
79.4943
79.7161
79.8007
79.8846
79.9679
80.0506
80.1327
80.265
80.4449
80.6212
80.7936
80.9617
81.1254
81.2842
81.4381
81.5868
81.7301
81.8679
82.0001
82.1265
82.2469
82.3613
82.4695
82.5714
82.6668
82.7557
82.8381
82.9138
82.983
83.0456
83.1016
83.1511
83.1941
83.2308
83.2611
83.2853
83.3032
83.3152
83.3211
81.7622
81.7563
81.7444
81.7266
81.7028
81.6729
81.6368
81.5945
81.5459
81.491
81.4297
81.3621
81.2881
81.2077
81.121
81.0281
80.9289
80.8237
80.7124
80.5952
80.4723
80.3437
80.2096
80.0702
79.9255
79.7758
79.6211
79.4617
79.2977
79.1294
78.9569
78.7804
78.6501
78.5692
78.4875
78.405
78.3217
78.2376
78.0226
77.1511
77.1511
78.0226
78.2376
78.3217
78.405
78.4875
78.5692
78.6501
78.7804
78.9569
79.1294
79.2977
79.4617
79.6211
79.7758
79.9255
80.0702
80.2096
80.3437
80.4723
80.5952
80.7124
80.8237
80.9289
81.0281
81.121
81.2077
81.2881
81.3621
81.4297
81.491
81.5459
81.5945
81.6368
81.6729
81.7028
81.7266
81.7444
81.7563
81.7622
80.2091
80.2033
80.1916
80.1741
80.1506
80.1211
80.0856
80.0441
79.9965
79.9427
79.8828
79.8167
79.7445
79.6661
79.5816
79.491
79.3945
79.292
79.1837
79.0697
78.9501
78.825
78.6946
78.5589
78.418
78.2722
78.1216
77.9662
77.8062
77.6417
77.4729
77.2997
77.1714
77.0916
77.0109
76.9293
76.8468
76.7633
76.5554
75.7679
75.7679
76.5554
76.7633
76.8468
76.9293
77.0109
77.0916
77.1714
77.2997
77.4729
77.6417
77.8062
77.9662
78.1216
78.2722
78.418
78.5589
78.6946
78.825
78.9501
79.0697
79.1837
79.292
79.3945
79.491
79.5816
79.6661
79.7445
79.8167
79.8828
79.9427
79.9965
80.0441
80.0856
80.1211
80.1506
80.1741
80.1916
80.2033
80.2091
78.6619
78.6562
78.6447
78.6274
78.6043
78.5754
78.5406
78.4999
78.4532
78.4006
78.342
78.2775
78.207
78.1305
78.0481
77.9599
77.8659
77.7661
77.6607
77.5498
77.4334
77.3117
77.1847
77.0526
76.9155
76.7735
76.6268
76.4753
76.3191
76.1585
75.9932
75.8233
75.6972
75.6186
75.539
75.4584
75.3768
75.294
75.0935
74.3855
74.3855
75.0935
75.294
75.3768
75.4584
75.539
75.6186
75.6972
75.8233
75.9932
76.1585
76.3191
76.4753
76.6268
76.7735
76.9155
77.0526
77.1847
77.3117
77.4334
77.5498
77.6607
77.7661
77.8659
77.9599
78.0481
78.1305
78.207
78.2775
78.342
78.4006
78.4532
78.4999
78.5406
78.5754
78.6043
78.6274
78.6447
78.6562
78.6619
77.1205
77.1148
77.1035
77.0866
77.0639
77.0355
77.0014
76.9616
76.9159
76.8645
76.8073
76.7442
76.6754
76.6009
76.5206
76.4346
76.343
76.2459
76.1433
76.0353
75.9221
75.8036
75.68
75.5514
75.418
75.2797
75.1366
74.989
74.8367
74.6797
74.5182
74.3517
74.2279
74.1507
74.0723
73.9929
73.9123
73.8304
73.6378
73.0048
73.0048
73.6378
73.8304
73.9123
73.9929
74.0723
74.1507
74.2279
74.3517
74.5182
74.6797
74.8367
74.989
75.1366
75.2797
75.418
75.5514
75.68
75.8036
75.9221
76.0353
76.1433
76.2459
76.343
76.4346
76.5206
76.6009
76.6754
76.7442
76.8073
76.8645
76.9159
76.9616
77.0014
77.0355
77.0639
77.0866
77.1035
77.1148
77.1205
75.5846
75.5791
75.568
75.5514
75.5292
75.5014
75.468
75.429
75.3844
75.3341
75.2783
75.2168
75.1496
75.0769
74.9987
74.915
74.8258
74.7312
74.6313
74.5262
74.4159
74.3006
74.1803
74.0551
73.9252
73.7905
73.6512
73.5073
73.3588
73.2057
73.0479
72.8852
72.7639
72.6882
72.6113
72.5333
72.454
72.3733
72.1891
71.6266
71.6266
72.1891
72.3733
72.454
72.5333
72.6113
72.6882
72.7639
72.8852
73.0479
73.2057
73.3588
73.5073
73.6512
73.7905
73.9252
74.0551
74.1803
74.3006
74.4159
74.5262
74.6313
74.7312
74.8258
74.915
74.9987
75.0769
75.1496
75.2168
75.2783
75.3341
75.3844
75.429
75.468
75.5014
75.5292
75.5514
75.568
75.5791
75.5846
74.0544
74.0489
74.0381
74.0218
74.0001
73.9729
73.9402
73.9021
73.8585
73.8094
73.7549
73.6949
73.6294
73.5586
73.4823
73.4007
73.3139
73.2218
73.1245
73.0222
72.9148
72.8026
72.6855
72.5636
72.4371
72.306
72.1703
72.0302
71.8856
71.7364
71.5826
71.4239
71.3055
71.2315
71.1564
71.08
71.0024
70.9233
70.7484
70.2515
70.2515
70.7484
70.9233
71.0024
71.08
71.1564
71.2315
71.3055
71.4239
71.5826
71.7364
71.8856
72.0302
72.1703
72.306
72.4371
72.5636
72.6855
72.8026
72.9148
73.0222
73.1245
73.2218
73.3139
73.4007
73.4823
73.5586
73.6294
73.6949
73.7549
73.8094
73.8585
73.9021
73.9402
73.9729
74.0001
74.0218
74.0381
74.0489
74.0544
72.5295
72.5242
72.5136
72.4976
72.4764
72.4498
72.4179
72.3807
72.3381
72.2902
72.237
72.1785
72.1146
72.0456
71.9713
71.8918
71.8072
71.7175
71.6228
71.5231
71.4187
71.3094
71.1954
71.0768
70.9536
70.826
70.694
70.5576
70.4169
70.2717
70.1221
69.9678
69.8527
69.7808
69.7077
69.6334
69.5578
69.4808
69.3161
68.8798
68.8798
69.3161
69.4808
69.5578
69.6334
69.7077
69.7808
69.8527
69.9678
70.1221
70.2717
70.4169
70.5576
70.694
70.826
70.9536
71.0768
71.1954
71.3094
71.4187
71.5231
71.6228
71.7175
71.8072
71.8918
71.9713
72.0456
72.1146
72.1785
72.237
72.2902
72.3381
72.3807
72.4179
72.4498
72.4764
72.4976
72.5136
72.5242
72.5295
71.0099
71.0048
70.9944
70.9788
70.9581
70.9321
70.9009
70.8646
70.823
70.7763
70.7244
70.6673
70.6051
70.5378
70.4654
70.388
70.3056
70.2182
70.126
70.029
69.9273
69.8209
69.7099
69.5945
69.4746
69.3504
69.222
69.0893
68.9525
68.8115
68.6663
68.5168
68.4053
68.3358
68.2652
68.1934
68.1204
68.0461
67.8927
67.5117
67.5117
67.8927
68.0461
68.1204
68.1934
68.2652
68.3358
68.4053
68.5168
68.6663
68.8115
68.9525
69.0893
69.222
69.3504
69.4746
69.5945
69.7099
69.8209
69.9273
70.029
70.126
70.2182
70.3056
70.388
70.4654
70.5378
70.6051
70.6673
70.7244
70.7763
70.823
70.8646
70.9009
70.9321
70.9581
70.9788
70.9944
71.0048
71.0099
69.4956
69.4905
69.4804
69.4652
69.4449
69.4196
69.3892
69.3537
69.3132
69.2676
69.217
69.1613
69.1007
69.0351
68.9646
68.8891
68.8089
68.7238
68.634
68.5396
68.4405
68.337
68.2289
68.1166
67.9999
67.8791
67.7542
67.6253
67.4924
67.3556
67.215
67.0704
66.9631
66.8961
66.8283
66.7596
66.6898
66.6188
66.4781
66.1464
66.1464
66.4781
66.6188
66.6898
66.7596
66.8283
66.8961
66.9631
67.0704
67.215
67.3556
67.4924
67.6253
67.7542
67.8791
67.9999
68.1166
68.2289
68.337
68.4405
68.5396
68.634
68.7238
68.8089
68.8891
68.9646
69.0351
69.1007
69.1613
69.217
69.2676
69.3132
69.3537
69.3892
69.4196
69.4449
69.4652
69.4804
69.4905
69.4956
67.9863
67.9813
67.9714
67.9566
67.9368
67.9121
67.8824
67.8478
67.8083
67.7639
67.7145
67.6603
67.6012
67.5373
67.4686
67.3952
67.317
67.2342
67.1467
67.0548
66.9583
66.8575
66.7523
66.6429
66.5294
66.4119
66.2904
66.1651
66.0361
65.9035
65.7675
65.6281
65.5251
65.4611
65.3964
65.331
65.265
65.1982
65.0714
64.7821
64.7821
65.0714
65.1982
65.265
65.331
65.3964
65.4611
65.5251
65.6281
65.7675
65.9035
66.0361
66.1651
66.2904
66.4119
66.5294
66.6429
66.7523
66.8575
66.9583
67.0548
67.1467
67.2342
67.317
67.3952
67.4686
67.5373
67.6012
67.6603
67.7145
67.7639
67.8083
67.8478
67.8824
67.9121
67.9368
67.9566
67.9714
67.9813
67.9863
66.4819
66.4771
66.4675
66.453
66.4337
66.4096
66.3807
66.3469
66.3084
66.2651
66.217
66.1642
66.1066
66.0444
65.9774
65.9059
65.8298
65.7491
65.664
65.5744
65.4805
65.3823
65.2799
65.1735
65.063
64.9486
64.8304
64.7087
64.5834
64.4549
64.3234
64.1891
64.0904
64.0292
63.9678
63.906
63.844
63.7818
63.6698
63.4147
63.4147
63.6698
63.7818
63.844
63.906
63.9678
64.0292
64.0904
64.1891
64.3234
64.4549
64.5834
64.7087
64.8304
64.9486
65.063
65.1735
65.2799
65.3823
65.4805
65.5744
65.664
65.7491
65.8298
65.9059
65.9774
66.0444
66.1066
66.1642
66.217
66.2651
66.3084
66.3469
66.3807
66.4096
66.4337
66.453
66.4675
66.4771
66.4819
64.9824
64.9777
64.9683
64.9542
64.9354
64.9119
64.8837
64.8508
64.8133
64.7711
64.7242
64.6728
64.6167
64.5561
64.4909
64.4212
64.3471
64.2685
64.1856
64.0984
64.0069
63.9113
63.8117
63.708
63.6004
63.4891
63.3741
63.2557
63.134
63.0093
62.882
62.7524
62.6577
62.5992
62.5407
62.4822
62.4239
62.366
62.2678
62.0368
62.0368
62.2678
62.366
62.4239
62.4822
62.5407
62.5992
62.6577
62.7524
62.882
63.0093
63.134
63.2557
63.3741
63.4891
63.6004
63.708
63.8117
63.9113
64.0069
64.0984
64.1856
64.2685
64.3471
64.4212
64.4909
64.5561
64.6167
64.6728
64.7242
64.7711
64.8133
64.8508
64.8837
64.9119
64.9354
64.9542
64.9683
64.9777
64.9824
63.4876
63.483
63.4738
63.4601
63.4418
63.4189
63.3914
63.3594
63.3228
63.2817
63.2361
63.1859
63.1313
63.0723
63.0088
62.941
62.8688
62.7923
62.7116
62.6266
62.5376
62.4444
62.3474
62.2464
62.1416
62.0332
61.9213
61.806
61.6876
61.5664
61.4428
61.3173
61.2258
61.1695
61.1133
61.0572
61.0016
60.9466
60.8586
60.6415
60.6415
60.8586
60.9466
61.0016
61.0572
61.1133
61.1695
61.2258
61.3173
61.4428
61.5664
61.6876
61.806
61.9213
62.0332
62.1416
62.2464
62.3474
62.4444
62.5376
62.6266
62.7116
62.7923
62.8688
62.941
63.0088
63.0723
63.1313
63.1859
63.2361
63.2817
63.3228
63.3594
63.3914
63.4189
63.4418
63.4601
63.4738
63.483
63.4876
61.9973
61.9929
61.9839
61.9705
61.9527
61.9304
61.9037
61.8725
61.8369
61.7968
61.7524
61.7036
61.6504
61.593
61.5312
61.4651
61.3948
61.3203
61.2417
61.159
61.0722
60.9815
60.8869
60.7886
60.6865
60.5808
60.4717
60.3594
60.244
60.1259
60.0055
59.8833
59.7943
59.7395
59.6848
59.6303
59.5761
59.5224
59.4416
59.2323
59.2323
59.4416
59.5224
59.5761
59.6303
59.6848
59.7395
59.7943
59.8833
60.0055
60.1259
60.244
60.3594
60.4717
60.5808
60.6865
60.7886
60.8869
60.9815
61.0722
61.159
61.2417
61.3203
61.3948
61.4651
61.5312
61.593
61.6504
61.7036
61.7524
61.7968
61.8369
61.8725
61.9037
61.9304
61.9527
61.9705
61.9839
61.9929
61.9973
60.5116
60.5072
60.4985
60.4855
60.4681
60.4464
60.4204
60.39
60.3553
60.3164
60.2731
60.2256
60.1739
60.1179
60.0578
59.9934
59.925
59.8525
59.7759
59.6954
59.6109
59.5225
59.4303
59.3344
59.2349
59.1319
59.0255
58.9158
58.8031
58.6877
58.5699
58.4503
58.3629
58.3091
58.2553
58.2016
58.1481
58.095
58.0207
57.8175
57.8175
58.0207
58.095
58.1481
58.2016
58.2553
58.3091
58.3629
58.4503
58.5699
58.6877
58.8031
58.9158
59.0255
59.1319
59.2349
59.3344
59.4303
59.5225
59.6109
59.6954
59.7759
59.8525
59.925
59.9934
60.0578
60.1179
60.1739
60.2256
60.2731
60.3164
60.3553
60.39
60.4204
60.4464
60.4681
60.4855
60.4985
60.5072
60.5116
59.0301
59.0259
59.0174
59.0047
58.9878
58.9667
58.9414
58.9118
58.8781
58.8402
58.7981
58.7519
58.7015
58.6471
58.5885
58.5259
58.4593
58.3887
58.3141
58.2357
58.1534
58.0673
57.9774
57.884
57.7869
57.6863
57.5824
57.4753
57.365
57.252
57.1363
57.0184
56.9321
56.8787
56.8252
56.7718
56.7184
56.6654
56.5977
56.4003
56.4003
56.5977
56.6654
56.7184
56.7718
56.8252
56.8787
56.9321
57.0184
57.1363
57.252
57.365
57.4753
57.5824
57.6863
57.7869
57.884
57.9774
58.0673
58.1534
58.2357
58.3141
58.3887
58.4593
58.5259
58.5885
58.6471
58.7015
58.7519
58.7981
58.8402
58.8781
58.9118
58.9414
58.9667
58.9878
59.0047
59.0174
59.0259
59.0301
57.5529
57.5488
57.5406
57.5282
57.5118
57.4912
57.4666
57.4379
57.405
57.3682
57.3272
57.2823
57.2333
57.1803
57.1233
57.0624
56.9976
56.9288
56.8562
56.7798
56.6997
56.6158
56.5282
56.437
56.3423
56.2441
56.1426
56.0378
55.9298
55.8188
55.7049
55.5883
55.5023
55.449
55.3952
55.3412
55.287
55.2332
55.1721
54.9818
54.9818
55.1721
55.2332
55.287
55.3412
55.3952
55.449
55.5023
55.5883
55.7049
55.8188
55.9298
56.0378
56.1426
56.2441
56.3423
56.437
56.5282
56.6158
56.6997
56.7798
56.8562
56.9288
56.9976
57.0624
57.1233
57.1803
57.2333
57.2823
57.3272
57.3682
57.405
57.4379
57.4666
57.4912
57.5118
57.5282
57.5406
57.5488
57.5529
56.0798
56.0758
56.0678
56.0558
56.0399
56.0199
55.9959
55.968
55.9361
55.9002
55.8604
55.8167
55.769
55.7175
55.6621
55.6028
55.5397
55.4728
55.4022
55.3278
55.2497
55.168
55.0826
54.9937
54.9012
54.8053
54.706
54.6034
54.4975
54.3884
54.2762
54.1607
54.0748
54.0212
53.9667
53.9111
53.854
53.7948
53.7325
53.6243
53.6243
53.7325
53.7948
53.854
53.9111
53.9667
54.0212
54.0748
54.1607
54.2762
54.3884
54.4975
54.6034
54.706
54.8053
54.9012
54.9937
55.0826
55.168
55.2497
55.3278
55.4022
55.4728
55.5397
55.6028
55.6621
55.7175
55.769
55.8167
55.8604
55.9002
55.9361
55.968
55.9959
56.0199
56.0399
56.0558
56.0678
56.0758
56.0798
54.6109
54.607
54.5992
54.5875
54.572
54.5526
54.5293
54.5021
54.4711
54.4363
54.3976
54.3551
54.3088
54.2586
54.2048
54.1471
54.0858
54.0207
53.9519
53.8795
53.8035
53.7238
53.6406
53.5539
53.4637
53.37
53.2729
53.1724
53.0686
52.9613
52.8507
52.7365
52.6512
52.5979
52.5437
52.4885
52.4321
52.3747
52.3153
52.2113
52.2113
52.3153
52.3747
52.4321
52.4885
52.5437
52.5979
52.6512
52.7365
52.8507
52.9613
53.0686
53.1724
53.2729
53.37
53.4637
53.5539
53.6406
53.7238
53.8035
53.8795
53.9519
54.0207
54.0858
54.1471
54.2048
54.2586
54.3088
54.3551
54.3976
54.4363
54.4711
54.5021
54.5293
54.5526
54.572
54.5875
54.5992
54.607
54.6109
53.1457
53.142
53.1344
53.1231
53.108
53.0891
53.0665
53.0402
53.01
52.9762
52.9386
52.8973
52.8523
52.8036
52.7512
52.6952
52.6355
52.5722
52.5053
52.4348
52.3608
52.2832
52.2022
52.1176
52.0295
51.938
51.8431
51.7448
51.6429
51.5376
51.4288
51.3162
51.232
51.1793
51.1258
51.0713
51.0159
50.9596
50.9014
50.8005
50.8005
50.9014
50.9596
51.0159
51.0713
51.1258
51.1793
51.232
51.3162
51.4288
51.5376
51.6429
51.7448
51.8431
51.938
52.0295
52.1176
52.2022
52.2832
52.3608
52.4348
52.5053
52.5722
52.6355
52.6952
52.7512
52.8036
52.8523
52.8973
52.9386
52.9762
53.01
53.0402
53.0665
53.0891
53.108
53.1231
53.1344
53.142
53.1457
51.6844
51.6808
51.6734
51.6624
51.6478
51.6295
51.6075
51.5819
51.5527
51.5198
51.4833
51.4432
51.3995
51.3522
51.3013
51.2469
51.1889
51.1273
51.0623
50.9937
50.9217
50.8462
50.7672
50.6848
50.5989
50.5096
50.4168
50.3206
50.2208
50.1175
50.0106
49.8998
49.8169
49.7651
49.7124
49.6589
49.6045
49.5491
49.492
49.3942
49.3942
49.492
49.5491
49.6045
49.6589
49.7124
49.7651
49.8169
49.8998
50.0106
50.1175
50.2208
50.3206
50.4168
50.5096
50.5989
50.6848
50.7672
50.8462
50.9217
50.9937
51.0623
51.1273
51.1889
51.2469
51.3013
51.3522
51.3995
51.4432
51.4833
51.5198
51.5527
51.5819
51.6075
51.6295
51.6478
51.6624
51.6734
51.6808
51.6844
50.2268
50.2232
50.2161
50.2054
50.1912
50.1735
50.1522
50.1273
50.099
50.0671
50.0316
49.9927
49.9503
49.9044
49.855
49.8021
49.7458
49.686
49.6228
49.5561
49.4861
49.4126
49.3357
49.2554
49.1716
49.0845
48.9939
48.8999
48.8023
48.7011
48.5962
48.4875
48.4061
48.3552
48.3035
48.2509
48.1975
48.1432
48.0872
47.9925
47.9925
48.0872
48.1432
48.1975
48.2509
48.3035
48.3552
48.4061
48.4875
48.5962
48.7011
48.8023
48.8999
48.9939
49.0845
49.1716
49.2554
49.3357
49.4126
49.4861
49.5561
49.6228
49.686
49.7458
49.8021
49.855
49.9044
49.9503
49.9927
50.0316
50.0671
50.099
50.1273
50.1522
50.1735
50.1912
50.2054
50.2161
50.2232
50.2268
48.7727
48.7692
48.7623
48.752
48.7382
48.721
48.7003
48.6763
48.6488
48.6178
48.5835
48.5457
48.5046
48.46
48.4121
48.3608
48.3061
48.2481
48.1867
48.1219
48.0538
47.9824
47.9076
47.8294
47.7478
47.6629
47.5745
47.4827
47.3873
47.2883
47.1857
47.0792
46.9994
46.9495
46.8988
46.8473
46.795
46.7418
46.6869
46.5952
46.5952
46.6869
46.7418
46.795
46.8473
46.8988
46.9495
46.9994
47.0792
47.1857
47.2883
47.3873
47.4827
47.5745
47.6629
47.7478
47.8294
47.9076
47.9824
48.0538
48.1219
48.1867
48.2481
48.3061
48.3608
48.4121
48.46
48.5046
48.5457
48.5835
48.6178
48.6488
48.6763
48.7003
48.721
48.7382
48.752
48.7623
48.7692
48.7727
47.322
47.3187
47.312
47.302
47.2886
47.272
47.252
47.2286
47.202
47.172
47.1387
47.1022
47.0623
47.0191
46.9726
46.9229
46.8699
46.8136
46.754
46.6911
46.625
46.5555
46.4828
46.4068
46.3274
46.2447
46.1586
46.069
45.9759
45.8793
45.7789
45.6748
45.5967
45.5479
45.4983
45.4479
45.3967
45.3446
45.2909
45.2024
45.2024
45.2909
45.3446
45.3967
45.4479
45.4983
45.5479
45.5967
45.6748
45.7789
45.8793
45.9759
46.069
46.1586
46.2447
46.3274
46.4068
46.4828
46.5555
46.625
46.6911
46.754
46.8136
46.8699
46.9229
46.9726
47.0191
47.0623
47.1022
47.1387
47.172
47.202
47.2286
47.252
47.272
47.2886
47.302
47.312
47.3187
47.322
45.8747
45.8714
45.865
45.8553
45.8424
45.8262
45.8069
45.7843
45.7585
45.7295
45.6973
45.6619
45.6233
45.5814
45.5364
45.4882
45.4369
45.3823
45.3245
45.2636
45.1994
45.132
45.0614
44.9875
44.9104
44.8299
44.7461
44.6589
44.5682
44.4739
44.376
44.2743
44.1981
44.1504
44.1019
44.0526
44.0026
43.9517
43.8991
43.8138
43.8138
43.8991
43.9517
44.0026
44.0526
44.1019
44.1504
44.1981
44.2743
44.376
44.4739
44.5682
44.6589
44.7461
44.8299
44.9104
44.9875
45.0614
45.132
45.1994
45.2636
45.3245
45.3823
45.4369
45.4882
45.5364
45.5814
45.6233
45.6619
45.6973
45.7295
45.7585
45.7843
45.8069
45.8262
45.8424
45.8553
45.865
45.8714
45.8747
44.4306
44.4275
44.4212
44.4118
44.3994
44.3838
44.365
44.3432
44.3183
44.2902
44.2591
44.2248
44.1874
44.147
44.1034
44.0568
44.007
43.9542
43.8983
43.8392
43.777
43.7117
43.6432
43.5715
43.4967
43.4185
43.3371
43.2522
43.164
43.0722
42.9768
42.8777
42.8034
42.7568
42.7095
42.6615
42.6126
42.5629
42.5116
42.4295
42.4295
42.5116
42.5629
42.6126
42.6615
42.7095
42.7568
42.8034
42.8777
42.9768
43.0722
43.164
43.2522
43.3371
43.4185
43.4967
43.5715
43.6432
43.7117
43.777
43.8392
43.8983
43.9542
44.007
44.0568
44.1034
44.147
44.1874
44.2248
44.2591
44.2902
44.3183
44.3432
44.365
44.3838
44.3994
44.4118
44.4212
44.4275
44.4306
42.9896
42.9866
42.9806
42.9715
42.9595
42.9444
42.9263
42.9052
42.8811
42.854
42.8239
42.7908
42.7547
42.7156
42.6735
42.6284
42.5803
42.5292
42.4751
42.418
42.3578
42.2945
42.2282
42.1588
42.0862
42.0104
41.9314
41.849
41.7633
41.6741
41.5813
41.4849
41.4125
41.3672
41.3212
41.2743
41.2267
41.1783
41.1283
41.0493
41.0493
41.1283
41.1783
41.2267
41.2743
41.3212
41.3672
41.4125
41.4849
41.5813
41.6741
41.7633
41.849
41.9314
42.0104
42.0862
42.1588
42.2282
42.2945
42.3578
42.418
42.4751
42.5292
42.5803
42.6284
42.6735
42.7156
42.7547
42.7908
42.8239
42.854
42.8811
42.9052
42.9263
42.9444
42.9595
42.9715
42.9806
42.9866
42.9896
41.5517
41.5487
41.5429
41.5342
41.5226
41.508
41.4906
41.4702
41.447
41.4208
41.3918
41.3598
41.325
41.2873
41.2466
41.2031
41.1566
41.1073
41.055
40.9998
40.9416
40.8805
40.8163
40.7492
40.6789
40.6055
40.529
40.4492
40.3661
40.2795
40.1895
40.0958
40.0255
39.9815
39.9367
39.8912
39.8449
39.7978
39.7492
39.6734
39.6734
39.7492
39.7978
39.8449
39.8912
39.9367
39.9815
40.0255
40.0958
40.1895
40.2795
40.3661
40.4492
40.529
40.6055
40.6789
40.7492
40.8163
40.8805
40.9416
40.9998
41.055
41.1073
41.1566
41.2031
41.2466
41.2873
41.325
41.3598
41.3918
41.4208
41.447
41.4702
41.4906
41.508
41.5226
41.5342
41.5429
41.5487
41.5517
40.1166
40.1138
40.1082
40.0998
40.0886
40.0746
40.0578
40.0381
40.0157
39.9905
39.9625
39.9317
39.8982
39.8618
39.8226
39.7806
39.7358
39.6882
39.6378
39.5845
39.5284
39.4694
39.4075
39.3426
39.2748
39.2039
39.1298
39.0527
38.9722
38.8885
38.8013
38.7105
38.6423
38.5997
38.5562
38.512
38.467
38.4213
38.3741
38.3015
38.3015
38.3741
38.4213
38.467
38.512
38.5562
38.5997
38.6423
38.7105
38.8013
38.8885
38.9722
39.0527
39.1298
39.2039
39.2748
39.3426
39.4075
39.4694
39.5284
39.5845
39.6378
39.6882
39.7358
39.7806
39.8226
39.8618
39.8982
39.9317
39.9625
39.9905
40.0157
40.0381
40.0578
40.0746
40.0886
40.0998
40.1082
40.1138
40.1166
38.6844
38.6817
38.6763
38.6682
38.6574
38.6439
38.6277
38.6089
38.5873
38.563
38.5361
38.5065
38.4741
38.4391
38.4014
38.361
38.3179
38.272
38.2235
38.1722
38.1181
38.0613
38.0016
37.9391
37.8736
37.8053
37.7339
37.6594
37.5818
37.5009
37.4166
37.3289
37.2629
37.2216
37.1795
37.1367
37.0931
37.0488
37.0031
36.9337
36.9337
37.0031
37.0488
37.0931
37.1367
37.1795
37.2216
37.2629
37.3289
37.4166
37.5009
37.5818
37.6594
37.7339
37.8053
37.8736
37.9391
38.0016
38.0613
38.1181
38.1722
38.2235
38.272
38.3179
38.361
38.4014
38.4391
38.4741
38.5065
38.5361
38.563
38.5873
38.6089
38.6277
38.6439
38.6574
38.6682
38.6763
38.6817
38.6844
37.2548
37.2522
37.247
37.2393
37.2289
37.2159
37.2004
37.1823
37.1615
37.1382
37.1123
37.0839
37.0528
37.0191
36.9829
36.944
36.9026
36.8585
36.8119
36.7626
36.7106
36.6559
36.5985
36.5384
36.4755
36.4097
36.341
36.2693
36.1946
36.1166
36.0354
35.9508
35.8871
35.8472
35.8066
35.7653
35.7231
35.6803
35.636
35.57
35.57
35.636
35.6803
35.7231
35.7653
35.8066
35.8472
35.8871
35.9508
36.0354
36.1166
36.1946
36.2693
36.341
36.4097
36.4755
36.5384
36.5985
36.6559
36.7106
36.7626
36.8119
36.8585
36.9026
36.944
36.9829
37.0191
37.0528
37.0839
37.1123
37.1382
37.1615
37.1823
37.2004
37.2159
37.2289
37.2393
37.247
37.2522
37.2548
35.8279
35.8254
35.8204
35.813
35.803
35.7906
35.7757
35.7583
35.7384
35.716
35.6912
35.6638
35.634
35.6017
35.567
35.5297
35.4899
35.4477
35.4029
35.3556
35.3057
35.2533
35.1983
35.1406
35.0802
35.0171
34.9511
34.8823
34.8105
34.7356
34.6576
34.5762
34.515
34.4766
34.4375
34.3976
34.357
34.3157
34.273
34.2102
34.2102
34.273
34.3157
34.357
34.3976
34.4375
34.4766
34.515
34.5762
34.6576
34.7356
34.8105
34.8823
34.9511
35.0171
35.0802
35.1406
35.1983
35.2533
35.3057
35.3556
35.4029
35.4477
35.4899
35.5297
35.567
35.6017
35.634
35.6638
35.6912
35.716
35.7384
35.7583
35.7757
35.7906
35.803
35.813
35.8204
35.8254
35.8279
34.4034
34.401
34.3963
34.3891
34.3796
34.3677
34.3534
34.3367
34.3177
34.2963
34.2725
34.2463
34.2178
34.1868
34.1535
34.1179
34.0798
34.0393
33.9965
33.9512
33.9035
33.8533
33.8006
33.7454
33.6876
33.6272
33.5641
33.4983
33.4295
33.3579
33.2831
33.2051
33.1464
33.1095
33.072
33.0337
32.9947
32.955
32.914
32.8545
32.8545
32.914
32.955
32.9947
33.0337
33.072
33.1095
33.1464
33.2051
33.2831
33.3579
33.4295
33.4983
33.5641
33.6272
33.6876
33.7454
33.8006
33.8533
33.9035
33.9512
33.9965
34.0393
34.0798
34.1179
34.1535
34.1868
34.2178
34.2463
34.2725
34.2963
34.3177
34.3367
34.3534
34.3677
34.3796
34.3891
34.3963
34.401
34.4034
32.9813
32.9791
32.9745
32.9677
32.9586
32.9472
32.9335
32.9176
32.8994
32.8789
32.8562
32.8311
32.8039
32.7743
32.7425
32.7084
32.672
32.6334
32.5925
32.5492
32.5037
32.4558
32.4055
32.3528
32.2977
32.2401
32.1799
32.1171
32.0515
31.9832
31.9118
31.8374
31.7812
31.746
31.7101
31.6735
31.6362
31.5981
31.5589
31.5028
31.5028
31.5589
31.5981
31.6362
31.6735
31.7101
31.746
31.7812
31.8374
31.9118
31.9832
32.0515
32.1171
32.1799
32.2401
32.2977
32.3528
32.4055
32.4558
32.5037
32.5492
32.5925
32.6334
32.672
32.7084
32.7425
32.7743
32.8039
32.8311
32.8562
32.8789
32.8994
32.9176
32.9335
32.9472
32.9586
32.9677
32.9745
32.9791
32.9813
31.5615
31.5594
31.555
31.5485
31.5398
31.5289
31.5159
31.5007
31.4833
31.4638
31.4421
31.4182
31.3922
31.3641
31.3337
31.3012
31.2666
31.2298
31.1908
31.1496
31.1062
31.0606
31.0128
30.9627
30.9103
30.8555
30.7983
30.7386
30.6764
30.6114
30.5437
30.4729
30.4195
30.386
30.3519
30.317
30.2814
30.2451
30.2077
30.155
30.155
30.2077
30.2451
30.2814
30.317
30.3519
30.386
30.4195
30.4729
30.5437
30.6114
30.6764
30.7386
30.7983
30.8555
30.9103
30.9627
31.0128
31.0606
31.1062
31.1496
31.1908
31.2298
31.2666
31.3012
31.3337
31.3641
31.3922
31.4182
31.4421
31.4638
31.4833
31.5007
31.5159
31.5289
31.5398
31.5485
31.555
31.5594
31.5615
30.1439
30.1418
30.1377
30.1315
30.1232
30.1129
30.1005
30.086
30.0695
30.0509
30.0302
30.0075
29.9828
29.956
29.9271
29.8962
29.8633
29.8283
29.7912
29.7521
29.7109
29.6677
29.6223
29.5748
29.5252
29.4733
29.4192
29.3628
29.3039
29.2425
29.1785
29.1116
29.0611
29.0294
28.9971
28.9641
28.9303
28.8959
28.8604
28.8112
28.8112
28.8604
28.8959
28.9303
28.9641
28.9971
29.0294
29.0611
29.1116
29.1785
29.2425
29.3039
29.3628
29.4192
29.4733
29.5252
29.5748
29.6223
29.6677
29.7109
29.7521
29.7912
29.8283
29.8633
29.8962
29.9271
29.956
29.9828
30.0075
30.0302
30.0509
30.0695
30.086
30.1005
30.1129
30.1232
30.1315
30.1377
30.1418
30.1439
28.7284
28.7264
28.7225
28.7166
28.7087
28.6989
28.6871
28.6733
28.6576
28.64
28.6204
28.5988
28.5753
28.5499
28.5226
28.4933
28.462
28.4289
28.3938
28.3567
28.3178
28.2769
28.234
28.1891
28.1423
28.0934
28.0424
27.9893
27.9339
27.8763
27.8161
27.7533
27.7059
27.6761
27.6457
27.6146
27.5829
27.5505
27.5169
27.4714
27.4714
27.5169
27.5505
27.5829
27.6146
27.6457
27.6761
27.7059
27.7533
27.8161
27.8763
27.9339
27.9893
28.0424
28.0934
28.1423
28.1891
28.234
28.2769
28.3178
28.3567
28.3938
28.4289
28.462
28.4933
28.5226
28.5499
28.5753
28.5988
28.6204
28.64
28.6576
28.6733
28.6871
28.6989
28.7087
28.7166
28.7225
28.7264
28.7284
27.3148
27.3129
27.3092
27.3036
27.2961
27.2868
27.2757
27.2626
27.2478
27.231
27.2125
27.1921
27.1699
27.1458
27.1199
27.0922
27.0627
27.0314
26.9982
26.9633
26.9266
26.888
26.8477
26.8055
26.7615
26.7156
26.6678
26.6181
26.5663
26.5125
26.4564
26.3979
26.3537
26.326
26.2976
26.2686
26.239
26.2087
26.1774
26.1356
26.1356
26.1774
26.2087
26.239
26.2686
26.2976
26.326
26.3537
26.3979
26.4564
26.5125
26.5663
26.6181
26.6678
26.7156
26.7615
26.8055
26.8477
26.888
26.9266
26.9633
26.9982
27.0314
27.0627
27.0922
27.1199
27.1458
27.1699
27.1921
27.2125
27.231
27.2478
27.2626
27.2757
27.2868
27.2961
27.3036
27.3092
27.3129
27.3148
25.903
25.9013
25.8978
25.8925
25.8854
25.8766
25.8661
25.8538
25.8397
25.824
25.8064
25.7872
25.7662
25.7435
25.7191
25.693
25.6652
25.6357
25.6045
25.5717
25.5372
25.501
25.4631
25.4236
25.3825
25.3396
25.2951
25.2489
25.2008
25.1509
25.0991
25.0451
25.0044
24.9788
24.9527
24.926
24.8987
24.8706
24.8417
24.8037
24.8037
24.8417
24.8706
24.8987
24.926
24.9527
24.9788
25.0044
25.0451
25.0991
25.1509
25.2008
25.2489
25.2951
25.3396
25.3825
25.4236
25.4631
25.501
25.5372
25.5717
25.6045
25.6357
25.6652
25.693
25.7191
25.7435
25.7662
25.7872
25.8064
25.824
25.8397
25.8538
25.8661
25.8766
25.8854
25.8925
25.8978
25.9013
25.903
24.4931
24.4914
24.4881
24.4831
24.4765
24.4682
24.4583
24.4467
24.4335
24.4186
24.4021
24.384
24.3643
24.3429
24.32
24.2955
24.2694
24.2417
24.2125
24.1817
24.1494
24.1156
24.0803
24.0435
24.0052
23.9654
23.9242
23.8814
23.8372
23.7914
23.7439
23.6947
23.6577
23.6345
23.6107
23.5865
23.5617
23.5362
23.5098
23.4759
23.4759
23.5098
23.5362
23.5617
23.5865
23.6107
23.6345
23.6577
23.6947
23.7439
23.7914
23.8372
23.8814
23.9242
23.9654
24.0052
24.0435
24.0803
24.1156
24.1494
24.1817
24.2125
24.2417
24.2694
24.2955
24.32
24.3429
24.3643
24.384
24.4021
24.4186
24.4335
24.4467
24.4583
24.4682
24.4765
24.4831
24.4881
24.4914
24.4931
23.0848
23.0832
23.0801
23.0754
23.0692
23.0614
23.0521
23.0412
23.0288
23.0149
22.9994
22.9824
22.9639
22.944
22.9225
22.8995
22.8751
22.8493
22.822
22.7933
22.7632
22.7317
22.6989
22.6648
22.6293
22.5926
22.5547
22.5155
22.4751
22.4335
22.3906
22.3463
22.3133
22.2926
22.2715
22.2499
22.2279
22.2053
22.1819
22.1522
22.1522
22.1819
22.2053
22.2279
22.2499
22.2715
22.2926
22.3133
22.3463
22.3906
22.4335
22.4751
22.5155
22.5547
22.5926
22.6293
22.6648
22.6989
22.7317
22.7632
22.7933
22.822
22.8493
22.8751
22.8995
22.9225
22.944
22.9639
22.9824
22.9994
23.0149
23.0288
23.0412
23.0521
23.0614
23.0692
23.0754
23.0801
23.0832
23.0848
21.678
21.6766
21.6737
21.6693
21.6635
21.6562
21.6475
21.6373
21.6257
21.6127
21.5982
21.5824
21.5651
21.5465
21.5264
21.505
21.4823
21.4582
21.4329
21.4062
21.3783
21.3492
21.3189
21.2874
21.2548
21.2211
21.1864
21.1508
21.1142
21.0768
21.0385
20.9995
20.9706
20.9526
20.9344
20.9159
20.8971
20.8778
20.8578
20.8329
20.8329
20.8578
20.8778
20.8971
20.9159
20.9344
20.9526
20.9706
20.9995
21.0385
21.0768
21.1142
21.1508
21.1864
21.2211
21.2548
21.2874
21.3189
21.3492
21.3783
21.4062
21.4329
21.4582
21.4823
21.505
21.5264
21.5465
21.5651
21.5824
21.5982
21.6127
21.6257
21.6373
21.6475
21.6562
21.6635
21.6693
21.6737
21.6766
21.678
20.2727
20.2714
20.2687
20.2646
20.2592
20.2524
20.2443
20.2348
20.224
20.2119
20.1985
20.1837
20.1677
20.1503
20.1318
20.1119
20.0908
20.0685
20.0451
20.0204
19.9947
19.9678
19.94
19.9111
19.8813
19.8506
19.8192
19.787
19.7542
19.721
19.6873
19.6535
19.629
19.6139
19.5989
19.5837
19.5686
19.5533
19.5375
19.5183
19.5183
19.5375
19.5533
19.5686
19.5837
19.5989
19.6139
19.629
19.6535
19.6873
19.721
19.7542
19.787
19.8192
19.8506
19.8813
19.9111
19.94
19.9678
19.9947
20.0204
20.0451
20.0685
20.0908
20.1119
20.1318
20.1503
20.1677
20.1837
20.1985
20.2119
20.224
20.2348
20.2443
20.2524
20.2592
20.2646
20.2687
20.2714
20.2727
18.8688
18.8676
18.865
18.8613
18.8562
18.85
18.8424
18.8337
18.8237
18.8124
18.8
18.7864
18.7715
18.7555
18.7383
18.72
18.7006
18.68
18.6584
18.6358
18.6121
18.5875
18.5621
18.5358
18.5087
18.4809
18.4526
18.4238
18.3947
18.3655
18.3364
18.3076
18.2875
18.2753
18.2634
18.2519
18.2408
18.2304
18.2207
18.2097
18.2097
18.2207
18.2304
18.2408
18.2519
18.2634
18.2753
18.2875
18.3076
18.3364
18.3655
18.3947
18.4238
18.4526
18.4809
18.5087
18.5358
18.5621
18.5875
18.6121
18.6358
18.6584
18.68
18.7006
18.72
18.7383
18.7555
18.7715
18.7864
18.8
18.8124
18.8237
18.8337
18.8424
18.85
18.8562
18.8613
18.865
18.8676
18.8688
17.4661
17.465
17.4627
17.4592
17.4545
17.4488
17.4418
17.4338
17.4245
17.4142
17.4028
17.3902
17.3765
17.3618
17.346
17.3292
17.3114
17.2926
17.2728
17.2521
17.2305
17.2082
17.185
17.1612
17.1367
17.1118
17.0865
17.0609
17.0353
17.0099
16.985
16.961
16.9447
16.9351
16.9261
16.9177
16.9101
16.9036
16.8985
16.8953
16.8953
16.8985
16.9036
16.9101
16.9177
16.9261
16.9351
16.9447
16.961
16.985
17.0099
17.0353
17.0609
17.0865
17.1118
17.1367
17.1612
17.185
17.2082
17.2305
17.2521
17.2728
17.2926
17.3114
17.3292
17.346
17.3618
17.3765
17.3902
17.4028
17.4142
17.4245
17.4338
17.4418
17.4488
17.4545
17.4592
17.4627
17.465
17.4661
16.0646
16.0636
16.0614
16.0583
16.054
16.0487
16.0424
16.035
16.0265
16.0171
16.0066
15.9951
15.9826
15.9692
15.9548
15.9394
15.9232
15.9061
15.8881
15.8693
15.8498
15.8295
15.8086
15.7872
15.7653
15.743
15.7206
15.6981
15.6757
15.6538
15.6327
15.6128
15.5998
15.5923
15.5854
15.5792
15.5739
15.5696
15.5666
15.5649
15.5649
15.5666
15.5696
15.5739
15.5792
15.5854
15.5923
15.5998
15.6128
15.6327
15.6538
15.6757
15.6981
15.7206
15.743
15.7653
15.7872
15.8086
15.8295
15.8498
15.8693
15.8881
15.9061
15.9232
15.9394
15.9548
15.9692
15.9826
15.9951
16.0066
16.0171
16.0265
16.035
16.0424
16.0487
16.054
16.0583
16.0614
16.0636
16.0646
14.6642
14.6632
14.6613
14.6584
14.6545
14.6497
14.6439
14.6372
14.6296
14.621
14.6115
14.601
14.5897
14.5775
14.5645
14.5506
14.5359
14.5204
14.5042
14.4873
14.4697
14.4515
14.4328
14.4137
14.3942
14.3745
14.3547
14.3351
14.3157
14.297
14.2792
14.2627
14.2523
14.2464
14.2411
14.2364
14.2325
14.2295
14.2274
14.2263
14.2263
14.2274
14.2295
14.2325
14.2364
14.2411
14.2464
14.2523
14.2627
14.2792
14.297
14.3157
14.3351
14.3547
14.3745
14.3942
14.4137
14.4328
14.4515
14.4697
14.4873
14.5042
14.5204
14.5359
14.5506
14.5645
14.5775
14.5897
14.601
14.6115
14.621
14.6296
14.6372
14.6439
14.6497
14.6545
14.6584
14.6613
14.6632
14.6642
13.2647
13.2638
13.2621
13.2595
13.256
13.2517
13.2465
13.2404
13.2335
13.2258
13.2172
13.2078
13.1977
13.1867
13.175
13.1625
13.1494
13.1355
13.121
13.1059
13.0902
13.074
13.0574
13.0405
13.0233
13.0061
12.9888
12.9717
12.9551
12.9392
12.9242
12.9107
12.9023
12.8976
12.8934
12.8898
12.8868
12.8846
12.883
12.8822
12.8822
12.883
12.8846
12.8868
12.8898
12.8934
12.8976
12.9023
12.9107
12.9242
12.9392
12.9551
12.9717
12.9888
13.0061
13.0233
13.0405
13.0574
13.074
13.0902
13.1059
13.121
13.1355
13.1494
13.1625
13.175
13.1867
13.1977
13.2078
13.2172
13.2258
13.2335
13.2404
13.2465
13.2517
13.256
13.2595
13.2621
13.2638
13.2647
11.8661
11.8653
11.8638
11.8614
11.8583
11.8545
11.8498
11.8445
11.8383
11.8314
11.8238
11.8155
11.8064
11.7967
11.7863
11.7752
11.7635
11.7512
11.7384
11.725
11.7112
11.697
11.6824
11.6676
11.6526
11.6376
11.6227
11.608
11.5938
11.5804
11.5679
11.5568
11.55
11.5462
11.5429
11.54
11.5377
11.5359
11.5347
11.5341
11.5341
11.5347
11.5359
11.5377
11.54
11.5429
11.5462
11.55
11.5568
11.5679
11.5804
11.5938
11.608
11.6227
11.6376
11.6526
11.6676
11.6824
11.697
11.7112
11.725
11.7384
11.7512
11.7635
11.7752
11.7863
11.7967
11.8064
11.8155
11.8238
11.8314
11.8383
11.8445
11.8498
11.8545
11.8583
11.8614
11.8638
11.8653
11.8661
10.4683
10.4676
10.4662
10.4642
10.4615
10.4581
10.454
10.4492
10.4438
10.4378
10.4311
10.4238
10.4158
10.4073
10.3982
10.3885
10.3783
10.3675
10.3563
10.3447
10.3326
10.3203
10.3076
10.2948
10.2819
10.269
10.2562
10.2438
10.2318
10.2205
10.2102
10.2011
10.1956
10.1925
10.1899
10.1876
10.1857
10.1843
10.1834
10.1829
10.1829
10.1834
10.1843
10.1857
10.1876
10.1899
10.1925
10.1956
10.2011
10.2102
10.2205
10.2318
10.2438
10.2562
10.269
10.2819
10.2948
10.3076
10.3203
10.3326
10.3447
10.3563
10.3675
10.3783
10.3885
10.3982
10.4073
10.4158
10.4238
10.4311
10.4378
10.4438
10.4492
10.454
10.4581
10.4615
10.4642
10.4662
10.4676
10.4683
9.07113
9.07054
9.06936
9.06759
9.06524
9.0623
9.05878
9.05469
9.05003
9.04481
9.03903
9.03272
9.02587
9.01851
9.01065
9.00231
8.99351
8.98428
8.97466
8.96467
8.95437
8.9438
8.93303
8.92212
8.91117
8.90027
8.88953
8.8791
8.86913
8.85979
8.8513
8.84386
8.83943
8.83699
8.83485
8.83304
8.83157
8.83045
8.8297
8.82933
8.82933
8.8297
8.83045
8.83157
8.83304
8.83485
8.83699
8.83943
8.84386
8.8513
8.85979
8.86913
8.8791
8.88953
8.90027
8.91117
8.92212
8.93303
8.9438
8.95437
8.96467
8.97466
8.98428
8.99351
9.00231
9.01065
9.01851
9.02587
9.03272
9.03903
9.04481
9.05003
9.05469
9.05878
9.0623
9.06524
9.06759
9.06936
9.07054
9.07113
7.67458
7.67408
7.67309
7.67159
7.66961
7.66713
7.66416
7.66071
7.65678
7.65238
7.64751
7.64219
7.63642
7.63022
7.62361
7.61659
7.6092
7.60145
7.59337
7.585
7.57638
7.56755
7.55857
7.54949
7.5404
7.53137
7.52252
7.51395
7.5058
7.49821
7.49134
7.48537
7.48183
7.47989
7.47819
7.47676
7.4756
7.47472
7.47413
7.47383
7.47383
7.47413
7.47472
7.4756
7.47676
7.47819
7.47989
7.48183
7.48537
7.49134
7.49821
7.5058
7.51395
7.52252
7.53137
7.5404
7.54949
7.55857
7.56755
7.57638
7.585
7.59337
7.60145
7.6092
7.61659
7.62361
7.63022
7.63642
7.64219
7.64751
7.65238
7.65678
7.66071
7.66416
7.66713
7.66961
7.67159
7.67309
7.67408
7.67458
6.27852
6.27812
6.2773
6.27609
6.27446
6.27244
6.27002
6.2672
6.264
6.26041
6.25644
6.2521
6.2474
6.24235
6.23696
6.23125
6.22524
6.21894
6.21238
6.20559
6.1986
6.19146
6.18419
6.17687
6.16956
6.16231
6.15522
6.14839
6.1419
6.1359
6.13049
6.1258
6.12304
6.12153
6.12021
6.1191
6.1182
6.11752
6.11706
6.11683
6.11683
6.11706
6.11752
6.1182
6.1191
6.12021
6.12153
6.12304
6.1258
6.13049
6.1359
6.1419
6.14839
6.15522
6.16231
6.16956
6.17687
6.18419
6.19146
6.1986
6.20559
6.21238
6.21894
6.22524
6.23125
6.23696
6.24235
6.2474
6.2521
6.25644
6.26041
6.264
6.2672
6.27002
6.27244
6.27446
6.27609
6.2773
6.27812
6.27852
4.88288
4.88256
4.88193
4.88098
4.87972
4.87815
4.87627
4.87409
4.8716
4.86882
4.86574
4.86237
4.85873
4.85482
4.85064
4.84622
4.84156
4.83669
4.83162
4.82638
4.82098
4.81547
4.80988
4.80426
4.79864
4.79309
4.78767
4.78246
4.77754
4.77299
4.7689
4.76538
4.76331
4.76218
4.76119
4.76036
4.75969
4.75918
4.75884
4.75867
4.75867
4.75884
4.75918
4.75969
4.76036
4.76119
4.76218
4.76331
4.76538
4.7689
4.77299
4.77754
4.78246
4.78767
4.79309
4.79864
4.80426
4.80988
4.81547
4.82098
4.82638
4.83162
4.83669
4.84156
4.84622
4.85064
4.85482
4.85873
4.86237
4.86574
4.86882
4.8716
4.87409
4.87627
4.87815
4.87972
4.88098
4.88193
4.88256
4.88288
3.48754
3.48732
3.48687
3.48619
3.4853
3.48418
3.48283
3.48128
3.4795
3.47752
3.47532
3.47293
3.47033
3.46754
3.46457
3.46142
3.45811
3.45464
3.45104
3.44731
3.44348
3.43957
3.43561
3.43162
3.42765
3.42374
3.41992
3.41625
3.4128
3.40961
3.40676
3.4043
3.40286
3.40208
3.40139
3.40082
3.40035
3.4
3.39976
3.39964
3.39964
3.39976
3.4
3.40035
3.40082
3.40139
3.40208
3.40286
3.4043
3.40676
3.40961
3.4128
3.41625
3.41992
3.42374
3.42765
3.43162
3.43561
3.43957
3.44348
3.44731
3.45104
3.45464
3.45811
3.46142
3.46457
3.46754
3.47033
3.47293
3.47532
3.47752
3.4795
3.48128
3.48283
3.48418
3.4853
3.48619
3.48687
3.48732
3.48754
2.09244
2.0923
2.09203
2.09163
2.09109
2.09042
2.08961
2.08868
2.08762
2.08643
2.08511
2.08368
2.08212
2.08045
2.07867
2.07679
2.0748
2.07273
2.07057
2.06835
2.06606
2.06372
2.06136
2.05898
2.05662
2.05428
2.05201
2.04984
2.04779
2.0459
2.04421
2.04276
2.04192
2.04145
2.04105
2.04071
2.04044
2.04023
2.04009
2.04002
2.04002
2.04009
2.04023
2.04044
2.04071
2.04105
2.04145
2.04192
2.04276
2.04421
2.0459
2.04779
2.04984
2.05201
2.05428
2.05662
2.05898
2.06136
2.06372
2.06606
2.06835
2.07057
2.07273
2.0748
2.07679
2.07867
2.08045
2.08212
2.08368
2.08511
2.08643
2.08762
2.08868
2.08961
2.09042
2.09109
2.09163
2.09203
2.0923
2.09244
0.697464
0.697419
0.697329
0.697194
0.697015
0.696791
0.696523
0.696212
0.695858
0.695462
0.695024
0.694546
0.694028
0.693472
0.692879
0.692251
0.691591
0.690901
0.690183
0.689442
0.688681
0.687904
0.687118
0.686328
0.685542
0.684768
0.684015
0.683293
0.682614
0.681989
0.681431
0.680952
0.680671
0.680518
0.680385
0.680273
0.680183
0.680114
0.680069
0.680046
0.680046
0.680069
0.680114
0.680183
0.680273
0.680385
0.680518
0.680671
0.680952
0.681431
0.681989
0.682614
0.683293
0.684015
0.684768
0.685542
0.686328
0.687118
0.687904
0.688681
0.689442
0.690183
0.690901
0.691591
0.692251
0.692879
0.693472
0.694028
0.694546
0.695024
0.695462
0.695858
0.696212
0.696523
0.696791
0.697015
0.697194
0.697329
0.697419
0.697464
)
;

boundaryField
{
    top
    {
        type            fixedValue;
        value           uniform 0;
    }
    inlet
    {
        type            darcyGradPressure;
        gradient        nonuniform List<scalar> 
80
(
9.81
9.81
4054.68
9800.18
9807.51
9808.73
9809.18
9809.41
9809.54
9809.63
9809.69
9809.74
9809.77
9809.8
9809.82
9809.83
9809.85
9809.86
9809.87
9809.88
9809.89
9809.89
9809.9
9809.9
9809.91
9809.91
9809.91
9809.92
9809.92
9809.92
9809.92
9809.93
9809.93
9809.93
9809.93
9809.93
9809.93
9809.93
9809.93
9809.93
9809.93
9809.93
9809.93
9809.93
9809.93
9809.93
9809.93
9809.93
9809.93
9809.92
9809.92
9809.92
9809.92
9809.91
9809.91
9809.91
9809.9
9809.9
9809.89
9809.89
9809.88
9809.87
9809.86
9809.85
9809.83
9809.82
9809.8
9809.77
9809.74
9809.69
9809.63
9809.54
9809.41
9809.18
9808.73
9807.51
9800.18
4054.68
9.81
9.81
)
;
        value           nonuniform List<scalar> 
80
(
104.706
104.825
181.48
482.873
689.287
863.145
1041.28
1215.19
1387.8
1556.94
1723.11
1881.26
2037.22
2196.59
2355.43
2513.49
2672.05
2829.63
2985.88
3140.44
3292.65
3443.05
3591.96
3739.18
3884.82
4029.2
4172.5
4314.58
4455.13
4593.81
4729.64
4860.19
4947.22
4997.7
5044.25
5085.86
5121.34
5149.43
5168.95
5178.97
5178.97
5168.95
5149.43
5121.34
5085.86
5044.25
4997.7
4947.22
4860.19
4729.64
4593.81
4455.13
4314.58
4172.5
4029.2
3884.82
3739.18
3591.96
3443.05
3292.65
3140.44
2985.88
2829.63
2672.05
2513.49
2355.43
2196.59
2037.22
1881.26
1723.11
1556.94
1387.8
1215.19
1041.28
863.145
689.287
482.873
181.48
104.825
104.706
)
;
    }
    axis
    {
        type            darcyGradPressure;
        gradient        uniform -0;
        value           nonuniform List<scalar> 
160
(
104.566
104.267
103.933
103.559
103.141
102.676
102.157
101.582
100.944
100.239
99.4604
98.6034
97.6609
96.626
95.4907
94.2467
92.7981
91.2046
89.6164
88.0337
86.4569
84.886
83.3211
81.7622
80.2091
78.6619
77.1205
75.5846
74.0544
72.5295
71.0099
69.4956
67.9863
66.4819
64.9824
63.4876
61.9973
60.5116
59.0301
57.5529
56.0798
54.6109
53.1457
51.6844
50.2268
48.7727
47.322
45.8747
44.4306
42.9896
41.5517
40.1166
38.6844
37.2548
35.8279
34.4034
32.9813
31.5615
30.1439
28.7284
27.3148
25.903
24.4931
23.0848
21.678
20.2727
18.8688
17.4661
16.0646
14.6642
13.2647
11.8661
10.4683
9.07113
7.67458
6.27852
4.88288
3.48754
2.09244
0.697464
104.566
104.267
103.933
103.559
103.141
102.676
102.157
101.582
100.944
100.239
99.4604
98.6034
97.6609
96.626
95.4907
94.2467
92.7981
91.2046
89.6164
88.0337
86.4569
84.886
83.3211
81.7622
80.2091
78.6619
77.1205
75.5846
74.0544
72.5295
71.0099
69.4956
67.9863
66.4819
64.9824
63.4876
61.9973
60.5116
59.0301
57.5529
56.0798
54.6109
53.1457
51.6844
50.2268
48.7727
47.322
45.8747
44.4306
42.9896
41.5517
40.1166
38.6844
37.2548
35.8279
34.4034
32.9813
31.5615
30.1439
28.7284
27.3148
25.903
24.4931
23.0848
21.678
20.2727
18.8688
17.4661
16.0646
14.6642
13.2647
11.8661
10.4683
9.07113
7.67458
6.27852
4.88288
3.48754
2.09244
0.697464
)
;
    }
    frontAndBack
    {
        type            empty;
    }
}


// ************************************************************************* //
