/*--------------------------------*- C++ -*----------------------------------*\
  =========                 |
  \\      /  F ield         | OpenFOAM: The Open Source CFD Toolbox
   \\    /   O peration     | Website:  https://openfoam.org
    \\  /    A nd           | Version:  11
     \\/     M anipulation  |
\*---------------------------------------------------------------------------*/
FoamFile
{
    format      ascii;
    class       volVectorField;
    location    "67";
    object      U;
}
// * * * * * * * * * * * * * * * * * * * * * * * * * * * * * * * * * * * * * //

dimensions      [0 1 -1 0 0 0 0];

internalField   nonuniform List<vector> 
2048
(
(1.00014 -0.000577193 0)
(1.00245 -0.00170972 0)
(1.00695 -0.0028342 0)
(1.01371 -0.0039645 0)
(1.02278 -0.00511053 0)
(1.03415 -0.00627483 0)
(1.04784 -0.00744996 0)
(1.06386 -0.00861658 0)
(1.08218 -0.00974259 0)
(1.1027 -0.010783 0)
(1.12519 -0.0116813 0)
(1.14934 -0.0123727 0)
(1.17467 -0.0127912 0)
(1.2006 -0.0128789 0)
(1.22643 -0.0125999 0)
(1.25142 -0.0119521 0)
(1.27483 -0.0109748 0)
(1.29603 -0.00974932 0)
(1.31458 -0.00838707 0)
(1.33027 -0.00701095 0)
(1.34316 -0.00573825 0)
(1.35357 -0.00467175 0)
(1.36201 -0.00389531 0)
(1.36913 -0.00346923 0)
(1.3757 -0.00342165 0)
(1.38249 -0.00374029 0)
(1.39022 -0.00436677 0)
(1.39948 -0.00519683 0)
(1.41057 -0.0060865 0)
(1.42351 -0.0068658 0)
(1.4379 -0.00735345 0)
(1.453 -0.00737994 0)
(1.46774 -0.00680046 0)
(1.48079 -0.00554254 0)
(1.4907 -0.00359604 0)
(1.49604 -0.00102997 0)
(1.49564 0.0020378 0)
(1.48871 0.00540015 0)
(1.47474 0.00883863 0)
(1.45374 0.0121412 0)
(1.4262 0.0151265 0)
(1.39294 0.0176592 0)
(1.35504 0.0196535 0)
(1.31367 0.0210754 0)
(1.27004 0.0219352 0)
(1.22525 0.0222727 0)
(1.18034 0.0221393 0)
(1.13618 0.0215871 0)
(1.09358 0.0206563 0)
(1.05326 0.0193798 0)
(1.01586 0.0177603 0)
(0.982138 0.0158132 0)
(0.952543 0.013474 0)
(0.928389 0.0108017 0)
(0.90924 0.00760916 0)
(0.898495 0.00412691 0)
(0.892197 2.06679e-05 0)
(0.900241 -0.00430058 0)
(0.90725 -0.00904701 0)
(0.941348 -0.0144218 0)
(0.957202 -0.0189711 0)
(1.02936 -0.0262322 0)
(1.04058 -0.0290378 0)
(1.17249 -0.039636 0)
(1.00014 -0.00172752 0)
(1.00243 -0.00511648 0)
(1.00688 -0.00848334 0)
(1.01359 -0.0118728 0)
(1.0226 -0.0153171 0)
(1.03393 -0.0188259 0)
(1.04762 -0.0223787 0)
(1.0637 -0.0259186 0)
(1.08218 -0.0293482 0)
(1.10296 -0.0325297 0)
(1.12585 -0.0352881 0)
(1.15054 -0.0374232 0)
(1.17655 -0.0387286 0)
(1.20326 -0.0390211 0)
(1.22992 -0.0381822 0)
(1.2557 -0.0361971 0)
(1.27979 -0.0331855 0)
(1.30148 -0.0294035 0)
(1.32028 -0.0252028 0)
(1.33598 -0.020965 0)
(1.34866 -0.0170495 0)
(1.35867 -0.0137698 0)
(1.36656 -0.0113849 0)
(1.37304 -0.0100847 0)
(1.37895 -0.00996261 0)
(1.38516 -0.0109854 0)
(1.39247 -0.0129732 0)
(1.40154 -0.0156026 0)
(1.41276 -0.018428 0)
(1.42616 -0.0209188 0)
(1.44136 -0.0225089 0)
(1.45757 -0.022678 0)
(1.4736 -0.0209928 0)
(1.48799 -0.0172101 0)
(1.49916 -0.01128 0)
(1.50552 -0.0034377 0)
(1.5058 0.00596166 0)
(1.49907 0.0162675 0)
(1.48484 0.0268025 0)
(1.46316 0.0369031 0)
(1.43461 0.0459958 0)
(1.40011 0.0536633 0)
(1.36084 0.0596601 0)
(1.31809 0.0639036 0)
(1.27313 0.066438 0)
(1.22713 0.06739 0)
(1.18113 0.0669215 0)
(1.136 0.0651976 0)
(1.09253 0.0623487 0)
(1.05141 0.0584752 0)
(1.01326 0.0535875 0)
(0.978807 0.047732 0)
(0.948474 0.0407198 0)
(0.923592 0.0327075 0)
(0.903716 0.0231071 0)
(0.892378 0.0126461 0)
(0.885537 0.000244274 0)
(0.892933 -0.0126956 0)
(0.899106 -0.0269299 0)
(0.931251 -0.0427339 0)
(0.94529 -0.0561731 0)
(1.01338 -0.0774875 0)
(1.02287 -0.0856206 0)
(1.14916 -0.117384 0)
(1.00013 -0.00285922 0)
(1.00238 -0.00846932 0)
(1.00674 -0.0140514 0)
(1.01332 -0.0196888 0)
(1.0222 -0.0254436 0)
(1.03342 -0.0313399 0)
(1.04708 -0.0373513 0)
(1.06326 -0.0433874 0)
(1.08201 -0.0492857 0)
(1.10331 -0.0548062 0)
(1.127 -0.0596373 0)
(1.15279 -0.0634194 0)
(1.18018 -0.0657762 0)
(1.2085 -0.0663704 0)
(1.23688 -0.0649708 0)
(1.26433 -0.0615264 0)
(1.28983 -0.0562408 0)
(1.31253 -0.0495832 0)
(1.33183 -0.0421948 0)
(1.34753 -0.0347536 0)
(1.35975 -0.0278847 0)
(1.36891 -0.0221327 0)
(1.37564 -0.0179541 0)
(1.38076 -0.015695 0)
(1.38526 -0.0155431 0)
(1.39019 -0.01746 0)
(1.39656 -0.021139 0)
(1.40522 -0.0260096 0)
(1.41667 -0.0312819 0)
(1.43103 -0.0360093 0)
(1.4479 -0.0391803 0)
(1.46638 -0.0398301 0)
(1.4851 -0.0371939 0)
(1.50234 -0.0308189 0)
(1.51615 -0.0206329 0)
(1.5247 -0.00700672 0)
(1.52639 0.00929722 0)
(1.52012 0.027198 0)
(1.50536 0.0454749 0)
(1.48226 0.0629362 0)
(1.45157 0.078575 0)
(1.41447 0.0916514 0)
(1.37239 0.101748 0)
(1.32682 0.108763 0)
(1.27919 0.112832 0)
(1.23075 0.114223 0)
(1.18256 0.113247 0)
(1.1355 0.110203 0)
(1.09031 0.105321 0)
(1.04761 0.0987716 0)
(1.00797 0.0905694 0)
(0.972075 0.0807939 0)
(0.940238 0.0691226 0)
(0.913861 0.0557523 0)
(0.892627 0.0396497 0)
(0.880071 0.0221399 0)
(0.871767 0.00148538 0)
(0.876376 -0.0194221 0)
(0.87857 -0.0422575 0)
(0.903978 -0.066778 0)
(0.911827 -0.0881997 0)
(0.971867 -0.122618 0)
(0.977051 -0.135916 0)
(1.09793 -0.190735 0)
(1.00013 -0.00395229 0)
(1.00229 -0.0117122 0)
(1.00649 -0.0194541 0)
(1.01285 -0.0273112 0)
(1.02147 -0.0353878 0)
(1.03247 -0.043734 0)
(1.04601 -0.0523317 0)
(1.06226 -0.0610673 0)
(1.08137 -0.0697206 0)
(1.10339 -0.0779392 0)
(1.12827 -0.085244 0)
(1.15574 -0.0910618 0)
(1.18529 -0.0947748 0)
(1.21616 -0.0958321 0)
(1.24729 -0.0938422 0)
(1.27742 -0.0886889 0)
(1.3052 -0.080691 0)
(1.32947 -0.0706081 0)
(1.34953 -0.0594444 0)
(1.36517 -0.0482195 0)
(1.37662 -0.0378587 0)
(1.38439 -0.0291794 0)
(1.38921 -0.0228829 0)
(1.39209 -0.0195179 0)
(1.39423 -0.0194006 0)
(1.397 -0.0225111 0)
(1.40175 -0.0284239 0)
(1.4096 -0.0362894 0)
(1.42131 -0.0449009 0)
(1.43712 -0.0528006 0)
(1.45664 -0.0584157 0)
(1.47881 -0.0602376 0)
(1.5019 -0.0570278 0)
(1.52373 -0.0479977 0)
(1.54187 -0.0330694 0)
(1.55391 -0.0127342 0)
(1.55787 0.0116255 0)
(1.55236 0.0383796 0)
(1.53679 0.0655791 0)
(1.51144 0.0913484 0)
(1.47736 0.114186 0)
(1.43612 0.133049 0)
(1.38958 0.147383 0)
(1.33961 0.157103 0)
(1.28788 0.162481 0)
(1.23577 0.163986 0)
(1.18435 0.162154 0)
(1.13445 0.157481 0)
(1.08672 0.150333 0)
(1.04173 0.14095 0)
(0.999916 0.129372 0)
(0.961809 0.11572 0)
(0.927704 0.0994305 0)
(0.899208 0.0806142 0)
(0.876157 0.057888 0)
(0.860988 0.033571 0)
(0.848192 0.00590543 0)
(0.844506 -0.0202401 0)
(0.837367 -0.0495303 0)
(0.851898 -0.0808666 0)
(0.853986 -0.112096 0)
(0.910015 -0.161056 0)
(0.916312 -0.183562 0)
(1.04115 -0.264661 0)
(1.00012 -0.00498339 0)
(1.00214 -0.0147778 0)
(1.00608 -0.0245858 0)
(1.01207 -0.0346069 0)
(1.02027 -0.0450043 0)
(1.03086 -0.0558725 0)
(1.0441 -0.0672222 0)
(1.06028 -0.0789309 0)
(1.0797 -0.0907458 0)
(1.10258 -0.1022 0)
(1.12899 -0.112631 0)
(1.15876 -0.121168 0)
(1.19139 -0.1268 0)
(1.22595 -0.128627 0)
(1.26112 -0.12597 0)
(1.29518 -0.118619 0)
(1.32623 -0.107141 0)
(1.35271 -0.092766 0)
(1.37377 -0.0769569 0)
(1.38928 -0.0610954 0)
(1.39956 -0.0464319 0)
(1.40523 -0.034117 0)
(1.40721 -0.0251851 0)
(1.40671 -0.020495 0)
(1.40527 -0.0205463 0)
(1.4047 -0.0253244 0)
(1.40683 -0.0342713 0)
(1.41327 -0.0462295 0)
(1.42512 -0.0595097 0)
(1.44283 -0.0719772 0)
(1.46601 -0.0812944 0)
(1.49336 -0.0852318 0)
(1.52275 -0.0819581 0)
(1.5513 -0.0703498 0)
(1.57584 -0.0501339 0)
(1.59314 -0.0221865 0)
(1.60056 0.0119388 0)
(1.59634 0.0495069 0)
(1.57966 0.0875094 0)
(1.55104 0.123242 0)
(1.51209 0.154463 0)
(1.46499 0.179665 0)
(1.41219 0.198239 0)
(1.35609 0.210324 0)
(1.29872 0.216529 0)
(1.24163 0.217656 0)
(1.18595 0.214525 0)
(1.13238 0.207853 0)
(1.08144 0.198145 0)
(1.03356 0.18574 0)
(0.988926 0.170771 0)
(0.947863 0.153298 0)
(0.910999 0.132314 0)
(0.880012 0.107831 0)
(0.853707 0.0790928 0)
(0.831691 0.0503924 0)
(0.808713 0.0194939 0)
(0.792007 -0.00929002 0)
(0.777112 -0.0466268 0)
(0.787996 -0.0889564 0)
(0.797538 -0.137866 0)
(0.858473 -0.203936 0)
(0.876462 -0.240872 0)
(1.00271 -0.342784 0)
(1.00011 -0.00591995 0)
(1.00192 -0.0175721 0)
(1.00546 -0.0292926 0)
(1.01088 -0.0413742 0)
(1.0184 -0.0540568 0)
(1.02828 -0.0675133 0)
(1.04091 -0.0818084 0)
(1.05673 -0.0968264 0)
(1.07624 -0.112322 0)
(1.09992 -0.127701 0)
(1.12808 -0.142182 0)
(1.1608 -0.154508 0)
(1.19761 -0.163106 0)
(1.2374 -0.166441 0)
(1.27838 -0.163129 0)
(1.31802 -0.152791 0)
(1.35353 -0.136584 0)
(1.38285 -0.116576 0)
(1.40514 -0.0948488 0)
(1.4204 -0.0731379 0)
(1.42904 -0.0530144 0)
(1.43178 -0.0360076 0)
(1.42966 -0.0235964 0)
(1.42421 -0.0171599 0)
(1.4175 -0.017549 0)
(1.41194 -0.024764 0)
(1.41 -0.038064 0)
(1.41388 -0.0557895 0)
(1.4252 -0.0757154 0)
(1.44472 -0.0948766 0)
(1.47199 -0.109865 0)
(1.50533 -0.117356 0)
(1.54201 -0.114655 0)
(1.57865 -0.100166 0)
(1.61135 -0.0735946 0)
(1.63636 -0.0362771 0)
(1.65001 0.00978086 0)
(1.64918 0.0607608 0)
(1.6326 0.111979 0)
(1.60073 0.159622 0)
(1.5556 0.200717 0)
(1.50059 0.233227 0)
(1.43942 0.256375 0)
(1.37534 0.270538 0)
(1.31081 0.276827 0)
(1.24756 0.276638 0)
(1.18665 0.271335 0)
(1.12869 0.261984 0)
(1.07406 0.249232 0)
(1.02282 0.233612 0)
(0.974715 0.21538 0)
(0.930315 0.194036 0)
(0.890769 0.168001 0)
(0.856081 0.13845 0)
(0.822155 0.107124 0)
(0.787443 0.0787485 0)
(0.752722 0.0460863 0)
(0.730287 0.00942035 0)
(0.72185 -0.0454087 0)
(0.741485 -0.105991 0)
(0.76617 -0.176189 0)
(0.828545 -0.254628 0)
(0.856383 -0.304256 0)
(0.967591 -0.414959 0)
(1.00009 -0.00671867 0)
(1.0016 -0.0199718 0)
(1.00456 -0.0333622 0)
(1.00913 -0.0473269 0)
(1.0156 -0.0621803 0)
(1.02432 -0.0782618 0)
(1.03587 -0.0957016 0)
(1.05085 -0.114455 0)
(1.07003 -0.13431 0)
(1.09418 -0.15445 0)
(1.124 -0.174133 0)
(1.16016 -0.191549 0)
(1.20236 -0.204694 0)
(1.24942 -0.210946 0)
(1.29892 -0.207237 0)
(1.34664 -0.192911 0)
(1.38824 -0.170305 0)
(1.4212 -0.142835 0)
(1.44493 -0.113396 0)
(1.45971 -0.0841262 0)
(1.46605 -0.0569236 0)
(1.46464 -0.0336986 0)
(1.45654 -0.0164691 0)
(1.44357 -0.00744908 0)
(1.42862 -0.00798235 0)
(1.41495 -0.0181327 0)
(1.40586 -0.0373724 0)
(1.40413 -0.0632177 0)
(1.41178 -0.0926082 0)
(1.42984 -0.121439 0)
(1.45767 -0.145023 0)
(1.49331 -0.158733 0)
(1.53415 -0.158744 0)
(1.57714 -0.142585 0)
(1.61856 -0.109702 0)
(1.65447 -0.0612431 0)
(1.68013 -0.000743508 0)
(1.69001 0.0673812 0)
(1.68079 0.13686 0)
(1.65154 0.201097 0)
(1.60345 0.254922 0)
(1.54082 0.295632 0)
(1.46979 0.323011 0)
(1.39587 0.338447 0)
(1.32276 0.343934 0)
(1.2524 0.341572 0)
(1.18565 0.333275 0)
(1.12292 0.32044 0)
(1.06423 0.304099 0)
(1.00906 0.285214 0)
(0.95726 0.263558 0)
(0.909957 0.237625 0)
(0.86682 0.207117 0)
(0.824275 0.176444 0)
(0.778302 0.147419 0)
(0.732982 0.118661 0)
(0.697055 0.0760853 0)
(0.681884 0.0210724 0)
(0.686672 -0.0567122 0)
(0.713581 -0.134113 0)
(0.746052 -0.22045 0)
(0.800806 -0.303081 0)
(0.831477 -0.362333 0)
(0.920412 -0.473753 0)
(1.00006 -0.00732573 0)
(1.00117 -0.0218289 0)
(1.0033 -0.0365194 0)
(1.00669 -0.0520905 0)
(1.01159 -0.068833 0)
(1.01855 -0.0875071 0)
(1.02827 -0.108174 0)
(1.04158 -0.131231 0)
(1.05981 -0.156395 0)
(1.08377 -0.182543 0)
(1.11504 -0.209123 0)
(1.15485 -0.232922 0)
(1.20317 -0.252184 0)
(1.26028 -0.262702 0)
(1.32293 -0.258459 0)
(1.3829 -0.238924 0)
(1.43284 -0.208307 0)
(1.46979 -0.171506 0)
(1.49399 -0.132181 0)
(1.50647 -0.093068 0)
(1.50807 -0.0565748 0)
(1.4995 -0.0247806 0)
(1.48153 -0.000723479 0)
(1.45627 0.0123432 0)
(1.42751 0.0125217 0)
(1.39887 -0.000839335 0)
(1.37465 -0.0256854 0)
(1.35854 -0.0602453 0)
(1.35215 -0.100807 0)
(1.35565 -0.140932 0)
(1.36864 -0.174466 0)
(1.39173 -0.196523 0)
(1.42589 -0.203133 0)
(1.47047 -0.191112 0)
(1.52198 -0.158393 0)
(1.57482 -0.104622 0)
(1.62296 -0.0325166 0)
(1.65884 0.0525213 0)
(1.67559 0.144281 0)
(1.66808 0.233508 0)
(1.63345 0.309847 0)
(1.57412 0.366079 0)
(1.49806 0.400738 0)
(1.41497 0.417021 0)
(1.33232 0.41978 0)
(1.25394 0.413308 0)
(1.18105 0.400519 0)
(1.11366 0.383222 0)
(1.05096 0.362994 0)
(0.992041 0.34061 0)
(0.937249 0.314711 0)
(0.886776 0.28453 0)
(0.837228 0.253289 0)
(0.78427 0.225827 0)
(0.729282 0.197728 0)
(0.682491 0.159955 0)
(0.653812 0.0983063 0)
(0.647967 0.0211434 0)
(0.660975 -0.0763313 0)
(0.688826 -0.165244 0)
(0.723057 -0.262673 0)
(0.768222 -0.345007 0)
(0.800091 -0.413103 0)
(0.867377 -0.51917 0)
(1.00001 -0.0076812 0)
(1.00063 -0.0229819 0)
(1.00161 -0.0384389 0)
(1.00353 -0.0552253 0)
(1.00609 -0.0732764 0)
(1.01066 -0.094408 0)
(1.01711 -0.117892 0)
(1.02775 -0.146005 0)
(1.04349 -0.177348 0)
(1.06621 -0.211908 0)
(1.0993 -0.24909 0)
(1.14239 -0.281263 0)
(1.19792 -0.308976 0)
(1.2712 -0.324962 0)
(1.35391 -0.318862 0)
(1.4281 -0.29215 0)
(1.48301 -0.251699 0)
(1.5172 -0.20343 0)
(1.53374 -0.151442 0)
(1.53569 -0.0991411 0)
(1.52519 -0.0502882 0)
(1.50276 -0.00580958 0)
(1.46828 0.0286194 0)
(1.42337 0.0480782 0)
(1.37172 0.0507548 0)
(1.31828 0.0377883 0)
(1.26672 0.00945793 0)
(1.21767 -0.0327606 0)
(1.17233 -0.0810069 0)
(1.13317 -0.127757 0)
(1.10806 -0.169237 0)
(1.1075 -0.203739 0)
(1.13679 -0.226529 0)
(1.19306 -0.230069 0)
(1.2675 -0.208201 0)
(1.34919 -0.159036 0)
(1.42881 -0.0846522 0)
(1.49992 0.00982979 0)
(1.55655 0.118953 0)
(1.59092 0.233943 0)
(1.59456 0.340795 0)
(1.56336 0.424933 0)
(1.50186 0.478226 0)
(1.42155 0.501981 0)
(1.33488 0.503826 0)
(1.25036 0.49226 0)
(1.17194 0.473234 0)
(1.1002 0.450297 0)
(1.03385 0.425575 0)
(0.972064 0.398872 0)
(0.914908 0.368673 0)
(0.860096 0.33702 0)
(0.802544 0.308843 0)
(0.741208 0.283857 0)
(0.68349 0.249808 0)
(0.641075 0.195126 0)
(0.620291 0.111651 0)
(0.620409 0.0142993 0)
(0.637143 -0.0983919 0)
(0.664132 -0.196016 0)
(0.69856 -0.301397 0)
(0.735387 -0.381228 0)
(0.767338 -0.456282 0)
(0.813651 -0.551165 0)
(0.999915 -0.00773293 0)
(1.00004 -0.0232627 0)
(0.999435 -0.0387993 0)
(0.999806 -0.0562567 0)
(0.998804 -0.0746754 0)
(1.00096 -0.0979536 0)
(1.00107 -0.122822 0)
(1.00926 -0.156946 0)
(1.0165 -0.193222 0)
(1.03911 -0.241199 0)
(1.07043 -0.294274 0)
(1.11679 -0.340985 0)
(1.18958 -0.394401 0)
(1.28774 -0.421918 0)
(1.3831 -0.407194 0)
(1.44846 -0.363129 0)
(1.47985 -0.303654 0)
(1.48475 -0.237047 0)
(1.47282 -0.167594 0)
(1.44889 -0.0987071 0)
(1.41649 -0.0312501 0)
(1.37613 0.0290041 0)
(1.3209 0.0780341 0)
(1.25116 0.110007 0)
(1.17385 0.118143 0)
(1.09074 0.102836 0)
(0.9951 0.073394 0)
(0.883581 0.0410687 0)
(0.771672 0.00228034 0)
(0.691995 -0.0572226 0)
(0.668176 -0.1361 0)
(0.698365 -0.216839 0)
(0.769667 -0.279352 0)
(0.867584 -0.309045 0)
(0.978726 -0.299007 0)
(1.09101 -0.250078 0)
(1.19558 -0.168678 0)
(1.28872 -0.0626682 0)
(1.36993 0.0613697 0)
(1.43558 0.197984 0)
(1.47712 0.334908 0)
(1.4847 0.453412 0)
(1.45488 0.536786 0)
(1.39458 0.579519 0)
(1.3169 0.588179 0)
(1.23432 0.574741 0)
(1.15474 0.549894 0)
(1.08086 0.520834 0)
(1.01248 0.49079 0)
(0.949341 0.459216 0)
(0.890131 0.426181 0)
(0.830214 0.396154 0)
(0.765646 0.371651 0)
(0.700222 0.344723 0)
(0.644533 0.298411 0)
(0.608068 0.223519 0)
(0.593311 0.119186 0)
(0.596925 0.00405496 0)
(0.615399 -0.121089 0)
(0.641226 -0.226014 0)
(0.674723 -0.336366 0)
(0.704505 -0.412198 0)
(0.734991 -0.491041 0)
(0.762933 -0.570808 0)
(0.999788 -0.00745506 0)
(0.999412 -0.0224972 0)
(0.996865 -0.037381 0)
(0.995703 -0.0546675 0)
(0.989917 -0.0724069 0)
(0.990073 -0.0969039 0)
(0.979676 -0.121024 0)
(0.987752 -0.161331 0)
(0.972666 -0.197038 0)
(1.00464 -0.266842 0)
(1.00341 -0.328394 0)
(1.07519 -0.418628 0)
(1.16848 -0.548031 0)
(1.26178 -0.571933 0)
(1.30903 -0.511184 0)
(1.29733 -0.417804 0)
(1.25081 -0.319017 0)
(1.19157 -0.225613 0)
(1.13519 -0.141124 0)
(1.08354 -0.0655118 0)
(1.03481 0.00934678 0)
(0.983179 0.0770738 0)
(0.923053 0.135573 0)
(0.836571 0.183382 0)
(0.711886 0.218544 0)
(0.559012 0.236266 0)
(0.413109 0.224245 0)
(0.309026 0.168809 0)
(0.260331 0.0703877 0)
(0.264423 -0.0555309 0)
(0.309531 -0.189193 0)
(0.386104 -0.308878 0)
(0.488049 -0.396838 0)
(0.609396 -0.440694 0)
(0.742422 -0.433635 0)
(0.876642 -0.377105 0)
(1.00088 -0.280643 0)
(1.1075 -0.157547 0)
(1.19652 -0.0171636 0)
(1.27094 0.136436 0)
(1.32909 0.297222 0)
(1.36272 0.447809 0)
(1.36296 0.565514 0)
(1.32934 0.636173 0)
(1.27064 0.661092 0)
(1.19923 0.652606 0)
(1.12515 0.625656 0)
(1.05353 0.591887 0)
(0.986274 0.556621 0)
(0.923674 0.520774 0)
(0.862807 0.487158 0)
(0.798476 0.460552 0)
(0.729928 0.43798 0)
(0.664751 0.404452 0)
(0.613678 0.342104 0)
(0.5829 0.246421 0)
(0.572487 0.122797 0)
(0.578173 -0.00819143 0)
(0.597389 -0.143861 0)
(0.62197 -0.254898 0)
(0.654148 -0.367666 0)
(0.678523 -0.438713 0)
(0.70697 -0.517846 0)
(0.720316 -0.580388 0)
(0.999698 -0.00684374 0)
(0.998676 -0.0205459 0)
(0.994275 -0.0341116 0)
(0.991124 -0.0499746 0)
(0.980672 -0.0663169 0)
(0.977741 -0.0897525 0)
(0.956198 -0.112141 0)
(0.96256 -0.154525 0)
(0.916516 -0.185513 0)
(0.962341 -0.276388 0)
(0.86872 -0.318667 0)
(1.02966 -0.520492 0)
(0.988186 -0.683308 0)
(0.984 -0.61103 0)
(0.900957 -0.464901 0)
(0.767857 -0.318317 0)
(0.641426 -0.192073 0)
(0.541829 -0.0927719 0)
(0.474941 -0.0219053 0)
(0.421668 0.0337792 0)
(0.406919 0.0992499 0)
(0.366086 0.168226 0)
(0.310996 0.244818 0)
(0.2407 0.313585 0)
(0.154041 0.35449 0)
(0.0707285 0.350288 0)
(0.00974346 0.294559 0)
(-0.0247116 0.193473 0)
(-0.0331126 0.0587131 0)
(-0.0162947 -0.0953492 0)
(0.0296355 -0.256082 0)
(0.106247 -0.401339 0)
(0.21 -0.511415 0)
(0.336878 -0.572166 0)
(0.481751 -0.573975 0)
(0.635254 -0.515621 0)
(0.784664 -0.406438 0)
(0.916962 -0.263704 0)
(1.02458 -0.103341 0)
(1.10919 0.0671878 0)
(1.17585 0.245791 0)
(1.22313 0.420434 0)
(1.24416 0.568145 0)
(1.23467 0.668313 0)
(1.19819 0.715158 0)
(1.14398 0.718222 0)
(1.08152 0.694467 0)
(1.01726 0.659067 0)
(0.954961 0.620186 0)
(0.895077 0.582064 0)
(0.833837 0.550317 0)
(0.76741 0.527589 0)
(0.698611 0.504191 0)
(0.636962 0.460463 0)
(0.591772 0.380452 0)
(0.566288 0.264739 0)
(0.559381 0.12355 0)
(0.566475 -0.021502 0)
(0.58596 -0.166295 0)
(0.609262 -0.282502 0)
(0.640066 -0.395862 0)
(0.660292 -0.461722 0)
(0.6866 -0.537774 0)
(0.689131 -0.58246 0)
(0.99969 -0.0058853 0)
(0.997798 -0.0174146 0)
(0.99205 -0.0289676 0)
(0.986117 -0.0420875 0)
(0.972621 -0.0563748 0)
(0.963674 -0.0757687 0)
(0.936245 -0.0966543 0)
(0.930587 -0.132353 0)
(0.869731 -0.16327 0)
(0.89587 -0.246266 0)
(0.725207 -0.273171 0)
(0.917912 -0.552069 0)
(0.340351 -0.380416 0)
(0.247879 -0.231675 0)
(0.129068 -0.170524 0)
(0.0634631 -0.126056 0)
(0.0357101 -0.0829546 0)
(0.0232567 -0.0495092 0)
(0.0220649 -0.0258939 0)
(0.0201609 -0.00707446 0)
(0.0543966 0.114011 0)
(-0.00994102 0.206346 0)
(-0.0505778 0.297659 0)
(-0.096368 0.371686 0)
(-0.143604 0.409373 0)
(-0.190271 0.396452 0)
(-0.234718 0.329276 0)
(-0.266305 0.210499 0)
(-0.268248 0.0477496 0)
(-0.238682 -0.14408 0)
(-0.181381 -0.337412 0)
(-0.0995054 -0.509212 0)
(0.00078863 -0.640257 0)
(0.117873 -0.717498 0)
(0.253491 -0.730761 0)
(0.404884 -0.675493 0)
(0.562758 -0.557408 0)
(0.712449 -0.394503 0)
(0.840802 -0.208465 0)
(0.942604 -0.013233 0)
(1.0202 0.185755 0)
(1.07712 0.380618 0)
(1.11221 0.552392 0)
(1.12195 0.678757 0)
(1.10679 0.748484 0)
(1.07223 0.767123 0)
(1.02549 0.751288 0)
(0.973024 0.717933 0)
(0.919281 0.678356 0)
(0.864467 0.641046 0)
(0.805067 0.613372 0)
(0.73985 0.594036 0)
(0.674633 0.56712 0)
(0.619217 0.510964 0)
(0.58067 0.413141 0)
(0.560264 0.279167 0)
(0.556543 0.122295 0)
(0.564732 -0.0353007 0)
(0.584155 -0.1882 0)
(0.605979 -0.308778 0)
(0.635352 -0.421504 0)
(0.652212 -0.482034 0)
(0.676735 -0.552312 0)
(0.671866 -0.579556 0)
(0.999695 -0.00457344 0)
(0.996999 -0.0132797 0)
(0.990175 -0.0219709 0)
(0.981615 -0.0314972 0)
(0.965881 -0.0423885 0)
(0.950685 -0.0561539 0)
(0.920216 -0.0734851 0)
(0.898888 -0.0975708 0)
(0.837795 -0.128843 0)
(0.819125 -0.176336 0)
(0.673952 -0.229298 0)
(0.743902 -0.34995 0)
(0.317201 -0.247199 0)
(0.30651 -0.240638 0)
(0.214706 -0.220436 0)
(0.134969 -0.171405 0)
(0.0824996 -0.114101 0)
(0.0483658 -0.0647948 0)
(0.0260309 -0.0284765 0)
(0.0125015 -0.00199915 0)
(-0.027657 0.152411 0)
(-0.121046 0.246387 0)
(-0.169447 0.33325 0)
(-0.220739 0.408638 0)
(-0.273608 0.448979 0)
(-0.326476 0.434473 0)
(-0.364988 0.353843 0)
(-0.37222 0.207822 0)
(-0.347545 0.0127163 0)
(-0.298722 -0.208139 0)
(-0.231541 -0.422539 0)
(-0.153352 -0.608793 0)
(-0.0694124 -0.751403 0)
(0.0187442 -0.841801 0)
(0.11869 -0.870018 0)
(0.239016 -0.827466 0)
(0.378822 -0.712166 0)
(0.524827 -0.538149 0)
(0.660346 -0.329593 0)
(0.774215 -0.107644 0)
(0.863016 0.115165 0)
(0.929245 0.330433 0)
(0.975451 0.522634 0)
(1.00078 0.670943 0)
(1.00483 0.7618 0)
(0.990113 0.797473 0)
(0.961231 0.792757 0)
(0.923632 0.764936 0)
(0.881264 0.728342 0)
(0.833834 0.695368 0)
(0.779026 0.67345 0)
(0.718529 0.656443 0)
(0.660237 0.623876 0)
(0.613242 0.554325 0)
(0.582502 0.439686 0)
(0.567552 0.28952 0)
(0.566777 0.118999 0)
(0.575822 -0.0493823 0)
(0.594989 -0.209289 0)
(0.615052 -0.333499 0)
(0.642758 -0.444812 0)
(0.656486 -0.500174 0)
(0.679546 -0.562909 0)
(0.669737 -0.573654 0)
(0.999663 -0.0029709 0)
(0.996481 -0.00836304 0)
(0.988639 -0.0134153 0)
(0.978559 -0.0188646 0)
(0.960354 -0.0247698 0)
(0.942107 -0.0327573 0)
(0.906374 -0.0420912 0)
(0.87976 -0.0571952 0)
(0.807711 -0.0734645 0)
(0.782894 -0.105028 0)
(0.619252 -0.12654 0)
(0.691862 -0.202389 0)
(0.295984 -0.126983 0)
(0.306818 -0.1033 0)
(0.223024 -0.0883334 0)
(0.146302 -0.0685942 0)
(0.0939834 -0.0455246 0)
(0.0581226 -0.0230191 0)
(0.0338621 -0.00263628 0)
(0.0177711 0.0277422 0)
(-0.0168552 0.227689 0)
(-0.114831 0.307239 0)
(-0.174044 0.387476 0)
(-0.236927 0.461323 0)
(-0.293587 0.496718 0)
(-0.334226 0.467704 0)
(-0.343728 0.361369 0)
(-0.318814 0.185321 0)
(-0.272651 -0.0355773 0)
(-0.21233 -0.270279 0)
(-0.14337 -0.493549 0)
(-0.0725383 -0.682167 0)
(-0.00759306 -0.824016 0)
(0.0470274 -0.917397 0)
(0.0975949 -0.959183 0)
(0.16258 -0.938104 0)
(0.257061 -0.840888 0)
(0.375853 -0.67098 0)
(0.500884 -0.451354 0)
(0.614952 -0.208991 0)
(0.709369 0.0362654 0)
(0.783554 0.271064 0)
(0.839725 0.480965 0)
(0.878676 0.647296 0)
(0.90006 0.756552 0)
(0.904389 0.808998 0)
(0.894082 0.817119 0)
(0.873043 0.797825 0)
(0.84383 0.76803 0)
(0.805747 0.74262 0)
(0.758339 0.727375 0)
(0.70606 0.711444 0)
(0.657765 0.671846 0)
(0.621061 0.589236 0)
(0.599005 0.45974 0)
(0.590016 0.295755 0)
(0.592597 0.113746 0)
(0.602486 -0.0635082 0)
(0.621076 -0.22916 0)
(0.638909 -0.356263 0)
(0.664407 -0.465606 0)
(0.67469 -0.516204 0)
(0.696204 -0.570577 0)
(0.682821 -0.566015 0)
(0.999651 -0.00120202 0)
(0.996185 -0.00287598 0)
(0.987843 -0.00394973 0)
(0.976868 -0.00466887 0)
(0.957535 -0.00520612 0)
(0.937356 -0.00595309 0)
(0.89958 -0.00714275 0)
(0.869112 -0.00949443 0)
(0.794235 -0.0131309 0)
(0.762708 -0.0196005 0)
(0.598348 -0.026663 0)
(0.662058 -0.0434053 0)
(0.280208 -0.0287327 0)
(0.300705 -0.0315094 0)
(0.226462 -0.0306874 0)
(0.155082 -0.0224044 0)
(0.103727 -0.0104388 0)
(0.0670788 0.00235342 0)
(0.0437371 0.0157011 0)
(0.0254134 0.0456003 0)
(0.020874 0.295778 0)
(-0.0677305 0.37376 0)
(-0.120404 0.447664 0)
(-0.173782 0.511596 0)
(-0.209531 0.5306 0)
(-0.217794 0.477426 0)
(-0.192938 0.344632 0)
(-0.145591 0.146375 0)
(-0.0892777 -0.0860695 0)
(-0.0283396 -0.324914 0)
(0.034982 -0.548704 0)
(0.0972274 -0.732884 0)
(0.148182 -0.863498 0)
(0.178264 -0.943445 0)
(0.18528 -0.985042 0)
(0.186804 -0.984494 0)
(0.214486 -0.918618 0)
(0.282177 -0.771628 0)
(0.377067 -0.557447 0)
(0.477888 -0.306577 0)
(0.569609 -0.0458177 0)
(0.647413 0.204712 0)
(0.7117 0.428845 0)
(0.762654 0.609476 0)
(0.799572 0.734202 0)
(0.821653 0.802201 0)
(0.829635 0.823823 0)
(0.825535 0.815514 0)
(0.81019 0.795922 0)
(0.782974 0.780489 0)
(0.745622 0.772056 0)
(0.704702 0.756012 0)
(0.669006 0.708839 0)
(0.644242 0.614407 0)
(0.631743 0.472552 0)
(0.629217 0.297717 0)
(0.635476 0.106698 0)
(0.646296 -0.0774632 0)
(0.664018 -0.247363 0)
(0.679101 -0.376482 0)
(0.701643 -0.483297 0)
(0.707766 -0.529615 0)
(0.72712 -0.57565 0)
(0.710417 -0.557122 0)
(0.999649 0.00064167 0)
(0.996174 0.00279236 0)
(0.987826 0.00587763 0)
(0.976862 0.00997895 0)
(0.957563 0.0151751 0)
(0.93745 0.021697 0)
(0.899781 0.02955 0)
(0.869443 0.0395108 0)
(0.794753 0.0505863 0)
(0.763376 0.0663791 0)
(0.599144 0.0774546 0)
(0.662817 0.111234 0)
(0.280896 0.0619633 0)
(0.300878 0.0517148 0)
(0.226544 0.0503754 0)
(0.155378 0.0453981 0)
(0.104588 0.0390428 0)
(0.068837 0.0348156 0)
(0.0492117 0.034351 0)
(0.029354 0.0523969 0)
(0.0626103 0.333696 0)
(0.00229516 0.424896 0)
(-0.0232272 0.489878 0)
(-0.0462387 0.537979 0)
(-0.0445458 0.535729 0)
(-0.0143267 0.458721 0)
(0.0360093 0.307807 0)
(0.0902699 0.103919 0)
(0.145774 -0.128069 0)
(0.199801 -0.369499 0)
(0.251338 -0.595448 0)
(0.298626 -0.77642 0)
(0.335862 -0.892273 0)
(0.353678 -0.945311 0)
(0.339732 -0.962311 0)
(0.295393 -0.96299 0)
(0.254126 -0.928886 0)
(0.254195 -0.821802 0)
(0.301248 -0.632814 0)
(0.374869 -0.389132 0)
(0.454469 -0.124885 0)
(0.530195 0.134426 0)
(0.599278 0.368033 0)
(0.659822 0.559152 0)
(0.710023 0.696386 0)
(0.748018 0.778228 0)
(0.773037 0.813418 0)
(0.785031 0.818044 0)
(0.783373 0.811237 0)
(0.768122 0.807061 0)
(0.743112 0.80485 0)
(0.716078 0.787621 0)
(0.694901 0.733064 0)
(0.683307 0.628737 0)
(0.681197 0.477436 0)
(0.685685 0.294935 0)
(0.695864 0.0977629 0)
(0.707617 -0.0910649 0)
(0.72417 -0.263415 0)
(0.735977 -0.393449 0)
(0.754696 -0.49706 0)
(0.755715 -0.539423 0)
(0.77184 -0.577741 0)
(0.751091 -0.546768 0)
(0.999653 0.00242373 0)
(0.996454 0.00830293 0)
(0.988577 0.0153393 0)
(0.978562 0.0241573 0)
(0.960385 0.034626 0)
(0.942451 0.0484124 0)
(0.906797 0.0641557 0)
(0.880985 0.0871223 0)
(0.808804 0.110086 0)
(0.785603 0.15209 0)
(0.620894 0.17559 0)
(0.695552 0.271196 0)
(0.299085 0.161565 0)
(0.30804 0.122854 0)
(0.223177 0.106619 0)
(0.146686 0.0899223 0)
(0.0958762 0.0718427 0)
(0.0623181 0.0561214 0)
(0.0469813 0.0443442 0)
(0.0261089 0.0472499 0)
(0.0922514 0.334646 0)
(0.0800455 0.445412 0)
(0.0969824 0.501088 0)
(0.118438 0.531852 0)
(0.160825 0.510387 0)
(0.221747 0.418391 0)
(0.288156 0.260755 0)
(0.34848 0.0601383 0)
(0.400556 -0.166523 0)
(0.447048 -0.40777 0)
(0.487725 -0.63479 0)
(0.517981 -0.812327 0)
(0.533341 -0.916077 0)
(0.532557 -0.943936 0)
(0.508907 -0.922905 0)
(0.447511 -0.896461 0)
(0.3599 -0.873999 0)
(0.292611 -0.811168 0)
(0.28005 -0.666044 0)
(0.314495 -0.447585 0)
(0.373485 -0.193287 0)
(0.441164 0.0648778 0)
(0.510227 0.301553 0)
(0.576754 0.498724 0)
(0.637262 0.645197 0)
(0.6886 0.738833 0)
(0.728338 0.787326 0)
(0.754499 0.806236 0)
(0.765683 0.813649 0)
(0.763089 0.820757 0)
(0.75216 0.823581 0)
(0.740804 0.804323 0)
(0.735404 0.743153 0)
(0.737718 0.631334 0)
(0.746533 0.473817 0)
(0.758413 0.286919 0)
(0.772646 0.086695 0)
(0.785315 -0.104224 0)
(0.800411 -0.276908 0)
(0.808468 -0.406454 0)
(0.822497 -0.506007 0)
(0.817442 -0.544396 0)
(0.829091 -0.575875 0)
(0.802872 -0.534231 0)
(0.999685 0.00405253 0)
(0.996945 0.0132581 0)
(0.990099 0.0238954 0)
(0.981584 0.0367342 0)
(0.966021 0.0520874 0)
(0.951098 0.0715472 0)
(0.921199 0.0951869 0)
(0.900309 0.126885 0)
(0.840559 0.165074 0)
(0.821663 0.221862 0)
(0.679832 0.279174 0)
(0.745329 0.414451 0)
(0.32066 0.285058 0)
(0.308862 0.266885 0)
(0.216164 0.242738 0)
(0.136142 0.193297 0)
(0.0848848 0.139583 0)
(0.0526462 0.0956208 0)
(0.0396906 0.0631607 0)
(0.017787 0.0342426 0)
(0.109098 0.28277 0)
(0.163117 0.408445 0)
(0.227105 0.46129 0)
(0.292958 0.477785 0)
(0.369496 0.444381 0)
(0.451721 0.349699 0)
(0.527513 0.201199 0)
(0.59359 0.0137794 0)
(0.651007 -0.205674 0)
(0.701448 -0.442866 0)
(0.739591 -0.662732 0)
(0.755483 -0.827018 0)
(0.744327 -0.914785 0)
(0.711083 -0.926383 0)
(0.665559 -0.878987 0)
(0.599532 -0.814963 0)
(0.497916 -0.775481 0)
(0.385083 -0.74153 0)
(0.31338 -0.649823 0)
(0.301423 -0.474599 0)
(0.332459 -0.244038 0)
(0.385883 0.0018144 0)
(0.449866 0.233784 0)
(0.518227 0.431666 0)
(0.585538 0.583618 0)
(0.64693 0.686814 0)
(0.69818 0.748077 0)
(0.735898 0.781739 0)
(0.7587 0.803378 0)
(0.769023 0.820573 0)
(0.773189 0.826826 0)
(0.778414 0.804963 0)
(0.789255 0.73835 0)
(0.805649 0.621644 0)
(0.825439 0.461239 0)
(0.844812 0.273345 0)
(0.863222 0.0733506 0)
(0.876805 -0.116865 0)
(0.890205 -0.287519 0)
(0.894128 -0.414845 0)
(0.902679 -0.509301 0)
(0.890669 -0.543316 0)
(0.896675 -0.568756 0)
(0.863256 -0.518492 0)
(0.999681 0.00540714 0)
(0.997717 0.0174326 0)
(0.991979 0.0309045 0)
(0.986043 0.0471903 0)
(0.972912 0.0658743 0)
(0.964113 0.0906526 0)
(0.937825 0.117886 0)
(0.932172 0.160704 0)
(0.873763 0.19876 0)
(0.899031 0.29106 0)
(0.731488 0.320562 0)
(0.92409 0.620552 0)
(0.340769 0.410766 0)
(0.241814 0.247734 0)
(0.120953 0.188181 0)
(0.0574387 0.147096 0)
(0.0316966 0.107678 0)
(0.0193727 0.0754256 0)
(0.0128719 0.0474073 0)
(0.00126408 0.0115061 0)
(0.0606229 0.202701 0)
(0.189633 0.330546 0)
(0.314597 0.390062 0)
(0.428566 0.402659 0)
(0.536719 0.365362 0)
(0.637916 0.274791 0)
(0.728563 0.13747 0)
(0.812213 -0.0429017 0)
(0.889559 -0.259305 0)
(0.953013 -0.486602 0)
(0.988746 -0.686396 0)
(0.98681 -0.823283 0)
(0.948526 -0.88294 0)
(0.882539 -0.875938 0)
(0.805089 -0.819156 0)
(0.727523 -0.734101 0)
(0.631915 -0.664164 0)
(0.507078 -0.630283 0)
(0.392468 -0.583502 0)
(0.333226 -0.464923 0)
(0.331921 -0.274215 0)
(0.366522 -0.0514118 0)
(0.421147 0.168345 0)
(0.486975 0.361488 0)
(0.556758 0.515086 0)
(0.623918 0.625604 0)
(0.682744 0.698698 0)
(0.729179 0.746461 0)
(0.762363 0.780922 0)
(0.785631 0.80606 0)
(0.805306 0.813922 0)
(0.827246 0.789102 0)
(0.854071 0.718443 0)
(0.884132 0.599515 0)
(0.914509 0.439517 0)
(0.941134 0.254071 0)
(0.963618 0.0575846 0)
(0.978183 -0.129033 0)
(0.98979 -0.295104 0)
(0.989324 -0.41812 0)
(0.991725 -0.506224 0)
(0.97203 -0.535179 0)
(0.971473 -0.555083 0)
(0.929253 -0.498485 0)
(0.999669 0.00641036 0)
(0.998622 0.0206268 0)
(0.994128 0.0360118 0)
(0.991197 0.0549703 0)
(0.98081 0.0753659 0)
(0.978817 0.104289 0)
(0.957351 0.132075 0)
(0.96621 0.182815 0)
(0.918947 0.217961 0)
(0.970995 0.323344 0)
(0.870526 0.360943 0)
(1.04364 0.591361 0)
(0.989366 0.744162 0)
(0.963779 0.65232 0)
(0.846952 0.490174 0)
(0.677926 0.335805 0)
(0.519716 0.214046 0)
(0.405335 0.129093 0)
(0.310358 0.0825182 0)
(0.258948 0.0118768 0)
(0.198573 0.0554901 0)
(0.261068 0.143342 0)
(0.386649 0.208582 0)
(0.525607 0.235274 0)
(0.662878 0.214315 0)
(0.794577 0.141523 0)
(0.919452 0.0185855 0)
(1.03756 -0.147763 0)
(1.13778 -0.342568 0)
(1.20319 -0.537381 0)
(1.21991 -0.696892 0)
(1.18583 -0.794286 0)
(1.11337 -0.82196 0)
(1.01978 -0.794229 0)
(0.918527 -0.734308 0)
(0.825503 -0.651754 0)
(0.739033 -0.563602 0)
(0.630589 -0.507371 0)
(0.502703 -0.477801 0)
(0.403371 -0.413998 0)
(0.365417 -0.277928 0)
(0.378481 -0.0903957 0)
(0.421674 0.109314 0)
(0.481811 0.292574 0)
(0.55009 0.444235 0)
(0.618761 0.559613 0)
(0.681382 0.642605 0)
(0.733986 0.702264 0)
(0.776384 0.746748 0)
(0.812234 0.777018 0)
(0.84709 0.784729 0)
(0.885049 0.756933 0)
(0.926861 0.683854 0)
(0.969554 0.565355 0)
(1.00965 0.408921 0)
(1.04298 0.22908 0)
(1.06932 0.0392203 0)
(1.08493 -0.140872 0)
(1.09471 -0.299637 0)
(1.08965 -0.415905 0)
(1.08531 -0.49616 0)
(1.05735 -0.51925 0)
(1.0496 -0.533805 0)
(0.997483 -0.473319 0)
(0.999737 0.00706293 0)
(0.999396 0.0226552 0)
(0.996647 0.0392063 0)
(0.995947 0.0595343 0)
(0.989934 0.0808857 0)
(0.991744 0.110926 0)
(0.980694 0.139594 0)
(0.992848 0.188632 0)
(0.975459 0.227723 0)
(1.01525 0.311033 0)
(1.00976 0.373583 0)
(1.08892 0.47787 0)
(1.18524 0.622086 0)
(1.27315 0.648969 0)
(1.30075 0.584968 0)
(1.26148 0.486425 0)
(1.17769 0.384478 0)
(1.08924 0.288792 0)
(0.992074 0.212011 0)
(0.919674 0.144387 0)
(0.847251 0.107802 0)
(0.804523 0.0961935 0)
(0.822233 0.0957818 0)
(0.891326 0.090424 0)
(0.993513 0.0611799 0)
(1.11246 -0.00445933 0)
(1.2324 -0.109471 0)
(1.33932 -0.249009 0)
(1.4133 -0.406984 0)
(1.43739 -0.556122 0)
(1.40589 -0.667284 0)
(1.32696 -0.723805 0)
(1.21933 -0.726933 0)
(1.10473 -0.689463 0)
(0.994854 -0.631148 0)
(0.895448 -0.562768 0)
(0.814135 -0.48039 0)
(0.733663 -0.402636 0)
(0.625666 -0.358666 0)
(0.507745 -0.325733 0)
(0.430474 -0.247913 0)
(0.413935 -0.108992 0)
(0.441763 0.0612457 0)
(0.494051 0.229221 0)
(0.558183 0.375382 0)
(0.625561 0.492793 0)
(0.689838 0.582864 0)
(0.747519 0.651141 0)
(0.79879 0.702088 0)
(0.846946 0.7345 0)
(0.896242 0.740511 0)
(0.948943 0.709933 0)
(1.00417 0.636025 0)
(1.05799 0.520357 0)
(1.10661 0.370189 0)
(1.14595 0.198686 0)
(1.17588 0.0182085 0)
(1.19254 -0.152485 0)
(1.20033 -0.301055 0)
(1.19033 -0.407839 0)
(1.17861 -0.478542 0)
(1.14197 -0.49505 0)
(1.12669 -0.5043 0)
(1.06436 -0.442475 0)
(0.999865 0.00738737 0)
(1.00001 0.0234801 0)
(0.999246 0.0405565 0)
(1.00006 0.0608754 0)
(0.999027 0.0826298 0)
(1.00267 0.111012 0)
(1.00291 0.140349 0)
(1.01422 0.181887 0)
(1.02184 0.223102 0)
(1.04881 0.28011 0)
(1.08243 0.34014 0)
(1.13188 0.393755 0)
(1.21068 0.459723 0)
(1.31594 0.499139 0)
(1.41211 0.493183 0)
(1.47304 0.454761 0)
(1.49216 0.399701 0)
(1.48517 0.336365 0)
(1.45936 0.274744 0)
(1.42954 0.217847 0)
(1.40147 0.174082 0)
(1.38313 0.141875 0)
(1.38758 0.111618 0)
(1.41681 0.0727516 0)
(1.46708 0.0163287 0)
(1.52715 -0.0626134 0)
(1.58335 -0.16537 0)
(1.61981 -0.287273 0)
(1.62116 -0.412989 0)
(1.57838 -0.520404 0)
(1.49394 -0.591058 0)
(1.38179 -0.618664 0)
(1.25977 -0.610105 0)
(1.14299 -0.576413 0)
(1.0395 -0.52707 0)
(0.947256 -0.471395 0)
(0.868544 -0.406844 0)
(0.806377 -0.328181 0)
(0.736579 -0.258514 0)
(0.636881 -0.219037 0)
(0.534767 -0.180696 0)
(0.477481 -0.0987559 0)
(0.477424 0.0295099 0)
(0.516481 0.174909 0)
(0.574761 0.311388 0)
(0.639845 0.427057 0)
(0.704975 0.520046 0)
(0.767301 0.592622 0)
(0.827237 0.646209 0)
(0.88728 0.678181 0)
(0.95005 0.681616 0)
(1.01599 0.648987 0)
(1.08286 0.576104 0)
(1.14606 0.465591 0)
(1.20187 0.324143 0)
(1.24648 0.163268 0)
(1.27967 -0.00537989 0)
(1.29708 -0.163746 0)
(1.30222 -0.298989 0)
(1.2865 -0.39337 0)
(1.26664 -0.452802 0)
(1.2211 -0.462347 0)
(1.19828 -0.466487 0)
(1.1264 -0.405941 0)
(0.999976 0.00739074 0)
(1.00058 0.0232308 0)
(1.0015 0.0401318 0)
(1.00374 0.0594883 0)
(1.00661 0.0806951 0)
(1.01229 0.106249 0)
(1.0198 0.134254 0)
(1.03257 0.168331 0)
(1.05058 0.205406 0)
(1.07628 0.246639 0)
(1.11342 0.291232 0)
(1.16067 0.330127 0)
(1.22106 0.3658 0)
(1.30217 0.390868 0)
(1.39356 0.394059 0)
(1.47615 0.37604 0)
(1.53768 0.343902 0)
(1.5785 0.302897 0)
(1.60274 0.258577 0)
(1.61643 0.213925 0)
(1.62493 0.17243 0)
(1.63374 0.13367 0)
(1.64777 0.0926142 0)
(1.66706 0.0419977 0)
(1.69103 -0.0224622 0)
(1.71183 -0.100901 0)
(1.71763 -0.191884 0)
(1.7 -0.288414 0)
(1.65349 -0.37796 0)
(1.57754 -0.447491 0)
(1.47883 -0.489667 0)
(1.36949 -0.504535 0)
(1.26121 -0.496994 0)
(1.16064 -0.473165 0)
(1.0712 -0.436343 0)
(0.99227 -0.38955 0)
(0.920232 -0.336487 0)
(0.860425 -0.272343 0)
(0.815162 -0.196107 0)
(0.761166 -0.129181 0)
(0.678632 -0.087603 0)
(0.593105 -0.0473323 0)
(0.5474 0.0261061 0)
(0.553708 0.133611 0)
(0.596843 0.2524 0)
(0.658164 0.362579 0)
(0.725764 0.455231 0)
(0.794498 0.528358 0)
(0.86375 0.581087 0)
(0.934977 0.610407 0)
(1.00936 0.610762 0)
(1.08594 0.577044 0)
(1.16162 0.507012 0)
(1.23186 0.403569 0)
(1.29332 0.272464 0)
(1.34249 0.123855 0)
(1.37838 -0.0308907 0)
(1.39542 -0.17385 0)
(1.39623 -0.292371 0)
(1.37331 -0.37154 0)
(1.34444 -0.41839 0)
(1.29019 -0.42124 0)
(1.26033 -0.420946 0)
(1.18061 -0.364307 0)
(1.00004 0.0070914 0)
(1.0011 0.022092 0)
(1.00325 0.0381218 0)
(1.0069 0.0559491 0)
(1.01233 0.0756114 0)
(1.02026 0.0980855 0)
(1.03143 0.123022 0)
(1.04672 0.151096 0)
(1.06766 0.181683 0)
(1.09486 0.213617 0)
(1.13022 0.246561 0)
(1.17505 0.276806 0)
(1.22897 0.302828 0)
(1.29319 0.320401 0)
(1.36489 0.323364 0)
(1.43568 0.310889 0)
(1.49784 0.287225 0)
(1.54858 0.256458 0)
(1.58853 0.221845 0)
(1.61959 0.185155 0)
(1.64376 0.147437 0)
(1.6634 0.108656 0)
(1.68023 0.0663139 0)
(1.69484 0.0177276 0)
(1.70552 -0.0386475 0)
(1.70605 -0.104369 0)
(1.69047 -0.175752 0)
(1.65572 -0.24619 0)
(1.60078 -0.308695 0)
(1.52767 -0.357541 0)
(1.44212 -0.389475 0)
(1.35142 -0.403933 0)
(1.26191 -0.402051 0)
(1.17735 -0.385922 0)
(1.09951 -0.358048 0)
(1.03018 -0.32007 0)
(0.969023 -0.273798 0)
(0.914852 -0.220295 0)
(0.872416 -0.157024 0)
(0.842461 -0.0856755 0)
(0.807346 -0.0210368 0)
(0.751942 0.025943 0)
(0.690197 0.0678506 0)
(0.652993 0.126783 0)
(0.6563 0.207598 0)
(0.694374 0.297806 0)
(0.754145 0.382849 0)
(0.82537 0.453452 0)
(0.902771 0.504275 0)
(0.984333 0.531085 0)
(1.06894 0.529472 0)
(1.15441 0.496263 0)
(1.23743 0.430578 0)
(1.31389 0.335276 0)
(1.38092 0.215343 0)
(1.43417 0.0802588 0)
(1.47086 -0.0574952 0)
(1.48453 -0.180936 0)
(1.47783 -0.279135 0)
(1.44566 -0.34099 0)
(1.40726 -0.375018 0)
(1.3453 -0.372428 0)
(1.3097 -0.369074 0)
(1.22488 -0.318804 0)
(1.00007 0.00653488 0)
(1.00154 0.0202386 0)
(1.00455 0.0348344 0)
(1.0094 0.050756 0)
(1.01646 0.0682093 0)
(1.02621 0.0875582 0)
(1.03931 0.108797 0)
(1.0564 0.131869 0)
(1.07839 0.156492 0)
(1.10607 0.181718 0)
(1.1402 0.20687 0)
(1.18164 0.22996 0)
(1.23011 0.248996 0)
(1.28457 0.261218 0)
(1.34291 0.263309 0)
(1.40106 0.254292 0)
(1.45476 0.236348 0)
(1.50164 0.212328 0)
(1.54121 0.184419 0)
(1.57394 0.153806 0)
(1.60041 0.121074 0)
(1.62133 0.0862902 0)
(1.6372 0.0485941 0)
(1.64783 0.00704046 0)
(1.65147 -0.0401174 0)
(1.64483 -0.0925573 0)
(1.62507 -0.147117 0)
(1.59055 -0.199936 0)
(1.54126 -0.247235 0)
(1.47935 -0.285347 0)
(1.40868 -0.311402 0)
(1.33373 -0.324072 0)
(1.25851 -0.32367 0)
(1.18623 -0.311532 0)
(1.11899 -0.289306 0)
(1.05811 -0.258436 0)
(1.00474 -0.219976 0)
(0.959183 -0.174736 0)
(0.92243 -0.122409 0)
(0.897496 -0.0622715 0)
(0.883376 0.00233187 0)
(0.869942 0.0631675 0)
(0.847219 0.113902 0)
(0.81918 0.15818 0)
(0.80167 0.205627 0)
(0.808087 0.261116 0)
(0.841392 0.320686 0)
(0.897136 0.375785 0)
(0.969044 0.417859 0)
(1.05173 0.439986 0)
(1.14074 0.436909 0)
(1.23167 0.405782 0)
(1.32021 0.345946 0)
(1.40164 0.260001 0)
(1.47165 0.153185 0)
(1.52461 0.0352826 0)
(1.55601 -0.0808239 0)
(1.55977 -0.180397 0)
(1.54114 -0.2559 0)
(1.49821 -0.30042 0)
(1.45116 -0.323274 0)
(1.38387 -0.317626 0)
(1.34486 -0.313181 0)
(1.25839 -0.271217 0)
(1.00009 0.00577927 0)
(1.00187 0.0178312 0)
(1.00549 0.0305985 0)
(1.01121 0.0443461 0)
(1.01936 0.0592601 0)
(1.03033 0.0754862 0)
(1.04458 0.0930289 0)
(1.06263 0.111717 0)
(1.08506 0.131264 0)
(1.11242 0.150983 0)
(1.1451 0.170074 0)
(1.18328 0.187169 0)
(1.22656 0.200603 0)
(1.2739 0.208701 0)
(1.32362 0.20985 0)
(1.37325 0.203346 0)
(1.42003 0.190059 0)
(1.46197 0.171619 0)
(1.49823 0.149491 0)
(1.52873 0.124601 0)
(1.55356 0.0974337 0)
(1.57285 0.068138 0)
(1.58651 0.0364408 0)
(1.5939 0.00182111 0)
(1.59397 -0.0362815 0)
(1.58515 -0.0771191 0)
(1.56561 -0.118904 0)
(1.53435 -0.159225 0)
(1.49179 -0.195303 0)
(1.43964 -0.224427 0)
(1.38049 -0.244577 0)
(1.31741 -0.254821 0)
(1.25343 -0.255218 0)
(1.19119 -0.24644 0)
(1.13276 -0.229416 0)
(1.07971 -0.205022 0)
(1.0333 -0.173921 0)
(0.994447 -0.136688 0)
(0.963836 -0.0938787 0)
(0.943022 -0.0455759 0)
(0.934413 0.00840341 0)
(0.937293 0.0656175 0)
(0.945634 0.120795 0)
(0.953567 0.169931 0)
(0.961292 0.212889 0)
(0.974733 0.252082 0)
(1.00081 0.289007 0)
(1.04353 0.322003 0)
(1.1029 0.34651 0)
(1.17607 0.356898 0)
(1.25856 0.347959 0)
(1.34489 0.316552 0)
(1.42923 0.261807 0)
(1.50542 0.186125 0)
(1.56721 0.0951143 0)
(1.60752 -0.00103669 0)
(1.6228 -0.091777 0)
(1.61053 -0.166039 0)
(1.57838 -0.220171 0)
(1.52651 -0.250528 0)
(1.47444 -0.265764 0)
(1.40579 -0.259974 0)
(1.36648 -0.256362 0)
(1.2818 -0.223599 0)
(1.00011 0.00487895 0)
(1.00211 0.0150156 0)
(1.00614 0.0256963 0)
(1.01246 0.037091 0)
(1.02134 0.0493293 0)
(1.03306 0.062473 0)
(1.04797 0.076493 0)
(1.06646 0.0912162 0)
(1.08888 0.106348 0)
(1.11555 0.121352 0)
(1.14659 0.135512 0)
(1.18189 0.147865 0)
(1.221 0.157288 0)
(1.26304 0.162744 0)
(1.30671 0.163365 0)
(1.3503 0.158684 0)
(1.39185 0.148972 0)
(1.42973 0.135079 0)
(1.46293 0.117956 0)
(1.49103 0.0983086 0)
(1.51385 0.0765492 0)
(1.53121 0.0528329 0)
(1.54279 0.0271229 0)
(1.54807 -0.000698051 0)
(1.54633 -0.0304967 0)
(1.53663 -0.0618229 0)
(1.51793 -0.0935401 0)
(1.48978 -0.123896 0)
(1.45263 -0.150916 0)
(1.40775 -0.172805 0)
(1.35705 -0.188217 0)
(1.30285 -0.196391 0)
(1.24757 -0.197141 0)
(1.19345 -0.190733 0)
(1.1424 -0.177679 0)
(1.09594 -0.158596 0)
(1.05531 -0.134072 0)
(1.02165 -0.104564 0)
(0.996059 -0.0704306 0)
(0.97954 -0.0320954 0)
(0.973504 0.010104 0)
(0.979424 0.0554537 0)
(0.996997 0.102187 0)
(1.02357 0.147539 0)
(1.05611 0.188797 0)
(1.09346 0.224301 0)
(1.13664 0.253248 0)
(1.18761 0.274675 0)
(1.24752 0.286644 0)
(1.3157 0.286404 0)
(1.38944 0.271036 0)
(1.46423 0.238683 0)
(1.53446 0.189337 0)
(1.5937 0.125818 0)
(1.636 0.0535688 0)
(1.65578 -0.0190417 0)
(1.65236 -0.0847699 0)
(1.62624 -0.137031 0)
(1.58597 -0.174875 0)
(1.53142 -0.196089 0)
(1.48002 -0.207427 0)
(1.41435 -0.203526 0)
(1.37751 -0.201715 0)
(1.29705 -0.177724 0)
(1.00011 0.00387806 0)
(1.00226 0.0119146 0)
(1.00657 0.020345 0)
(1.01329 0.0292781 0)
(1.02262 0.0387944 0)
(1.0348 0.048917 0)
(1.05006 0.0595968 0)
(1.06867 0.0706805 0)
(1.09084 0.0819074 0)
(1.1167 0.0928715 0)
(1.14625 0.103034 0)
(1.17925 0.111749 0)
(1.21523 0.118302 0)
(1.25343 0.122024 0)
(1.29278 0.122373 0)
(1.33196 0.119024 0)
(1.36951 0.11204 0)
(1.40408 0.10186 0)
(1.43469 0.0890764 0)
(1.46072 0.0741961 0)
(1.48179 0.0575462 0)
(1.49755 0.039302 0)
(1.50764 0.0195532 0)
(1.5116 -0.00161933 0)
(1.50887 -0.0240053 0)
(1.49892 -0.0472157 0)
(1.48121 -0.0704387 0)
(1.45558 -0.0924923 0)
(1.42246 -0.112079 0)
(1.38288 -0.128006 0)
(1.33837 -0.139329 0)
(1.29079 -0.145446 0)
(1.24211 -0.146134 0)
(1.19425 -0.141503 0)
(1.14891 -0.131873 0)
(1.10757 -0.117649 0)
(1.07152 -0.0992235 0)
(1.04196 -0.0769197 0)
(1.01998 -0.0510626 0)
(1.00661 -0.0220637 0)
(1.00281 0.00953767 0)
(1.00958 0.0431713 0)
(1.02771 0.0779686 0)
(1.05712 0.112601 0)
(1.09666 0.145287 0)
(1.14467 0.174087 0)
(1.19959 0.197188 0)
(1.26027 0.212929 0)
(1.32554 0.219651 0)
(1.39368 0.215755 0)
(1.46193 0.199918 0)
(1.52639 0.171734 0)
(1.58244 0.132156 0)
(1.6251 0.0840876 0)
(1.65053 0.03183 0)
(1.656 -0.0192043 0)
(1.64294 -0.064784 0)
(1.61268 -0.101088 0)
(1.57288 -0.128029 0)
(1.52199 -0.143784 0)
(1.47541 -0.153047 0)
(1.41511 -0.151304 0)
(1.382 -0.151057 0)
(1.30653 -0.134495 0)
(1.00012 0.00281016 0)
(1.00236 0.00862377 0)
(1.00685 0.0147028 0)
(1.01381 0.0211131 0)
(1.02342 0.0279002 0)
(1.03584 0.0350685 0)
(1.05126 0.0425685 0)
(1.06983 0.0502812 0)
(1.09169 0.0580115 0)
(1.11685 0.06548 0)
(1.14522 0.0723286 0)
(1.17651 0.0781421 0)
(1.21027 0.0824731 0)
(1.24577 0.0848932 0)
(1.28211 0.0850535 0)
(1.31819 0.0827474 0)
(1.35282 0.0779828 0)
(1.3849 0.0709893 0)
(1.41349 0.0621161 0)
(1.43789 0.0516978 0)
(1.4576 0.0399735 0)
(1.47219 0.0271038 0)
(1.48126 0.0131939 0)
(1.48439 -0.00164478 0)
(1.48118 -0.0172126 0)
(1.47129 -0.0331888 0)
(1.45445 -0.0490372 0)
(1.43069 -0.0640192 0)
(1.40044 -0.077313 0)
(1.36459 -0.0881423 0)
(1.32444 -0.0958754 0)
(1.28154 -0.100096 0)
(1.23758 -0.100629 0)
(1.19423 -0.0975112 0)
(1.15307 -0.0909136 0)
(1.11553 -0.0810687 0)
(1.08291 -0.0682315 0)
(1.05636 -0.0526501 0)
(1.03695 -0.0345945 0)
(1.02562 -0.0143715 0)
(1.02327 0.00759229 0)
(1.03065 0.0308211 0)
(1.04828 0.0546655 0)
(1.07637 0.0782898 0)
(1.11465 0.100646 0)
(1.1622 0.120484 0)
(1.21753 0.136434 0)
(1.27875 0.14711 0)
(1.34355 0.151198 0)
(1.4092 0.14763 0)
(1.47243 0.135743 0)
(1.52954 0.115662 0)
(1.57672 0.088381 0)
(1.61042 0.0560512 0)
(1.62851 0.0213838 0)
(1.62984 -0.0123401 0)
(1.61632 -0.0426511 0)
(1.58884 -0.0671425 0)
(1.55388 -0.0858125 0)
(1.50881 -0.0972045 0)
(1.46779 -0.104379 0)
(1.4128 -0.104007 0)
(1.38317 -0.10454 0)
(1.31215 -0.0939151 0)
(1.00012 0.00169977 0)
(1.00242 0.00521305 0)
(1.00701 0.00887997 0)
(1.01411 0.0127348 0)
(1.02387 0.0167997 0)
(1.03642 0.0210726 0)
(1.05189 0.0255187 0)
(1.07039 0.0300635 0)
(1.09198 0.0345893 0)
(1.11664 0.038934 0)
(1.1442 0.0428939 0)
(1.17438 0.0462338 0)
(1.20669 0.0487022 0)
(1.24046 0.0500577 0)
(1.27488 0.0501064 0)
(1.30898 0.0487374 0)
(1.34174 0.0459504 0)
(1.37217 0.0418576 0)
(1.39939 0.0366398 0)
(1.42268 0.0304838 0)
(1.44147 0.0235342 0)
(1.45528 0.0158941 0)
(1.46371 0.00764072 0)
(1.46637 -0.00114075 0)
(1.46292 -0.0103105 0)
(1.45316 -0.0196643 0)
(1.43696 -0.0288972 0)
(1.41444 -0.0376004 0)
(1.38603 -0.0453133 0)
(1.35257 -0.0515963 0)
(1.3152 -0.0560926 0)
(1.2753 -0.0585637 0)
(1.23437 -0.058899 0)
(1.19395 -0.0570981 0)
(1.15554 -0.0532379 0)
(1.12051 -0.0474465 0)
(1.09012 -0.0398742 0)
(1.06551 -0.0306829 0)
(1.04772 -0.020038 0)
(1.03768 -0.00813591 0)
(1.03619 0.00481087 0)
(1.04388 0.0184596 0)
(1.06113 0.0324062 0)
(1.08802 0.046152 0)
(1.12429 0.0590939 0)
(1.1692 0.0705265 0)
(1.22149 0.0796763 0)
(1.27935 0.0857417 0)
(1.3404 0.0879594 0)
(1.40181 0.0857322 0)
(1.46031 0.0787196 0)
(1.5125 0.06708 0)
(1.55511 0.0513959 0)
(1.58534 0.0329202 0)
(1.60173 0.0131222 0)
(1.6035 -0.00619286 0)
(1.59244 -0.0236796 0)
(1.56883 -0.037966 0)
(1.53843 -0.0490478 0)
(1.49807 -0.0560099 0)
(1.46125 -0.0605674 0)
(1.41014 -0.0607223 0)
(1.38304 -0.0613224 0)
(1.31524 -0.0554525 0)
(1.00012 0.00056826 0)
(1.00245 0.00174241 0)
(1.00709 0.00296707 0)
(1.01425 0.00425263 0)
(1.02407 0.0056056 0)
(1.03668 0.00702454 0)
(1.05216 0.00849724 0)
(1.07061 0.00999852 0)
(1.09205 0.0114894 0)
(1.11645 0.0129167 0)
(1.14361 0.0142141 0)
(1.17323 0.0153051 0)
(1.20482 0.0161078 0)
(1.23775 0.0165445 0)
(1.27123 0.0165534 0)
(1.30436 0.0160999 0)
(1.33621 0.0151838 0)
(1.36583 0.0138385 0)
(1.39236 0.0121194 0)
(1.41509 0.0100861 0)
(1.43341 0.00778585 0)
(1.44684 0.0052541 0)
(1.45496 0.00251827 0)
(1.45739 -0.000390414 0)
(1.45386 -0.00342047 0)
(1.44419 -0.00650253 0)
(1.42832 -0.00953773 0)
(1.40641 -0.0123945 0)
(1.37892 -0.0149244 0)
(1.34662 -0.016986 0)
(1.3106 -0.0184647 0)
(1.27215 -0.0192831 0)
(1.23271 -0.019402 0)
(1.19374 -0.0188164 0)
(1.15668 -0.0175482 0)
(1.12288 -0.0156391 0)
(1.09359 -0.0131404 0)
(1.06993 -0.0101047 0)
(1.05294 -0.00658376 0)
(1.04352 -0.00264331 0)
(1.04242 0.00163356 0)
(1.05022 0.00613262 0)
(1.06725 0.0107222 0)
(1.09353 0.0152377 0)
(1.12874 0.0194802 0)
(1.17213 0.0232188 0)
(1.22246 0.0262016 0)
(1.27798 0.0281705 0)
(1.33642 0.0288788 0)
(1.39506 0.0281378 0)
(1.4508 0.0258417 0)
(1.50047 0.0220476 0)
(1.54109 0.0169363 0)
(1.57016 0.0109275 0)
(1.58634 0.00448169 0)
(1.58891 -0.00181831 0)
(1.57951 -0.00754278 0)
(1.55814 -0.0122479 0)
(1.53019 -0.0159297 0)
(1.4923 -0.0182805 0)
(1.45764 -0.0198451 0)
(1.40853 -0.0199683 0)
(1.38272 -0.0202137 0)
(1.31659 -0.0183482 0)
)
;

boundaryField
{
    inlet
    {
        type            fixedValue;
        value           uniform (1 0 0);
    }
    outlet
    {
        type            pressureInletOutletVelocity;
        value           nonuniform List<vector> 
32
(
(1.17249 -0.039636 0)
(1.14916 -0.117384 0)
(1.09793 -0.190735 0)
(1.04115 -0.264661 0)
(1.00271 -0.342784 0)
(0.967591 -0.414959 0)
(0.920412 -0.473753 0)
(0.867377 -0.51917 0)
(0.813651 -0.551165 0)
(0.762933 -0.570808 0)
(0.720316 -0.580388 0)
(0.689131 -0.58246 0)
(0.671866 -0.579556 0)
(0.669737 -0.573654 0)
(0.682821 -0.566015 0)
(0.710417 -0.557122 0)
(0.751091 -0.546768 0)
(0.802872 -0.534231 0)
(0.863256 -0.518492 0)
(0.929253 -0.498485 0)
(0.997483 -0.473319 0)
(1.06436 -0.442475 0)
(1.1264 -0.405941 0)
(1.18061 -0.364307 0)
(1.22488 -0.318804 0)
(1.25839 -0.271217 0)
(1.2818 -0.223599 0)
(1.29705 -0.177724 0)
(1.30653 -0.134495 0)
(1.31215 -0.0939151 0)
(1.31524 -0.0554525 0)
(1.31659 -0.0183482 0)
)
;
    }
    top
    {
        type            symmetryPlane;
    }
    bottom
    {
        type            symmetryPlane;
    }
    frontAndBack
    {
        type            empty;
    }
}


// ************************************************************************* //
