/*--------------------------------*- C++ -*----------------------------------*\
  =========                 |
  \\      /  F ield         | OpenFOAM: The Open Source CFD Toolbox
   \\    /   O peration     | Website:  https://openfoam.org
    \\  /    A nd           | Version:  10
     \\/     M anipulation  |
\*---------------------------------------------------------------------------*/
FoamFile
{
    format      ascii;
    class       volVectorField;
    location    "14250";
    object      Ua;
}
// * * * * * * * * * * * * * * * * * * * * * * * * * * * * * * * * * * * * * //

dimensions      [0 1 -1 0 0 0 0];

internalField   nonuniform List<vector> 
3200
(
(-3.37398e-07 4.87259e-07 0)
(-1.01061e-06 4.93667e-07 0)
(-1.68492e-06 5.06526e-07 0)
(-2.36889e-06 5.26256e-07 0)
(-3.07145e-06 5.53687e-07 0)
(-3.80243e-06 5.90145e-07 0)
(-4.57317e-06 6.37604e-07 0)
(-5.39738e-06 6.98946e-07 0)
(-6.29229e-06 7.78375e-07 0)
(-7.28034e-06 8.82095e-07 0)
(-8.39181e-06 1.01944e-06 0)
(-9.66888e-06 1.2048e-06 0)
(-1.11723e-05 1.46094e-06 0)
(-1.29927e-05 1.82506e-06 0)
(-1.52697e-05 2.35966e-06 0)
(-1.82267e-05 3.17314e-06 0)
(-2.22331e-05 4.45882e-06 0)
(-2.79197e-05 6.57059e-06 0)
(-3.63977e-05 1.01712e-05 0)
(-4.96758e-05 1.65253e-05 0)
(-7.12515e-05 2.80755e-05 0)
(-4.61036e-05 3.91363e-05 0)
(-5.0717e-06 1.90042e-05 0)
(-2.00537e-06 8.13512e-06 0)
(-1.1518e-06 5.01609e-06 0)
(-7.53536e-07 3.50053e-06 0)
(-5.30572e-07 2.61307e-06 0)
(-3.92623e-07 2.03917e-06 0)
(-3.01447e-07 1.64373e-06 0)
(-2.38179e-07 1.35853e-06 0)
(-1.92564e-07 1.14529e-06 0)
(-1.58654e-07 9.81211e-07 0)
(-1.32771e-07 8.51997e-07 0)
(-1.12466e-07 7.47816e-07 0)
(-9.35385e-08 6.5531e-07 0)
(-7.35611e-08 5.69544e-07 0)
(-5.53284e-08 4.96093e-07 0)
(-3.99223e-08 4.31851e-07 0)
(-2.54101e-08 3.74065e-07 0)
(-9.68399e-09 3.14777e-07 0)
(-3.28062e-07 1.44829e-06 0)
(-9.82203e-07 1.46669e-06 0)
(-1.63606e-06 1.50354e-06 0)
(-2.29694e-06 1.55993e-06 0)
(-2.97227e-06 1.63799e-06 0)
(-3.66983e-06 1.74117e-06 0)
(-4.39817e-06 1.87448e-06 0)
(-5.16689e-06 2.04511e-06 0)
(-5.98702e-06 2.26329e-06 0)
(-6.87131e-06 2.54356e-06 0)
(-7.8344e-06 2.90692e-06 0)
(-8.8925e-06 3.384e-06 0)
(-1.00619e-05 4.02026e-06 0)
(-1.13547e-05 4.88429e-06 0)
(-1.27682e-05 6.08121e-06 0)
(-1.42611e-05 7.77463e-06 0)
(-1.56986e-05 1.02225e-05 0)
(-1.67342e-05 1.38359e-05 0)
(-1.65529e-05 1.92745e-05 0)
(-1.33233e-05 2.75999e-05 0)
(-3.03962e-06 4.05089e-05 0)
(1.05259e-05 3.47198e-05 0)
(1.38042e-05 9.60645e-06 0)
(9.09216e-06 7.04994e-06 0)
(5.4944e-06 5.66891e-06 0)
(2.55948e-06 4.86932e-06 0)
(-5.83733e-08 4.4572e-06 0)
(-2.61219e-06 4.35806e-06 0)
(-5.32763e-06 4.57192e-06 0)
(-8.45753e-06 5.16752e-06 0)
(-1.23402e-05 6.30073e-06 0)
(-1.74794e-05 8.25985e-06 0)
(-2.46684e-05 1.15509e-05 0)
(-3.04741e-05 1.65344e-05 0)
(-1.76417e-05 6.65648e-06 0)
(-2.41589e-06 1.1854e-06 0)
(-1.25873e-06 9.27652e-07 0)
(-7.16155e-07 7.23562e-07 0)
(-3.70749e-07 5.23956e-07 0)
(-1.16445e-07 3.23808e-07 0)
(-3.10597e-07 2.37062e-06 0)
(-9.29153e-07 2.39876e-06 0)
(-1.54513e-06 2.45496e-06 0)
(-2.16379e-06 2.54051e-06 0)
(-2.79008e-06 2.65807e-06 0)
(-3.42875e-06 2.81188e-06 0)
(-4.0843e-06 3.00802e-06 0)
(-4.7608e-06 3.25488e-06 0)
(-5.46154e-06 3.5638e-06 0)
(-6.18835e-06 3.95001e-06 0)
(-6.94027e-06 4.43376e-06 0)
(-7.71137e-06 5.04184e-06 0)
(-8.48694e-06 5.80926e-06 0)
(-9.23731e-06 6.78078e-06 0)
(-9.90816e-06 8.01142e-06 0)
(-1.04062e-05 9.56343e-06 0)
(-1.05804e-05 1.14949e-05 0)
(-1.0204e-05 1.38285e-05 0)
(-8.97533e-06 1.64782e-05 0)
(-6.59329e-06 1.90868e-05 0)
(-3.04895e-06 2.06808e-05 0)
(5.20018e-07 1.89632e-05 0)
(2.34813e-06 1.47425e-05 0)
(2.37655e-06 1.20014e-05 0)
(1.61616e-06 1.02707e-05 0)
(5.26111e-07 9.24956e-06 0)
(-6.8349e-07 8.77274e-06 0)
(-1.90192e-06 8.76797e-06 0)
(-3.03894e-06 9.23414e-06 0)
(-3.96764e-06 1.02355e-05 0)
(-4.459e-06 1.19081e-05 0)
(-4.08007e-06 1.44787e-05 0)
(-2.01733e-06 1.82948e-05 0)
(3.03972e-06 2.3357e-05 0)
(6.60941e-06 1.24299e-05 0)
(5.16791e-06 5.96228e-06 0)
(2.21475e-06 5.24892e-06 0)
(-6.28817e-07 5.02722e-06 0)
(-1.23424e-06 1.28758e-06 0)
(-1.11671e-07 2.46312e-07 0)
(-2.87065e-07 3.23375e-06 0)
(-8.57854e-07 3.26857e-06 0)
(-1.42356e-06 3.33785e-06 0)
(-1.98712e-06 3.44261e-06 0)
(-2.55098e-06 3.5852e-06 0)
(-3.11688e-06 3.7694e-06 0)
(-3.68569e-06 4.00049e-06 0)
(-4.25702e-06 4.28541e-06 0)
(-4.82861e-06 4.63299e-06 0)
(-5.39555e-06 5.05412e-06 0)
(-5.94902e-06 5.56175e-06 0)
(-6.47465e-06 6.17068e-06 0)
(-6.95031e-06 6.89672e-06 0)
(-7.34356e-06 7.75466e-06 0)
(-7.60905e-06 8.75433e-06 0)
(-7.6872e-06 9.89351e-06 0)
(-7.50641e-06 1.11463e-05 0)
(-6.99319e-06 1.24453e-05 0)
(-6.09673e-06 1.36601e-05 0)
(-4.83436e-06 1.45781e-05 0)
(-3.35487e-06 1.49183e-05 0)
(-1.97647e-06 1.44518e-05 0)
(-1.03225e-06 1.34155e-05 0)
(-6.07569e-07 1.23674e-05 0)
(-5.79868e-07 1.15191e-05 0)
(-8.03161e-07 1.09365e-05 0)
(-1.15278e-06 1.063e-05 0)
(-1.52572e-06 1.0591e-05 0)
(-1.83042e-06 1.08031e-05 0)
(-1.97734e-06 1.12392e-05 0)
(-1.87649e-06 1.18476e-05 0)
(-1.44976e-06 1.25217e-05 0)
(-6.73943e-07 1.30473e-05 0)
(3.12991e-07 1.30074e-05 0)
(1.00767e-06 1.16955e-05 0)
(1.07742e-06 1.04e-05 0)
(7.55671e-07 9.69949e-06 0)
(3.7051e-07 9.50752e-06 0)
(5.46165e-08 3.07271e-06 0)
(1.91967e-08 7.82588e-08 0)
(-2.59856e-07 4.02359e-06 0)
(-7.7566e-07 4.06192e-06 0)
(-1.28423e-06 4.13785e-06 0)
(-1.7865e-06 4.2518e-06 0)
(-2.28278e-06 4.40532e-06 0)
(-2.77262e-06 4.60094e-06 0)
(-3.25448e-06 4.84214e-06 0)
(-3.72543e-06 5.13328e-06 0)
(-4.18069e-06 5.47943e-06 0)
(-4.61312e-06 5.8861e-06 0)
(-5.01258e-06 6.35872e-06 0)
(-5.36533e-06 6.90185e-06 0)
(-5.65352e-06 7.51781e-06 0)
(-5.85505e-06 8.20465e-06 0)
(-5.94436e-06 8.9534e-06 0)
(-5.89461e-06 9.74441e-06 0)
(-5.68222e-06 1.05435e-05 0)
(-5.29437e-06 1.12986e-05 0)
(-4.73924e-06 1.19407e-05 0)
(-4.05683e-06 1.23915e-05 0)
(-3.32397e-06 1.25853e-05 0)
(-2.64269e-06 1.25063e-05 0)
(-2.10257e-06 1.22266e-05 0)
(-1.74127e-06 1.18694e-05 0)
(-1.54443e-06 1.15293e-05 0)
(-1.47074e-06 1.1263e-05 0)
(-1.47007e-06 1.10975e-05 0)
(-1.49281e-06 1.10384e-05 0)
(-1.49436e-06 1.10751e-05 0)
(-1.43835e-06 1.11822e-05 0)
(-1.30094e-06 1.13193e-05 0)
(-1.07757e-06 1.14307e-05 0)
(-7.91365e-07 1.14492e-05 0)
(-4.99027e-07 1.13129e-05 0)
(-2.80908e-07 1.10081e-05 0)
(-1.87361e-07 1.06604e-05 0)
(-2.0785e-07 1.03716e-05 0)
(-3.05784e-07 1.017e-05 0)
(-2.1498e-07 4.51822e-06 0)
(1.93477e-08 1.49985e-08 0)
(-2.31214e-07 4.73278e-06 0)
(-6.89401e-07 4.77185e-06 0)
(-1.13891e-06 4.84889e-06 0)
(-1.57916e-06 4.96369e-06 0)
(-2.00904e-06 5.11676e-06 0)
(-2.42677e-06 5.30923e-06 0)
(-2.82967e-06 5.54267e-06 0)
(-3.21393e-06 5.81888e-06 0)
(-3.57442e-06 6.13961e-06 0)
(-3.90445e-06 6.5062e-06 0)
(-4.1957e-06 6.91901e-06 0)
(-4.43816e-06 7.37672e-06 0)
(-4.62046e-06 7.8754e-06 0)
(-4.73045e-06 8.40747e-06 0)
(-4.75647e-06 8.96055e-06 0)
(-4.68922e-06 9.51654e-06 0)
(-4.52435e-06 1.00514e-05 0)
(-4.26543e-06 1.0536e-05 0)
(-3.92671e-06 1.09395e-05 0)
(-3.53415e-06 1.12347e-05 0)
(-3.1233e-06 1.14062e-05 0)
(-2.73265e-06 1.14582e-05 0)
(-2.39368e-06 1.14166e-05 0)
(-2.12273e-06 1.13198e-05 0)
(-1.91992e-06 1.12045e-05 0)
(-1.77351e-06 1.1098e-05 0)
(-1.66549e-06 1.10164e-05 0)
(-1.57614e-06 1.09656e-05 0)
(-1.48754e-06 1.09425e-05 0)
(-1.38627e-06 1.09368e-05 0)
(-1.26544e-06 1.09334e-05 0)
(-1.12619e-06 1.09149e-05 0)
(-9.77845e-07 1.0866e-05 0)
(-8.36036e-07 1.07795e-05 0)
(-7.17662e-07 1.06619e-05 0)
(-6.3359e-07 1.05351e-05 0)
(-5.85007e-07 1.04222e-05 0)
(-5.66137e-07 1.03389e-05 0)
(-3.1014e-07 4.75753e-06 0)
(1.94331e-08 1.0584e-08 0)
(-2.0293e-07 5.35975e-06 0)
(-6.0447e-07 5.39748e-06 0)
(-9.96659e-07 5.47158e-06 0)
(-1.37795e-06 5.58123e-06 0)
(-1.74645e-06 5.72609e-06 0)
(-2.0998e-06 5.90604e-06 0)
(-2.43503e-06 6.12111e-06 0)
(-2.74849e-06 6.37118e-06 0)
(-3.03574e-06 6.65576e-06 0)
(-3.29159e-06 6.97368e-06 0)
(-3.5102e-06 7.32268e-06 0)
(-3.68528e-06 7.69903e-06 0)
(-3.81054e-06 8.09705e-06 0)
(-3.88025e-06 8.50882e-06 0)
(-3.89013e-06 8.92389e-06 0)
(-3.83835e-06 9.32944e-06 0)
(-3.72655e-06 9.71085e-06 0)
(-3.56078e-06 1.0053e-05 0)
(-3.35174e-06 1.03419e-05 0)
(-3.11428e-06 1.05677e-05 0)
(-2.86565e-06 1.07263e-05 0)
(-2.62272e-06 1.08213e-05 0)
(-2.399e-06 1.08634e-05 0)
(-2.20245e-06 1.08669e-05 0)
(-2.03507e-06 1.08466e-05 0)
(-1.89392e-06 1.08148e-05 0)
(-1.77292e-06 1.07797e-05 0)
(-1.66473e-06 1.07456e-05 0)
(-1.56233e-06 1.07127e-05 0)
(-1.46024e-06 1.0679e-05 0)
(-1.35536e-06 1.06404e-05 0)
(-1.24718e-06 1.05932e-05 0)
(-1.13754e-06 1.05354e-05 0)
(-1.02968e-06 1.04678e-05 0)
(-9.26979e-07 1.03949e-05 0)
(-8.31664e-07 1.03243e-05 0)
(-7.44215e-07 1.02643e-05 0)
(-6.63611e-07 1.02224e-05 0)
(-3.39917e-07 4.64897e-06 0)
(1.95367e-08 9.89741e-09 0)
(-1.76239e-07 5.90733e-06 0)
(-5.24535e-07 5.94238e-06 0)
(-8.63468e-07 6.01097e-06 0)
(-1.19099e-06 6.11187e-06 0)
(-1.50492e-06 6.24408e-06 0)
(-1.80279e-06 6.40664e-06 0)
(-2.08185e-06 6.59852e-06 0)
(-2.33901e-06 6.81844e-06 0)
(-2.57086e-06 7.06468e-06 0)
(-2.77377e-06 7.33487e-06 0)
(-2.94401e-06 7.62581e-06 0)
(-3.07804e-06 7.93325e-06 0)
(-3.17275e-06 8.25181e-06 0)
(-3.22594e-06 8.57491e-06 0)
(-3.23671e-06 8.89487e-06 0)
(-3.20591e-06 9.20328e-06 0)
(-3.13647e-06 9.49147e-06 0)
(-3.03354e-06 9.75132e-06 0)
(-2.90428e-06 9.97618e-06 0)
(-2.75729e-06 1.01617e-05 0)
(-2.60171e-06 1.03066e-05 0)
(-2.44607e-06 1.04125e-05 0)
(-2.29723e-06 1.0484e-05 0)
(-2.15969e-06 1.05269e-05 0)
(-2.03543e-06 1.05474e-05 0)
(-1.92419e-06 1.05509e-05 0)
(-1.8241e-06 1.05415e-05 0)
(-1.73234e-06 1.05215e-05 0)
(-1.64577e-06 1.04919e-05 0)
(-1.5614e-06 1.04528e-05 0)
(-1.47664e-06 1.04037e-05 0)
(-1.3894e-06 1.03445e-05 0)
(-1.298e-06 1.02758e-05 0)
(-1.20096e-06 1.02e-05 0)
(-1.0969e-06 1.0121e-05 0)
(-9.84582e-07 1.00445e-05 0)
(-8.63266e-07 9.97745e-06 0)
(-7.33389e-07 9.92779e-06 0)
(-3.59659e-07 4.41615e-06 0)
(1.97552e-08 9.26138e-09 0)
(-1.51859e-07 6.38116e-06 0)
(-4.5168e-07 6.41283e-06 0)
(-7.42605e-07 6.47462e-06 0)
(-1.02244e-06 6.56507e-06 0)
(-1.28897e-06 6.68279e-06 0)
(-1.53994e-06 6.82634e-06 0)
(-1.773e-06 6.9941e-06 0)
(-1.98571e-06 7.18423e-06 0)
(-2.17562e-06 7.39449e-06 0)
(-2.34035e-06 7.62216e-06 0)
(-2.4777e-06 7.86398e-06 0)
(-2.58584e-06 8.11605e-06 0)
(-2.66352e-06 8.37388e-06 0)
(-2.71023e-06 8.63244e-06 0)
(-2.72648e-06 8.88636e-06 0)
(-2.71389e-06 9.13013e-06 0)
(-2.67524e-06 9.35849e-06 0)
(-2.61445e-06 9.56684e-06 0)
(-2.53632e-06 9.75156e-06 0)
(-2.4462e-06 9.91039e-06 0)
(-2.34949e-06 1.00425e-05 0)
(-2.25117e-06 1.01486e-05 0)
(-2.15539e-06 1.02304e-05 0)
(-2.06516e-06 1.02901e-05 0)
(-1.98231e-06 1.03302e-05 0)
(-1.90754e-06 1.0353e-05 0)
(-1.84059e-06 1.036e-05 0)
(-1.78047e-06 1.03518e-05 0)
(-1.72556e-06 1.03286e-05 0)
(-1.67372e-06 1.02898e-05 0)
(-1.62228e-06 1.02345e-05 0)
(-1.56784e-06 1.01618e-05 0)
(-1.50612e-06 1.00712e-05 0)
(-1.4317e-06 9.96319e-06 0)
(-1.33804e-06 9.8396e-06 0)
(-1.21766e-06 9.70495e-06 0)
(-1.06307e-06 9.56751e-06 0)
(-8.68649e-07 9.44122e-06 0)
(-4.05714e-07 4.03551e-06 0)
(2.02587e-08 8.48757e-09 0)
(-1.30092e-07 6.78834e-06 0)
(-3.86754e-07 6.81641e-06 0)
(-6.35275e-07 6.87104e-06 0)
(-8.73521e-07 6.9507e-06 0)
(-1.09945e-06 7.05384e-06 0)
(-1.31108e-06 7.1788e-06 0)
(-1.50651e-06 7.32375e-06 0)
(-1.68389e-06 7.48667e-06 0)
(-1.84153e-06 7.66525e-06 0)
(-1.97793e-06 7.85687e-06 0)
(-2.09188e-06 8.05857e-06 0)
(-2.18257e-06 8.26711e-06 0)
(-2.24969e-06 8.47892e-06 0)
(-2.29354e-06 8.6903e-06 0)
(-2.31508e-06 8.89747e-06 0)
(-2.31601e-06 9.09681e-06 0)
(-2.29868e-06 9.28498e-06 0)
(-2.26606e-06 9.45918e-06 0)
(-2.22154e-06 9.61725e-06 0)
(-2.16874e-06 9.7578e-06 0)
(-2.11128e-06 9.8802e-06 0)
(-2.05258e-06 9.98452e-06 0)
(-1.99564e-06 1.00713e-05 0)
(-1.94296e-06 1.01414e-05 0)
(-1.89647e-06 1.01955e-05 0)
(-1.8576e-06 1.02343e-05 0)
(-1.82725e-06 1.02578e-05 0)
(-1.80586e-06 1.02656e-05 0)
(-1.79341e-06 1.02563e-05 0)
(-1.78928e-06 1.0228e-05 0)
(-1.792e-06 1.01775e-05 0)
(-1.79881e-06 1.01006e-05 0)
(-1.80498e-06 9.99192e-06 0)
(-1.80272e-06 9.84487e-06 0)
(-1.77963e-06 9.65151e-06 0)
(-1.7166e-06 9.40303e-06 0)
(-1.58491e-06 9.09088e-06 0)
(-1.34252e-06 8.70897e-06 0)
(-6.17356e-07 3.19618e-06 0)
(2.15524e-08 7.33397e-09 0)
(-1.10959e-07 7.13646e-06 0)
(-3.29763e-07 7.16102e-06 0)
(-5.41318e-07 7.20873e-06 0)
(-7.43665e-07 7.2781e-06 0)
(-9.34996e-07 7.36757e-06 0)
(-1.11364e-06 7.47546e-06 0)
(-1.27809e-06 7.59996e-06 0)
(-1.42697e-06 7.73911e-06 0)
(-1.55912e-06 7.89075e-06 0)
(-1.67364e-06 8.05255e-06 0)
(-1.76991e-06 8.22202e-06 0)
(-1.84767e-06 8.39652e-06 0)
(-1.90708e-06 8.57334e-06 0)
(-1.94873e-06 8.74974e-06 0)
(-1.97368e-06 8.92309e-06 0)
(-1.98347e-06 9.09093e-06 0)
(-1.98002e-06 9.2511e-06 0)
(-1.96562e-06 9.40181e-06 0)
(-1.94279e-06 9.54172e-06 0)
(-1.91423e-06 9.66997e-06 0)
(-1.88263e-06 9.78611e-06 0)
(-1.85066e-06 9.8901e-06 0)
(-1.82083e-06 9.98216e-06 0)
(-1.79554e-06 1.00626e-05 0)
(-1.77705e-06 1.01319e-05 0)
(-1.76752e-06 1.019e-05 0)
(-1.76915e-06 1.0237e-05 0)
(-1.78422e-06 1.0272e-05 0)
(-1.81523e-06 1.02939e-05 0)
(-1.86496e-06 1.03001e-05 0)
(-1.93655e-06 1.0287e-05 0)
(-2.03342e-06 1.02489e-05 0)
(-2.15908e-06 1.01772e-05 0)
(-2.31654e-06 1.00592e-05 0)
(-2.507e-06 9.87569e-06 0)
(-2.72733e-06 9.59801e-06 0)
(-2.96506e-06 9.18279e-06 0)
(-3.18878e-06 8.56396e-06 0)
(-1.66648e-06 1.73544e-06 0)
(2.54492e-08 5.85856e-09 0)
(-9.43076e-08 7.4329e-06 0)
(-2.80214e-07 7.45421e-06 0)
(-4.59789e-07 7.49557e-06 0)
(-6.31294e-07 7.55558e-06 0)
(-7.93173e-07 7.63278e-06 0)
(-9.44042e-07 7.72559e-06 0)
(-1.0827e-06 7.83233e-06 0)
(-1.20813e-06 7.95121e-06 0)
(-1.31956e-06 8.08035e-06 0)
(-1.41641e-06 8.21776e-06 0)
(-1.49843e-06 8.3614e-06 0)
(-1.56562e-06 8.50918e-06 0)
(-1.61832e-06 8.65906e-06 0)
(-1.6572e-06 8.80902e-06 0)
(-1.68324e-06 8.95721e-06 0)
(-1.69773e-06 9.10196e-06 0)
(-1.70222e-06 9.24186e-06 0)
(-1.69849e-06 9.37578e-06 0)
(-1.68848e-06 9.50292e-06 0)
(-1.67424e-06 9.62282e-06 0)
(-1.65789e-06 9.73531e-06 0)
(-1.64158e-06 9.84053e-06 0)
(-1.62747e-06 9.93882e-06 0)
(-1.61779e-06 1.00307e-05 0)
(-1.61483e-06 1.01169e-05 0)
(-1.62111e-06 1.0198e-05 0)
(-1.6395e-06 1.02748e-05 0)
(-1.67342e-06 1.03479e-05 0)
(-1.72716e-06 1.04179e-05 0)
(-1.80634e-06 1.04855e-05 0)
(-1.91859e-06 1.05508e-05 0)
(-2.07462e-06 1.0614e-05 0)
(-2.28982e-06 1.06749e-05 0)
(-2.58697e-06 1.07328e-05 0)
(-3.00057e-06 1.07863e-05 0)
(-3.58388e-06 1.08329e-05 0)
(-4.42077e-06 1.08684e-05 0)
(-5.64289e-06 1.08845e-05 0)
(-3.20043e-06 1.94327e-06 0)
(3.30286e-08 6.88111e-09 0)
(-7.99e-08 7.68448e-06 0)
(-2.3737e-07 7.7029e-06 0)
(-3.8938e-07 7.73861e-06 0)
(-5.34422e-07 7.79037e-06 0)
(-6.71172e-07 7.85683e-06 0)
(-7.98488e-07 7.9366e-06 0)
(-9.15413e-07 8.02817e-06 0)
(-1.02119e-06 8.12999e-06 0)
(-1.11525e-06 8.24045e-06 0)
(-1.19726e-06 8.35791e-06 0)
(-1.26712e-06 8.48072e-06 0)
(-1.32495e-06 8.60726e-06 0)
(-1.37113e-06 8.73597e-06 0)
(-1.40625e-06 8.86538e-06 0)
(-1.43116e-06 8.99419e-06 0)
(-1.44688e-06 9.12127e-06 0)
(-1.45462e-06 9.24568e-06 0)
(-1.45573e-06 9.36677e-06 0)
(-1.45166e-06 9.4841e-06 0)
(-1.44394e-06 9.59754e-06 0)
(-1.43415e-06 9.70719e-06 0)
(-1.42391e-06 9.81345e-06 0)
(-1.41484e-06 9.91692e-06 0)
(-1.40865e-06 1.00185e-05 0)
(-1.40709e-06 1.01193e-05 0)
(-1.41204e-06 1.02208e-05 0)
(-1.42561e-06 1.03248e-05 0)
(-1.45017e-06 1.04334e-05 0)
(-1.48848e-06 1.05495e-05 0)
(-1.54386e-06 1.06769e-05 0)
(-1.62028e-06 1.08203e-05 0)
(-1.72248e-06 1.09866e-05 0)
(-1.85606e-06 1.11851e-05 0)
(-2.02728e-06 1.14294e-05 0)
(-2.24253e-06 1.17391e-05 0)
(-2.50684e-06 1.21433e-05 0)
(-2.82063e-06 1.26856e-05 0)
(-3.16481e-06 1.34255e-05 0)
(-1.68619e-06 2.85414e-06 0)
(2.86352e-08 1.01392e-08 0)
(-6.74682e-08 7.89731e-06 0)
(-2.00416e-07 7.91319e-06 0)
(-3.28694e-07 7.94398e-06 0)
(-4.5101e-07 7.98857e-06 0)
(-5.66241e-07 8.04579e-06 0)
(-6.73439e-07 8.11441e-06 0)
(-7.71832e-07 8.19313e-06 0)
(-8.60827e-07 8.28062e-06 0)
(-9.40011e-07 8.37555e-06 0)
(-1.00916e-06 8.47656e-06 0)
(-1.06823e-06 8.58235e-06 0)
(-1.11738e-06 8.69165e-06 0)
(-1.15692e-06 8.80328e-06 0)
(-1.18736e-06 8.91615e-06 0)
(-1.20933e-06 9.02934e-06 0)
(-1.22362e-06 9.14207e-06 0)
(-1.23112e-06 9.25374e-06 0)
(-1.23278e-06 9.36397e-06 0)
(-1.22962e-06 9.47258e-06 0)
(-1.2227e-06 9.57963e-06 0)
(-1.21306e-06 9.68539e-06 0)
(-1.20172e-06 9.79037e-06 0)
(-1.18968e-06 9.89535e-06 0)
(-1.17788e-06 1.00013e-05 0)
(-1.16718e-06 1.01097e-05 0)
(-1.15836e-06 1.0222e-05 0)
(-1.15207e-06 1.03403e-05 0)
(-1.14876e-06 1.04672e-05 0)
(-1.1486e-06 1.06058e-05 0)
(-1.15129e-06 1.076e-05 0)
(-1.15578e-06 1.09348e-05 0)
(-1.15984e-06 1.11363e-05 0)
(-1.15935e-06 1.13722e-05 0)
(-1.14723e-06 1.16521e-05 0)
(-1.11182e-06 1.19877e-05 0)
(-1.03453e-06 1.23933e-05 0)
(-8.86406e-07 1.28847e-05 0)
(-6.20485e-07 1.34639e-05 0)
(-2.46914e-07 2.09748e-06 0)
(1.51116e-08 1.06346e-08 0)
(-5.67507e-08 8.0767e-06 0)
(-1.68563e-07 8.0904e-06 0)
(-2.76404e-07 8.11693e-06 0)
(-3.79164e-07 8.15536e-06 0)
(-4.75893e-07 8.20467e-06 0)
(-5.65796e-07 8.26378e-06 0)
(-6.48235e-07 8.33161e-06 0)
(-7.22727e-07 8.40703e-06 0)
(-7.88948e-07 8.48894e-06 0)
(-8.46722e-07 8.57623e-06 0)
(-8.96027e-07 8.66786e-06 0)
(-9.36977e-07 8.76282e-06 0)
(-9.69819e-07 8.86022e-06 0)
(-9.94918e-07 8.95924e-06 0)
(-1.01274e-06 9.05919e-06 0)
(-1.02382e-06 9.15953e-06 0)
(-1.02877e-06 9.25985e-06 0)
(-1.02822e-06 9.35993e-06 0)
(-1.02282e-06 9.45969e-06 0)
(-1.01319e-06 9.55925e-06 0)
(-9.99913e-07 9.6589e-06 0)
(-9.83504e-07 9.75913e-06 0)
(-9.64373e-07 9.8606e-06 0)
(-9.42798e-07 9.96417e-06 0)
(-9.18884e-07 1.00709e-05 0)
(-8.92512e-07 1.01822e-05 0)
(-8.63271e-07 1.02994e-05 0)
(-8.30378e-07 1.04244e-05 0)
(-7.92552e-07 1.05592e-05 0)
(-7.47875e-07 1.0706e-05 0)
(-6.93589e-07 1.08673e-05 0)
(-6.25871e-07 1.10455e-05 0)
(-5.39557e-07 1.12432e-05 0)
(-4.2786e-07 1.1462e-05 0)
(-2.82133e-07 1.17026e-05 0)
(-9.17857e-08 1.19636e-05 0)
(1.55456e-07 1.22395e-05 0)
(4.72709e-07 1.24992e-05 0)
(3.038e-07 1.38597e-06 0)
(9.57156e-09 9.82427e-09 0)
(-4.751e-08 8.22727e-06 0)
(-1.411e-07 8.23908e-06 0)
(-2.31321e-07 8.26197e-06 0)
(-3.17222e-07 8.29511e-06 0)
(-3.97991e-07 8.33764e-06 0)
(-4.72951e-07 8.38864e-06 0)
(-5.41564e-07 8.4472e-06 0)
(-6.03422e-07 8.51237e-06 0)
(-6.58248e-07 8.58323e-06 0)
(-7.05886e-07 8.65889e-06 0)
(-7.46299e-07 8.73849e-06 0)
(-7.79553e-07 8.82123e-06 0)
(-8.05809e-07 8.9064e-06 0)
(-8.25309e-07 8.99337e-06 0)
(-8.38357e-07 9.08161e-06 0)
(-8.45302e-07 9.17069e-06 0)
(-8.46517e-07 9.26032e-06 0)
(-8.42379e-07 9.3503e-06 0)
(-8.33245e-07 9.44058e-06 0)
(-8.19429e-07 9.53124e-06 0)
(-8.01177e-07 9.62245e-06 0)
(-7.7864e-07 9.71455e-06 0)
(-7.5185e-07 9.80793e-06 0)
(-7.20682e-07 9.90315e-06 0)
(-6.84825e-07 1.00008e-05 0)
(-6.43744e-07 1.01016e-05 0)
(-5.96629e-07 1.02063e-05 0)
(-5.42356e-07 1.03157e-05 0)
(-4.79434e-07 1.04305e-05 0)
(-4.05965e-07 1.05513e-05 0)
(-3.19611e-07 1.06786e-05 0)
(-2.17606e-07 1.08124e-05 0)
(-9.68172e-08 1.09523e-05 0)
(4.60761e-08 1.10971e-05 0)
(2.14246e-07 1.12445e-05 0)
(4.10122e-07 1.13909e-05 0)
(6.34421e-07 1.15312e-05 0)
(8.84653e-07 1.16384e-05 0)
(4.90022e-07 1.28601e-06 0)
(6.82121e-09 1.17929e-08 0)
(-3.95393e-08 8.35298e-06 0)
(-1.17411e-07 8.36317e-06 0)
(-1.92427e-07 8.38291e-06 0)
(-2.63771e-07 8.41151e-06 0)
(-3.30741e-07 8.44822e-06 0)
(-3.92756e-07 8.49227e-06 0)
(-4.49349e-07 8.54288e-06 0)
(-5.00165e-07 8.59925e-06 0)
(-5.44953e-07 8.66063e-06 0)
(-5.83561e-07 8.72626e-06 0)
(-6.1593e-07 8.79545e-06 0)
(-6.42076e-07 8.86755e-06 0)
(-6.62087e-07 8.94196e-06 0)
(-6.76101e-07 9.01816e-06 0)
(-6.843e-07 9.09573e-06 0)
(-6.86887e-07 9.17429e-06 0)
(-6.84071e-07 9.25358e-06 0)
(-6.76049e-07 9.3334e-06 0)
(-6.62991e-07 9.41365e-06 0)
(-6.45015e-07 9.4943e-06 0)
(-6.22173e-07 9.57538e-06 0)
(-5.94431e-07 9.657e-06 0)
(-5.61646e-07 9.73931e-06 0)
(-5.2355e-07 9.82246e-06 0)
(-4.79729e-07 9.90666e-06 0)
(-4.29603e-07 9.99205e-06 0)
(-3.72412e-07 1.00787e-05 0)
(-3.07198e-07 1.01667e-05 0)
(-2.32798e-07 1.02559e-05 0)
(-1.47848e-07 1.03459e-05 0)
(-5.079e-08 1.04362e-05 0)
(6.00968e-08 1.05257e-05 0)
(1.86652e-07 1.06133e-05 0)
(3.30774e-07 1.0697e-05 0)
(4.9436e-07 1.07749e-05 0)
(6.79265e-07 1.08445e-05 0)
(8.87337e-07 1.09033e-05 0)
(1.12059e-06 1.09297e-05 0)
(6.13561e-07 1.32478e-06 0)
(4.83607e-09 1.29596e-08 0)
(-3.26629e-08 8.45725e-06 0)
(-9.69714e-08 8.46604e-06 0)
(-1.58864e-07 8.48307e-06 0)
(-2.17631e-07 8.50775e-06 0)
(-2.72664e-07 8.53944e-06 0)
(-3.23457e-07 8.57748e-06 0)
(-3.69597e-07 8.62121e-06 0)
(-4.10768e-07 8.66996e-06 0)
(-4.46737e-07 8.7231e-06 0)
(-4.77353e-07 8.77999e-06 0)
(-5.02533e-07 8.84004e-06 0)
(-5.22258e-07 8.90271e-06 0)
(-5.36555e-07 8.96749e-06 0)
(-5.45494e-07 9.03394e-06 0)
(-5.49168e-07 9.10166e-06 0)
(-5.47685e-07 9.17033e-06 0)
(-5.4115e-07 9.23966e-06 0)
(-5.29659e-07 9.30944e-06 0)
(-5.13276e-07 9.37949e-06 0)
(-4.9203e-07 9.44967e-06 0)
(-4.65897e-07 9.51989e-06 0)
(-4.34788e-07 9.59005e-06 0)
(-3.98546e-07 9.66008e-06 0)
(-3.56931e-07 9.72987e-06 0)
(-3.09616e-07 9.79929e-06 0)
(-2.56187e-07 9.86813e-06 0)
(-1.96141e-07 9.93611e-06 0)
(-1.28892e-07 1.00028e-05 0)
(-5.37805e-08 1.00676e-05 0)
(2.99095e-08 1.01298e-05 0)
(1.22932e-07 1.01883e-05 0)
(2.26056e-07 1.02418e-05 0)
(3.40054e-07 1.02887e-05 0)
(4.65698e-07 1.0327e-05 0)
(6.03796e-07 1.03543e-05 0)
(7.55295e-07 1.03677e-05 0)
(9.21499e-07 1.03638e-05 0)
(1.10446e-06 1.03188e-05 0)
(6.26469e-07 1.38912e-06 0)
(2.97456e-08 9.13669e-09 0)
(-2.67334e-08 8.54303e-06 0)
(-7.9345e-08 8.55061e-06 0)
(-1.29914e-07 8.56529e-06 0)
(-1.77822e-07 8.58656e-06 0)
(-2.22536e-07 8.61388e-06 0)
(-2.63611e-07 8.6467e-06 0)
(-3.0068e-07 8.68444e-06 0)
(-3.33458e-07 8.72654e-06 0)
(-3.61727e-07 8.77245e-06 0)
(-3.85336e-07 8.82164e-06 0)
(-4.0419e-07 8.8736e-06 0)
(-4.18244e-07 8.92786e-06 0)
(-4.27489e-07 8.98397e-06 0)
(-4.31948e-07 9.04154e-06 0)
(-4.31665e-07 9.10021e-06 0)
(-4.26692e-07 9.15964e-06 0)
(-4.17083e-07 9.21956e-06 0)
(-4.02884e-07 9.27971e-06 0)
(-3.84124e-07 9.33987e-06 0)
(-3.60809e-07 9.3998e-06 0)
(-3.32914e-07 9.45932e-06 0)
(-3.00381e-07 9.51821e-06 0)
(-2.63117e-07 9.57625e-06 0)
(-2.20991e-07 9.63319e-06 0)
(-1.73842e-07 9.68871e-06 0)
(-1.21483e-07 9.74245e-06 0)
(-6.37141e-08 9.79396e-06 0)
(-3.37994e-10 9.84268e-06 0)
(6.88162e-08 9.88793e-06 0)
(1.43864e-07 9.92889e-06 0)
(2.24826e-07 9.96457e-06 0)
(3.11578e-07 9.99382e-06 0)
(4.03784e-07 1.00153e-05 0)
(5.00803e-07 1.00273e-05 0)
(6.01561e-07 1.00282e-05 0)
(7.04346e-07 1.00157e-05 0)
(8.06492e-07 9.98733e-06 0)
(9.0396e-07 9.92032e-06 0)
(5.05183e-07 1.48335e-06 0)
(3.26467e-08 5.87351e-09 0)
(-2.1627e-08 8.61287e-06 0)
(-6.41644e-08 8.61939e-06 0)
(-1.04978e-07 8.63202e-06 0)
(-1.43525e-07 8.65032e-06 0)
(-1.79338e-07 8.67384e-06 0)
(-2.12022e-07 8.70208e-06 0)
(-2.4125e-07 8.73458e-06 0)
(-2.66764e-07 8.77084e-06 0)
(-2.88361e-07 8.81038e-06 0)
(-3.05897e-07 8.85276e-06 0)
(-3.1927e-07 8.89752e-06 0)
(-3.28422e-07 8.94426e-06 0)
(-3.33327e-07 8.99257e-06 0)
(-3.33985e-07 9.0421e-06 0)
(-3.30413e-07 9.0925e-06 0)
(-3.22641e-07 9.14346e-06 0)
(-3.10705e-07 9.19469e-06 0)
(-2.94639e-07 9.24591e-06 0)
(-2.74472e-07 9.29687e-06 0)
(-2.50226e-07 9.3473e-06 0)
(-2.21913e-07 9.39695e-06 0)
(-1.89533e-07 9.44555e-06 0)
(-1.5308e-07 9.49282e-06 0)
(-1.12543e-07 9.53845e-06 0)
(-6.79149e-08 9.58209e-06 0)
(-1.92001e-08 9.62335e-06 0)
(3.35692e-08 9.66179e-06 0)
(9.03189e-08 9.6969e-06 0)
(1.50912e-07 9.72812e-06 0)
(2.15123e-07 9.75483e-06 0)
(2.82613e-07 9.77635e-06 0)
(3.52894e-07 9.79196e-06 0)
(4.25298e-07 9.80091e-06 0)
(4.98934e-07 9.80247e-06 0)
(5.7266e-07 9.79594e-06 0)
(6.45052e-07 9.7808e-06 0)
(7.14409e-07 9.75676e-06 0)
(7.78901e-07 9.70356e-06 0)
(4.38477e-07 1.58957e-06 0)
(3.61012e-08 5.75628e-09 0)
(-1.72393e-08 8.669e-06 0)
(-5.112e-08 8.67459e-06 0)
(-8.35498e-08 8.68543e-06 0)
(-1.14051e-07 8.70113e-06 0)
(-1.4221e-07 8.72131e-06 0)
(-1.67678e-07 8.74554e-06 0)
(-1.90163e-07 8.77343e-06 0)
(-2.09431e-07 8.80453e-06 0)
(-2.25298e-07 8.83846e-06 0)
(-2.37627e-07 8.87479e-06 0)
(-2.4632e-07 8.91316e-06 0)
(-2.51316e-07 8.95318e-06 0)
(-2.52583e-07 8.99452e-06 0)
(-2.50113e-07 9.03682e-06 0)
(-2.43917e-07 9.07978e-06 0)
(-2.34021e-07 9.1231e-06 0)
(-2.2046e-07 9.16648e-06 0)
(-2.03276e-07 9.20966e-06 0)
(-1.82516e-07 9.25237e-06 0)
(-1.5823e-07 9.29434e-06 0)
(-1.30474e-07 9.33531e-06 0)
(-9.93037e-08 9.37499e-06 0)
(-6.4788e-08 9.41311e-06 0)
(-2.70057e-08 9.44937e-06 0)
(1.3945e-08 9.48344e-06 0)
(5.79393e-08 9.51499e-06 0)
(1.04817e-07 9.54366e-06 0)
(1.54371e-07 9.56908e-06 0)
(2.06337e-07 9.59086e-06 0)
(2.60383e-07 9.60861e-06 0)
(3.16094e-07 9.62195e-06 0)
(3.72968e-07 9.63054e-06 0)
(4.30405e-07 9.63408e-06 0)
(4.87712e-07 9.63234e-06 0)
(5.44106e-07 9.62525e-06 0)
(5.98736e-07 9.61286e-06 0)
(6.50717e-07 9.59545e-06 0)
(6.99321e-07 9.55251e-06 0)
(3.98028e-07 1.69167e-06 0)
(3.87787e-08 5.66946e-09 0)
(-1.34815e-08 8.71337e-06 0)
(-3.99484e-08 8.71815e-06 0)
(-6.51983e-08 8.72741e-06 0)
(-8.88095e-08 8.74083e-06 0)
(-1.10417e-07 8.75807e-06 0)
(-1.2971e-07 8.77877e-06 0)
(-1.4643e-07 8.80259e-06 0)
(-1.60367e-07 8.82915e-06 0)
(-1.71354e-07 8.8581e-06 0)
(-1.79266e-07 8.88909e-06 0)
(-1.84014e-07 8.92179e-06 0)
(-1.85541e-07 8.95586e-06 0)
(-1.83816e-07 8.99098e-06 0)
(-1.78835e-07 9.02686e-06 0)
(-1.7061e-07 9.06321e-06 0)
(-1.59173e-07 9.09974e-06 0)
(-1.44567e-07 9.1362e-06 0)
(-1.2685e-07 9.17231e-06 0)
(-1.06088e-07 9.20783e-06 0)
(-8.23584e-08 9.2425e-06 0)
(-5.57509e-08 9.27607e-06 0)
(-2.63657e-08 9.30828e-06 0)
(5.682e-09 9.3389e-06 0)
(4.02594e-08 9.36765e-06 0)
(7.72128e-08 9.39427e-06 0)
(1.16363e-07 9.41851e-06 0)
(1.57501e-07 9.4401e-06 0)
(2.00383e-07 9.45879e-06 0)
(2.4473e-07 9.47434e-06 0)
(2.90222e-07 9.48653e-06 0)
(3.36497e-07 9.49519e-06 0)
(3.83157e-07 9.50017e-06 0)
(4.29771e-07 9.50141e-06 0)
(4.75885e-07 9.49889e-06 0)
(5.2104e-07 9.49272e-06 0)
(5.64793e-07 9.48309e-06 0)
(6.06745e-07 9.47032e-06 0)
(6.46686e-07 9.43307e-06 0)
(3.71774e-07 1.79377e-06 0)
(4.04907e-08 5.60084e-09 0)
(-1.02773e-08 8.74768e-06 0)
(-3.04231e-08 8.75174e-06 0)
(-4.95526e-08 8.75962e-06 0)
(-6.72932e-08 8.77103e-06 0)
(-8.33217e-08 8.78568e-06 0)
(-9.73628e-08 8.80328e-06 0)
(-1.09186e-07 8.82351e-06 0)
(-1.18605e-07 8.84606e-06 0)
(-1.25472e-07 8.87062e-06 0)
(-1.29674e-07 8.89689e-06 0)
(-1.31133e-07 8.92457e-06 0)
(-1.29799e-07 8.95337e-06 0)
(-1.2565e-07 8.98301e-06 0)
(-1.18686e-07 9.01323e-06 0)
(-1.08927e-07 9.04377e-06 0)
(-9.64117e-08 9.07437e-06 0)
(-8.11961e-08 9.10479e-06 0)
(-6.33499e-08 9.1348e-06 0)
(-4.2957e-08 9.16417e-06 0)
(-2.0115e-08 9.19267e-06 0)
(5.06493e-09 9.22008e-06 0)
(3.24573e-08 9.24618e-06 0)
(6.19218e-08 9.27077e-06 0)
(9.33016e-08 9.29364e-06 0)
(1.26423e-07 9.31457e-06 0)
(1.61092e-07 9.33338e-06 0)
(1.97099e-07 9.34989e-06 0)
(2.3421e-07 9.36393e-06 0)
(2.72176e-07 9.37536e-06 0)
(3.10729e-07 9.38406e-06 0)
(3.49586e-07 9.38995e-06 0)
(3.88459e-07 9.39299e-06 0)
(4.27053e-07 9.39319e-06 0)
(4.65083e-07 9.3906e-06 0)
(5.02279e-07 9.38532e-06 0)
(5.38403e-07 9.37754e-06 0)
(5.73254e-07 9.36746e-06 0)
(6.06824e-07 9.33287e-06 0)
(3.51344e-07 1.89967e-06 0)
(4.12152e-08 5.54446e-09 0)
(-7.5608e-09 8.77344e-06 0)
(-2.23483e-08 8.77687e-06 0)
(-3.62914e-08 8.78353e-06 0)
(-4.90604e-08 8.79316e-06 0)
(-6.0369e-08 8.80554e-06 0)
(-6.9973e-08 8.82039e-06 0)
(-7.76687e-08 8.83745e-06 0)
(-8.32899e-08 8.85646e-06 0)
(-8.6706e-08 8.87715e-06 0)
(-8.78191e-08 8.89925e-06 0)
(-8.65614e-08 8.92251e-06 0)
(-8.28925e-08 8.94668e-06 0)
(-7.67972e-08 8.97151e-06 0)
(-6.82829e-08 8.99678e-06 0)
(-5.73774e-08 9.02225e-06 0)
(-4.41275e-08 9.0477e-06 0)
(-2.85972e-08 9.07293e-06 0)
(-1.08666e-08 9.09773e-06 0)
(8.96918e-09 9.1219e-06 0)
(3.08007e-08 9.14526e-06 0)
(5.45045e-08 9.16761e-06 0)
(7.99438e-08 9.18878e-06 0)
(1.06968e-07 9.2086e-06 0)
(1.35415e-07 9.2269e-06 0)
(1.6511e-07 9.24353e-06 0)
(1.95865e-07 9.25836e-06 0)
(2.27484e-07 9.27124e-06 0)
(2.59761e-07 9.28207e-06 0)
(2.92486e-07 9.29077e-06 0)
(3.25443e-07 9.29726e-06 0)
(3.58418e-07 9.3015e-06 0)
(3.91201e-07 9.30349e-06 0)
(4.23593e-07 9.30325e-06 0)
(4.55407e-07 9.30082e-06 0)
(4.86479e-07 9.29629e-06 0)
(5.16669e-07 9.28978e-06 0)
(5.45864e-07 9.28141e-06 0)
(5.74058e-07 9.2483e-06 0)
(3.33775e-07 2.01319e-06 0)
(4.11208e-08 5.49926e-09 0)
(-5.27472e-09 8.79198e-06 0)
(-1.55535e-08 8.79485e-06 0)
(-2.51349e-08 8.80043e-06 0)
(-3.37262e-08 8.8085e-06 0)
(-4.10735e-08 8.81886e-06 0)
(-4.69603e-08 8.83128e-06 0)
(-5.12055e-08 8.84555e-06 0)
(-5.36624e-08 8.86143e-06 0)
(-5.42158e-08 8.87869e-06 0)
(-5.27803e-08 8.89712e-06 0)
(-4.92984e-08 8.91649e-06 0)
(-4.37379e-08 8.93659e-06 0)
(-3.60903e-08 8.95721e-06 0)
(-2.63691e-08 8.97815e-06 0)
(-1.46079e-08 8.99922e-06 0)
(-8.5871e-10 9.02024e-06 0)
(1.48087e-08 9.04101e-06 0)
(3.23087e-08 9.06139e-06 0)
(5.15402e-08 9.0812e-06 0)
(7.23881e-08 9.10029e-06 0)
(9.47241e-08 9.11851e-06 0)
(1.18408e-07 9.13572e-06 0)
(1.43287e-07 9.15178e-06 0)
(1.69202e-07 9.16658e-06 0)
(1.95982e-07 9.17999e-06 0)
(2.23451e-07 9.19191e-06 0)
(2.51432e-07 9.20225e-06 0)
(2.79742e-07 9.21092e-06 0)
(3.08202e-07 9.21786e-06 0)
(3.36637e-07 9.22303e-06 0)
(3.64881e-07 9.22638e-06 0)
(3.92778e-07 9.22792e-06 0)
(4.20186e-07 9.22766e-06 0)
(4.46979e-07 9.22561e-06 0)
(4.73052e-07 9.22183e-06 0)
(4.98317e-07 9.21639e-06 0)
(5.22708e-07 9.20937e-06 0)
(5.4621e-07 9.17753e-06 0)
(3.18352e-07 2.13734e-06 0)
(4.05961e-08 5.46421e-09 0)
(-3.36929e-09 8.80446e-06 0)
(-9.89092e-09 8.80684e-06 0)
(-1.58398e-08 8.81146e-06 0)
(-2.09556e-08 8.81815e-06 0)
(-2.50123e-08 8.82672e-06 0)
(-2.78173e-08 8.837e-06 0)
(-2.92097e-08 8.84879e-06 0)
(-2.90588e-08 8.8619e-06 0)
(-2.7263e-08 8.87614e-06 0)
(-2.37474e-08 8.89133e-06 0)
(-1.84625e-08 8.90727e-06 0)
(-1.13824e-08 8.92379e-06 0)
(-2.50347e-09 8.94071e-06 0)
(8.15749e-09 8.95787e-06 0)
(2.05642e-08 8.97511e-06 0)
(3.46622e-08 8.99228e-06 0)
(5.03803e-08 9.00924e-06 0)
(6.76311e-08 9.02585e-06 0)
(8.63123e-08 9.04199e-06 0)
(1.06308e-07 9.05753e-06 0)
(1.27489e-07 9.07237e-06 0)
(1.49715e-07 9.08639e-06 0)
(1.72836e-07 9.09951e-06 0)
(1.96694e-07 9.11162e-06 0)
(2.21123e-07 9.12264e-06 0)
(2.45957e-07 9.1325e-06 0)
(2.71026e-07 9.14111e-06 0)
(2.96164e-07 9.14842e-06 0)
(3.21211e-07 9.15438e-06 0)
(3.46014e-07 9.15892e-06 0)
(3.70434e-07 9.16201e-06 0)
(3.94348e-07 9.16364e-06 0)
(4.17649e-07 9.16377e-06 0)
(4.4025e-07 9.16241e-06 0)
(4.62083e-07 9.15957e-06 0)
(4.83101e-07 9.15527e-06 0)
(5.03273e-07 9.14956e-06 0)
(5.22516e-07 9.11926e-06 0)
(3.05201e-07 2.27529e-06 0)
(4.02092e-08 5.43815e-09 0)
(-1.80142e-09 8.81193e-06 0)
(-5.23231e-09 8.81387e-06 0)
(-8.19537e-09 8.81764e-06 0)
(-1.04582e-08 8.82309e-06 0)
(-1.18189e-08 8.83008e-06 0)
(-1.21051e-08 8.83845e-06 0)
(-1.11727e-08 8.84805e-06 0)
(-8.90505e-09 8.8587e-06 0)
(-5.21077e-09 8.87026e-06 0)
(-2.30252e-11 8.88257e-06 0)
(6.70214e-09 8.89547e-06 0)
(1.49871e-08 8.90882e-06 0)
(2.48339e-08 8.92247e-06 0)
(3.62253e-08 8.9363e-06 0)
(4.9126e-08 8.95019e-06 0)
(6.34834e-08 8.964e-06 0)
(7.92286e-08 8.97764e-06 0)
(9.62772e-08 8.99101e-06 0)
(1.1453e-07 9.00401e-06 0)
(1.33874e-07 9.01656e-06 0)
(1.54182e-07 9.02858e-06 0)
(1.75317e-07 9.04001e-06 0)
(1.97129e-07 9.05078e-06 0)
(2.19462e-07 9.06083e-06 0)
(2.42151e-07 9.0701e-06 0)
(2.65027e-07 9.07854e-06 0)
(2.87921e-07 9.08609e-06 0)
(3.10665e-07 9.0927e-06 0)
(3.331e-07 9.09831e-06 0)
(3.55077e-07 9.10287e-06 0)
(3.76461e-07 9.10632e-06 0)
(3.97139e-07 9.1086e-06 0)
(4.1702e-07 9.10966e-06 0)
(4.36038e-07 9.10944e-06 0)
(4.54156e-07 9.10791e-06 0)
(4.71361e-07 9.10504e-06 0)
(4.87661e-07 9.10082e-06 0)
(5.02938e-07 9.07265e-06 0)
(2.94836e-07 2.43083e-06 0)
(4.04969e-08 5.41992e-09 0)
(-5.3387e-10 8.8153e-06 0)
(-1.46698e-09 8.81686e-06 0)
(-2.01977e-09 8.81987e-06 0)
(-1.98383e-09 8.82422e-06 0)
(-1.17781e-09 8.8298e-06 0)
(5.53481e-10 8.83646e-06 0)
(3.34009e-09 8.8441e-06 0)
(7.28808e-09 8.85256e-06 0)
(1.24807e-08 8.86172e-06 0)
(1.89797e-08 8.87146e-06 0)
(2.68264e-08 8.88164e-06 0)
(3.60426e-08 8.89216e-06 0)
(4.66321e-08 8.9029e-06 0)
(5.85812e-08 8.91376e-06 0)
(7.18596e-08 8.92465e-06 0)
(8.64212e-08 8.93547e-06 0)
(1.02204e-07 8.94617e-06 0)
(1.19133e-07 8.95666e-06 0)
(1.37115e-07 8.96691e-06 0)
(1.56046e-07 8.97684e-06 0)
(1.75806e-07 8.98644e-06 0)
(1.96262e-07 8.99567e-06 0)
(2.17268e-07 9.00449e-06 0)
(2.38666e-07 9.0129e-06 0)
(2.60286e-07 9.02086e-06 0)
(2.81951e-07 9.02835e-06 0)
(3.03475e-07 9.03535e-06 0)
(3.24673e-07 9.04181e-06 0)
(3.45359e-07 9.04768e-06 0)
(3.65358e-07 9.05291e-06 0)
(3.84509e-07 9.05741e-06 0)
(4.02677e-07 9.06107e-06 0)
(4.19754e-07 9.06378e-06 0)
(4.35676e-07 9.06542e-06 0)
(4.5042e-07 9.06587e-06 0)
(4.64009e-07 9.06499e-06 0)
(4.76511e-07 9.06271e-06 0)
(4.87809e-07 9.03737e-06 0)
(2.87542e-07 2.60897e-06 0)
(4.16522e-08 5.40876e-09 0)
(4.65464e-10 8.8154e-06 0)
(1.50045e-09 8.8166e-06 0)
(2.84349e-09 8.81894e-06 0)
(4.68231e-09 8.82231e-06 0)
(7.18071e-09 8.82662e-06 0)
(1.04795e-08 8.83176e-06 0)
(1.46973e-08 8.83763e-06 0)
(1.99319e-08 8.84412e-06 0)
(2.62611e-08 8.85113e-06 0)
(3.37441e-08 8.85855e-06 0)
(4.2422e-08 8.86628e-06 0)
(5.23196e-08 8.87424e-06 0)
(6.34455e-08 8.88233e-06 0)
(7.57935e-08 8.89049e-06 0)
(8.93428e-08 8.89865e-06 0)
(1.04059e-07 8.90674e-06 0)
(1.19893e-07 8.91474e-06 0)
(1.36783e-07 8.92259e-06 0)
(1.54654e-07 8.93029e-06 0)
(1.73415e-07 8.93782e-06 0)
(1.92961e-07 8.94517e-06 0)
(2.13171e-07 8.95237e-06 0)
(2.33909e-07 8.95943e-06 0)
(2.5502e-07 8.96638e-06 0)
(2.7633e-07 8.97323e-06 0)
(2.97648e-07 8.98003e-06 0)
(3.18762e-07 8.98678e-06 0)
(3.39447e-07 8.9935e-06 0)
(3.59464e-07 9.00017e-06 0)
(3.78568e-07 9.00673e-06 0)
(3.96519e-07 9.0131e-06 0)
(4.13094e-07 9.01913e-06 0)
(4.28105e-07 9.02463e-06 0)
(4.41422e-07 9.02937e-06 0)
(4.52988e-07 9.03304e-06 0)
(4.62842e-07 9.03534e-06 0)
(4.71124e-07 9.03598e-06 0)
(4.77764e-07 9.01458e-06 0)
(2.83222e-07 2.8171e-06 0)
(4.34415e-08 5.4053e-09 0)
(1.22436e-09 8.81296e-06 0)
(3.75242e-09 8.81385e-06 0)
(6.52939e-09 8.81558e-06 0)
(9.72494e-09 8.81806e-06 0)
(1.34877e-08 8.82123e-06 0)
(1.79463e-08 8.825e-06 0)
(2.321e-08 8.82928e-06 0)
(2.93703e-08 8.83399e-06 0)
(3.65015e-08 8.83904e-06 0)
(4.4662e-08 8.84434e-06 0)
(5.38954e-08 8.84984e-06 0)
(6.42315e-08 8.85544e-06 0)
(7.56869e-08 8.8611e-06 0)
(8.82662e-08 8.86675e-06 0)
(1.01962e-07 8.87235e-06 0)
(1.16757e-07 8.87787e-06 0)
(1.32621e-07 8.88329e-06 0)
(1.49515e-07 8.8886e-06 0)
(1.67387e-07 8.89381e-06 0)
(1.86174e-07 8.89894e-06 0)
(2.05797e-07 8.90403e-06 0)
(2.26164e-07 8.90914e-06 0)
(2.47162e-07 8.91433e-06 0)
(2.68659e-07 8.91968e-06 0)
(2.90492e-07 8.92531e-06 0)
(3.1247e-07 8.93131e-06 0)
(3.34365e-07 8.93778e-06 0)
(3.55904e-07 8.94485e-06 0)
(3.76774e-07 8.95257e-06 0)
(3.96612e-07 8.96101e-06 0)
(4.1502e-07 8.97014e-06 0)
(4.31573e-07 8.97985e-06 0)
(4.45851e-07 8.98991e-06 0)
(4.57479e-07 8.99995e-06 0)
(4.66186e-07 9.00941e-06 0)
(4.71876e-07 9.01758e-06 0)
(4.74699e-07 9.02365e-06 0)
(4.74692e-07 9.00864e-06 0)
(2.82064e-07 3.06781e-06 0)
(4.54934e-08 5.41293e-09 0)
(1.76711e-09 8.80864e-06 0)
(5.36098e-09 8.80925e-06 0)
(9.15564e-09 8.81043e-06 0)
(1.33046e-08 8.81212e-06 0)
(1.79432e-08 8.81426e-06 0)
(2.3189e-08 8.81678e-06 0)
(2.91437e-08 8.81962e-06 0)
(3.58933e-08 8.8227e-06 0)
(4.351e-08 8.82597e-06 0)
(5.20527e-08 8.82934e-06 0)
(6.15684e-08 8.83277e-06 0)
(7.20933e-08 8.83619e-06 0)
(8.36539e-08 8.83956e-06 0)
(9.62675e-08 8.84284e-06 0)
(1.09944e-07 8.84599e-06 0)
(1.24684e-07 8.84901e-06 0)
(1.40485e-07 8.85189e-06 0)
(1.57336e-07 8.85464e-06 0)
(1.75217e-07 8.85728e-06 0)
(1.94106e-07 8.85986e-06 0)
(2.13969e-07 8.86245e-06 0)
(2.34763e-07 8.86513e-06 0)
(2.5643e-07 8.86803e-06 0)
(2.78893e-07 8.87127e-06 0)
(3.02047e-07 8.87505e-06 0)
(3.25753e-07 8.87958e-06 0)
(3.49817e-07 8.88508e-06 0)
(3.73977e-07 8.89185e-06 0)
(3.97879e-07 8.90017e-06 0)
(4.21057e-07 8.91034e-06 0)
(4.42899e-07 8.92264e-06 0)
(4.62643e-07 8.93726e-06 0)
(4.79364e-07 8.95421e-06 0)
(4.92024e-07 8.97324e-06 0)
(4.99563e-07 8.99366e-06 0)
(5.01099e-07 9.01418e-06 0)
(4.96228e-07 9.03273e-06 0)
(4.849e-07 9.03099e-06 0)
(2.86122e-07 3.38531e-06 0)
(4.75935e-08 5.44043e-09 0)
(2.11542e-09 8.80303e-06 0)
(6.39044e-09 8.80339e-06 0)
(1.08272e-08 8.80407e-06 0)
(1.55643e-08 8.80505e-06 0)
(2.07244e-08 8.80626e-06 0)
(2.64154e-08 8.80766e-06 0)
(3.27313e-08 8.80919e-06 0)
(3.97535e-08 8.8108e-06 0)
(4.75518e-08 8.81242e-06 0)
(5.6186e-08 8.81402e-06 0)
(6.57062e-08 8.81553e-06 0)
(7.61551e-08 8.81691e-06 0)
(8.75683e-08 8.81812e-06 0)
(9.99762e-08 8.81913e-06 0)
(1.13405e-07 8.81992e-06 0)
(1.27878e-07 8.82048e-06 0)
(1.43415e-07 8.8208e-06 0)
(1.6004e-07 8.8209e-06 0)
(1.77772e-07 8.82081e-06 0)
(1.96636e-07 8.82057e-06 0)
(2.16657e-07 8.82026e-06 0)
(2.37862e-07 8.81998e-06 0)
(2.60283e-07 8.81985e-06 0)
(2.83946e-07 8.82006e-06 0)
(3.08875e-07 8.82081e-06 0)
(3.35076e-07 8.8224e-06 0)
(3.62525e-07 8.82519e-06 0)
(3.91142e-07 8.82966e-06 0)
(4.20747e-07 8.83638e-06 0)
(4.51001e-07 8.84609e-06 0)
(4.81311e-07 8.85968e-06 0)
(5.10708e-07 8.87823e-06 0)
(5.37671e-07 8.90288e-06 0)
(5.59943e-07 8.9348e-06 0)
(5.74369e-07 8.97475e-06 0)
(5.76921e-07 9.02244e-06 0)
(5.63237e-07 9.07513e-06 0)
(5.29731e-07 9.1128e-06 0)
(3.03349e-07 3.82758e-06 0)
(4.96742e-08 5.50003e-09 0)
(2.28931e-09 8.79667e-06 0)
(6.90011e-09 8.7968e-06 0)
(1.16408e-08 8.79705e-06 0)
(1.66356e-08 8.79738e-06 0)
(2.19949e-08 8.79776e-06 0)
(2.78167e-08 8.79814e-06 0)
(3.41873e-08 8.79849e-06 0)
(4.11829e-08 8.79876e-06 0)
(4.88705e-08 8.7989e-06 0)
(5.7309e-08 8.79886e-06 0)
(6.65506e-08 8.79859e-06 0)
(7.66422e-08 8.79807e-06 0)
(8.76265e-08 8.79725e-06 0)
(9.95436e-08 8.79611e-06 0)
(1.12433e-07 8.79461e-06 0)
(1.26334e-07 8.79275e-06 0)
(1.41289e-07 8.7905e-06 0)
(1.57348e-07 8.78789e-06 0)
(1.74564e-07 8.78491e-06 0)
(1.93006e-07 8.7816e-06 0)
(2.12754e-07 8.77799e-06 0)
(2.3391e-07 8.77416e-06 0)
(2.56599e-07 8.77019e-06 0)
(2.80979e-07 8.7662e-06 0)
(3.07247e-07 8.76237e-06 0)
(3.35648e-07 8.75892e-06 0)
(3.66485e-07 8.75619e-06 0)
(4.0012e-07 8.75463e-06 0)
(4.36974e-07 8.75488e-06 0)
(4.77501e-07 8.75789e-06 0)
(5.22114e-07 8.76504e-06 0)
(5.71012e-07 8.7784e-06 0)
(6.23809e-07 8.80108e-06 0)
(6.78778e-07 8.83789e-06 0)
(7.31356e-07 8.89631e-06 0)
(7.71263e-07 8.98806e-06 0)
(7.77052e-07 9.13174e-06 0)
(7.05065e-07 9.34923e-06 0)
(3.37187e-07 4.69964e-06 0)
(1.60767e-08 6.05314e-09 0)
(2.30791e-09 8.79003e-06 0)
(6.94674e-09 8.78996e-06 0)
(1.16893e-08 8.78982e-06 0)
(1.66452e-08 8.78958e-06 0)
(2.19124e-08 8.78922e-06 0)
(2.75783e-08 8.7887e-06 0)
(3.3721e-08 8.788e-06 0)
(4.04103e-08 8.78706e-06 0)
(4.77085e-08 8.78585e-06 0)
(5.56721e-08 8.78433e-06 0)
(6.43524e-08 8.78246e-06 0)
(7.37972e-08 8.78019e-06 0)
(8.40518e-08 8.77749e-06 0)
(9.51609e-08 8.77433e-06 0)
(1.0717e-07 8.77067e-06 0)
(1.20126e-07 8.76648e-06 0)
(1.34084e-07 8.76175e-06 0)
(1.49103e-07 8.75645e-06 0)
(1.65255e-07 8.75056e-06 0)
(1.82626e-07 8.74407e-06 0)
(2.01326e-07 8.73697e-06 0)
(2.21488e-07 8.72925e-06 0)
(2.43289e-07 8.72091e-06 0)
(2.66954e-07 8.71194e-06 0)
(2.92784e-07 8.70234e-06 0)
(3.21182e-07 8.69211e-06 0)
(3.52704e-07 8.68125e-06 0)
(3.88126e-07 8.66976e-06 0)
(4.28564e-07 8.65767e-06 0)
(4.75661e-07 8.64497e-06 0)
(5.31913e-07 8.63172e-06 0)
(6.01201e-07 8.61799e-06 0)
(6.89735e-07 8.6039e-06 0)
(8.07681e-07 8.58969e-06 0)
(9.72007e-07 8.57575e-06 0)
(1.2115e-06 8.56277e-06 0)
(1.57554e-06 8.55192e-06 0)
(2.14867e-06 8.54254e-06 0)
(2.22008e-06 6.10547e-06 0)
(8.397e-07 3.18273e-06 0)
(2.19019e-09 8.78353e-06 0)
(6.58663e-09 8.78329e-06 0)
(1.1065e-08 8.78281e-06 0)
(1.57196e-08 8.78207e-06 0)
(2.06355e-08 8.78107e-06 0)
(2.58886e-08 8.77976e-06 0)
(3.15477e-08 8.77813e-06 0)
(3.76744e-08 8.77614e-06 0)
(4.43248e-08 8.77375e-06 0)
(5.15501e-08 8.77092e-06 0)
(5.9398e-08 8.76761e-06 0)
(6.7913e-08 8.76377e-06 0)
(7.71385e-08 8.75938e-06 0)
(8.71169e-08 8.75439e-06 0)
(9.78917e-08 8.74876e-06 0)
(1.09509e-07 8.74245e-06 0)
(1.22017e-07 8.73542e-06 0)
(1.35472e-07 8.72762e-06 0)
(1.49938e-07 8.71901e-06 0)
(1.65487e-07 8.70953e-06 0)
(1.8221e-07 8.69913e-06 0)
(2.00211e-07 8.68771e-06 0)
(2.19623e-07 8.67519e-06 0)
(2.40607e-07 8.66143e-06 0)
(2.63363e-07 8.64626e-06 0)
(2.88141e-07 8.62943e-06 0)
(3.15252e-07 8.61063e-06 0)
(3.45076e-07 8.58939e-06 0)
(3.78071e-07 8.56505e-06 0)
(4.1476e-07 8.53665e-06 0)
(4.55688e-07 8.50279e-06 0)
(5.01295e-07 8.46136e-06 0)
(5.51622e-07 8.40918e-06 0)
(6.05691e-07 8.34132e-06 0)
(6.60237e-07 8.25015e-06 0)
(7.07206e-07 8.1236e-06 0)
(7.28946e-07 7.94253e-06 0)
(6.89151e-07 7.67622e-06 0)
(5.16162e-07 7.27553e-06 0)
(1.76206e-07 6.96059e-06 0)
(1.9554e-09 8.77755e-06 0)
(5.87711e-09 8.77716e-06 0)
(9.86205e-09 8.77639e-06 0)
(1.39889e-08 8.77523e-06 0)
(1.83284e-08 8.77368e-06 0)
(2.29445e-08 8.77171e-06 0)
(2.7895e-08 8.76929e-06 0)
(3.32321e-08 8.7664e-06 0)
(3.90038e-08 8.76299e-06 0)
(4.5254e-08 8.75903e-06 0)
(5.20234e-08 8.75449e-06 0)
(5.93505e-08 8.74931e-06 0)
(6.72719e-08 8.74346e-06 0)
(7.58233e-08 8.73689e-06 0)
(8.50398e-08 8.72955e-06 0)
(9.49566e-08 8.7214e-06 0)
(1.0561e-07 8.71239e-06 0)
(1.17036e-07 8.70245e-06 0)
(1.29274e-07 8.69153e-06 0)
(1.42363e-07 8.67954e-06 0)
(1.56344e-07 8.6664e-06 0)
(1.71259e-07 8.65199e-06 0)
(1.87145e-07 8.63619e-06 0)
(2.04038e-07 8.61881e-06 0)
(2.2196e-07 8.59964e-06 0)
(2.40912e-07 8.5784e-06 0)
(2.60857e-07 8.55471e-06 0)
(2.81691e-07 8.5281e-06 0)
(3.03203e-07 8.49796e-06 0)
(3.25005e-07 8.46351e-06 0)
(3.46435e-07 8.42376e-06 0)
(3.66409e-07 8.3775e-06 0)
(3.83218e-07 8.32332e-06 0)
(3.94272e-07 8.25965e-06 0)
(3.95808e-07 8.18507e-06 0)
(3.82664e-07 8.09885e-06 0)
(3.48372e-07 8.0021e-06 0)
(2.86109e-07 7.90007e-06 0)
(1.91688e-07 7.80644e-06 0)
(7.0858e-08 7.75107e-06 0)
(1.62344e-09 8.77238e-06 0)
(4.87747e-09 8.77187e-06 0)
(8.17842e-09 8.77087e-06 0)
(1.15884e-08 8.76937e-06 0)
(1.51634e-08 8.76737e-06 0)
(1.89541e-08 8.76486e-06 0)
(2.30065e-08 8.7618e-06 0)
(2.73621e-08 8.75817e-06 0)
(3.20592e-08 8.75394e-06 0)
(3.71327e-08 8.74906e-06 0)
(4.26149e-08 8.7435e-06 0)
(4.85358e-08 8.73723e-06 0)
(5.49233e-08 8.73018e-06 0)
(6.18033e-08 8.72232e-06 0)
(6.92001e-08 8.71361e-06 0)
(7.71357e-08 8.70398e-06 0)
(8.56294e-08 8.69338e-06 0)
(9.46974e-08 8.68176e-06 0)
(1.04351e-07 8.66905e-06 0)
(1.14595e-07 8.65518e-06 0)
(1.25424e-07 8.64006e-06 0)
(1.36821e-07 8.62361e-06 0)
(1.48749e-07 8.60569e-06 0)
(1.61145e-07 8.5862e-06 0)
(1.7391e-07 8.56495e-06 0)
(1.86896e-07 8.54178e-06 0)
(1.99887e-07 8.51648e-06 0)
(2.12578e-07 8.48879e-06 0)
(2.24548e-07 8.45845e-06 0)
(2.35225e-07 8.4252e-06 0)
(2.43852e-07 8.38878e-06 0)
(2.49456e-07 8.34903e-06 0)
(2.50829e-07 8.30593e-06 0)
(2.46541e-07 8.25978e-06 0)
(2.3502e-07 8.21133e-06 0)
(2.14724e-07 8.16208e-06 0)
(1.84475e-07 8.11448e-06 0)
(1.43957e-07 8.07217e-06 0)
(9.43531e-08 8.03991e-06 0)
(3.88623e-08 8.02268e-06 0)
(1.21495e-09 8.76828e-06 0)
(3.64922e-09 8.76768e-06 0)
(6.11584e-09 8.7665e-06 0)
(8.65968e-09 8.76475e-06 0)
(1.13213e-08 8.76241e-06 0)
(1.41373e-08 8.75948e-06 0)
(1.71409e-08 8.75593e-06 0)
(2.03625e-08 8.75175e-06 0)
(2.38295e-08 8.74688e-06 0)
(2.75671e-08 8.74131e-06 0)
(3.15983e-08 8.73498e-06 0)
(3.59439e-08 8.72787e-06 0)
(4.06227e-08 8.71992e-06 0)
(4.56513e-08 8.7111e-06 0)
(5.10436e-08 8.70135e-06 0)
(5.68104e-08 8.69062e-06 0)
(6.29581e-08 8.67888e-06 0)
(6.94879e-08 8.66606e-06 0)
(7.63935e-08 8.65211e-06 0)
(8.36591e-08 8.63698e-06 0)
(9.12556e-08 8.62062e-06 0)
(9.91373e-08 8.60296e-06 0)
(1.07236e-07 8.58395e-06 0)
(1.15457e-07 8.56352e-06 0)
(1.23667e-07 8.54163e-06 0)
(1.31694e-07 8.51821e-06 0)
(1.39309e-07 8.49323e-06 0)
(1.46226e-07 8.46669e-06 0)
(1.5209e-07 8.43858e-06 0)
(1.56473e-07 8.409e-06 0)
(1.58879e-07 8.3781e-06 0)
(1.58758e-07 8.34616e-06 0)
(1.55528e-07 8.31359e-06 0)
(1.48629e-07 8.28102e-06 0)
(1.37595e-07 8.24932e-06 0)
(1.22147e-07 8.21957e-06 0)
(1.02306e-07 8.19312e-06 0)
(7.85032e-08 8.17141e-06 0)
(5.16402e-08 8.15586e-06 0)
(2.30528e-08 8.1475e-06 0)
(7.5122e-10 8.76544e-06 0)
(2.25601e-09 8.76478e-06 0)
(3.77974e-09 8.76348e-06 0)
(5.34955e-09 8.76155e-06 0)
(6.98994e-09 8.75899e-06 0)
(8.72312e-09 8.75578e-06 0)
(1.05692e-08 8.75191e-06 0)
(1.25464e-08 8.74734e-06 0)
(1.46715e-08 8.74205e-06 0)
(1.69593e-08 8.73601e-06 0)
(1.94236e-08 8.72917e-06 0)
(2.20763e-08 8.7215e-06 0)
(2.49282e-08 8.71295e-06 0)
(2.79878e-08 8.70348e-06 0)
(3.12618e-08 8.69305e-06 0)
(3.47538e-08 8.68161e-06 0)
(3.8464e-08 8.66913e-06 0)
(4.2388e-08 8.65556e-06 0)
(4.6515e-08 8.64086e-06 0)
(5.08266e-08 8.625e-06 0)
(5.52938e-08 8.60796e-06 0)
(5.98751e-08 8.58971e-06 0)
(6.45131e-08 8.57024e-06 0)
(6.91309e-08 8.54957e-06 0)
(7.36294e-08 8.52771e-06 0)
(7.78832e-08 8.50472e-06 0)
(8.17389e-08 8.48067e-06 0)
(8.50138e-08 8.45569e-06 0)
(8.74969e-08 8.42995e-06 0)
(8.89541e-08 8.40367e-06 0)
(8.91371e-08 8.37716e-06 0)
(8.77982e-08 8.35078e-06 0)
(8.47116e-08 8.32499e-06 0)
(7.96999e-08 8.30033e-06 0)
(7.26654e-08 8.27741e-06 0)
(6.36214e-08 8.25686e-06 0)
(5.27184e-08 8.23934e-06 0)
(4.02557e-08 8.22545e-06 0)
(2.66728e-08 8.21562e-06 0)
(1.25117e-08 8.21013e-06 0)
(2.54127e-10 8.76399e-06 0)
(7.63116e-10 8.7633e-06 0)
(1.27834e-09 8.76194e-06 0)
(1.80889e-09 8.75992e-06 0)
(2.36295e-09 8.75725e-06 0)
(2.94797e-09 8.7539e-06 0)
(3.57066e-09 8.74986e-06 0)
(4.23713e-09 8.7451e-06 0)
(4.95293e-09 8.7396e-06 0)
(5.72306e-09 8.73332e-06 0)
(6.55199e-09 8.72623e-06 0)
(7.44367e-09 8.71827e-06 0)
(8.40147e-09 8.70942e-06 0)
(9.42804e-09 8.69964e-06 0)
(1.05252e-08 8.68887e-06 0)
(1.16937e-08 8.67708e-06 0)
(1.29329e-08 8.66424e-06 0)
(1.42402e-08 8.65031e-06 0)
(1.5611e-08 8.63527e-06 0)
(1.70373e-08 8.61908e-06 0)
(1.85077e-08 8.60175e-06 0)
(2.00059e-08 8.58328e-06 0)
(2.15099e-08 8.56368e-06 0)
(2.29914e-08 8.543e-06 0)
(2.44143e-08 8.5213e-06 0)
(2.57343e-08 8.49869e-06 0)
(2.68986e-08 8.4753e-06 0)
(2.78462e-08 8.45131e-06 0)
(2.85095e-08 8.42694e-06 0)
(2.8816e-08 8.40247e-06 0)
(2.8693e-08 8.37823e-06 0)
(2.80726e-08 8.35459e-06 0)
(2.68984e-08 8.33198e-06 0)
(2.51333e-08 8.31082e-06 0)
(2.2767e-08 8.29158e-06 0)
(1.98229e-08 8.27469e-06 0)
(1.63614e-08 8.26054e-06 0)
(1.24796e-08 8.24943e-06 0)
(8.30567e-09 8.24159e-06 0)
(3.98781e-09 8.23708e-06 0)
(1.44553e-09 1.12674e-07 0)
(6.83783e-09 1.39999e-07 0)
(1.21678e-08 1.65206e-07 0)
(1.76899e-08 1.93328e-07 0)
(2.41452e-08 2.2501e-07 0)
(3.23968e-08 2.61448e-07 0)
(4.06699e-08 3.03349e-07 0)
(4.81991e-08 3.46948e-07 0)
(5.71076e-08 3.99761e-07 0)
(6.84412e-08 4.65694e-07 0)
(8.32177e-08 5.49867e-07 0)
(1.02948e-07 6.59755e-07 0)
(1.2998e-07 8.06766e-07 0)
(1.68183e-07 1.00967e-06 0)
(2.2431e-07 1.3008e-06 0)
(3.10928e-07 1.73967e-06 0)
(4.53692e-07 2.44732e-06 0)
(7.12723e-07 3.70878e-06 0)
(1.26693e-06 6.39207e-06 0)
(3.01979e-06 1.50709e-05 0)
(4.25865e-05 0.000161114 0)
(7.44593e-05 3.47079e-05 0)
(5.77948e-05 2.01972e-05 0)
(4.11391e-05 1.21239e-05 0)
(3.07594e-05 7.65928e-06 0)
(2.39443e-05 5.09831e-06 0)
(1.92298e-05 3.56976e-06 0)
(1.58025e-05 2.61934e-06 0)
(1.31957e-05 2.00427e-06 0)
(1.1132e-05 1.59112e-06 0)
(9.44002e-06 1.30425e-06 0)
(8.01004e-06 1.09939e-06 0)
(6.76894e-06 9.49786e-07 0)
(5.66615e-06 8.38781e-07 0)
(4.6653e-06 7.5571e-07 0)
(3.73919e-06 6.93612e-07 0)
(2.86653e-06 6.47895e-07 0)
(2.02984e-06 6.15557e-07 0)
(1.21392e-06 5.94731e-07 0)
(4.04682e-07 5.84428e-07 0)
(4.11286e-08 1.24848e-07 0)
(1.52477e-07 2.19939e-07 0)
(3.19712e-07 3.3795e-07 0)
(6.06933e-07 4.83586e-07 0)
(1.20247e-06 6.83557e-07 0)
(3.44493e-06 1.20764e-06 0)
(2.5442e-05 1.37189e-05 0)
(3.86453e-05 1.83084e-05 0)
(2.69651e-05 1.21785e-05 0)
(1.89615e-05 8.48634e-06 0)
(1.32748e-05 6.25645e-06 0)
(9.01763e-06 4.92132e-06 0)
(5.63351e-06 4.15496e-06 0)
(2.7576e-06 3.77519e-06 0)
(1.30423e-07 3.68992e-06 0)
(-2.4599e-06 3.8711e-06 0)
(-5.22434e-06 4.34898e-06 0)
(-8.42326e-06 5.22802e-06 0)
(-1.24348e-05 6.7432e-06 0)
(-1.78157e-05 9.48263e-06 0)
(-1.63769e-05 3.286e-05 0)
(-1.55623e-06 4.89972e-05 0)
(1.24516e-05 3.30862e-05 0)
(1.7015e-05 2.26692e-05 0)
(1.74818e-05 1.59893e-05 0)
(1.63529e-05 1.16285e-05 0)
(1.47099e-05 8.72231e-06 0)
(1.29989e-05 6.74209e-06 0)
(1.1387e-05 5.36205e-06 0)
(9.92247e-06 4.37906e-06 0)
(8.60546e-06 3.66465e-06 0)
(7.41911e-06 3.13626e-06 0)
(6.34217e-06 2.73993e-06 0)
(5.35393e-06 2.43978e-06 0)
(4.43588e-06 2.21167e-06 0)
(3.57179e-06 2.03915e-06 0)
(2.74745e-06 1.91103e-06 0)
(1.95013e-06 1.81984e-06 0)
(1.16803e-06 1.76085e-06 0)
(3.89669e-07 1.7316e-06 0)
(3.58668e-07 1.6942e-07 0)
(3.55624e-07 1.12443e-06 0)
(-1.20181e-06 4.37165e-06 0)
(-3.99238e-06 4.63436e-06 0)
(-6.94522e-06 5.304e-06 0)
(-1.02382e-05 6.78162e-06 0)
(-9.58596e-06 2.09165e-05 0)
(-3.30843e-06 2.64066e-05 0)
(2.18674e-06 1.99463e-05 0)
(4.23838e-06 1.55055e-05 0)
(4.49887e-06 1.24815e-05 0)
(3.84915e-06 1.04619e-05 0)
(2.7494e-06 9.17541e-06 0)
(1.43401e-06 8.45159e-06 0)
(2.01625e-08 8.19664e-06 0)
(-1.4288e-06 8.38035e-06 0)
(-2.85855e-06 9.03496e-06 0)
(-4.17568e-06 1.0267e-05 0)
(-5.16726e-06 1.22872e-05 0)
(-5.33277e-06 1.54652e-05 0)
(-3.51873e-06 2.0398e-05 0)
(6.36013e-07 2.35046e-05 0)
(5.1524e-06 2.19408e-05 0)
(8.26335e-06 1.88898e-05 0)
(9.90483e-06 1.57273e-05 0)
(1.04607e-05 1.29472e-05 0)
(1.03238e-05 1.06654e-05 0)
(9.78658e-06 8.85181e-06 0)
(9.04008e-06 7.43078e-06 0)
(8.19977e-06 6.32286e-06 0)
(7.33109e-06 5.45912e-06 0)
(6.46859e-06 4.78437e-06 0)
(5.62846e-06 4.25621e-06 0)
(4.81638e-06 3.84272e-06 0)
(4.03217e-06 3.52026e-06 0)
(3.27241e-06 3.27149e-06 0)
(2.53196e-06 3.08396e-06 0)
(1.80469e-06 2.949e-06 0)
(1.08383e-06 2.86104e-06 0)
(3.62059e-07 2.81722e-06 0)
(-4.62105e-08 1.23124e-07 0)
(-7.90109e-07 2.59839e-06 0)
(-1.70405e-06 9.18e-06 0)
(-2.40637e-06 9.47684e-06 0)
(-3.04075e-06 1.01969e-05 0)
(-3.3498e-06 1.1494e-05 0)
(-2.92746e-06 1.34974e-05 0)
(-1.74062e-06 1.46575e-05 0)
(-4.09565e-07 1.43851e-05 0)
(5.56815e-07 1.35402e-05 0)
(1.05773e-06 1.25711e-05 0)
(1.14884e-06 1.17008e-05 0)
(9.30525e-07 1.10342e-05 0)
(5.0426e-07 1.06182e-05 0)
(-3.87978e-08 1.04753e-05 0)
(-6.14456e-07 1.06211e-05 0)
(-1.13489e-06 1.10722e-05 0)
(-1.49414e-06 1.18449e-05 0)
(-1.55305e-06 1.29406e-05 0)
(-1.13492e-06 1.43029e-05 0)
(-6.99484e-08 1.57119e-05 0)
(1.59431e-06 1.65363e-05 0)
(3.46194e-06 1.63145e-05 0)
(5.09223e-06 1.53176e-05 0)
(6.27129e-06 1.39188e-05 0)
(6.96921e-06 1.24016e-05 0)
(7.25067e-06 1.09383e-05 0)
(7.21079e-06 9.61534e-06 0)
(6.94134e-06 8.4647e-06 0)
(6.5175e-06 7.48789e-06 0)
(5.99539e-06 6.67153e-06 0)
(5.41432e-06 5.99659e-06 0)
(4.80044e-06 5.44336e-06 0)
(4.17021e-06 4.99381e-06 0)
(3.53323e-06 4.63261e-06 0)
(2.89443e-06 4.34731e-06 0)
(2.25549e-06 4.12826e-06 0)
(1.61593e-06 3.96845e-06 0)
(9.73732e-07 3.86332e-06 0)
(3.25825e-07 3.81064e-06 0)
(-1.01101e-07 5.54619e-08 0)
(-6.83195e-07 3.42501e-06 0)
(-1.18499e-06 1.04676e-05 0)
(-1.39844e-06 1.07196e-05 0)
(-1.53249e-06 1.10431e-05 0)
(-1.53246e-06 1.14793e-05 0)
(-1.35355e-06 1.19509e-05 0)
(-1.01175e-06 1.2278e-05 0)
(-5.99906e-07 1.23559e-05 0)
(-2.23951e-07 1.22298e-05 0)
(4.89987e-08 1.19873e-05 0)
(1.94065e-07 1.17133e-05 0)
(2.17887e-07 1.14758e-05 0)
(1.47215e-07 1.13236e-05 0)
(2.09392e-08 1.12897e-05 0)
(-1.14129e-07 1.13935e-05 0)
(-2.04861e-07 1.16418e-05 0)
(-1.92692e-07 1.20265e-05 0)
(-1.66593e-08 1.25166e-05 0)
(3.76981e-07 1.30467e-05 0)
(1.01296e-06 1.35027e-05 0)
(1.85288e-06 1.37267e-05 0)
(2.78505e-06 1.3605e-05 0)
(3.67237e-06 1.31477e-05 0)
(4.40904e-06 1.24386e-05 0)
(4.9395e-06 1.15806e-05 0)
(5.25177e-06 1.06646e-05 0)
(5.36231e-06 9.75797e-06 0)
(5.3016e-06 8.90434e-06 0)
(5.10398e-06 8.12805e-06 0)
(4.80169e-06 7.43974e-06 0)
(4.4221e-06 6.84124e-06 0)
(3.98692e-06 6.32932e-06 0)
(3.51251e-06 5.89826e-06 0)
(3.01067e-06 5.54158e-06 0)
(2.48946e-06 5.25304e-06 0)
(1.95407e-06 5.02729e-06 0)
(1.40749e-06 4.86022e-06 0)
(8.51144e-07 4.74919e-06 0)
(2.8531e-07 4.69322e-06 0)
(-9.77407e-08 5.97324e-08 0)
(-6.217e-07 3.66996e-06 0)
(-9.72612e-07 1.08601e-05 0)
(-1.00205e-06 1.09992e-05 0)
(-9.99743e-07 1.11229e-05 0)
(-9.51705e-07 1.12739e-05 0)
(-8.50565e-07 1.14256e-05 0)
(-7.02103e-07 1.15437e-05 0)
(-5.25957e-07 1.16041e-05 0)
(-3.479e-07 1.16047e-05 0)
(-1.90367e-07 1.15604e-05 0)
(-6.69249e-08 1.14948e-05 0)
(1.9376e-08 1.14334e-05 0)
(7.5312e-08 1.1399e-05 0)
(1.15766e-07 1.14089e-05 0)
(1.61731e-07 1.14735e-05 0)
(2.38192e-07 1.15943e-05 0)
(3.71575e-07 1.17624e-05 0)
(5.86124e-07 1.19567e-05 0)
(8.98525e-07 1.21418e-05 0)
(1.3108e-06 1.22697e-05 0)
(1.80373e-06 1.22875e-05 0)
(2.33671e-06 1.21565e-05 0)
(2.85803e-06 1.18673e-05 0)
(3.31914e-06 1.14382e-05 0)
(3.68439e-06 1.09044e-05 0)
(3.9342e-06 1.03061e-05 0)
(4.06355e-06 9.68131e-06 0)
(4.07802e-06 9.06085e-06 0)
(3.98963e-06 8.46768e-06 0)
(3.81331e-06 7.91718e-06 0)
(3.56439e-06 7.41858e-06 0)
(3.25703e-06 6.97656e-06 0)
(2.9035e-06 6.59264e-06 0)
(2.51388e-06 6.2665e-06 0)
(2.09612e-06 5.99683e-06 0)
(1.65633e-06 5.78208e-06 0)
(1.19901e-06 5.62097e-06 0)
(7.27507e-07 5.51285e-06 0)
(2.44278e-07 5.45803e-06 0)
(-9.3238e-08 6.16159e-08 0)
(-5.82674e-07 3.78506e-06 0)
(-8.71401e-07 1.08806e-05 0)
(-8.39123e-07 1.09713e-05 0)
(-7.94036e-07 1.10228e-05 0)
(-7.3253e-07 1.10828e-05 0)
(-6.52503e-07 1.11431e-05 0)
(-5.55306e-07 1.11947e-05 0)
(-4.45691e-07 1.12309e-05 0)
(-3.30418e-07 1.12493e-05 0)
(-2.16172e-07 1.12524e-05 0)
(-1.07647e-07 1.12464e-05 0)
(-6.29618e-09 1.12396e-05 0)
(9.01622e-08 1.12401e-05 0)
(1.8759e-07 1.12545e-05 0)
(2.94749e-07 1.12864e-05 0)
(4.22188e-07 1.13349e-05 0)
(5.80695e-07 1.1394e-05 0)
(7.79305e-07 1.1452e-05 0)
(1.02292e-06 1.14919e-05 0)
(1.3099e-06 1.14926e-05 0)
(1.63043e-06 1.14332e-05 0)
(1.9668e-06 1.12974e-05 0)
(2.29628e-06 1.10784e-05 0)
(2.59537e-06 1.07799e-05 0)
(2.84376e-06 1.04145e-05 0)
(3.0268e-06 9.99977e-06 0)
(3.13631e-06 9.55533e-06 0)
(3.17005e-06 9.09998e-06 0)
(3.13043e-06 8.65007e-06 0)
(3.02305e-06 8.21877e-06 0)
(2.8553e-06 7.81599e-06 0)
(2.63525e-06 7.44872e-06 0)
(2.37085e-06 7.1216e-06 0)
(2.06946e-06 6.83753e-06 0)
(1.73758e-06 6.59821e-06 0)
(1.38082e-06 6.40467e-06 0)
(1.00391e-06 6.2577e-06 0)
(6.10915e-07 6.1582e-06 0)
(2.05434e-07 6.10749e-06 0)
(-8.91104e-08 6.27949e-08 0)
(-5.53639e-07 3.8541e-06 0)
(-8.11914e-07 1.07742e-05 0)
(-7.59189e-07 1.0843e-05 0)
(-7.00095e-07 1.08686e-05 0)
(-6.33927e-07 1.08969e-05 0)
(-5.59778e-07 1.09254e-05 0)
(-4.77726e-07 1.09514e-05 0)
(-3.88806e-07 1.09725e-05 0)
(-2.94684e-07 1.09877e-05 0)
(-1.97113e-07 1.09972e-05 0)
(-9.73259e-08 1.10023e-05 0)
(4.45619e-09 1.10054e-05 0)
(1.09324e-07 1.10086e-05 0)
(2.19713e-07 1.10139e-05 0)
(3.39163e-07 1.10215e-05 0)
(4.71823e-07 1.10298e-05 0)
(6.2171e-07 1.10352e-05 0)
(7.91785e-07 1.10312e-05 0)
(9.82948e-07 1.10094e-05 0)
(1.19313e-06 1.09602e-05 0)
(1.41677e-06 1.08741e-05 0)
(1.64496e-06 1.07437e-05 0)
(1.86633e-06 1.05651e-05 0)
(2.06862e-06 1.03389e-05 0)
(2.24017e-06 1.007e-05 0)
(2.37137e-06 9.76646e-06 0)
(2.45536e-06 9.43864e-06 0)
(2.48831e-06 9.09751e-06 0)
(2.46921e-06 8.75379e-06 0)
(2.39938e-06 8.41718e-06 0)
(2.28186e-06 8.09599e-06 0)
(2.12079e-06 7.79696e-06 0)
(1.92091e-06 7.52544e-06 0)
(1.68714e-06 7.2855e-06 0)
(1.4243e-06 7.08027e-06 0)
(1.13701e-06 6.91217e-06 0)
(8.29572e-07 6.78321e-06 0)
(5.0605e-07 6.69526e-06 0)
(1.70382e-07 6.65023e-06 0)
(-8.59943e-08 6.37523e-08 0)
(-5.31054e-07 3.90644e-06 0)
(-7.70909e-07 1.06264e-05 0)
(-7.12125e-07 1.06829e-05 0)
(-6.49221e-07 1.06977e-05 0)
(-5.82345e-07 1.07131e-05 0)
(-5.11014e-07 1.07282e-05 0)
(-4.35031e-07 1.0742e-05 0)
(-3.54478e-07 1.07536e-05 0)
(-2.69629e-07 1.07623e-05 0)
(-1.80794e-07 1.07679e-05 0)
(-8.81395e-08 1.07704e-05 0)
(8.48699e-09 1.07702e-05 0)
(1.09662e-07 1.07674e-05 0)
(2.16401e-07 1.07619e-05 0)
(3.30052e-07 1.07533e-05 0)
(4.52075e-07 1.07398e-05 0)
(5.83711e-07 1.0719e-05 0)
(7.25567e-07 1.06875e-05 0)
(8.77195e-07 1.06407e-05 0)
(1.03672e-06 1.0574e-05 0)
(1.20066e-06 1.04828e-05 0)
(1.36392e-06 1.03634e-05 0)
(1.52022e-06 1.02139e-05 0)
(1.66257e-06 1.00342e-05 0)
(1.78407e-06 9.82655e-06 0)
(1.87847e-06 9.5951e-06 0)
(1.94078e-06 9.34549e-06 0)
(1.96749e-06 9.08426e-06 0)
(1.95671e-06 8.81835e-06 0)
(1.90805e-06 8.55456e-06 0)
(1.82242e-06 8.29925e-06 0)
(1.70173e-06 8.05809e-06 0)
(1.54865e-06 7.83601e-06 0)
(1.36633e-06 7.63717e-06 0)
(1.15818e-06 7.46508e-06 0)
(9.27791e-07 7.3227e-06 0)
(6.78784e-07 7.21259e-06 0)
(4.14858e-07 7.13704e-06 0)
(1.39816e-07 7.0982e-06 0)
(-8.42113e-08 6.46629e-08 0)
(-5.14239e-07 3.95285e-06 0)
(-7.40877e-07 1.04674e-05 0)
(-6.81394e-07 1.05152e-05 0)
(-6.18724e-07 1.05246e-05 0)
(-5.53282e-07 1.05335e-05 0)
(-4.84786e-07 1.05417e-05 0)
(-4.13037e-07 1.05485e-05 0)
(-3.37922e-07 1.05536e-05 0)
(-2.59385e-07 1.05566e-05 0)
(-1.77389e-07 1.05569e-05 0)
(-9.1863e-08 1.05544e-05 0)
(-2.64844e-09 1.05487e-05 0)
(9.05225e-08 1.05394e-05 0)
(1.8802e-07 1.05259e-05 0)
(2.90261e-07 1.05075e-05 0)
(3.97603e-07 1.04827e-05 0)
(5.1019e-07 1.04501e-05 0)
(6.27773e-07 1.04075e-05 0)
(7.49526e-07 1.03524e-05 0)
(8.73888e-07 1.02825e-05 0)
(9.9848e-07 1.01954e-05 0)
(1.12013e-06 1.00892e-05 0)
(1.23499e-06 9.96289e-06 0)
(1.33883e-06 9.81657e-06 0)
(1.42732e-06 9.65141e-06 0)
(1.49636e-06 9.46975e-06 0)
(1.54242e-06 9.27493e-06 0)
(1.56273e-06 9.07101e-06 0)
(1.55541e-06 8.86257e-06 0)
(1.51956e-06 8.65434e-06 0)
(1.45513e-06 8.45105e-06 0)
(1.36289e-06 8.25719e-06 0)
(1.24429e-06 8.07692e-06 0)
(1.1013e-06 7.91398e-06 0)
(9.36286e-07 7.77174e-06 0)
(7.51964e-07 7.65316e-06 0)
(5.51282e-07 7.56088e-06 0)
(3.37419e-07 7.49726e-06 0)
(1.13802e-07 7.46447e-06 0)
(-8.27915e-08 6.56119e-08 0)
(-5.02202e-07 3.99788e-06 0)
(-7.18489e-07 1.03087e-05 0)
(-6.6061e-07 1.03497e-05 0)
(-6.00029e-07 1.03556e-05 0)
(-5.37229e-07 1.03606e-05 0)
(-4.72077e-07 1.03645e-05 0)
(-4.04457e-07 1.03671e-05 0)
(-3.34275e-07 1.03678e-05 0)
(-2.61453e-07 1.03665e-05 0)
(-1.85927e-07 1.03627e-05 0)
(-1.0763e-07 1.0356e-05 0)
(-2.64924e-08 1.0346e-05 0)
(5.75617e-08 1.03322e-05 0)
(1.44596e-07 1.03139e-05 0)
(2.34629e-07 1.02904e-05 0)
(3.27578e-07 1.02607e-05 0)
(4.23187e-07 1.02237e-05 0)
(5.20942e-07 1.01782e-05 0)
(6.19992e-07 1.01227e-05 0)
(7.19074e-07 1.00559e-05 0)
(8.16487e-07 9.97652e-06 0)
(9.10094e-07 9.88365e-06 0)
(9.97395e-07 9.7768e-06 0)
(1.07564e-06 9.65609e-06 0)
(1.14198e-06 9.5223e-06 0)
(1.19366e-06 9.37692e-06 0)
(1.22818e-06 9.22208e-06 0)
(1.24346e-06 9.06044e-06 0)
(1.23793e-06 8.89511e-06 0)
(1.2106e-06 8.72945e-06 0)
(1.1611e-06 8.56694e-06 0)
(1.08964e-06 8.41107e-06 0)
(9.96978e-07 8.26519e-06 0)
(8.84354e-07 8.1325e-06 0)
(7.5343e-07 8.01594e-06 0)
(6.06234e-07 7.91825e-06 0)
(4.45117e-07 7.84187e-06 0)
(2.72732e-07 7.78903e-06 0)
(9.20365e-08 7.76173e-06 0)
(-8.20096e-08 6.66949e-08 0)
(-4.95234e-07 4.04407e-06 0)
(-7.02894e-07 1.01551e-05 0)
(-6.47415e-07 1.01902e-05 0)
(-5.89452e-07 1.01935e-05 0)
(-5.29661e-07 1.01959e-05 0)
(-4.68047e-07 1.01972e-05 0)
(-4.04579e-07 1.01971e-05 0)
(-3.39218e-07 1.01952e-05 0)
(-2.71924e-07 1.01912e-05 0)
(-2.02668e-07 1.01848e-05 0)
(-1.31434e-07 1.01756e-05 0)
(-5.82244e-08 1.01631e-05 0)
(1.69261e-08 1.01469e-05 0)
(9.39404e-08 1.01265e-05 0)
(1.72674e-07 1.01011e-05 0)
(2.52886e-07 1.00702e-05 0)
(3.34202e-07 1.00331e-05 0)
(4.16072e-07 9.98873e-06 0)
(4.97737e-07 9.93645e-06 0)
(5.78192e-07 9.87543e-06 0)
(6.56179e-07 9.805e-06 0)
(7.30188e-07 9.72469e-06 0)
(7.98499e-07 9.63431e-06 0)
(8.59236e-07 9.53404e-06 0)
(9.10457e-07 9.42446e-06 0)
(9.50245e-07 9.30661e-06 0)
(9.76821e-07 9.18194e-06 0)
(9.88631e-07 9.0523e-06 0)
(9.84437e-07 8.91989e-06 0)
(9.63372e-07 8.78712e-06 0)
(9.24981e-07 8.65661e-06 0)
(8.69237e-07 8.53102e-06 0)
(7.96532e-07 8.41304e-06 0)
(7.07666e-07 8.30528e-06 0)
(6.03815e-07 8.21024e-06 0)
(4.8651e-07 8.13028e-06 0)
(3.57609e-07 8.06756e-06 0)
(2.19289e-07 8.02407e-06 0)
(7.40321e-08 8.00157e-06 0)
(-9.21789e-08 6.78803e-08 0)
(-4.98502e-07 4.08962e-06 0)
(-6.95939e-07 1.00043e-05 0)
(-6.40842e-07 1.00355e-05 0)
(-5.84527e-07 1.0038e-05 0)
(-5.273e-07 1.00394e-05 0)
(-4.69016e-07 1.00397e-05 0)
(-4.09571e-07 1.00384e-05 0)
(-3.48892e-07 1.00353e-05 0)
(-2.86935e-07 1.00302e-05 0)
(-2.23681e-07 1.00226e-05 0)
(-1.5914e-07 1.00124e-05 0)
(-9.33532e-08 9.99908e-06 0)
(-2.64044e-08 9.9823e-06 0)
(4.15734e-08 9.96163e-06 0)
(1.10382e-07 9.93662e-06 0)
(1.79742e-07 9.90677e-06 0)
(2.49271e-07 9.87157e-06 0)
(3.18469e-07 9.83049e-06 0)
(3.86693e-07 9.78304e-06 0)
(4.5315e-07 9.72875e-06 0)
(5.16888e-07 9.66726e-06 0)
(5.76805e-07 9.59836e-06 0)
(6.31669e-07 9.52202e-06 0)
(6.80152e-07 9.43843e-06 0)
(7.20882e-07 9.34808e-06 0)
(7.52493e-07 9.25173e-06 0)
(7.73698e-07 9.15045e-06 0)
(7.83344e-07 9.04557e-06 0)
(7.80478e-07 8.93869e-06 0)
(7.64393e-07 8.83161e-06 0)
(7.34663e-07 8.72631e-06 0)
(6.91175e-07 8.62484e-06 0)
(6.34137e-07 8.52932e-06 0)
(5.64084e-07 8.44188e-06 0)
(4.81869e-07 8.36456e-06 0)
(3.88662e-07 8.29934e-06 0)
(2.85931e-07 8.24809e-06 0)
(1.75442e-07 8.21249e-06 0)
(5.92485e-08 8.19404e-06 0)
(-1.02094e-07 6.90959e-08 0)
(-4.93753e-07 4.13495e-06 0)
(-6.84241e-07 9.85688e-06 0)
(-6.32041e-07 9.88657e-06 0)
(-5.78884e-07 9.88982e-06 0)
(-5.25151e-07 9.89176e-06 0)
(-4.70758e-07 9.89223e-06 0)
(-4.15639e-07 9.89105e-06 0)
(-3.59749e-07 9.888e-06 0)
(-3.03064e-07 9.88288e-06 0)
(-2.45584e-07 9.87542e-06 0)
(-1.87341e-07 9.86537e-06 0)
(-1.28395e-07 9.85245e-06 0)
(-6.88493e-08 9.83637e-06 0)
(-8.85318e-09 9.81679e-06 0)
(5.13887e-08 9.7934e-06 0)
(1.11606e-07 9.76584e-06 0)
(1.71453e-07 9.73378e-06 0)
(2.30495e-07 9.69687e-06 0)
(2.88206e-07 9.65481e-06 0)
(3.43957e-07 9.60734e-06 0)
(3.97017e-07 9.55427e-06 0)
(4.46562e-07 9.49552e-06 0)
(4.91684e-07 9.43115e-06 0)
(5.31416e-07 9.36137e-06 0)
(5.6476e-07 9.28658e-06 0)
(5.90724e-07 9.20738e-06 0)
(6.08361e-07 9.12458e-06 0)
(6.16814e-07 9.03919e-06 0)
(6.15358e-07 8.95241e-06 0)
(6.03434e-07 8.8656e-06 0)
(5.80686e-07 8.78028e-06 0)
(5.46986e-07 8.69806e-06 0)
(5.02452e-07 8.62059e-06 0)
(4.47458e-07 8.54959e-06 0)
(3.82643e-07 8.48672e-06 0)
(3.0891e-07 8.43362e-06 0)
(2.27426e-07 8.39184e-06 0)
(1.39617e-07 8.36278e-06 0)
(4.71627e-08 8.34772e-06 0)
(-1.06121e-07 7.02669e-08 0)
(-4.83034e-07 4.18439e-06 0)
(-6.68e-07 9.71878e-06 0)
(-6.19724e-07 9.74709e-06 0)
(-5.70529e-07 9.7515e-06 0)
(-5.20898e-07 9.75448e-06 0)
(-4.70828e-07 9.75588e-06 0)
(-4.20305e-07 9.75555e-06 0)
(-3.69316e-07 9.75332e-06 0)
(-3.17858e-07 9.74901e-06 0)
(-2.65949e-07 9.74243e-06 0)
(-2.1363e-07 9.73339e-06 0)
(-1.60974e-07 9.72168e-06 0)
(-1.08087e-07 9.70709e-06 0)
(-5.51176e-08 9.68938e-06 0)
(-2.25751e-09 9.66833e-06 0)
(5.02482e-08 9.64371e-06 0)
(1.02097e-07 9.61528e-06 0)
(1.52926e-07 9.58283e-06 0)
(2.02301e-07 9.54618e-06 0)
(2.49725e-07 9.5052e-06 0)
(2.94629e-07 9.45979e-06 0)
(3.36383e-07 9.40997e-06 0)
(3.74304e-07 9.35582e-06 0)
(4.07671e-07 9.29756e-06 0)
(4.35744e-07 9.23552e-06 0)
(4.57786e-07 9.1702e-06 0)
(4.73094e-07 9.10222e-06 0)
(4.81026e-07 9.03238e-06 0)
(4.8103e-07 8.9616e-06 0)
(4.72677e-07 8.89093e-06 0)
(4.55683e-07 8.82156e-06 0)
(4.29933e-07 8.75473e-06 0)
(3.95503e-07 8.69178e-06 0)
(3.5267e-07 8.63406e-06 0)
(3.01924e-07 8.58292e-06 0)
(2.43975e-07 8.5397e-06 0)
(1.79752e-07 8.50566e-06 0)
(1.10406e-07 8.48198e-06 0)
(3.7305e-08 8.46971e-06 0)
(-1.10208e-07 7.12713e-08 0)
(-4.70877e-07 4.23783e-06 0)
(-6.49619e-07 9.58991e-06 0)
(-6.04441e-07 9.61778e-06 0)
(-5.58986e-07 9.62392e-06 0)
(-5.13515e-07 9.62848e-06 0)
(-4.67925e-07 9.63131e-06 0)
(-4.22138e-07 9.6323e-06 0)
(-3.76111e-07 9.63132e-06 0)
(-3.29825e-07 9.62827e-06 0)
(-2.83295e-07 9.62301e-06 0)
(-2.36565e-07 9.61542e-06 0)
(-1.89707e-07 9.60535e-06 0)
(-1.42827e-07 9.59266e-06 0)
(-9.60643e-08 9.57719e-06 0)
(-4.95966e-08 9.5588e-06 0)
(-3.64078e-09 9.53732e-06 0)
(4.15429e-08 9.51261e-06 0)
(8.56483e-08 9.48456e-06 0)
(1.28322e-07 9.45305e-06 0)
(1.69163e-07 9.41802e-06 0)
(2.07723e-07 9.37946e-06 0)
(2.43514e-07 9.3374e-06 0)
(2.76013e-07 9.29196e-06 0)
(3.0467e-07 9.24335e-06 0)
(3.28927e-07 9.19185e-06 0)
(3.48228e-07 9.13787e-06 0)
(3.62045e-07 9.08192e-06 0)
(3.69892e-07 9.02462e-06 0)
(3.71351e-07 8.9667e-06 0)
(3.66094e-07 8.90899e-06 0)
(3.539e-07 8.85241e-06 0)
(3.34681e-07 8.79797e-06 0)
(3.0849e-07 8.74671e-06 0)
(2.75543e-07 8.69971e-06 0)
(2.36226e-07 8.65808e-06 0)
(1.91103e-07 8.62288e-06 0)
(1.40919e-07 8.59515e-06 0)
(8.66053e-08 8.57586e-06 0)
(2.92717e-08 8.56585e-06 0)
(-1.14596e-07 7.20158e-08 0)
(-4.4958e-07 4.29453e-06 0)
(-6.23148e-07 9.47024e-06 0)
(-5.82281e-07 9.49971e-06 0)
(-5.41703e-07 9.50846e-06 0)
(-5.01312e-07 9.51499e-06 0)
(-4.60864e-07 9.51943e-06 0)
(-4.20234e-07 9.52182e-06 0)
(-3.79372e-07 9.52216e-06 0)
(-3.38275e-07 9.52043e-06 0)
(-2.96974e-07 9.51657e-06 0)
(-2.5553e-07 9.51053e-06 0)
(-2.14029e-07 9.5022e-06 0)
(-1.7258e-07 9.4915e-06 0)
(-1.31322e-07 9.47834e-06 0)
(-9.04192e-08 9.46261e-06 0)
(-5.00665e-08 9.44422e-06 0)
(-1.04901e-08 9.42309e-06 0)
(2.80507e-08 9.39915e-06 0)
(6.52631e-08 9.37234e-06 0)
(1.00821e-07 9.34265e-06 0)
(1.34367e-07 9.3101e-06 0)
(1.65516e-07 9.27476e-06 0)
(1.93858e-07 9.23674e-06 0)
(2.18971e-07 9.19623e-06 0)
(2.40424e-07 9.15348e-06 0)
(2.57794e-07 9.10884e-06 0)
(2.70678e-07 9.06272e-06 0)
(2.78705e-07 9.01561e-06 0)
(2.81558e-07 8.96811e-06 0)
(2.78987e-07 8.92087e-06 0)
(2.70824e-07 8.87463e-06 0)
(2.57004e-07 8.83018e-06 0)
(2.37572e-07 8.78836e-06 0)
(2.12701e-07 8.75005e-06 0)
(1.82702e-07 8.71611e-06 0)
(1.48027e-07 8.68742e-06 0)
(1.09279e-07 8.66483e-06 0)
(6.72113e-08 8.6491e-06 0)
(2.27255e-08 8.64095e-06 0)
(-1.02419e-07 7.26876e-08 0)
(-4.0283e-07 4.36589e-06 0)
(-5.79653e-07 9.37363e-06 0)
(-5.49858e-07 9.40113e-06 0)
(-5.17831e-07 9.40999e-06 0)
(-4.84478e-07 9.41684e-06 0)
(-4.50165e-07 9.42176e-06 0)
(-4.1513e-07 9.42479e-06 0)
(-3.79539e-07 9.42593e-06 0)
(-3.43523e-07 9.42516e-06 0)
(-3.07195e-07 9.42246e-06 0)
(-2.70667e-07 9.41777e-06 0)
(-2.34052e-07 9.41103e-06 0)
(-1.97477e-07 9.40219e-06 0)
(-1.61081e-07 9.39119e-06 0)
(-1.25023e-07 9.37795e-06 0)
(-8.9478e-08 9.36243e-06 0)
(-5.46467e-08 9.34457e-06 0)
(-2.07507e-08 9.32434e-06 0)
(1.19643e-08 9.30173e-06 0)
(4.32299e-08 9.27675e-06 0)
(7.27561e-08 9.24942e-06 0)
(1.00234e-07 9.21984e-06 0)
(1.2534e-07 9.18811e-06 0)
(1.47742e-07 9.15441e-06 0)
(1.67104e-07 9.11896e-06 0)
(1.83099e-07 9.08204e-06 0)
(1.95414e-07 9.044e-06 0)
(2.03768e-07 9.00524e-06 0)
(2.07915e-07 8.96623e-06 0)
(2.07665e-07 8.9275e-06 0)
(2.02894e-07 8.88965e-06 0)
(1.93553e-07 8.85331e-06 0)
(1.79685e-07 8.81915e-06 0)
(1.61434e-07 8.78787e-06 0)
(1.39051e-07 8.76018e-06 0)
(1.12905e-07 8.73678e-06 0)
(8.3484e-08 8.71835e-06 0)
(5.14008e-08 8.70553e-06 0)
(1.73889e-08 8.69888e-06 0)
(-9.72443e-08 7.3053e-08 0)
(-3.84241e-07 4.45094e-06 0)
(-5.54929e-07 9.2973e-06 0)
(-5.27752e-07 9.32011e-06 0)
(-4.99385e-07 9.32712e-06 0)
(-4.70169e-07 9.3329e-06 0)
(-4.40194e-07 9.33732e-06 0)
(-4.09565e-07 9.34027e-06 0)
(-3.78389e-07 9.34167e-06 0)
(-3.46769e-07 9.34146e-06 0)
(-3.14811e-07 9.33957e-06 0)
(-2.82625e-07 9.33596e-06 0)
(-2.50324e-07 9.33057e-06 0)
(-2.18029e-07 9.32335e-06 0)
(-1.85874e-07 9.31426e-06 0)
(-1.54002e-07 9.30324e-06 0)
(-1.22573e-07 9.29026e-06 0)
(-9.17623e-08 9.27531e-06 0)
(-6.17601e-08 9.25836e-06 0)
(-3.27743e-08 9.23942e-06 0)
(-5.02822e-09 9.21851e-06 0)
(2.12399e-08 9.19568e-06 0)
(4.57795e-08 9.17101e-06 0)
(6.83305e-08 9.14462e-06 0)
(8.8628e-08 9.11664e-06 0)
(1.06407e-07 9.08728e-06 0)
(1.21411e-07 9.05677e-06 0)
(1.33395e-07 9.02539e-06 0)
(1.42141e-07 8.99349e-06 0)
(1.47459e-07 8.96144e-06 0)
(1.49205e-07 8.92967e-06 0)
(1.47284e-07 8.89866e-06 0)
(1.41664e-07 8.86892e-06 0)
(1.32387e-07 8.84099e-06 0)
(1.19571e-07 8.81544e-06 0)
(1.03424e-07 8.79283e-06 0)
(8.4248e-08 8.77373e-06 0)
(6.2442e-08 8.7587e-06 0)
(3.85053e-08 8.74824e-06 0)
(1.30365e-08 8.74282e-06 0)
(-9.23152e-08 7.30199e-08 0)
(-3.67343e-07 4.54013e-06 0)
(-5.33157e-07 9.22715e-06 0)
(-5.08704e-07 9.24764e-06 0)
(-4.83393e-07 9.25392e-06 0)
(-4.57488e-07 9.25914e-06 0)
(-4.31009e-07 9.26322e-06 0)
(-4.04001e-07 9.26606e-06 0)
(-3.76522e-07 9.2676e-06 0)
(-3.48641e-07 9.26777e-06 0)
(-3.20439e-07 9.2665e-06 0)
(-2.92006e-07 9.26375e-06 0)
(-2.6344e-07 9.25947e-06 0)
(-2.34847e-07 9.25362e-06 0)
(-2.06346e-07 9.24616e-06 0)
(-1.78065e-07 9.23705e-06 0)
(-1.50144e-07 9.22629e-06 0)
(-1.22734e-07 9.21385e-06 0)
(-9.59987e-08 9.19973e-06 0)
(-7.0115e-08 9.18395e-06 0)
(-4.527e-08 9.16654e-06 0)
(-2.16613e-08 9.14755e-06 0)
(5.05188e-10 9.12705e-06 0)
(2.10179e-08 9.10515e-06 0)
(3.96629e-08 9.08199e-06 0)
(5.62281e-08 9.05771e-06 0)
(7.05085e-08 9.03253e-06 0)
(8.23118e-08 9.00668e-06 0)
(9.14651e-08 8.98044e-06 0)
(9.78222e-08 8.95412e-06 0)
(1.01271e-07 8.92806e-06 0)
(1.01741e-07 8.90266e-06 0)
(9.92123e-08 8.87832e-06 0)
(9.37221e-08 8.85549e-06 0)
(8.53722e-08 8.83461e-06 0)
(7.43352e-08 8.81615e-06 0)
(6.08596e-08 8.80056e-06 0)
(4.52734e-08 8.7883e-06 0)
(2.79855e-08 8.77977e-06 0)
(9.48624e-09 8.77534e-06 0)
(-8.72719e-08 7.29947e-08 0)
(-3.50762e-07 4.63667e-06 0)
(-5.12266e-07 9.16457e-06 0)
(-4.90734e-07 9.1832e-06 0)
(-4.68412e-07 9.18908e-06 0)
(-4.45559e-07 9.19398e-06 0)
(-4.22197e-07 9.19784e-06 0)
(-3.98359e-07 9.20061e-06 0)
(-3.74089e-07 9.20224e-06 0)
(-3.49442e-07 9.20268e-06 0)
(-3.24483e-07 9.20189e-06 0)
(-2.99287e-07 9.19983e-06 0)
(-2.73936e-07 9.19645e-06 0)
(-2.48523e-07 9.19173e-06 0)
(-2.2315e-07 9.18563e-06 0)
(-1.97929e-07 9.17815e-06 0)
(-1.72982e-07 9.16925e-06 0)
(-1.48439e-07 9.15895e-06 0)
(-1.2444e-07 9.14724e-06 0)
(-1.01137e-07 9.13416e-06 0)
(-7.8687e-08 9.11972e-06 0)
(-5.72559e-08 9.10398e-06 0)
(-3.70149e-08 9.08701e-06 0)
(-1.81383e-08 9.0689e-06 0)
(-8.01343e-10 9.04976e-06 0)
(1.48238e-08 9.02974e-06 0)
(2.85716e-08 9.00901e-06 0)
(4.02882e-08 8.98775e-06 0)
(4.9836e-08 8.9662e-06 0)
(5.70999e-08 8.94461e-06 0)
(6.19927e-08 8.92326e-06 0)
(6.44618e-08 8.90248e-06 0)
(6.44951e-08 8.88258e-06 0)
(6.21273e-08 8.86393e-06 0)
(5.74453e-08 8.84689e-06 0)
(5.05937e-08 8.83183e-06 0)
(4.17786e-08 8.81912e-06 0)
(3.12708e-08 8.80912e-06 0)
(1.94074e-08 8.80217e-06 0)
(6.59156e-09 8.79856e-06 0)
(-8.25773e-08 7.29967e-08 0)
(-3.35208e-07 4.74192e-06 0)
(-4.92584e-07 9.10993e-06 0)
(-4.73871e-07 9.12667e-06 0)
(-4.54364e-07 9.13209e-06 0)
(-4.3432e-07 9.1366e-06 0)
(-4.13769e-07 9.1402e-06 0)
(-3.92747e-07 9.14282e-06 0)
(-3.71296e-07 9.14446e-06 0)
(-3.49467e-07 9.14506e-06 0)
(-3.27317e-07 9.14459e-06 0)
(-3.04909e-07 9.14304e-06 0)
(-2.82316e-07 9.14036e-06 0)
(-2.5962e-07 9.13654e-06 0)
(-2.36908e-07 9.13156e-06 0)
(-2.14279e-07 9.1254e-06 0)
(-1.91837e-07 9.11807e-06 0)
(-1.69697e-07 9.10956e-06 0)
(-1.4798e-07 9.09988e-06 0)
(-1.26814e-07 9.08906e-06 0)
(-1.06336e-07 9.07712e-06 0)
(-8.66844e-08 9.06412e-06 0)
(-6.80046e-08 9.05012e-06 0)
(-5.04423e-08 9.0352e-06 0)
(-3.41427e-08 9.01945e-06 0)
(-1.92478e-08 9.00299e-06 0)
(-5.89313e-09 8.98597e-06 0)
(5.79628e-09 8.96854e-06 0)
(1.57097e-08 8.95089e-06 0)
(2.37552e-08 8.93323e-06 0)
(2.98645e-08 8.91579e-06 0)
(3.39977e-08 8.89882e-06 0)
(3.61486e-08 8.8826e-06 0)
(3.6349e-08 8.8674e-06 0)
(3.46737e-08 8.85352e-06 0)
(3.12447e-08 8.84126e-06 0)
(2.6234e-08 8.83091e-06 0)
(1.98669e-08 8.82278e-06 0)
(1.24227e-08 8.81713e-06 0)
(4.2348e-09 8.8142e-06 0)
(-7.87619e-08 7.30266e-08 0)
(-3.21638e-07 4.85672e-06 0)
(-4.74865e-07 9.06272e-06 0)
(-4.58669e-07 9.07745e-06 0)
(-4.41664e-07 9.08222e-06 0)
(-4.24104e-07 9.08622e-06 0)
(-4.06027e-07 9.08941e-06 0)
(-3.87468e-07 9.09177e-06 0)
(-3.6847e-07 9.09327e-06 0)
(-3.49077e-07 9.09388e-06 0)
(-3.29342e-07 9.09359e-06 0)
(-3.0932e-07 9.09236e-06 0)
(-2.89075e-07 9.09018e-06 0)
(-2.6868e-07 9.08705e-06 0)
(-2.4821e-07 9.08293e-06 0)
(-2.27753e-07 9.07785e-06 0)
(-2.07402e-07 9.07178e-06 0)
(-1.87255e-07 9.06474e-06 0)
(-1.67419e-07 9.05675e-06 0)
(-1.48007e-07 9.04781e-06 0)
(-1.29137e-07 9.03798e-06 0)
(-1.10928e-07 9.02729e-06 0)
(-9.35041e-08 9.01578e-06 0)
(-7.699e-08 9.00354e-06 0)
(-6.15079e-08 8.99064e-06 0)
(-4.71769e-08 8.97717e-06 0)
(-3.41095e-08 8.96326e-06 0)
(-2.24088e-08 8.94904e-06 0)
(-1.21652e-08 8.93466e-06 0)
(-3.45292e-09 8.92028e-06 0)
(3.67386e-09 8.90609e-06 0)
(9.18494e-09 8.8923e-06 0)
(1.3078e-08 8.87912e-06 0)
(1.53824e-08 8.86679e-06 0)
(1.6163e-08 8.85553e-06 0)
(1.55234e-08 8.84559e-06 0)
(1.36085e-08 8.83721e-06 0)
(1.06071e-08 8.83062e-06 0)
(6.75215e-09 8.82604e-06 0)
(2.32165e-09 8.82367e-06 0)
(-7.62777e-08 7.3079e-08 0)
(-3.10865e-07 4.98169e-06 0)
(-4.59764e-07 9.02192e-06 0)
(-4.45651e-07 9.03454e-06 0)
(-4.30751e-07 9.03854e-06 0)
(-4.15302e-07 9.04189e-06 0)
(-3.99335e-07 9.04457e-06 0)
(-3.82883e-07 9.04653e-06 0)
(-3.6598e-07 9.04776e-06 0)
(-3.48664e-07 9.04824e-06 0)
(-3.30977e-07 9.04794e-06 0)
(-3.1297e-07 9.04686e-06 0)
(-2.94697e-07 9.04499e-06 0)
(-2.7622e-07 9.04233e-06 0)
(-2.5761e-07 9.03886e-06 0)
(-2.38942e-07 9.03459e-06 0)
(-2.20301e-07 9.02953e-06 0)
(-2.01777e-07 9.02368e-06 0)
(-1.83464e-07 9.01706e-06 0)
(-1.65463e-07 9.0097e-06 0)
(-1.47878e-07 9.00162e-06 0)
(-1.30816e-07 8.99286e-06 0)
(-1.14385e-07 8.98346e-06 0)
(-9.86916e-08 8.97348e-06 0)
(-8.38422e-08 8.96298e-06 0)
(-6.9938e-08 8.95204e-06 0)
(-5.70738e-08 8.94076e-06 0)
(-4.53359e-08 8.92925e-06 0)
(-3.4799e-08 8.91761e-06 0)
(-2.55236e-08 8.90599e-06 0)
(-1.7553e-08 8.89454e-06 0)
(-1.09099e-08 8.88341e-06 0)
(-5.59355e-09 8.87279e-06 0)
(-1.57674e-09 8.86285e-06 0)
(1.1974e-09 8.85378e-06 0)
(2.81789e-09 8.84578e-06 0)
(3.40811e-09 8.83904e-06 0)
(3.12752e-09 8.83373e-06 0)
(2.17255e-09 8.83005e-06 0)
(7.76678e-10 8.82814e-06 0)
(-7.53081e-08 7.31451e-08 0)
(-3.03182e-07 5.11747e-06 0)
(-4.47513e-07 8.98621e-06 0)
(-4.35045e-07 8.99682e-06 0)
(-4.2186e-07 9.00004e-06 0)
(-4.08166e-07 9.0027e-06 0)
(-3.93977e-07 9.00478e-06 0)
(-3.79308e-07 9.00624e-06 0)
(-3.64177e-07 9.00708e-06 0)
(-3.48611e-07 9.00727e-06 0)
(-3.3264e-07 9.00681e-06 0)
(-3.16303e-07 9.00569e-06 0)
(-2.9965e-07 9.00393e-06 0)
(-2.82735e-07 9.00153e-06 0)
(-2.65622e-07 8.99848e-06 0)
(-2.48383e-07 8.99481e-06 0)
(-2.31096e-07 8.99052e-06 0)
(-2.13845e-07 8.98562e-06 0)
(-1.96719e-07 8.98012e-06 0)
(-1.79812e-07 8.97406e-06 0)
(-1.63219e-07 8.96745e-06 0)
(-1.47036e-07 8.96032e-06 0)
(-1.31361e-07 8.9527e-06 0)
(-1.16288e-07 8.94465e-06 0)
(-1.01911e-07 8.9362e-06 0)
(-8.83166e-08 8.92742e-06 0)
(-7.55867e-08 8.91838e-06 0)
(-6.37938e-08 8.90917e-06 0)
(-5.30002e-08 8.89988e-06 0)
(-4.32553e-08 8.8906e-06 0)
(-3.45934e-08 8.88147e-06 0)
(-2.70312e-08 8.8726e-06 0)
(-2.05652e-08 8.86414e-06 0)
(-1.51695e-08 8.85622e-06 0)
(-1.07935e-08 8.84901e-06 0)
(-7.35951e-09 8.84264e-06 0)
(-4.76106e-09 8.83727e-06 0)
(-2.86174e-09 8.83305e-06 0)
(-1.49423e-09 8.83012e-06 0)
(-4.60289e-10 8.8286e-06 0)
(-7.56126e-08 7.32175e-08 0)
(-2.98108e-07 5.26502e-06 0)
(-4.37732e-07 8.95455e-06 0)
(-4.26632e-07 8.96339e-06 0)
(-4.14923e-07 8.96591e-06 0)
(-4.02762e-07 8.9679e-06 0)
(-3.90129e-07 8.96933e-06 0)
(-3.77011e-07 8.97019e-06 0)
(-3.63403e-07 8.97048e-06 0)
(-3.49313e-07 8.97021e-06 0)
(-3.3476e-07 8.9694e-06 0)
(-3.19777e-07 8.96805e-06 0)
(-3.04406e-07 8.96619e-06 0)
(-2.88702e-07 8.96383e-06 0)
(-2.72729e-07 8.961e-06 0)
(-2.56559e-07 8.95772e-06 0)
(-2.40272e-07 8.95398e-06 0)
(-2.23952e-07 8.94982e-06 0)
(-2.07687e-07 8.94525e-06 0)
(-1.91568e-07 8.94027e-06 0)
(-1.75686e-07 8.93491e-06 0)
(-1.60132e-07 8.92918e-06 0)
(-1.44995e-07 8.9231e-06 0)
(-1.30362e-07 8.91672e-06 0)
(-1.16314e-07 8.91005e-06 0)
(-1.02929e-07 8.90314e-06 0)
(-9.02767e-08 8.89605e-06 0)
(-7.84181e-08 8.88883e-06 0)
(-6.74049e-08 8.88156e-06 0)
(-5.7277e-08 8.87431e-06 0)
(-4.80608e-08 8.86718e-06 0)
(-3.97672e-08 8.86025e-06 0)
(-3.239e-08 8.85364e-06 0)
(-2.59038e-08 8.84745e-06 0)
(-2.02621e-08 8.84181e-06 0)
(-1.53958e-08 8.83683e-06 0)
(-1.12116e-08 8.83264e-06 0)
(-7.59108e-09 8.82934e-06 0)
(-4.38971e-09 8.82705e-06 0)
(-1.43707e-09 8.82586e-06 0)
(-7.64925e-08 7.32971e-08 0)
(-2.94384e-07 5.42624e-06 0)
(-4.29516e-07 8.92664e-06 0)
(-4.19877e-07 8.93402e-06 0)
(-4.09715e-07 8.93593e-06 0)
(-3.99116e-07 8.93721e-06 0)
(-3.88012e-07 8.93786e-06 0)
(-3.76353e-07 8.93792e-06 0)
(-3.6411e-07 8.93742e-06 0)
(-3.51277e-07 8.93643e-06 0)
(-3.37869e-07 8.93498e-06 0)
(-3.23918e-07 8.93313e-06 0)
(-3.09476e-07 8.93092e-06 0)
(-2.94607e-07 8.92839e-06 0)
(-2.79388e-07 8.92557e-06 0)
(-2.63902e-07 8.92249e-06 0)
(-2.48239e-07 8.91915e-06 0)
(-2.32491e-07 8.91557e-06 0)
(-2.16752e-07 8.91176e-06 0)
(-2.01114e-07 8.90773e-06 0)
(-1.85668e-07 8.90346e-06 0)
(-1.70502e-07 8.89898e-06 0)
(-1.557e-07 8.89428e-06 0)
(-1.41341e-07 8.88939e-06 0)
(-1.27497e-07 8.88431e-06 0)
(-1.14237e-07 8.87907e-06 0)
(-1.01618e-07 8.87371e-06 0)
(-8.96921e-08 8.86827e-06 0)
(-7.85005e-08 8.86278e-06 0)
(-6.80738e-08 8.85731e-06 0)
(-5.84306e-08 8.85192e-06 0)
(-4.95761e-08 8.84669e-06 0)
(-4.15005e-08 8.84169e-06 0)
(-3.41777e-08 8.83701e-06 0)
(-2.75639e-08 8.83273e-06 0)
(-2.15959e-08 8.82895e-06 0)
(-1.61904e-08 8.82577e-06 0)
(-1.12425e-08 8.82326e-06 0)
(-6.62579e-09 8.82152e-06 0)
(-2.1915e-09 8.82062e-06 0)
(-7.70269e-08 7.34001e-08 0)
(-2.90481e-07 5.6047e-06 0)
(-4.21967e-07 8.90361e-06 0)
(-4.14436e-07 8.90962e-06 0)
(-4.0633e-07 8.91075e-06 0)
(-3.9765e-07 8.91099e-06 0)
(-3.8827e-07 8.91043e-06 0)
(-3.78109e-07 8.90921e-06 0)
(-3.67126e-07 8.90744e-06 0)
(-3.55321e-07 8.90524e-06 0)
(-3.42728e-07 8.90274e-06 0)
(-3.29411e-07 8.90002e-06 0)
(-3.15453e-07 8.89717e-06 0)
(-3.00954e-07 8.89422e-06 0)
(-2.86019e-07 8.89123e-06 0)
(-2.70762e-07 8.88821e-06 0)
(-2.55292e-07 8.88516e-06 0)
(-2.39719e-07 8.88209e-06 0)
(-2.24146e-07 8.87898e-06 0)
(-2.08673e-07 8.87582e-06 0)
(-1.9339e-07 8.8726e-06 0)
(-1.78382e-07 8.86929e-06 0)
(-1.63728e-07 8.8659e-06 0)
(-1.49498e-07 8.8624e-06 0)
(-1.35754e-07 8.85881e-06 0)
(-1.22554e-07 8.85512e-06 0)
(-1.09944e-07 8.85134e-06 0)
(-9.79641e-08 8.84751e-06 0)
(-8.66451e-08 8.84364e-06 0)
(-7.60078e-08 8.83977e-06 0)
(-6.60625e-08 8.83595e-06 0)
(-5.68079e-08 8.83223e-06 0)
(-4.82297e-08 8.82866e-06 0)
(-4.03001e-08 8.8253e-06 0)
(-3.29761e-08 8.82223e-06 0)
(-2.61984e-08 8.81951e-06 0)
(-1.98909e-08 8.81721e-06 0)
(-1.39592e-08 8.81539e-06 0)
(-8.29055e-09 8.81413e-06 0)
(-2.75337e-09 8.81348e-06 0)
(-7.65753e-08 7.35623e-08 0)
(-2.85585e-07 5.80678e-06 0)
(-4.15134e-07 8.8885e-06 0)
(-4.11044e-07 8.89264e-06 0)
(-4.06021e-07 8.89212e-06 0)
(-3.99939e-07 8.89028e-06 0)
(-3.92623e-07 8.88743e-06 0)
(-3.83987e-07 8.88387e-06 0)
(-3.74032e-07 8.87987e-06 0)
(-3.62825e-07 8.87568e-06 0)
(-3.50484e-07 8.87149e-06 0)
(-3.37157e-07 8.86743e-06 0)
(-3.23011e-07 8.8636e-06 0)
(-3.08215e-07 8.86004e-06 0)
(-2.92936e-07 8.85677e-06 0)
(-2.77328e-07 8.85378e-06 0)
(-2.61535e-07 8.85104e-06 0)
(-2.45686e-07 8.84852e-06 0)
(-2.29896e-07 8.84618e-06 0)
(-2.14265e-07 8.84396e-06 0)
(-1.98882e-07 8.84183e-06 0)
(-1.83825e-07 8.83974e-06 0)
(-1.69161e-07 8.83766e-06 0)
(-1.54946e-07 8.83556e-06 0)
(-1.41232e-07 8.83341e-06 0)
(-1.28058e-07 8.83122e-06 0)
(-1.1546e-07 8.82896e-06 0)
(-1.03463e-07 8.82664e-06 0)
(-9.20858e-08 8.82428e-06 0)
(-8.13378e-08 8.8219e-06 0)
(-7.12202e-08 8.81951e-06 0)
(-6.17242e-08 8.81716e-06 0)
(-5.28303e-08 8.81488e-06 0)
(-4.45077e-08 8.81272e-06 0)
(-3.67128e-08 8.81072e-06 0)
(-2.93888e-08 8.80894e-06 0)
(-2.24644e-08 8.80743e-06 0)
(-1.58533e-08 8.80623e-06 0)
(-9.45324e-09 8.80539e-06 0)
(-3.14612e-09 8.80496e-06 0)
(-7.51362e-08 7.38441e-08 0)
(-2.80494e-07 6.04347e-06 0)
(-4.11227e-07 8.88713e-06 0)
(-4.12943e-07 8.88748e-06 0)
(-4.1264e-07 8.88286e-06 0)
(-4.10018e-07 8.87638e-06 0)
(-4.04914e-07 8.86884e-06 0)
(-3.9738e-07 8.86089e-06 0)
(-3.87624e-07 8.85305e-06 0)
(-3.75943e-07 8.84569e-06 0)
(-3.62676e-07 8.83903e-06 0)
(-3.48161e-07 8.83319e-06 0)
(-3.32716e-07 8.82819e-06 0)
(-3.16624e-07 8.82402e-06 0)
(-3.00131e-07 8.8206e-06 0)
(-2.83439e-07 8.81785e-06 0)
(-2.66719e-07 8.81567e-06 0)
(-2.50108e-07 8.81396e-06 0)
(-2.33717e-07 8.81262e-06 0)
(-2.17636e-07 8.81157e-06 0)
(-2.01935e-07 8.81072e-06 0)
(-1.86673e-07 8.81e-06 0)
(-1.71896e-07 8.80935e-06 0)
(-1.57641e-07 8.80872e-06 0)
(-1.43936e-07 8.80808e-06 0)
(-1.30805e-07 8.80738e-06 0)
(-1.18262e-07 8.80663e-06 0)
(-1.06319e-07 8.80579e-06 0)
(-9.49787e-08 8.80488e-06 0)
(-8.42393e-08 8.80389e-06 0)
(-7.40912e-08 8.80285e-06 0)
(-6.45174e-08 8.80178e-06 0)
(-5.54923e-08 8.80069e-06 0)
(-4.69815e-08 8.79962e-06 0)
(-3.894e-08 8.7986e-06 0)
(-3.1312e-08 8.79767e-06 0)
(-2.40299e-08 8.79686e-06 0)
(-1.70133e-08 8.79622e-06 0)
(-1.01686e-08 8.79576e-06 0)
(-3.38833e-09 8.79552e-06 0)
(-7.31535e-08 7.43655e-08 0)
(-2.7827e-07 6.33582e-06 0)
(-4.16981e-07 8.9112e-06 0)
(-4.29084e-07 8.90168e-06 0)
(-4.35834e-07 8.88625e-06 0)
(-4.36959e-07 8.86909e-06 0)
(-4.32837e-07 8.85205e-06 0)
(-4.2425e-07 8.83627e-06 0)
(-4.12123e-07 8.82241e-06 0)
(-3.97355e-07 8.8107e-06 0)
(-3.80738e-07 8.80115e-06 0)
(-3.62925e-07 8.79361e-06 0)
(-3.44428e-07 8.78787e-06 0)
(-3.25637e-07 8.78367e-06 0)
(-3.0684e-07 8.78076e-06 0)
(-2.88244e-07 8.77891e-06 0)
(-2.69994e-07 8.77791e-06 0)
(-2.52194e-07 8.77758e-06 0)
(-2.34911e-07 8.77774e-06 0)
(-2.18191e-07 8.77826e-06 0)
(-2.02065e-07 8.77902e-06 0)
(-1.8655e-07 8.77994e-06 0)
(-1.71657e-07 8.78092e-06 0)
(-1.57392e-07 8.78192e-06 0)
(-1.43756e-07 8.78287e-06 0)
(-1.30747e-07 8.78374e-06 0)
(-1.18359e-07 8.7845e-06 0)
(-1.06586e-07 8.78513e-06 0)
(-9.54136e-08 8.78564e-06 0)
(-8.48279e-08 8.78601e-06 0)
(-7.48085e-08 8.78625e-06 0)
(-6.533e-08 8.78637e-06 0)
(-5.63608e-08 8.78639e-06 0)
(-4.78624e-08 8.78633e-06 0)
(-3.97883e-08 8.78622e-06 0)
(-3.20833e-08 8.78606e-06 0)
(-2.46824e-08 8.7859e-06 0)
(-1.75104e-08 8.78575e-06 0)
(-1.04807e-08 8.78564e-06 0)
(-3.49496e-09 8.78558e-06 0)
(-7.10431e-08 7.53586e-08 0)
(-2.87843e-07 6.7368e-06 0)
(-4.53834e-07 8.98886e-06 0)
(-4.85729e-07 8.94588e-06 0)
(-5.00255e-07 8.90007e-06 0)
(-5.00419e-07 8.85893e-06 0)
(-4.90155e-07 8.82468e-06 0)
(-4.73014e-07 8.79753e-06 0)
(-4.51749e-07 8.7768e-06 0)
(-4.28319e-07 8.76149e-06 0)
(-4.0404e-07 8.75061e-06 0)
(-3.79749e-07 8.74325e-06 0)
(-3.55954e-07 8.73865e-06 0)
(-3.3294e-07 8.73618e-06 0)
(-3.10853e-07 8.73533e-06 0)
(-2.8975e-07 8.73571e-06 0)
(-2.69639e-07 8.73699e-06 0)
(-2.505e-07 8.73891e-06 0)
(-2.32297e-07 8.74129e-06 0)
(-2.14989e-07 8.74395e-06 0)
(-1.98535e-07 8.74677e-06 0)
(-1.82895e-07 8.74966e-06 0)
(-1.68032e-07 8.75253e-06 0)
(-1.53912e-07 8.75533e-06 0)
(-1.40505e-07 8.758e-06 0)
(-1.27781e-07 8.7605e-06 0)
(-1.15714e-07 8.76282e-06 0)
(-1.04277e-07 8.76494e-06 0)
(-9.34431e-08 8.76684e-06 0)
(-8.31853e-08 8.76852e-06 0)
(-7.34737e-08 8.76999e-06 0)
(-6.42753e-08 8.77125e-06 0)
(-5.55534e-08 8.77231e-06 0)
(-4.72662e-08 8.77319e-06 0)
(-3.93661e-08 8.77391e-06 0)
(-3.17986e-08 8.77447e-06 0)
(-2.45016e-08 8.7749e-06 0)
(-1.74043e-08 8.77521e-06 0)
(-1.04267e-08 8.77541e-06 0)
(-3.47861e-09 8.77551e-06 0)
(-3.53783e-08 8.30984e-08 0)
(-3.18314e-07 7.54451e-06 0)
(-6.16751e-07 9.18822e-06 0)
(-6.75124e-07 8.9972e-06 0)
(-6.69843e-07 8.87452e-06 0)
(-6.36342e-07 8.79593e-06 0)
(-5.92392e-07 8.74583e-06 0)
(-5.46532e-07 8.71432e-06 0)
(-5.02561e-07 8.69509e-06 0)
(-4.61916e-07 8.68404e-06 0)
(-4.24916e-07 8.67851e-06 0)
(-3.91386e-07 8.67672e-06 0)
(-3.60969e-07 8.67749e-06 0)
(-3.33271e-07 8.68e-06 0)
(-3.07923e-07 8.68369e-06 0)
(-2.84605e-07 8.68816e-06 0)
(-2.63046e-07 8.69313e-06 0)
(-2.43023e-07 8.69838e-06 0)
(-2.24352e-07 8.70376e-06 0)
(-2.06885e-07 8.70916e-06 0)
(-1.90498e-07 8.71448e-06 0)
(-1.75093e-07 8.71965e-06 0)
(-1.60585e-07 8.72464e-06 0)
(-1.46906e-07 8.72938e-06 0)
(-1.33997e-07 8.73387e-06 0)
(-1.21806e-07 8.73806e-06 0)
(-1.10289e-07 8.74196e-06 0)
(-9.94055e-08 8.74554e-06 0)
(-8.91175e-08 8.74881e-06 0)
(-7.93881e-08 8.75176e-06 0)
(-7.01807e-08 8.7544e-06 0)
(-6.14571e-08 8.75673e-06 0)
(-5.31774e-08 8.75877e-06 0)
(-4.5298e-08 8.76053e-06 0)
(-3.77713e-08 8.76201e-06 0)
(-3.05445e-08 8.76322e-06 0)
(-2.35588e-08 8.76419e-06 0)
(-1.67484e-08 8.76492e-06 0)
(-1.00396e-08 8.7654e-06 0)
(-3.3505e-09 8.76564e-06 0)
(-1.35989e-06 3.26717e-06 0)
(-2.2906e-06 7.63467e-06 0)
(-1.82716e-06 8.51024e-06 0)
(-1.34799e-06 8.51094e-06 0)
(-1.04277e-06 8.51691e-06 0)
(-8.41183e-07 8.52597e-06 0)
(-7.02447e-07 8.53674e-06 0)
(-6.02694e-07 8.54835e-06 0)
(-5.27796e-07 8.56031e-06 0)
(-4.69246e-07 8.5723e-06 0)
(-4.21818e-07 8.58414e-06 0)
(-3.82224e-07 8.59573e-06 0)
(-3.48339e-07 8.607e-06 0)
(-3.1875e-07 8.61792e-06 0)
(-2.92491e-07 8.62846e-06 0)
(-2.68885e-07 8.63861e-06 0)
(-2.47442e-07 8.64835e-06 0)
(-2.27802e-07 8.65768e-06 0)
(-2.09692e-07 8.66659e-06 0)
(-1.92906e-07 8.67508e-06 0)
(-1.7728e-07 8.68315e-06 0)
(-1.62686e-07 8.69077e-06 0)
(-1.49018e-07 8.69797e-06 0)
(-1.36193e-07 8.70472e-06 0)
(-1.24138e-07 8.71103e-06 0)
(-1.12793e-07 8.7169e-06 0)
(-1.02106e-07 8.72234e-06 0)
(-9.20291e-08 8.72734e-06 0)
(-8.25192e-08 8.73192e-06 0)
(-7.35356e-08 8.73607e-06 0)
(-6.50387e-08 8.73981e-06 0)
(-5.69887e-08 8.74314e-06 0)
(-4.93449e-08 8.74608e-06 0)
(-4.20644e-08 8.74864e-06 0)
(-3.51012e-08 8.75082e-06 0)
(-2.84056e-08 8.75263e-06 0)
(-2.19232e-08 8.75408e-06 0)
(-1.55939e-08 8.75518e-06 0)
(-9.35119e-09 8.75592e-06 0)
(-3.12137e-09 8.7563e-06 0)
(-2.29246e-07 7.01353e-06 0)
(-5.20644e-07 7.42196e-06 0)
(-6.39827e-07 7.75962e-06 0)
(-6.57447e-07 7.98445e-06 0)
(-6.29487e-07 8.13781e-06 0)
(-5.83977e-07 8.24539e-06 0)
(-5.34314e-07 8.32326e-06 0)
(-4.86429e-07 8.38153e-06 0)
(-4.42568e-07 8.42664e-06 0)
(-4.03249e-07 8.46272e-06 0)
(-3.68247e-07 8.49247e-06 0)
(-3.3707e-07 8.51768e-06 0)
(-3.09178e-07 8.53952e-06 0)
(-2.84074e-07 8.55883e-06 0)
(-2.61331e-07 8.57615e-06 0)
(-2.40596e-07 8.59189e-06 0)
(-2.21582e-07 8.60631e-06 0)
(-2.04059e-07 8.61963e-06 0)
(-1.87839e-07 8.63197e-06 0)
(-1.72771e-07 8.64346e-06 0)
(-1.5873e-07 8.65416e-06 0)
(-1.45613e-07 8.66414e-06 0)
(-1.33335e-07 8.67344e-06 0)
(-1.21823e-07 8.6821e-06 0)
(-1.11013e-07 8.69014e-06 0)
(-1.00852e-07 8.69759e-06 0)
(-9.12899e-08 8.70447e-06 0)
(-8.22828e-08 8.71079e-06 0)
(-7.37895e-08 8.71657e-06 0)
(-6.5771e-08 8.72182e-06 0)
(-5.81894e-08 8.72656e-06 0)
(-5.10067e-08 8.7308e-06 0)
(-4.41847e-08 8.73455e-06 0)
(-3.76833e-08 8.73782e-06 0)
(-3.14606e-08 8.74063e-06 0)
(-2.54714e-08 8.74297e-06 0)
(-1.96669e-08 8.74486e-06 0)
(-1.39939e-08 8.74629e-06 0)
(-8.3938e-09 8.74725e-06 0)
(-2.80217e-09 8.74774e-06 0)
(-5.79493e-08 7.76617e-06 0)
(-1.71825e-07 7.83252e-06 0)
(-2.56453e-07 7.9244e-06 0)
(-3.10618e-07 8.01914e-06 0)
(-3.39711e-07 8.10678e-06 0)
(-3.50396e-07 8.18385e-06 0)
(-3.4856e-07 8.25002e-06 0)
(-3.38739e-07 8.3063e-06 0)
(-3.24175e-07 8.35415e-06 0)
(-3.07063e-07 8.39503e-06 0)
(-2.88834e-07 8.43025e-06 0)
(-2.70383e-07 8.46091e-06 0)
(-2.52247e-07 8.48788e-06 0)
(-2.34735e-07 8.51187e-06 0)
(-2.18007e-07 8.5334e-06 0)
(-2.02136e-07 8.5529e-06 0)
(-1.87137e-07 8.57069e-06 0)
(-1.72999e-07 8.58702e-06 0)
(-1.59689e-07 8.60207e-06 0)
(-1.4717e-07 8.61599e-06 0)
(-1.35398e-07 8.62889e-06 0)
(-1.24329e-07 8.64087e-06 0)
(-1.1392e-07 8.65198e-06 0)
(-1.04131e-07 8.6623e-06 0)
(-9.49201e-08 8.67185e-06 0)
(-8.62513e-08 8.68068e-06 0)
(-7.80881e-08 8.68883e-06 0)
(-7.03961e-08 8.6963e-06 0)
(-6.31418e-08 8.70314e-06 0)
(-5.62926e-08 8.70936e-06 0)
(-4.98159e-08 8.71497e-06 0)
(-4.3679e-08 8.72e-06 0)
(-3.78486e-08 8.72446e-06 0)
(-3.22899e-08 8.72836e-06 0)
(-2.69665e-08 8.7317e-06 0)
(-2.18397e-08 8.7345e-06 0)
(-1.68675e-08 8.73676e-06 0)
(-1.20048e-08 8.73847e-06 0)
(-7.20192e-09 8.73963e-06 0)
(-2.40449e-09 8.74022e-06 0)
(-1.81455e-08 8.03125e-06 0)
(-7.23023e-08 8.04889e-06 0)
(-1.19702e-07 8.07987e-06 0)
(-1.57869e-07 8.11926e-06 0)
(-1.86158e-07 8.16279e-06 0)
(-2.0517e-07 8.20731e-06 0)
(-2.16171e-07 8.25077e-06 0)
(-2.2066e-07 8.29197e-06 0)
(-2.20105e-07 8.33035e-06 0)
(-2.15808e-07 8.36572e-06 0)
(-2.08852e-07 8.39815e-06 0)
(-2.00097e-07 8.42782e-06 0)
(-1.90207e-07 8.45499e-06 0)
(-1.79678e-07 8.4799e-06 0)
(-1.68874e-07 8.5028e-06 0)
(-1.58056e-07 8.52391e-06 0)
(-1.47404e-07 8.54342e-06 0)
(-1.37042e-07 8.5615e-06 0)
(-1.27051e-07 8.57827e-06 0)
(-1.17478e-07 8.59385e-06 0)
(-1.0835e-07 8.60833e-06 0)
(-9.96762e-08 8.6218e-06 0)
(-9.14562e-08 8.63432e-06 0)
(-8.36807e-08 8.64594e-06 0)
(-7.6335e-08 8.65671e-06 0)
(-6.94011e-08 8.66666e-06 0)
(-6.28585e-08 8.67584e-06 0)
(-5.6685e-08 8.68428e-06 0)
(-5.08575e-08 8.69199e-06 0)
(-4.53519e-08 8.699e-06 0)
(-4.01433e-08 8.70534e-06 0)
(-3.52061e-08 8.71103e-06 0)
(-3.05138e-08 8.71607e-06 0)
(-2.60384e-08 8.72048e-06 0)
(-2.17506e-08 8.72427e-06 0)
(-1.76191e-08 8.72745e-06 0)
(-1.36104e-08 8.73001e-06 0)
(-9.68821e-09 8.73196e-06 0)
(-5.81282e-09 8.73328e-06 0)
(-1.94083e-09 8.73395e-06 0)
(-5.93943e-09 8.15483e-06 0)
(-3.42176e-08 8.16139e-06 0)
(-6.05182e-08 8.17478e-06 0)
(-8.36511e-08 8.19388e-06 0)
(-1.0287e-07 8.21729e-06 0)
(-1.17869e-07 8.24365e-06 0)
(-1.28709e-07 8.27177e-06 0)
(-1.35707e-07 8.30064e-06 0)
(-1.39331e-07 8.32952e-06 0)
(-1.40118e-07 8.35789e-06 0)
(-1.3861e-07 8.38537e-06 0)
(-1.35313e-07 8.41175e-06 0)
(-1.30677e-07 8.43688e-06 0)
(-1.25084e-07 8.46073e-06 0)
(-1.18851e-07 8.48327e-06 0)
(-1.12231e-07 8.50452e-06 0)
(-1.05423e-07 8.52452e-06 0)
(-9.8577e-08 8.54332e-06 0)
(-9.18062e-08 8.56096e-06 0)
(-8.51915e-08 8.57749e-06 0)
(-7.8789e-08 8.59296e-06 0)
(-7.26354e-08 8.60742e-06 0)
(-6.67526e-08 8.6209e-06 0)
(-6.11513e-08 8.63345e-06 0)
(-5.58339e-08 8.6451e-06 0)
(-5.07966e-08 8.65589e-06 0)
(-4.60314e-08 8.66585e-06 0)
(-4.15267e-08 8.67501e-06 0)
(-3.7269e-08 8.68338e-06 0)
(-3.32428e-08 8.69101e-06 0)
(-2.94313e-08 8.69791e-06 0)
(-2.58166e-08 8.70409e-06 0)
(-2.23798e-08 8.70958e-06 0)
(-1.91007e-08 8.71439e-06 0)
(-1.59579e-08 8.71852e-06 0)
(-1.29286e-08 8.72199e-06 0)
(-9.98841e-09 8.72479e-06 0)
(-7.11071e-09 8.72691e-06 0)
(-4.26666e-09 8.72835e-06 0)
(-1.42464e-09 8.72909e-06 0)
(-1.77729e-09 8.21721e-06 0)
(-1.5864e-08 8.22033e-06 0)
(-2.9302e-08 8.22766e-06 0)
(-4.15844e-08 8.23891e-06 0)
(-5.23165e-08 8.25362e-06 0)
(-6.12428e-08 8.2712e-06 0)
(-6.82495e-08 8.29104e-06 0)
(-7.33481e-08 8.31255e-06 0)
(-7.66483e-08 8.33517e-06 0)
(-7.83281e-08 8.35842e-06 0)
(-7.86051e-08 8.38188e-06 0)
(-7.77119e-08 8.40522e-06 0)
(-7.58782e-08 8.42819e-06 0)
(-7.33179e-08 8.45058e-06 0)
(-7.02218e-08 8.47223e-06 0)
(-6.67537e-08 8.49304e-06 0)
(-6.30501e-08 8.51295e-06 0)
(-5.92213e-08 8.5319e-06 0)
(-5.5354e-08 8.54987e-06 0)
(-5.15145e-08 8.56685e-06 0)
(-4.77518e-08 8.58284e-06 0)
(-4.41008e-08 8.59786e-06 0)
(-4.05848e-08 8.61193e-06 0)
(-3.72184e-08 8.62506e-06 0)
(-3.40092e-08 8.63727e-06 0)
(-3.09596e-08 8.64861e-06 0)
(-2.80681e-08 8.65908e-06 0)
(-2.53301e-08 8.66871e-06 0)
(-2.27391e-08 8.67754e-06 0)
(-2.02868e-08 8.68558e-06 0)
(-1.79639e-08 8.69285e-06 0)
(-1.576e-08 8.69937e-06 0)
(-1.36637e-08 8.70517e-06 0)
(-1.1663e-08 8.71024e-06 0)
(-9.74503e-09 8.71461e-06 0)
(-7.8959e-09 8.71827e-06 0)
(-6.10072e-09 8.72123e-06 0)
(-4.34336e-09 8.72348e-06 0)
(-2.60628e-09 8.725e-06 0)
(-8.7026e-10 8.72577e-06 0)
(-3.60837e-10 8.2441e-06 0)
(-4.66522e-09 8.2461e-06 0)
(-8.81137e-09 8.25136e-06 0)
(-1.26584e-08 8.2598e-06 0)
(-1.6088e-08 8.27119e-06 0)
(-1.90136e-08 8.28525e-06 0)
(-2.13845e-08 8.30158e-06 0)
(-2.3185e-08 8.31979e-06 0)
(-2.44299e-08 8.33945e-06 0)
(-2.51579e-08 8.36014e-06 0)
(-2.54244e-08 8.3815e-06 0)
(-2.52938e-08 8.40317e-06 0)
(-2.48344e-08 8.42486e-06 0)
(-2.41127e-08 8.44632e-06 0)
(-2.31904e-08 8.46736e-06 0)
(-2.21228e-08 8.4878e-06 0)
(-2.09569e-08 8.50752e-06 0)
(-1.97322e-08 8.52644e-06 0)
(-1.84802e-08 8.54449e-06 0)
(-1.7226e-08 8.56163e-06 0)
(-1.59881e-08 8.57784e-06 0)
(-1.47805e-08 8.59311e-06 0)
(-1.36128e-08 8.60744e-06 0)
(-1.24912e-08 8.62085e-06 0)
(-1.14194e-08 8.63334e-06 0)
(-1.03991e-08 8.64493e-06 0)
(-9.43035e-09 8.65566e-06 0)
(-8.51216e-09 8.66554e-06 0)
(-7.64263e-09 8.67458e-06 0)
(-6.81925e-09 8.68283e-06 0)
(-6.03901e-09 8.69029e-06 0)
(-5.29852e-09 8.69699e-06 0)
(-4.59406e-09 8.70293e-06 0)
(-3.92162e-09 8.70814e-06 0)
(-3.27689e-09 8.71263e-06 0)
(-2.65522e-09 8.71639e-06 0)
(-2.05162e-09 8.71943e-06 0)
(-1.46068e-09 8.72173e-06 0)
(-8.76517e-10 8.7233e-06 0)
(-2.9268e-10 8.7241e-06 0)
)
;

boundaryField
{
    top
    {
        type            zeroGradient;
    }
    inlet
    {
        type            fixedValue;
        value           uniform (0 0 0);
    }
    axis
    {
        type            fixedValue;
        value           uniform (0 0 0);
    }
    frontAndBack
    {
        type            empty;
    }
}


// ************************************************************************* //
