/*--------------------------------*- C++ -*----------------------------------*\
  =========                 |
  \\      /  F ield         | OpenFOAM: The Open Source CFD Toolbox
   \\    /   O peration     | Website:  https://openfoam.org
    \\  /    A nd           | Version:  10
     \\/     M anipulation  |
\*---------------------------------------------------------------------------*/
FoamFile
{
    format      ascii;
    class       volScalarField;
    location    "13100";
    object      p;
}
// * * * * * * * * * * * * * * * * * * * * * * * * * * * * * * * * * * * * * //

dimensions      [1 -1 -2 0 0 0 0];

internalField   nonuniform List<scalar> 
6400
(
111.257
111.271
111.3
111.343
111.401
111.475
111.565
111.672
111.798
111.943
112.111
112.304
112.526
112.782
113.079
113.429
113.85
114.362
129.094
416.779
707.781
985.01
1246.16
1484.1
1727.33
1967.81
2203.53
2434.69
2660.22
2881.76
3100.26
3313.88
3460.78
3547.29
3628.46
3702.38
3766.66
3818.47
3855
3873.92
3873.92
3855
3818.47
3766.66
3702.38
3628.46
3547.29
3460.78
3313.88
3100.26
2881.76
2660.22
2434.69
2203.53
1967.81
1727.33
1484.1
1246.16
985.01
707.781
416.779
129.094
114.362
113.85
113.429
113.079
112.782
112.526
112.304
112.111
111.943
111.798
111.672
111.565
111.475
111.401
111.343
111.3
111.271
111.257
110.963
110.977
111.005
111.048
111.106
111.18
111.27
111.377
111.503
111.648
111.816
112.009
112.231
112.486
112.782
113.132
113.552
114.08
115.044
122.174
414.215
691.627
953.143
1189.82
1433.42
1674
1909.72
2140.93
2366.39
2587.89
2806.48
3020.33
3167.66
3254.5
3336.1
3410.57
3475.48
3527.93
3564.98
3584.19
3584.19
3564.98
3527.93
3475.48
3410.57
3336.1
3254.5
3167.66
3020.33
2806.48
2587.89
2366.39
2140.93
1909.72
1674
1433.42
1189.82
953.143
691.627
414.215
122.174
115.044
114.08
113.552
113.132
112.782
112.486
112.231
112.009
111.816
111.648
111.503
111.377
111.27
111.18
111.106
111.048
111.005
110.977
110.963
110.639
110.653
110.681
110.724
110.782
110.856
110.946
111.053
111.178
111.324
111.491
111.684
111.905
112.159
112.455
112.802
113.22
113.748
114.583
115.206
116.461
370.595
633.04
866.59
1111.15
1351.96
1587.67
1819.01
2044.31
2265.71
2484.49
2698.89
2847.2
2934.8
3017.38
3093.12
3159.52
3213.48
3251.77
3271.69
3271.69
3251.77
3213.48
3159.52
3093.12
3017.38
2934.8
2847.2
2698.89
2484.49
2265.71
2044.31
1819.01
1587.67
1351.96
1111.15
866.59
633.04
370.595
116.461
115.206
114.583
113.748
113.22
112.802
112.455
112.159
111.905
111.684
111.491
111.324
111.178
111.053
110.946
110.856
110.782
110.724
110.681
110.653
110.639
110.283
110.297
110.325
110.368
110.426
110.499
110.589
110.696
110.821
110.966
111.133
111.325
111.545
111.799
112.092
112.436
112.849
113.365
114.091
114.656
114.935
115.096
284.619
511.172
757.811
998.99
1234.66
1466.28
1691.26
1912.48
2131.6
2346.92
2496.93
2585.82
2670.08
2748.05
2817.13
2873.82
2914.37
2935.58
2935.58
2914.37
2873.82
2817.13
2748.05
2670.08
2585.82
2496.93
2346.92
2131.6
1912.48
1691.26
1466.28
1234.66
998.99
757.811
511.172
284.619
115.096
114.935
114.656
114.091
113.365
112.849
112.436
112.092
111.799
111.545
111.325
111.133
110.966
110.821
110.696
110.589
110.499
110.426
110.368
110.325
110.297
110.283
109.891
109.905
109.933
109.976
110.034
110.107
110.197
110.303
110.428
110.572
110.739
110.93
111.148
111.4
111.69
112.03
112.434
112.93
113.563
114.075
114.358
114.453
114.454
119.191
370.518
612.178
847.717
1079.87
1304.28
1525.18
1744.81
1961.46
2114.13
2204.91
2291.72
2373.19
2446.62
2507.79
2552.13
2575.49
2575.49
2552.13
2507.79
2446.62
2373.19
2291.72
2204.91
2114.13
1961.46
1744.81
1525.18
1304.28
1079.87
847.717
612.178
370.518
119.191
114.454
114.453
114.358
114.075
113.563
112.93
112.434
112.03
111.69
111.4
111.148
110.93
110.739
110.572
110.428
110.303
110.197
110.107
110.034
109.976
109.933
109.905
109.891
109.46
109.474
109.502
109.545
109.603
109.676
109.765
109.871
109.995
110.139
110.304
110.493
110.71
110.959
111.245
111.578
111.97
112.439
112.995
113.459
113.742
113.874
113.963
114.45
114.233
189.776
423.56
656.722
880.1
1100.46
1320.84
1539.19
1695.81
1789.1
1879.39
1966.03
2046.26
2114.6
2165.08
2191.97
2191.97
2165.08
2114.6
2046.26
1966.03
1879.39
1789.1
1695.81
1539.19
1320.84
1100.46
880.1
656.722
423.56
189.776
114.233
114.45
113.963
113.874
113.742
113.459
112.995
112.439
111.97
111.578
111.245
110.959
110.71
110.493
110.304
110.139
109.995
109.871
109.765
109.676
109.603
109.545
109.502
109.474
109.46
108.986
109
109.028
109.071
109.128
109.2
109.289
109.394
109.518
109.66
109.824
110.012
110.226
110.471
110.752
111.076
111.453
111.891
112.383
112.802
113.082
113.245
113.381
113.714
113.646
113.809
113.68
197.008
415.209
634.541
856.021
1076.23
1238.84
1334.89
1429.42
1523.38
1614.31
1693.97
1754.53
1787.2
1787.2
1754.53
1693.97
1614.31
1523.38
1429.42
1334.89
1238.84
1076.23
856.021
634.541
415.209
197.008
113.68
113.809
113.646
113.714
113.381
113.245
113.082
112.802
112.383
111.891
111.453
111.076
110.752
110.471
110.226
110.012
109.824
109.66
109.518
109.394
109.289
109.2
109.128
109.071
109.028
109
108.986
108.464
108.478
108.506
108.548
108.605
108.677
108.765
108.869
108.992
109.133
109.295
109.48
109.691
109.932
110.206
110.519
110.878
111.284
111.72
112.1
112.375
112.557
112.717
112.958
112.976
113.082
113.03
113.114
112.967
122.786
346.524
567.943
740.706
838.079
936.665
1040.47
1148.87
1246.43
1324.2
1366.58
1366.58
1324.2
1246.43
1148.87
1040.47
936.665
838.079
740.706
567.943
346.524
122.786
112.967
113.114
113.03
113.082
112.976
112.958
112.717
112.557
112.375
112.1
111.72
111.284
110.878
110.519
110.206
109.932
109.691
109.48
109.295
109.133
108.992
108.869
108.765
108.677
108.605
108.548
108.506
108.478
108.464
107.889
107.903
107.931
107.973
108.029
108.101
108.188
108.291
108.412
108.551
108.711
108.893
109.1
109.334
109.6
109.901
110.239
110.613
111.002
111.348
111.613
111.807
111.976
112.165
112.228
112.308
112.304
112.35
112.304
112.525
112.17
112.484
210.74
295.199
394.089
509.358
649.518
773.653
883.079
942.046
942.046
883.079
773.653
649.518
509.358
394.089
295.199
210.74
112.484
112.17
112.525
112.304
112.35
112.304
112.308
112.228
112.165
111.976
111.807
111.613
111.348
111.002
110.613
110.239
109.901
109.6
109.334
109.1
108.893
108.711
108.551
108.412
108.291
108.188
108.101
108.029
107.973
107.931
107.903
107.889
107.257
107.27
107.298
107.339
107.395
107.465
107.551
107.653
107.772
107.909
108.066
108.244
108.446
108.673
108.929
109.215
109.532
109.874
110.223
110.537
110.791
110.989
111.159
111.32
111.404
111.475
111.497
111.531
111.526
111.616
111.433
111.425
111.261
111.229
111.284
112.438
159.417
285.821
456.632
541.166
541.166
456.632
285.821
159.417
112.438
111.284
111.229
111.261
111.425
111.433
111.616
111.526
111.531
111.497
111.475
111.404
111.32
111.159
110.989
110.791
110.537
110.223
109.874
109.532
109.215
108.929
108.673
108.446
108.244
108.066
107.909
107.772
107.653
107.551
107.465
107.395
107.339
107.298
107.27
107.257
106.559
106.573
106.6
106.641
106.696
106.765
106.85
106.95
107.067
107.201
107.354
107.528
107.723
107.942
108.186
108.456
108.751
109.063
109.376
109.662
109.902
110.098
110.265
110.409
110.504
110.574
110.61
110.64
110.651
110.682
110.584
110.541
110.457
110.43
110.428
110.416
110.357
110.944
166.626
237.743
237.743
166.626
110.944
110.357
110.416
110.428
110.43
110.457
110.541
110.584
110.682
110.651
110.64
110.61
110.574
110.504
110.409
110.265
110.098
109.902
109.662
109.376
109.063
108.751
108.456
108.186
107.942
107.723
107.528
107.354
107.201
107.067
106.95
106.85
106.765
106.696
106.641
106.6
106.573
106.559
105.791
105.804
105.831
105.871
105.925
105.993
106.076
106.174
106.288
106.419
106.567
106.735
106.923
107.133
107.364
107.617
107.889
108.172
108.454
108.714
108.94
109.13
109.29
109.425
109.523
109.594
109.638
109.67
109.685
109.693
109.638
109.593
109.542
109.519
109.504
109.487
109.465
109.457
111.473
129.693
129.693
111.473
109.457
109.465
109.487
109.504
109.519
109.542
109.593
109.638
109.693
109.685
109.67
109.638
109.594
109.523
109.425
109.29
109.13
108.94
108.714
108.454
108.172
107.889
107.617
107.364
107.133
106.923
106.735
106.567
106.419
106.288
106.174
106.076
105.993
105.925
105.871
105.831
105.804
105.791
104.944
104.957
104.983
105.022
105.074
105.141
105.222
105.317
105.428
105.555
105.698
105.86
106.039
106.238
106.455
106.69
106.94
107.196
107.45
107.686
107.896
108.077
108.23
108.358
108.455
108.528
108.577
108.61
108.628
108.63
108.598
108.56
108.526
108.508
108.492
108.477
108.464
108.456
108.485
114.248
114.248
108.485
108.456
108.464
108.477
108.492
108.508
108.526
108.56
108.598
108.63
108.628
108.61
108.577
108.528
108.455
108.358
108.23
108.077
107.896
107.686
107.45
107.196
106.94
106.69
106.455
106.238
106.039
105.86
105.698
105.555
105.428
105.317
105.222
105.141
105.074
105.022
104.983
104.957
104.944
104.009
104.022
104.047
104.085
104.136
104.201
104.279
104.372
104.478
104.6
104.738
104.892
105.062
105.249
105.451
105.668
105.896
106.127
106.355
106.57
106.763
106.932
107.078
107.199
107.294
107.367
107.42
107.455
107.474
107.477
107.458
107.431
107.407
107.392
107.379
107.367
107.357
107.349
107.331
110.367
110.367
107.331
107.349
107.357
107.367
107.379
107.392
107.407
107.431
107.458
107.477
107.474
107.455
107.42
107.367
107.294
107.199
107.078
106.932
106.763
106.57
106.355
106.127
105.896
105.668
105.451
105.249
105.062
104.892
104.738
104.6
104.478
104.372
104.279
104.201
104.136
104.085
104.047
104.022
104.009
102.978
102.99
103.015
103.052
103.101
103.163
103.239
103.327
103.43
103.546
103.677
103.822
103.982
104.156
104.344
104.542
104.748
104.957
105.162
105.355
105.532
105.689
105.825
105.94
106.032
106.105
106.158
106.195
106.216
106.223
106.213
106.195
106.177
106.167
106.156
106.146
106.137
106.129
106.109
108.445
108.445
106.109
106.129
106.137
106.146
106.156
106.167
106.177
106.195
106.213
106.223
106.216
106.195
106.158
106.105
106.032
105.94
105.825
105.689
105.532
105.355
105.162
104.957
104.748
104.542
104.344
104.156
103.982
103.822
103.677
103.546
103.43
103.327
103.239
103.163
103.101
103.052
103.015
102.99
102.978
101.84
101.852
101.875
101.911
101.958
102.018
102.09
102.174
102.271
102.382
102.505
102.641
102.79
102.951
103.122
103.303
103.488
103.675
103.858
104.032
104.193
104.337
104.463
104.571
104.66
104.731
104.784
104.822
104.846
104.856
104.853
104.842
104.83
104.822
104.813
104.805
104.797
104.789
104.768
106.966
106.966
104.768
104.789
104.797
104.805
104.813
104.822
104.83
104.842
104.853
104.856
104.846
104.822
104.784
104.731
104.66
104.571
104.463
104.337
104.193
104.032
103.858
103.675
103.488
103.303
103.122
102.951
102.79
102.641
102.505
102.382
102.271
102.174
102.09
102.018
101.958
101.911
101.875
101.852
101.84
100.504
100.515
100.538
100.571
100.616
100.673
100.74
100.82
100.911
101.014
101.128
101.254
101.39
101.536
101.691
101.853
102.018
102.183
102.345
102.5
102.643
102.774
102.889
102.989
103.072
103.14
103.193
103.232
103.257
103.271
103.273
103.268
103.259
103.253
103.247
103.24
103.232
103.224
103.204
105.411
105.411
103.204
103.224
103.232
103.24
103.247
103.253
103.259
103.268
103.273
103.271
103.257
103.232
103.193
103.14
103.072
102.989
102.889
102.774
102.643
102.5
102.345
102.183
102.018
101.853
101.691
101.536
101.39
101.254
101.128
101.014
100.911
100.82
100.74
100.673
100.616
100.571
100.538
100.515
100.504
99.0194
99.0299
99.0509
99.0824
99.1244
99.1771
99.2403
99.3141
99.3984
99.4931
99.598
99.7126
99.8362
99.9678
100.106
100.249
100.395
100.541
100.683
100.819
100.947
101.064
101.168
101.259
101.337
101.401
101.452
101.49
101.517
101.533
101.539
101.537
101.532
101.527
101.522
101.515
101.508
101.5
101.481
103.742
103.742
101.481
101.5
101.508
101.515
101.522
101.527
101.532
101.537
101.539
101.533
101.517
101.49
101.452
101.401
101.337
101.259
101.168
101.064
100.947
100.819
100.683
100.541
100.395
100.249
100.106
99.9678
99.8362
99.7126
99.598
99.4931
99.3984
99.3141
99.2403
99.1771
99.1244
99.0824
99.0509
99.0299
99.0194
97.5241
97.5339
97.5535
97.5829
97.622
97.6709
97.7296
97.7978
97.8755
97.9625
98.0583
98.1624
98.2742
98.3925
98.5162
98.6436
98.7728
98.9015
99.0274
99.1481
99.2616
99.3662
99.4605
99.5437
99.6152
99.6751
99.7234
99.7606
99.7873
99.8044
99.8127
99.8134
99.8091
99.8054
99.8006
99.7947
99.7879
99.7802
99.7611
102.088
102.088
99.7611
99.7802
99.7879
99.7947
99.8006
99.8054
99.8091
99.8134
99.8127
99.8044
99.7873
99.7606
99.7234
99.6751
99.6152
99.5437
99.4605
99.3662
99.2616
99.1481
99.0274
98.9015
98.7728
98.6436
98.5162
98.3925
98.2742
98.1624
98.0583
97.9625
97.8755
97.7978
97.7296
97.6709
97.622
97.5829
97.5535
97.5339
97.5241
96.019
96.0281
96.0463
96.0736
96.1099
96.1551
96.2093
96.2721
96.3434
96.4229
96.5102
96.6046
96.7055
96.8119
96.9226
97.0361
97.1509
97.265
97.3767
97.484
97.5852
97.6789
97.7639
97.8395
97.9051
97.9606
98.0059
98.0414
98.0675
98.0848
98.094
98.0958
98.0924
98.0891
98.0847
98.0792
98.0725
98.0648
98.0463
100.445
100.445
98.0463
98.0648
98.0725
98.0792
98.0847
98.0891
98.0924
98.0958
98.094
98.0848
98.0675
98.0414
98.0059
97.9606
97.9051
97.8395
97.7639
97.6789
97.5852
97.484
97.3767
97.265
97.1509
97.0361
96.9226
96.8119
96.7055
96.6046
96.5102
96.4229
96.3434
96.2721
96.2093
96.1551
96.1099
96.0736
96.0463
96.0281
96.019
94.5048
94.5132
94.53
94.5552
94.5888
94.6305
94.6802
94.7379
94.8031
94.8756
94.9549
95.0404
95.1314
95.227
95.3261
95.4274
95.5296
95.6311
95.7304
95.8259
95.9163
96.0003
96.0769
96.1453
96.2052
96.2562
96.2983
96.3316
96.3565
96.3733
96.3825
96.3848
96.3818
96.3787
96.3745
96.3691
96.3625
96.3549
96.3368
98.8145
98.8145
96.3368
96.3549
96.3625
96.3691
96.3745
96.3787
96.3818
96.3848
96.3825
96.3733
96.3565
96.3316
96.2983
96.2562
96.2052
96.1453
96.0769
96.0003
95.9163
95.8259
95.7304
95.6311
95.5296
95.4274
95.3261
95.227
95.1314
95.0404
94.9549
94.8756
94.8031
94.7379
94.6802
94.6305
94.5888
94.5552
94.53
94.5132
94.5048
92.9821
92.9899
93.0054
93.0286
93.0594
93.0977
93.1433
93.196
93.2555
93.3215
93.3934
93.4707
93.5527
93.6386
93.7273
93.8178
93.909
93.9994
94.0878
94.173
94.2537
94.329
94.3979
94.4597
94.5141
94.5607
94.5994
94.6303
94.6535
94.6693
94.6781
94.6803
94.6773
94.6743
94.6701
94.6647
94.6582
94.6506
94.633
97.1966
97.1966
94.633
94.6506
94.6582
94.6647
94.6701
94.6743
94.6773
94.6803
94.6781
94.6693
94.6535
94.6303
94.5994
94.5607
94.5141
94.4597
94.3979
94.329
94.2537
94.173
94.0878
93.9994
93.909
93.8178
93.7273
93.6386
93.5527
93.4707
93.3934
93.3215
93.2555
93.196
93.1433
93.0977
93.0594
93.0286
93.0054
92.9899
92.9821
91.4517
91.4589
91.4731
91.4944
91.5226
91.5577
91.5994
91.6474
91.7016
91.7614
91.8265
91.8963
91.9701
92.0472
92.1267
92.2077
92.289
92.3697
92.4486
92.5246
92.5967
92.6641
92.7259
92.7817
92.8308
92.8731
92.9084
92.9366
92.9579
92.9724
92.9804
92.982
92.9789
92.9758
92.9715
92.9661
92.9596
92.952
92.9349
95.5927
95.5927
92.9349
92.952
92.9596
92.9661
92.9715
92.9758
92.9789
92.982
92.9804
92.9724
92.9579
92.9366
92.9084
92.8731
92.8308
92.7817
92.7259
92.6641
92.5967
92.5246
92.4486
92.3697
92.289
92.2077
92.1267
92.0472
91.9701
91.8963
91.8265
91.7614
91.7016
91.6474
91.5994
91.5577
91.5226
91.4944
91.4731
91.4589
91.4517
89.9142
89.9207
89.9338
89.9532
89.979
90.011
90.049
90.0927
90.1419
90.1961
90.2549
90.3179
90.3843
90.4535
90.5247
90.5971
90.6698
90.7418
90.8121
90.88
90.9444
91.0047
91.0601
91.1102
91.1544
91.1925
91.2244
91.2499
91.2691
91.282
91.2889
91.2898
91.2863
91.2831
91.2787
91.2732
91.2667
91.2591
91.2425
94.004
94.004
91.2425
91.2591
91.2667
91.2732
91.2787
91.2831
91.2863
91.2898
91.2889
91.282
91.2691
91.2499
91.2244
91.1925
91.1544
91.1102
91.0601
91.0047
90.9444
90.88
90.8121
90.7418
90.6698
90.5971
90.5247
90.4535
90.3843
90.3179
90.2549
90.1961
90.1419
90.0927
90.049
90.011
89.979
89.9532
89.9338
89.9207
89.9142
88.3701
88.3761
88.388
88.4057
88.4292
88.4583
88.4929
88.5325
88.5771
88.6261
88.6792
88.7359
88.7957
88.8578
88.9216
88.9863
89.0512
89.1155
89.1783
89.2388
89.2963
89.3501
89.3997
89.4445
89.4841
89.5182
89.5468
89.5695
89.5865
89.5977
89.6033
89.6033
89.5994
89.5959
89.5914
89.5858
89.5792
89.5716
89.5554
92.4318
92.4318
89.5554
89.5716
89.5792
89.5858
89.5914
89.5959
89.5994
89.6033
89.6033
89.5977
89.5865
89.5695
89.5468
89.5182
89.4841
89.4445
89.3997
89.3501
89.2963
89.2388
89.1783
89.1155
89.0512
88.9863
88.9216
88.8578
88.7957
88.7359
88.6792
88.6261
88.5771
88.5325
88.4929
88.4583
88.4292
88.4057
88.388
88.3761
88.3701
86.82
86.8255
86.8363
86.8525
86.8738
86.9003
86.9316
86.9675
87.0078
87.0521
87.1
87.151
87.2046
87.2603
87.3175
87.3754
87.4333
87.4907
87.5466
87.6006
87.6518
87.6998
87.744
87.7839
87.8192
87.8496
87.8749
87.8949
87.9097
87.9191
87.9233
87.9223
87.9178
87.9141
87.9094
87.9037
87.897
87.8893
87.8735
90.8778
90.8778
87.8735
87.8893
87.897
87.9037
87.9094
87.9141
87.9178
87.9223
87.9233
87.9191
87.9097
87.8949
87.8749
87.8496
87.8192
87.7839
87.744
87.6998
87.6518
87.6006
87.5466
87.4907
87.4333
87.3754
87.3175
87.2603
87.2046
87.151
87.1
87.0521
87.0078
86.9675
86.9316
86.9003
86.8738
86.8525
86.8363
86.8255
86.82
85.2646
85.2695
85.2793
85.294
85.3134
85.3373
85.3657
85.3982
85.4346
85.4745
85.5176
85.5634
85.6116
85.6615
85.7126
85.7643
85.8161
85.8672
85.917
85.9651
86.0107
86.0533
86.0926
86.128
86.1593
86.1861
86.2082
86.2256
86.2381
86.2457
86.2484
86.2463
86.2413
86.2373
86.2324
86.2265
86.2197
86.212
86.1966
89.344
89.344
86.1966
86.212
86.2197
86.2265
86.2324
86.2373
86.2413
86.2463
86.2484
86.2457
86.2381
86.2256
86.2082
86.1861
86.1593
86.128
86.0926
86.0533
86.0107
85.9651
85.917
85.8672
85.8161
85.7643
85.7126
85.6615
85.6116
85.5634
85.5176
85.4745
85.4346
85.3982
85.3657
85.3373
85.3134
85.294
85.2793
85.2695
85.2646
83.7041
83.7086
83.7175
83.7308
83.7483
83.77
83.7956
83.825
83.8577
83.8937
83.9324
83.9736
84.0167
84.0614
84.1071
84.1533
84.1994
84.2449
84.2893
84.332
84.3725
84.4103
84.445
84.4763
84.5038
84.5272
84.5464
84.5612
84.5715
84.5772
84.5785
84.5752
84.5696
84.5652
84.56
84.554
84.547
84.5392
84.5242
87.8331
87.8331
84.5242
84.5392
84.547
84.554
84.56
84.5652
84.5696
84.5752
84.5785
84.5772
84.5715
84.5612
84.5464
84.5272
84.5038
84.4763
84.445
84.4103
84.3725
84.332
84.2893
84.2449
84.1994
84.1533
84.1071
84.0614
84.0167
83.9736
83.9324
83.8937
83.8577
83.825
83.7956
83.77
83.7483
83.7308
83.7175
83.7086
83.7041
82.1392
82.1433
82.1513
82.1633
82.1792
82.1988
82.2218
82.2483
82.2778
82.3101
82.3449
82.3818
82.4204
82.4603
82.5011
82.5423
82.5834
82.6238
82.6632
82.7011
82.7369
82.7703
82.8009
82.8283
82.8523
82.8726
82.8889
82.9012
82.9094
82.9133
82.913
82.9085
82.9022
82.8976
82.8921
82.8858
82.8787
82.8708
82.856
86.3488
86.3488
82.856
82.8708
82.8787
82.8858
82.8921
82.8976
82.9022
82.9085
82.913
82.9133
82.9094
82.9012
82.8889
82.8726
82.8523
82.8283
82.8009
82.7703
82.7369
82.7011
82.6632
82.6238
82.5834
82.5423
82.5011
82.4603
82.4204
82.3818
82.3449
82.3101
82.2778
82.2483
82.2218
82.1988
82.1792
82.1633
82.1513
82.1433
82.1392
80.5703
80.5739
80.5812
80.592
80.6063
80.624
80.6447
80.6685
80.695
80.724
80.7552
80.7882
80.8227
80.8584
80.8947
80.9314
80.9679
81.0038
81.0387
81.0722
81.1038
81.1332
81.1599
81.1838
81.2045
81.2218
81.2355
81.2454
81.2515
81.2536
81.2518
81.246
81.2391
81.234
81.2282
81.2216
81.2144
81.2063
81.1919
84.8959
84.8959
81.1919
81.2063
81.2144
81.2216
81.2282
81.234
81.2391
81.246
81.2518
81.2536
81.2515
81.2454
81.2355
81.2218
81.2045
81.1838
81.1599
81.1332
81.1038
81.0722
81.0387
81.0038
80.9679
80.9314
80.8947
80.8584
80.8227
80.7882
80.7552
80.724
80.695
80.6685
80.6447
80.624
80.6063
80.592
80.5812
80.5739
80.5703
78.9977
79.001
79.0075
79.0173
79.0301
79.046
79.0647
79.086
79.1098
79.1357
79.1636
79.1931
79.224
79.2557
79.2881
79.3207
79.353
79.3848
79.4157
79.4451
79.4729
79.4986
79.5219
79.5425
79.5602
79.5747
79.5858
79.5935
79.5975
79.5979
79.5945
79.5875
79.5797
79.5743
79.5681
79.5612
79.5537
79.5455
79.5313
83.4808
83.4808
79.5313
79.5455
79.5537
79.5612
79.5681
79.5743
79.5797
79.5875
79.5945
79.5979
79.5975
79.5935
79.5858
79.5747
79.5602
79.5425
79.5219
79.4986
79.4729
79.4451
79.4157
79.3848
79.353
79.3207
79.2881
79.2557
79.224
79.1931
79.1636
79.1357
79.1098
79.086
79.0647
79.046
79.0301
79.0173
79.0075
79.001
78.9977
77.4218
77.4248
77.4307
77.4394
77.451
77.4652
77.4819
77.501
77.5223
77.5455
77.5704
77.5968
77.6242
77.6525
77.6812
77.7101
77.7387
77.7668
77.794
77.8198
77.8441
77.8664
77.8865
77.9041
77.919
77.9309
77.9397
77.9452
77.9472
77.9458
77.9409
77.9325
77.924
77.918
77.9115
77.9043
77.8964
77.888
77.874
82.1123
82.1123
77.874
77.888
77.8964
77.9043
77.9115
77.918
77.924
77.9325
77.9409
77.9458
77.9472
77.9452
77.9397
77.9309
77.919
77.9041
77.8865
77.8664
77.8441
77.8198
77.794
77.7668
77.7387
77.7101
77.6812
77.6525
77.6242
77.5968
77.5704
77.5455
77.5223
77.501
77.4819
77.4652
77.451
77.4394
77.4307
77.4248
77.4218
75.843
75.8456
75.8509
75.8588
75.8691
75.8818
75.8968
75.9139
75.9329
75.9536
75.9758
75.9993
76.0237
76.0488
76.0742
76.0998
76.125
76.1497
76.1735
76.1961
76.2172
76.2365
76.2537
76.2685
76.2808
76.2903
76.2968
76.3002
76.3004
76.2973
76.2908
76.281
76.2716
76.2651
76.2581
76.2505
76.2422
76.2335
76.2196
80.8051
80.8051
76.2196
76.2335
76.2422
76.2505
76.2581
76.2651
76.2716
76.281
76.2908
76.2973
76.3004
76.3002
76.2968
76.2903
76.2808
76.2685
76.2537
76.2365
76.2172
76.1961
76.1735
76.1497
76.125
76.0998
76.0742
76.0488
76.0237
75.9993
75.9758
75.9536
75.9329
75.9139
75.8968
75.8818
75.8691
75.8588
75.8509
75.8456
75.843
74.2615
74.2639
74.2686
74.2756
74.2849
74.2962
74.3096
74.3249
74.3418
74.3603
74.38
74.4008
74.4225
74.4447
74.4672
74.4897
74.5119
74.5335
74.5543
74.5739
74.5921
74.6086
74.6231
74.6354
74.6453
74.6526
74.6571
74.6585
74.6569
74.6521
74.6441
74.6328
74.6223
74.6153
74.6077
74.5995
74.5908
74.5816
74.5678
79.5783
79.5783
74.5678
74.5816
74.5908
74.5995
74.6077
74.6153
74.6223
74.6328
74.6441
74.6521
74.6569
74.6585
74.6571
74.6526
74.6453
74.6354
74.6231
74.6086
74.5921
74.5739
74.5543
74.5335
74.5119
74.4897
74.4672
74.4447
74.4225
74.4008
74.38
74.3603
74.3418
74.3249
74.3096
74.2962
74.2849
74.2756
74.2686
74.2639
74.2615
72.6776
72.6798
72.684
72.6902
72.6985
72.7086
72.7206
72.7341
72.7492
72.7656
72.7831
72.8016
72.8207
72.8403
72.8601
72.8799
72.8993
72.9182
72.9362
72.9532
72.9687
72.9827
72.9948
73.0048
73.0125
73.0177
73.0203
73.02
73.0166
73.0102
73.0005
72.9877
72.9761
72.9684
72.9601
72.9513
72.942
72.9322
72.9183
78.4612
78.4612
72.9183
72.9322
72.942
72.9513
72.9601
72.9684
72.9761
72.9877
73.0005
73.0102
73.0166
73.02
73.0203
73.0177
73.0125
73.0048
72.9948
72.9827
72.9687
72.9532
72.9362
72.9182
72.8993
72.8799
72.8601
72.8403
72.8207
72.8016
72.7831
72.7656
72.7492
72.7341
72.7206
72.7086
72.6985
72.6902
72.684
72.6798
72.6776
71.0917
71.0935
71.0973
71.1029
71.1102
71.1192
71.1298
71.1419
71.1553
71.1698
71.1853
71.2016
71.2185
71.2357
71.2531
71.2704
71.2873
71.3037
71.3193
71.3338
71.347
71.3587
71.3686
71.3765
71.3822
71.3856
71.3863
71.3844
71.3794
71.3715
71.3603
71.3458
71.3329
71.3244
71.3153
71.3056
71.2954
71.2848
71.2707
77.4944
77.4944
71.2707
71.2848
71.2954
71.3056
71.3153
71.3244
71.3329
71.3458
71.3603
71.3715
71.3794
71.3844
71.3863
71.3856
71.3822
71.3765
71.3686
71.3587
71.347
71.3338
71.3193
71.3037
71.2873
71.2704
71.2531
71.2357
71.2185
71.2016
71.1853
71.1698
71.1553
71.1419
71.1298
71.1192
71.1102
71.1029
71.0973
71.0935
71.0917
69.5038
69.5055
69.5088
69.5138
69.5203
69.5283
69.5377
69.5484
69.5602
69.573
69.5867
69.601
69.6158
69.631
69.6462
69.6612
69.6759
69.6901
69.7034
69.7157
69.7268
69.7364
69.7443
69.7503
69.7543
69.756
69.7552
69.7517
69.7453
69.7359
69.7232
69.7071
69.6929
69.6835
69.6734
69.6626
69.6512
69.6394
69.6247
76.7175
76.7175
69.6247
69.6394
69.6512
69.6626
69.6734
69.6835
69.6929
69.7071
69.7232
69.7359
69.7453
69.7517
69.7552
69.756
69.7543
69.7503
69.7443
69.7364
69.7268
69.7157
69.7034
69.6901
69.6759
69.6612
69.6462
69.631
69.6158
69.601
69.5867
69.573
69.5602
69.5484
69.5377
69.5283
69.5203
69.5138
69.5088
69.5055
69.5038
67.9143
67.9157
67.9187
67.9231
67.9288
67.9359
67.9442
67.9537
67.9641
67.9754
67.9874
68
68.013
68.0261
68.0394
68.0524
68.0651
68.0772
68.0885
68.0988
68.108
68.1157
68.1219
68.1263
68.1287
68.1289
68.1267
68.1219
68.1143
68.1037
68.0897
68.072
68.0564
68.0459
68.0347
68.0225
68.0096
67.996
67.9803
76.0584
76.0584
67.9803
67.996
68.0096
68.0225
68.0347
68.0459
68.0564
68.072
68.0897
68.1037
68.1143
68.1219
68.1267
68.1289
68.1287
68.1263
68.1219
68.1157
68.108
68.0988
68.0885
68.0772
68.0651
68.0524
68.0394
68.0261
68.013
68
67.9874
67.9754
67.9641
67.9537
67.9442
67.9359
67.9288
67.9231
67.9187
67.9157
67.9143
66.3232
66.3245
66.3271
66.331
66.3361
66.3423
66.3497
66.358
66.3671
66.377
66.3876
66.3985
66.4099
66.4213
66.4327
66.444
66.4548
66.4651
66.4746
66.4832
66.4906
66.4967
66.5013
66.5042
66.5052
66.5041
66.5008
66.4949
66.4863
66.4747
66.4597
66.4409
66.4241
66.4127
66.4002
66.3866
66.3717
66.3556
66.3381
74.6651
74.6651
66.3381
66.3556
66.3717
66.3866
66.4002
66.4127
66.4241
66.4409
66.4597
66.4747
66.4863
66.4949
66.5008
66.5041
66.5052
66.5042
66.5013
66.4967
66.4906
66.4832
66.4746
66.4651
66.4548
66.444
66.4327
66.4213
66.4099
66.3985
66.3876
66.377
66.3671
66.358
66.3497
66.3423
66.3361
66.331
66.3271
66.3245
66.3232
64.7309
64.732
64.7343
64.7377
64.7422
64.7477
64.7541
64.7614
64.7694
64.7781
64.7872
64.7968
64.8066
64.8165
64.8263
64.8359
64.8451
64.8538
64.8617
64.8687
64.8746
64.8792
64.8824
64.884
64.8838
64.8817
64.8774
64.8707
64.8614
64.8492
64.8336
64.8143
64.7968
64.7849
64.7717
64.7569
64.7403
64.7215
64.7024
69.1999
69.1999
64.7024
64.7215
64.7403
64.7569
64.7717
64.7849
64.7968
64.8143
64.8336
64.8492
64.8614
64.8707
64.8774
64.8817
64.8838
64.884
64.8824
64.8792
64.8746
64.8687
64.8617
64.8538
64.8451
64.8359
64.8263
64.8165
64.8066
64.7968
64.7872
64.7781
64.7694
64.7614
64.7541
64.7477
64.7422
64.7377
64.7343
64.732
64.7309
63.1374
63.1384
63.1404
63.1434
63.1473
63.1521
63.1577
63.1641
63.1711
63.1786
63.1865
63.1948
63.2032
63.2117
63.2201
63.2283
63.236
63.2432
63.2496
63.2552
63.2598
63.2631
63.2651
63.2656
63.2644
63.2614
63.2563
63.2491
63.2393
63.2269
63.2114
63.1924
63.1755
63.1639
63.1511
63.1365
63.1196
63.0992
63.0795
63.0759
63.0759
63.0795
63.0992
63.1196
63.1365
63.1511
63.1639
63.1755
63.1924
63.2114
63.2269
63.2393
63.2491
63.2563
63.2614
63.2644
63.2656
63.2651
63.2631
63.2598
63.2552
63.2496
63.2432
63.236
63.2283
63.2201
63.2117
63.2032
63.1948
63.1865
63.1786
63.1711
63.1641
63.1577
63.1521
63.1473
63.1434
63.1404
63.1384
63.1374
61.5431
61.544
61.5457
61.5483
61.5517
61.5559
61.5608
61.5663
61.5724
61.5789
61.5858
61.5929
61.6001
61.6073
61.6144
61.6212
61.6277
61.6335
61.6387
61.6431
61.6464
61.6487
61.6496
61.6492
61.6471
61.6434
61.6378
61.6301
61.6202
61.608
61.593
61.5752
61.56
61.55
61.5393
61.5281
61.5166
61.5054
61.4956
61.4927
61.4927
61.4956
61.5054
61.5166
61.5281
61.5393
61.55
61.56
61.5752
61.593
61.608
61.6202
61.6301
61.6378
61.6434
61.6471
61.6492
61.6496
61.6487
61.6464
61.6431
61.6387
61.6335
61.6277
61.6212
61.6144
61.6073
61.6001
61.5929
61.5858
61.5789
61.5724
61.5663
61.5608
61.5559
61.5517
61.5483
61.5457
61.544
61.5431
59.9479
59.9487
59.9502
59.9525
59.9554
59.959
59.9633
59.968
59.9732
59.9788
59.9847
59.9908
59.9969
60.003
60.009
60.0146
60.0199
60.0246
60.0286
60.0319
60.0342
60.0354
60.0355
60.0343
60.0315
60.0272
60.0212
60.0134
60.0036
59.9917
59.9775
59.9612
59.9478
59.9392
59.9303
59.9213
59.9122
59.9035
59.8952
59.8924
59.8924
59.8952
59.9035
59.9122
59.9213
59.9303
59.9392
59.9478
59.9612
59.9775
59.9917
60.0036
60.0134
60.0212
60.0272
60.0315
60.0343
60.0355
60.0354
60.0342
60.0319
60.0286
60.0246
60.0199
60.0146
60.009
60.003
59.9969
59.9908
59.9847
59.9788
59.9732
59.968
59.9633
59.959
59.9554
59.9525
59.9502
59.9487
59.9479
58.3519
58.3526
58.3539
58.3559
58.3584
58.3616
58.3652
58.3693
58.3737
58.3785
58.3835
58.3886
58.3938
58.3989
58.4038
58.4084
58.4126
58.4163
58.4193
58.4216
58.423
58.4234
58.4227
58.4208
58.4175
58.4128
58.4065
58.3986
58.389
58.3776
58.3643
58.3493
58.3374
58.3298
58.3221
58.3143
58.3064
58.2987
58.291
58.2883
58.2883
58.291
58.2987
58.3064
58.3143
58.3221
58.3298
58.3374
58.3493
58.3643
58.3776
58.389
58.3986
58.4065
58.4128
58.4175
58.4208
58.4227
58.4234
58.423
58.4216
58.4193
58.4163
58.4126
58.4084
58.4038
58.3989
58.3938
58.3886
58.3835
58.3785
58.3737
58.3693
58.3652
58.3616
58.3584
58.3559
58.3539
58.3526
58.3519
56.7553
56.7559
56.757
56.7587
56.7609
56.7636
56.7667
56.7701
56.7739
56.778
56.7822
56.7865
56.7907
56.7949
56.7989
56.8026
56.8059
56.8086
56.8108
56.8122
56.8129
56.8125
56.8112
56.8087
56.805
56.7999
56.7935
56.7856
56.7762
56.7653
56.7528
56.739
56.7282
56.7213
56.7143
56.7073
56.7001
56.693
56.6858
56.6831
56.6831
56.6858
56.693
56.7001
56.7073
56.7143
56.7213
56.7282
56.739
56.7528
56.7653
56.7762
56.7856
56.7935
56.7999
56.805
56.8087
56.8112
56.8125
56.8129
56.8122
56.8108
56.8086
56.8059
56.8026
56.7989
56.7949
56.7907
56.7865
56.7822
56.778
56.7739
56.7701
56.7667
56.7636
56.7609
56.7587
56.757
56.7559
56.7553
55.1581
55.1586
55.1596
55.161
55.1629
55.1651
55.1678
55.1707
55.1739
55.1773
55.1807
55.1843
55.1878
55.1912
55.1943
55.1972
55.1996
55.2016
55.203
55.2037
55.2036
55.2027
55.2007
55.1978
55.1937
55.1884
55.1819
55.1741
55.1649
55.1545
55.1427
55.1299
55.1198
55.1135
55.1071
55.1005
55.0939
55.0872
55.0803
55.0777
55.0777
55.0803
55.0872
55.0939
55.1005
55.1071
55.1135
55.1198
55.1299
55.1427
55.1545
55.1649
55.1741
55.1819
55.1884
55.1937
55.1978
55.2007
55.2027
55.2036
55.2037
55.203
55.2016
55.1996
55.1972
55.1943
55.1912
55.1878
55.1843
55.1807
55.1773
55.1739
55.1707
55.1678
55.1651
55.1629
55.161
55.1596
55.1586
55.1581
53.5605
53.5609
53.5617
53.5629
53.5645
53.5664
53.5685
53.571
53.5736
53.5764
53.5793
53.5822
53.585
53.5876
53.59
53.5922
53.5939
53.5952
53.5959
53.5959
53.5952
53.5937
53.5914
53.588
53.5837
53.5782
53.5716
53.5639
53.555
53.545
53.5338
53.5217
53.5123
53.5064
53.5003
53.4942
53.4879
53.4816
53.475
53.4725
53.4725
53.475
53.4816
53.4879
53.4942
53.5003
53.5064
53.5123
53.5217
53.5338
53.545
53.555
53.5639
53.5716
53.5782
53.5837
53.588
53.5914
53.5937
53.5952
53.5959
53.5959
53.5952
53.5939
53.5922
53.59
53.5876
53.585
53.5822
53.5793
53.5764
53.5736
53.571
53.5685
53.5664
53.5645
53.5629
53.5617
53.5609
53.5605
51.9624
51.9627
51.9634
51.9644
51.9657
51.9673
51.9691
51.9711
51.9733
51.9755
51.9778
51.9801
51.9823
51.9843
51.9861
51.9876
51.9887
51.9893
51.9894
51.9889
51.9877
51.9857
51.9829
51.9793
51.9747
51.9691
51.9625
51.9549
51.9462
51.9365
51.9259
51.9144
51.9055
51.8999
51.8942
51.8883
51.8824
51.8763
51.8701
51.8676
51.8676
51.8701
51.8763
51.8824
51.8883
51.8942
51.8999
51.9055
51.9144
51.9259
51.9365
51.9462
51.9549
51.9625
51.9691
51.9747
51.9793
51.9829
51.9857
51.9877
51.9889
51.9894
51.9893
51.9887
51.9876
51.9861
51.9843
51.9823
51.9801
51.9778
51.9755
51.9733
51.9711
51.9691
51.9673
51.9657
51.9644
51.9634
51.9627
51.9624
50.3639
50.3642
50.3648
50.3656
50.3667
50.368
50.3694
50.371
50.3728
50.3746
50.3764
50.3781
50.3797
50.3812
50.3824
50.3833
50.3839
50.384
50.3835
50.3825
50.3809
50.3785
50.3754
50.3715
50.3667
50.361
50.3544
50.3469
50.3384
50.3291
50.3188
50.3078
50.2994
50.294
50.2886
50.283
50.2773
50.2715
50.2656
50.2632
50.2632
50.2656
50.2715
50.2773
50.283
50.2886
50.294
50.2994
50.3078
50.3188
50.3291
50.3384
50.3469
50.3544
50.361
50.3667
50.3715
50.3754
50.3785
50.3809
50.3825
50.3835
50.384
50.3839
50.3833
50.3824
50.3812
50.3797
50.3781
50.3764
50.3746
50.3728
50.371
50.3694
50.368
50.3667
50.3656
50.3648
50.3642
50.3639
48.7652
48.7654
48.7659
48.7666
48.7674
48.7684
48.7696
48.7709
48.7722
48.7736
48.775
48.7762
48.7774
48.7783
48.7791
48.7795
48.7795
48.7791
48.7782
48.7768
48.7748
48.7721
48.7687
48.7645
48.7596
48.7538
48.7472
48.7398
48.7315
48.7225
48.7126
48.702
48.6939
48.6888
48.6835
48.6782
48.6727
48.6672
48.6615
48.6592
48.6592
48.6615
48.6672
48.6727
48.6782
48.6835
48.6888
48.6939
48.702
48.7126
48.7225
48.7315
48.7398
48.7472
48.7538
48.7596
48.7645
48.7687
48.7721
48.7748
48.7768
48.7782
48.7791
48.7795
48.7795
48.7791
48.7783
48.7774
48.7762
48.775
48.7736
48.7722
48.7709
48.7696
48.7684
48.7674
48.7666
48.7659
48.7654
48.7652
47.1663
47.1664
47.1668
47.1673
47.168
47.1688
47.1697
47.1707
47.1717
47.1727
47.1736
47.1745
47.1752
47.1757
47.176
47.176
47.1756
47.1748
47.1735
47.1717
47.1694
47.1664
47.1627
47.1584
47.1533
47.1475
47.1409
47.1336
47.1255
47.1166
47.1071
47.0969
47.089
47.0841
47.0791
47.0739
47.0687
47.0634
47.0579
47.0556
47.0556
47.0579
47.0634
47.0687
47.0739
47.0791
47.0841
47.089
47.0969
47.1071
47.1166
47.1255
47.1336
47.1409
47.1475
47.1533
47.1584
47.1627
47.1664
47.1694
47.1717
47.1735
47.1748
47.1756
47.176
47.176
47.1757
47.1752
47.1745
47.1736
47.1727
47.1717
47.1707
47.1697
47.1688
47.168
47.1673
47.1668
47.1664
47.1663
45.5671
45.5673
45.5675
45.5679
45.5685
45.569
45.5697
45.5704
45.5711
45.5718
45.5724
45.5729
45.5732
45.5734
45.5733
45.5728
45.5721
45.5709
45.5693
45.5672
45.5645
45.5613
45.5575
45.553
45.5478
45.5419
45.5354
45.5281
45.5201
45.5115
45.5022
45.4923
45.4848
45.48
45.4751
45.4702
45.4651
45.46
45.4547
45.4525
45.4525
45.4547
45.46
45.4651
45.4702
45.4751
45.48
45.4848
45.4923
45.5022
45.5115
45.5201
45.5281
45.5354
45.5419
45.5478
45.553
45.5575
45.5613
45.5645
45.5672
45.5693
45.5709
45.5721
45.5728
45.5733
45.5734
45.5732
45.5729
45.5724
45.5718
45.5711
45.5704
45.5697
45.569
45.5685
45.5679
45.5675
45.5673
45.5671
43.9679
43.968
43.9682
43.9685
43.9688
43.9692
43.9697
43.9701
43.9706
43.971
43.9713
43.9715
43.9715
43.9713
43.9708
43.9701
43.969
43.9675
43.9656
43.9632
43.9603
43.9569
43.9528
43.9482
43.943
43.9371
43.9305
43.9233
43.9155
43.907
43.898
43.8884
43.881
43.8764
43.8717
43.8669
43.862
43.8571
43.8519
43.8498
43.8498
43.8519
43.8571
43.862
43.8669
43.8717
43.8764
43.881
43.8884
43.898
43.907
43.9155
43.9233
43.9305
43.9371
43.943
43.9482
43.9528
43.9569
43.9603
43.9632
43.9656
43.9675
43.969
43.9701
43.9708
43.9713
43.9715
43.9715
43.9713
43.971
43.9706
43.9701
43.9697
43.9692
43.9688
43.9685
43.9682
43.968
43.9679
42.3685
42.3686
42.3687
42.3689
42.3691
42.3694
42.3697
42.3699
42.3701
42.3703
42.3703
42.3702
42.3699
42.3694
42.3687
42.3676
42.3662
42.3645
42.3623
42.3597
42.3566
42.353
42.3488
42.3441
42.3388
42.3328
42.3263
42.3192
42.3114
42.3031
42.2943
42.2849
42.2778
42.2733
42.2687
42.2641
42.2594
42.2545
42.2496
42.2475
42.2475
42.2496
42.2545
42.2594
42.2641
42.2687
42.2733
42.2778
42.2849
42.2943
42.3031
42.3114
42.3192
42.3263
42.3328
42.3388
42.3441
42.3488
42.353
42.3566
42.3597
42.3623
42.3645
42.3662
42.3676
42.3687
42.3694
42.3699
42.3702
42.3703
42.3703
42.3701
42.3699
42.3697
42.3694
42.3691
42.3689
42.3687
42.3686
42.3685
40.7691
40.7691
40.7692
40.7693
40.7694
40.7695
40.7696
40.7697
40.7697
40.7696
40.7694
40.7691
40.7686
40.7678
40.7668
40.7655
40.7639
40.7619
40.7595
40.7567
40.7534
40.7497
40.7454
40.7405
40.7352
40.7292
40.7227
40.7156
40.708
40.6998
40.6911
40.682
40.675
40.6707
40.6662
40.6617
40.6571
40.6524
40.6476
40.6456
40.6456
40.6476
40.6524
40.6571
40.6617
40.6662
40.6707
40.675
40.682
40.6911
40.6998
40.708
40.7156
40.7227
40.7292
40.7352
40.7405
40.7454
40.7497
40.7534
40.7567
40.7595
40.7619
40.7639
40.7655
40.7668
40.7678
40.7686
40.7691
40.7694
40.7696
40.7697
40.7697
40.7696
40.7695
40.7694
40.7693
40.7692
40.7691
40.7691
39.1696
39.1696
39.1696
39.1697
39.1697
39.1697
39.1696
39.1696
39.1694
39.1691
39.1687
39.1682
39.1674
39.1665
39.1653
39.1637
39.1619
39.1597
39.1572
39.1542
39.1508
39.1469
39.1425
39.1376
39.1321
39.1262
39.1197
39.1126
39.1051
39.097
39.0885
39.0795
39.0727
39.0684
39.0641
39.0597
39.0552
39.0507
39.046
39.044
39.044
39.046
39.0507
39.0552
39.0597
39.0641
39.0684
39.0727
39.0795
39.0885
39.097
39.1051
39.1126
39.1197
39.1262
39.1321
39.1376
39.1425
39.1469
39.1508
39.1542
39.1572
39.1597
39.1619
39.1637
39.1653
39.1665
39.1674
39.1682
39.1687
39.1691
39.1694
39.1696
39.1696
39.1697
39.1697
39.1697
39.1696
39.1696
39.1696
37.5701
37.5701
37.5701
37.57
37.57
37.5699
37.5697
37.5695
37.5692
37.5688
37.5682
37.5675
37.5665
37.5654
37.564
37.5623
37.5603
37.5579
37.5552
37.5521
37.5486
37.5446
37.5401
37.5351
37.5296
37.5236
37.5171
37.5101
37.5026
37.4947
37.4862
37.4774
37.4707
37.4666
37.4623
37.458
37.4537
37.4493
37.4447
37.4428
37.4428
37.4447
37.4493
37.4537
37.458
37.4623
37.4666
37.4707
37.4774
37.4862
37.4947
37.5026
37.5101
37.5171
37.5236
37.5296
37.5351
37.5401
37.5446
37.5486
37.5521
37.5552
37.5579
37.5603
37.5623
37.564
37.5654
37.5665
37.5675
37.5682
37.5688
37.5692
37.5695
37.5697
37.5699
37.57
37.57
37.5701
37.5701
37.5701
35.9706
35.9706
35.9705
35.9704
35.9703
35.9701
35.9699
35.9695
35.9691
35.9685
35.9678
35.9669
35.9658
35.9645
35.963
35.9611
35.959
35.9565
35.9537
35.9505
35.9468
35.9427
35.9382
35.9332
35.9276
35.9216
35.9151
35.9082
35.9007
35.8928
35.8844
35.8757
35.8691
35.865
35.8609
35.8567
35.8524
35.8481
35.8437
35.8418
35.8418
35.8437
35.8481
35.8524
35.8567
35.8609
35.865
35.8691
35.8757
35.8844
35.8928
35.9007
35.9082
35.9151
35.9216
35.9276
35.9332
35.9382
35.9427
35.9468
35.9505
35.9537
35.9565
35.959
35.9611
35.963
35.9645
35.9658
35.9669
35.9678
35.9685
35.9691
35.9695
35.9699
35.9701
35.9703
35.9704
35.9705
35.9706
35.9706
34.3712
34.3711
34.371
34.3709
34.3707
34.3704
34.3701
34.3697
34.3691
34.3684
34.3676
34.3666
34.3654
34.3639
34.3623
34.3603
34.3581
34.3555
34.3525
34.3492
34.3455
34.3413
34.3368
34.3317
34.3262
34.3201
34.3136
34.3066
34.2992
34.2913
34.283
34.2743
34.2678
34.2638
34.2597
34.2556
34.2514
34.2472
34.2429
34.241
34.241
34.2429
34.2472
34.2514
34.2556
34.2597
34.2638
34.2678
34.2743
34.283
34.2913
34.2992
34.3066
34.3136
34.3201
34.3262
34.3317
34.3368
34.3413
34.3455
34.3492
34.3525
34.3555
34.3581
34.3603
34.3623
34.3639
34.3654
34.3666
34.3676
34.3684
34.3691
34.3697
34.3701
34.3704
34.3707
34.3709
34.371
34.3711
34.3712
32.7717
32.7717
32.7716
32.7714
32.7711
32.7708
32.7704
32.7699
32.7693
32.7685
32.7676
32.7664
32.7651
32.7636
32.7618
32.7598
32.7574
32.7548
32.7518
32.7484
32.7446
32.7404
32.7358
32.7307
32.7252
32.7191
32.7126
32.7056
32.6981
32.6902
32.6819
32.6733
32.6668
32.6628
32.6588
32.6547
32.6506
32.6464
32.6423
32.6404
32.6404
32.6423
32.6464
32.6506
32.6547
32.6588
32.6628
32.6668
32.6733
32.6819
32.6902
32.6981
32.7056
32.7126
32.7191
32.7252
32.7307
32.7358
32.7404
32.7446
32.7484
32.7518
32.7548
32.7574
32.7598
32.7618
32.7636
32.7651
32.7664
32.7676
32.7685
32.7693
32.7699
32.7704
32.7708
32.7711
32.7714
32.7716
32.7717
32.7717
31.1724
31.1723
31.1722
31.172
31.1717
31.1713
31.1708
31.1703
31.1696
31.1687
31.1677
31.1665
31.1651
31.1635
31.1617
31.1596
31.1571
31.1544
31.1514
31.1479
31.1441
31.1399
31.1353
31.1302
31.1246
31.1186
31.1121
31.105
31.0975
31.0896
31.0812
31.0725
31.066
31.062
31.058
31.0539
31.0498
31.0458
31.0417
31.0399
31.0399
31.0417
31.0458
31.0498
31.0539
31.058
31.062
31.066
31.0725
31.0812
31.0896
31.0975
31.105
31.1121
31.1186
31.1246
31.1302
31.1353
31.1399
31.1441
31.1479
31.1514
31.1544
31.1571
31.1596
31.1617
31.1635
31.1651
31.1665
31.1677
31.1687
31.1696
31.1703
31.1708
31.1713
31.1717
31.172
31.1722
31.1723
31.1724
29.5731
29.573
29.5729
29.5726
29.5723
29.5719
29.5714
29.5707
29.57
29.5691
29.568
29.5668
29.5653
29.5637
29.5618
29.5596
29.5572
29.5544
29.5513
29.5479
29.5441
29.5399
29.5352
29.5301
29.5246
29.5185
29.512
29.5049
29.4974
29.4893
29.4809
29.472
29.4654
29.4613
29.4573
29.4532
29.4491
29.4451
29.4411
29.4394
29.4394
29.4411
29.4451
29.4491
29.4532
29.4573
29.4613
29.4654
29.472
29.4809
29.4893
29.4974
29.5049
29.512
29.5185
29.5246
29.5301
29.5352
29.5399
29.5441
29.5479
29.5513
29.5544
29.5572
29.5596
29.5618
29.5637
29.5653
29.5668
29.568
29.5691
29.57
29.5707
29.5714
29.5719
29.5723
29.5726
29.5729
29.573
29.5731
27.9739
27.9738
27.9736
27.9734
27.973
27.9726
27.972
27.9714
27.9706
27.9696
27.9685
27.9672
27.9657
27.9641
27.9621
27.9599
27.9575
27.9547
27.9516
27.9482
27.9444
27.9402
27.9356
27.9306
27.925
27.919
27.9124
27.9054
27.8977
27.8896
27.8809
27.8717
27.8649
27.8607
27.8565
27.8523
27.8482
27.8442
27.8402
27.8386
27.8386
27.8402
27.8442
27.8482
27.8523
27.8565
27.8607
27.8649
27.8717
27.8809
27.8896
27.8977
27.9054
27.9124
27.919
27.925
27.9306
27.9356
27.9402
27.9444
27.9482
27.9516
27.9547
27.9575
27.9599
27.9621
27.9641
27.9657
27.9672
27.9685
27.9696
27.9706
27.9714
27.972
27.9726
27.973
27.9734
27.9736
27.9738
27.9739
26.3747
26.3746
26.3745
26.3742
26.3738
26.3734
26.3728
26.3721
26.3713
26.3703
26.3692
26.3679
26.3664
26.3647
26.3627
26.3606
26.3581
26.3554
26.3523
26.3489
26.3452
26.341
26.3364
26.3314
26.326
26.32
26.3134
26.3063
26.2986
26.2903
26.2813
26.2718
26.2646
26.2601
26.2557
26.2513
26.2469
26.2428
26.2388
26.2372
26.2372
26.2388
26.2428
26.2469
26.2513
26.2557
26.2601
26.2646
26.2718
26.2813
26.2903
26.2986
26.3063
26.3134
26.32
26.326
26.3314
26.3364
26.341
26.3452
26.3489
26.3523
26.3554
26.3581
26.3606
26.3627
26.3647
26.3664
26.3679
26.3692
26.3703
26.3713
26.3721
26.3728
26.3734
26.3738
26.3742
26.3745
26.3746
26.3747
24.7757
24.7756
24.7754
24.7751
24.7748
24.7743
24.7737
24.773
24.7722
24.7712
24.77
24.7687
24.7672
24.7655
24.7636
24.7614
24.759
24.7563
24.7533
24.75
24.7463
24.7422
24.7377
24.7328
24.7274
24.7215
24.715
24.7079
24.7001
24.6916
24.6823
24.6722
24.6644
24.6595
24.6546
24.6497
24.645
24.6404
24.6363
24.6348
24.6348
24.6363
24.6404
24.645
24.6497
24.6546
24.6595
24.6644
24.6722
24.6823
24.6916
24.7001
24.7079
24.715
24.7215
24.7274
24.7328
24.7377
24.7422
24.7463
24.75
24.7533
24.7563
24.759
24.7614
24.7636
24.7655
24.7672
24.7687
24.77
24.7712
24.7722
24.773
24.7737
24.7743
24.7748
24.7751
24.7754
24.7756
24.7757
23.1767
23.1766
23.1764
23.1762
23.1758
23.1753
23.1747
23.174
23.1732
23.1722
23.1711
23.1698
23.1683
23.1666
23.1647
23.1626
23.1602
23.1576
23.1546
23.1514
23.1478
23.1438
23.1394
23.1346
23.1294
23.1236
23.1172
23.1101
23.1024
23.0937
23.0841
23.0734
23.0647
23.0591
23.0534
23.0475
23.0417
23.0363
23.0316
23.0301
23.0301
23.0316
23.0363
23.0417
23.0475
23.0534
23.0591
23.0647
23.0734
23.0841
23.0937
23.1024
23.1101
23.1172
23.1236
23.1294
23.1346
23.1394
23.1438
23.1478
23.1514
23.1546
23.1576
23.1602
23.1626
23.1647
23.1666
23.1683
23.1698
23.1711
23.1722
23.1732
23.174
23.1747
23.1753
23.1758
23.1762
23.1764
23.1766
23.1767
21.5778
21.5777
21.5776
21.5773
21.5769
21.5764
21.5758
21.5751
21.5743
21.5734
21.5722
21.571
21.5695
21.5679
21.566
21.564
21.5617
21.5591
21.5563
21.5531
21.5497
21.5458
21.5416
21.537
21.5319
21.5262
21.52
21.5131
21.5054
21.4968
21.4871
21.4758
21.4661
21.4596
21.4526
21.445
21.4369
21.4286
21.4215
21.4204
21.4204
21.4215
21.4286
21.4369
21.445
21.4526
21.4596
21.4661
21.4758
21.4871
21.4968
21.5054
21.5131
21.52
21.5262
21.5319
21.537
21.5416
21.5458
21.5497
21.5531
21.5563
21.5591
21.5617
21.564
21.566
21.5679
21.5695
21.571
21.5722
21.5734
21.5743
21.5751
21.5758
21.5764
21.5769
21.5773
21.5776
21.5777
21.5778
19.979
19.9789
19.9788
19.9785
19.9781
19.9777
19.9771
19.9764
19.9756
19.9747
19.9736
19.9724
19.971
19.9694
19.9676
19.9656
19.9634
19.961
19.9582
19.9552
19.9519
19.9482
19.9442
19.9397
19.9349
19.9295
19.9235
19.9169
19.9095
19.9011
19.8915
19.8802
19.8701
19.8631
19.8549
19.845
19.8326
19.8158
19.7916
19.7611
19.7611
19.7916
19.8158
19.8326
19.845
19.8549
19.8631
19.8701
19.8802
19.8915
19.9011
19.9095
19.9169
19.9235
19.9295
19.9349
19.9397
19.9442
19.9482
19.9519
19.9552
19.9582
19.961
19.9634
19.9656
19.9676
19.9694
19.971
19.9724
19.9736
19.9747
19.9756
19.9764
19.9771
19.9777
19.9781
19.9785
19.9788
19.9789
19.979
18.3803
18.3803
18.3801
18.3798
18.3795
18.379
18.3785
18.3778
18.377
18.3761
18.3751
18.3739
18.3726
18.3711
18.3694
18.3675
18.3654
18.3631
18.3605
18.3576
18.3545
18.351
18.3472
18.343
18.3384
18.3333
18.3277
18.3214
18.3145
18.3067
18.2977
18.2873
18.2783
18.2723
18.2655
18.2581
18.25
18.2412
18.2327
18.2264
18.2264
18.2327
18.2412
18.25
18.2581
18.2655
18.2723
18.2783
18.2873
18.2977
18.3067
18.3145
18.3214
18.3277
18.3333
18.3384
18.343
18.3472
18.351
18.3545
18.3576
18.3605
18.3631
18.3654
18.3675
18.3694
18.3711
18.3726
18.3739
18.3751
18.3761
18.377
18.3778
18.3785
18.379
18.3795
18.3798
18.3801
18.3803
18.3803
16.7817
16.7816
16.7815
16.7812
16.7809
16.7805
16.7799
16.7793
16.7786
16.7777
16.7767
16.7756
16.7744
16.7729
16.7713
16.7696
16.7676
16.7654
16.763
16.7603
16.7574
16.7541
16.7506
16.7466
16.7423
16.7376
16.7324
16.7267
16.7203
16.7133
16.7054
16.6965
16.6893
16.6847
16.6799
16.675
16.6702
16.6658
16.6622
16.6601
16.6601
16.6622
16.6658
16.6702
16.675
16.6799
16.6847
16.6893
16.6965
16.7054
16.7133
16.7203
16.7267
16.7324
16.7376
16.7423
16.7466
16.7506
16.7541
16.7574
16.7603
16.763
16.7654
16.7676
16.7696
16.7713
16.7729
16.7744
16.7756
16.7767
16.7777
16.7786
16.7793
16.7799
16.7805
16.7809
16.7812
16.7815
16.7816
16.7817
15.1832
15.1831
15.183
15.1827
15.1824
15.182
15.1815
15.1809
15.1802
15.1794
15.1785
15.1775
15.1763
15.175
15.1735
15.1718
15.17
15.168
15.1657
15.1633
15.1605
15.1576
15.1543
15.1507
15.1467
15.1424
15.1377
15.1326
15.1269
15.1208
15.114
15.1068
15.1013
15.0979
15.0946
15.0914
15.0885
15.086
15.0842
15.0832
15.0832
15.0842
15.086
15.0885
15.0914
15.0946
15.0979
15.1013
15.1068
15.114
15.1208
15.1269
15.1326
15.1377
15.1424
15.1467
15.1507
15.1543
15.1576
15.1605
15.1633
15.1657
15.168
15.17
15.1718
15.1735
15.175
15.1763
15.1775
15.1785
15.1794
15.1802
15.1809
15.1815
15.182
15.1824
15.1827
15.183
15.1831
15.1832
13.5847
13.5847
13.5845
13.5843
13.584
13.5836
13.5832
13.5826
13.582
13.5813
13.5804
13.5795
13.5784
13.5772
13.5758
13.5743
13.5726
13.5708
13.5687
13.5665
13.564
13.5613
13.5583
13.5551
13.5515
13.5477
13.5435
13.5389
13.534
13.5288
13.5232
13.5174
13.5133
13.5108
13.5085
13.5064
13.5045
13.503
13.5019
13.5013
13.5013
13.5019
13.503
13.5045
13.5064
13.5085
13.5108
13.5133
13.5174
13.5232
13.5288
13.534
13.5389
13.5435
13.5477
13.5515
13.5551
13.5583
13.5613
13.564
13.5665
13.5687
13.5708
13.5726
13.5743
13.5758
13.5772
13.5784
13.5795
13.5804
13.5813
13.582
13.5826
13.5832
13.5836
13.584
13.5843
13.5845
13.5847
13.5847
11.9864
11.9863
11.9862
11.986
11.9857
11.9854
11.9849
11.9845
11.9839
11.9832
11.9825
11.9816
11.9806
11.9795
11.9783
11.9769
11.9754
11.9738
11.9719
11.9699
11.9677
11.9653
11.9626
11.9597
11.9566
11.9532
11.9496
11.9457
11.9415
11.9371
11.9326
11.9281
11.925
11.9232
11.9215
11.92
11.9187
11.9177
11.917
11.9167
11.9167
11.917
11.9177
11.9187
11.92
11.9215
11.9232
11.925
11.9281
11.9326
11.9371
11.9415
11.9457
11.9496
11.9532
11.9566
11.9597
11.9626
11.9653
11.9677
11.9699
11.9719
11.9738
11.9754
11.9769
11.9783
11.9795
11.9806
11.9816
11.9825
11.9832
11.9839
11.9845
11.9849
11.9854
11.9857
11.986
11.9862
11.9863
11.9864
10.388
10.388
10.3879
10.3877
10.3875
10.3872
10.3868
10.3864
10.3858
10.3853
10.3846
10.3838
10.3829
10.382
10.3809
10.3797
10.3784
10.3769
10.3753
10.3735
10.3716
10.3695
10.3672
10.3647
10.362
10.359
10.3559
10.3526
10.3492
10.3456
10.3419
10.3384
10.3361
10.3348
10.3336
10.3325
10.3316
10.3309
10.3304
10.3302
10.3302
10.3304
10.3309
10.3316
10.3325
10.3336
10.3348
10.3361
10.3384
10.3419
10.3456
10.3492
10.3526
10.3559
10.359
10.362
10.3647
10.3672
10.3695
10.3716
10.3735
10.3753
10.3769
10.3784
10.3797
10.3809
10.382
10.3829
10.3838
10.3846
10.3853
10.3858
10.3864
10.3868
10.3872
10.3875
10.3877
10.3879
10.388
10.388
8.78978
8.78973
8.78963
8.78948
8.78927
8.78902
8.7887
8.78832
8.78788
8.78737
8.78679
8.78613
8.78539
8.78456
8.78364
8.78261
8.78147
8.78022
8.77884
8.77732
8.77567
8.77387
8.77191
8.7698
8.76752
8.76508
8.76249
8.75976
8.75694
8.75406
8.75122
8.74851
8.74677
8.74578
8.74489
8.74411
8.74347
8.74297
8.74264
8.74247
8.74247
8.74264
8.74297
8.74347
8.74411
8.74489
8.74578
8.74677
8.74851
8.75122
8.75406
8.75694
8.75976
8.76249
8.76508
8.76752
8.7698
8.77191
8.77387
8.77567
8.77732
8.77884
8.78022
8.78147
8.78261
8.78364
8.78456
8.78539
8.78613
8.78679
8.78737
8.78788
8.78832
8.7887
8.78902
8.78927
8.78948
8.78963
8.78973
8.78978
7.19157
7.19153
7.19144
7.19132
7.19115
7.19093
7.19067
7.19036
7.18999
7.18957
7.18909
7.18854
7.18793
7.18724
7.18647
7.18562
7.18468
7.18364
7.1825
7.18126
7.1799
7.17842
7.17681
7.17509
7.17323
7.17126
7.16918
7.167
7.16477
7.16253
7.16034
7.1583
7.15701
7.15628
7.15563
7.15507
7.1546
7.15425
7.15401
7.15389
7.15389
7.15401
7.15425
7.1546
7.15507
7.15563
7.15628
7.15701
7.1583
7.16034
7.16253
7.16477
7.167
7.16918
7.17126
7.17323
7.17509
7.17681
7.17842
7.1799
7.18126
7.1825
7.18364
7.18468
7.18562
7.18647
7.18724
7.18793
7.18854
7.18909
7.18957
7.18999
7.19036
7.19067
7.19093
7.19115
7.19132
7.19144
7.19153
7.19157
5.5934
5.59337
5.5933
5.5932
5.59307
5.5929
5.59269
5.59244
5.59216
5.59182
5.59145
5.59102
5.59053
5.58999
5.58939
5.58872
5.58798
5.58717
5.58628
5.58531
5.58424
5.58309
5.58184
5.5805
5.57907
5.57755
5.57596
5.5743
5.57262
5.57094
5.56933
5.56784
5.5669
5.56638
5.56592
5.56552
5.56519
5.56494
5.56477
5.56469
5.56469
5.56477
5.56494
5.56519
5.56552
5.56592
5.56638
5.5669
5.56784
5.56933
5.57094
5.57262
5.5743
5.57596
5.57755
5.57907
5.5805
5.58184
5.58309
5.58424
5.58531
5.58628
5.58717
5.58798
5.58872
5.58939
5.58999
5.59053
5.59102
5.59145
5.59182
5.59216
5.59244
5.59269
5.5929
5.59307
5.5932
5.5933
5.59337
5.5934
3.99526
3.99524
3.99519
3.99512
3.99502
3.9949
3.99475
3.99457
3.99437
3.99413
3.99385
3.99354
3.9932
3.99281
3.99237
3.99189
3.99136
3.99078
3.99014
3.98944
3.98868
3.98786
3.98697
3.98601
3.98499
3.98392
3.98279
3.98163
3.98046
3.9793
3.97819
3.97717
3.97654
3.97619
3.97588
3.97561
3.9754
3.97523
3.97512
3.97506
3.97506
3.97512
3.97523
3.9754
3.97561
3.97588
3.97619
3.97654
3.97717
3.97819
3.9793
3.98046
3.98163
3.98279
3.98392
3.98499
3.98601
3.98697
3.98786
3.98868
3.98944
3.99014
3.99078
3.99136
3.99189
3.99237
3.99281
3.9932
3.99354
3.99385
3.99413
3.99437
3.99457
3.99475
3.9949
3.99502
3.99512
3.99519
3.99524
3.99526
2.39715
2.39713
2.3971
2.39706
2.397
2.39693
2.39684
2.39673
2.39661
2.39646
2.3963
2.39611
2.3959
2.39567
2.39541
2.39512
2.3948
2.39445
2.39406
2.39364
2.39318
2.39269
2.39215
2.39158
2.39097
2.39033
2.38966
2.38898
2.38828
2.3876
2.38695
2.38636
2.386
2.38579
2.38562
2.38546
2.38534
2.38524
2.38518
2.38515
2.38515
2.38518
2.38524
2.38534
2.38546
2.38562
2.38579
2.386
2.38636
2.38695
2.3876
2.38828
2.38898
2.38966
2.39033
2.39097
2.39158
2.39215
2.39269
2.39318
2.39364
2.39406
2.39445
2.3948
2.39512
2.39541
2.39567
2.3959
2.39611
2.3963
2.39646
2.39661
2.39673
2.39684
2.39693
2.397
2.39706
2.3971
2.39713
2.39715
0.799047
0.799043
0.799033
0.799019
0.798999
0.798975
0.798944
0.798909
0.798867
0.798818
0.798763
0.798701
0.798631
0.798553
0.798465
0.798369
0.798262
0.798145
0.798017
0.797876
0.797724
0.797559
0.797381
0.79719
0.796988
0.796774
0.796552
0.796325
0.796095
0.795871
0.795657
0.795463
0.795344
0.795278
0.79522
0.79517
0.795129
0.795098
0.795077
0.795066
0.795066
0.795077
0.795098
0.795129
0.79517
0.79522
0.795278
0.795344
0.795463
0.795657
0.795871
0.796095
0.796325
0.796552
0.796774
0.796988
0.79719
0.797381
0.797559
0.797724
0.797876
0.798017
0.798145
0.798262
0.798369
0.798465
0.798553
0.798631
0.798701
0.798763
0.798818
0.798867
0.798909
0.798944
0.798975
0.798999
0.799019
0.799033
0.799043
0.799047
)
;

boundaryField
{
    top
    {
        type            fixedValue;
        value           uniform 0;
    }
    inlet
    {
        type            darcyGradPressure;
        gradient        nonuniform List<scalar> 
80
(
9.81
9.81
9.81
9.81
9.81
9.81
9.81
9.81
9.81
9.81
9.81
9.81
9.81
9.81
9.81
9.81
9.81
9.81
2310.41
9799.5
9806.59
9808.11
9808.72
9809.05
9809.24
9809.38
9809.47
9809.53
9809.58
9809.62
9809.66
9809.68
9809.7
9809.71
9809.72
9809.72
9809.73
9809.73
9809.73
9809.73
9809.73
9809.73
9809.73
9809.73
9809.72
9809.72
9809.71
9809.7
9809.68
9809.66
9809.62
9809.58
9809.53
9809.47
9809.38
9809.24
9809.05
9808.72
9808.11
9806.59
9799.5
2310.41
9.81
9.81
9.81
9.81
9.81
9.81
9.81
9.81
9.81
9.81
9.81
9.81
9.81
9.81
9.81
9.81
9.81
9.81
)
;
        value           nonuniform List<scalar> 
80
(
111.397
111.412
111.44
111.483
111.541
111.615
111.705
111.812
111.938
112.084
112.252
112.445
112.666
112.922
113.219
113.569
113.99
114.502
162.115
556.837
847.941
1125.19
1386.35
1624.29
1867.53
2108.01
2343.73
2574.89
2800.42
3021.96
3240.46
3454.08
3600.99
3687.5
3768.66
3842.59
3906.86
3958.68
3995.2
4014.12
4014.12
3995.2
3958.68
3906.86
3842.59
3768.66
3687.5
3600.99
3454.08
3240.46
3021.96
2800.42
2574.89
2343.73
2108.01
1867.53
1624.29
1386.35
1125.19
847.941
556.837
162.115
114.502
113.99
113.569
113.219
112.922
112.666
112.445
112.252
112.084
111.938
111.812
111.705
111.615
111.541
111.483
111.44
111.412
111.397
)
;
    }
    axis
    {
        type            darcyGradPressure;
        gradient        uniform -0;
        value           nonuniform List<scalar> 
160
(
111.257
110.963
110.639
110.283
109.891
109.46
108.986
108.464
107.889
107.257
106.559
105.791
104.944
104.009
102.978
101.84
100.504
99.0194
97.5241
96.019
94.5048
92.9821
91.4517
89.9142
88.3701
86.82
85.2646
83.7041
82.1392
80.5703
78.9977
77.4218
75.843
74.2615
72.6776
71.0917
69.5038
67.9143
66.3232
64.7309
63.1374
61.5431
59.9479
58.3519
56.7553
55.1581
53.5605
51.9624
50.3639
48.7652
47.1663
45.5671
43.9679
42.3685
40.7691
39.1696
37.5701
35.9706
34.3712
32.7717
31.1724
29.5731
27.9739
26.3747
24.7757
23.1767
21.5778
19.979
18.3803
16.7817
15.1832
13.5847
11.9864
10.388
8.78978
7.19157
5.5934
3.99526
2.39715
0.799047
111.257
110.963
110.639
110.283
109.891
109.46
108.986
108.464
107.889
107.257
106.559
105.791
104.944
104.009
102.978
101.84
100.504
99.0194
97.5241
96.019
94.5048
92.9821
91.4517
89.9142
88.3701
86.82
85.2646
83.7041
82.1392
80.5703
78.9977
77.4218
75.843
74.2615
72.6776
71.0917
69.5038
67.9143
66.3232
64.7309
63.1374
61.5431
59.9479
58.3519
56.7553
55.1581
53.5605
51.9624
50.3639
48.7652
47.1663
45.5671
43.9679
42.3685
40.7691
39.1696
37.5701
35.9706
34.3712
32.7717
31.1724
29.5731
27.9739
26.3747
24.7757
23.1767
21.5778
19.979
18.3803
16.7817
15.1832
13.5847
11.9864
10.388
8.78978
7.19157
5.5934
3.99526
2.39715
0.799047
)
;
    }
    frontAndBack
    {
        type            empty;
    }
}


// ************************************************************************* //
