/*--------------------------------*- C++ -*----------------------------------*\
  =========                 |
  \\      /  F ield         | OpenFOAM: The Open Source CFD Toolbox
   \\    /   O peration     | Website:  https://openfoam.org
    \\  /    A nd           | Version:  11
     \\/     M anipulation  |
\*---------------------------------------------------------------------------*/
FoamFile
{
    format      ascii;
    class       surfaceScalarField;
    location    "82";
    object      phi;
}
// * * * * * * * * * * * * * * * * * * * * * * * * * * * * * * * * * * * * * //

dimensions      [0 3 -1 0 0 0 0];

internalField   nonuniform List<scalar> 
4000
(
0.0250326
-3.2617e-05
0.0251313
-9.86826e-05
0.0252971
-0.000165825
0.0255316
-0.000234508
0.0258365
-0.000304821
0.0262129
-0.000376431
0.0266613
-0.000448447
0.0271807
-0.000519329
0.0277675
-0.000586823
0.0284154
-0.000647926
0.0291143
-0.000698908
0.0298498
-0.000735505
0.0306031
-0.000753255
0.0313511
-0.000747993
0.0320676
-0.000716483
0.0327246
-0.000657
0.0332945
-0.0005699
0.0337524
-0.000457974
0.0340785
-0.000326036
0.0342584
-0.000179897
0.0342819
-2.35492e-05
0.0341529
0.000128974
0.033874
0.000278949
0.0334565
0.000417456
0.0329195
0.000537053
0.0322889
0.00063055
0.0315973
0.000691586
0.0308819
0.00071546
0.0301822
0.000699681
0.0295383
0.000643869
0.0289883
0.000550004
0.0285669
0.000421414
0.0283044
0.000262556
0.0282252
7.91435e-05
0.028347
-0.000121827
0.0286788
-0.000331787
0.0292191
-0.000540278
0.0299548
-0.000735693
0.0308602
-0.000905421
0.0318965
-0.00103626
0.033012
-0.00111552
0.0341439
-0.00113192
0.0352233
-0.0010794
0.0361792
-0.000955852
0.0369455
-0.000766319
0.037473
-0.000527489
0.0377275
-0.00025453
0.0377051
2.2379e-05
0.0374178
0.000287312
0.0368965
0.000521364
0.0361836
0.000712878
0.035327
0.000856568
0.0343732
0.000953842
0.033366
0.00100717
0.0323406
0.00102544
0.0313308
0.00100981
0.0303555
0.00097522
0.0294442
0.000911368
0.0285967
0.000847483
0.0278519
0.000744782
0.0271802
0.000671732
0.0266602
0.000519974
0.026194
0.000466183
0.000221013
0.0250324
-6.50145e-05
0.0251303
-0.000196565
0.0252949
-0.000330449
0.0255281
-0.000467753
0.0258321
-0.000608752
0.0262085
-0.000752875
0.0266585
-0.000898454
0.0271817
-0.00104248
0.0277753
-0.00118046
0.0284337
-0.00130635
0.0291473
-0.00141249
0.0299019
-0.00149005
0.0306781
-0.00152949
0.0314519
-0.00152178
0.0321953
-0.00145986
0.0328781
-0.00133985
0.0334707
-0.00116251
0.0339468
-0.000934056
0.0342857
-0.000664891
0.0344727
-0.000366934
0.0344964
-4.72639e-05
0.0343617
0.000263676
0.0340699
0.000570759
0.0336324
0.000854961
0.0330685
0.00110096
0.0324054
0.00129363
0.0316773
0.0014197
0.0309233
0.00146942
0.0301854
0.00143765
0.0295053
0.00132394
0.028923
0.0011323
0.0284746
0.000869831
0.0281915
0.000545687
0.0280994
0.000171167
0.0282176
-0.000239986
0.0285563
-0.000670501
0.0291152
-0.00109915
0.0298819
-0.00150239
0.0308308
-0.00185433
0.031922
-0.00212743
0.0331013
-0.00229485
0.0343016
-0.0023322
0.035448
-0.00222584
0.0364627
-0.00197058
0.0372744
-0.00157795
0.0378267
-0.00107985
0.0380824
-0.000510211
0.0380425
6.22907e-05
0.0377199
0.000609952
0.0371518
0.00108944
0.0363871
0.00147757
0.0354787
0.001765
0.0344766
0.00195589
0.0334268
0.00205699
0.0323651
0.00208713
0.031325
0.00204988
0.0303249
0.00197535
0.0293929
0.00184334
0.0285278
0.00171263
0.0277677
0.00150484
0.0270827
0.00135676
0.0265508
0.00105186
0.026079
0.000937983
0.000453781
0.0250318
-9.67685e-05
0.0251279
-0.000292661
0.0252898
-0.000492412
0.0255201
-0.000698044
0.0258216
-0.000910296
0.0261974
-0.00112863
0.0266498
-0.00135086
0.02718
-0.00157265
0.0277869
-0.00178734
0.0284661
-0.00198563
0.0292093
-0.00215561
0.0300025
-0.00228326
0.0308258
-0.00235278
0.0316529
-0.00234889
0.0324521
-0.00225913
0.0331885
-0.0020762
0.0338276
-0.00180163
0.0343404
-0.00144684
0.0347049
-0.00102944
0.034906
-0.000567996
0.034931
-7.22466e-05
0.0347845
0.000410125
0.0344667
0.00088863
0.0339883
0.00133335
0.0333693
0.00171993
0.0326392
0.00202375
0.0318358
0.00222311
0.0310028
0.00230238
0.0301867
0.00225379
0.0294326
0.00207798
0.0287841
0.00178086
0.0282798
0.00137405
0.0279537
0.000871844
0.0278343
0.000290592
0.0279437
-0.000349384
0.0282949
-0.00102174
0.0288901
-0.00169433
0.0297187
-0.00233105
0.0307554
-0.00289102
0.0319571
-0.00332911
0.033264
-0.00360174
0.0346004
-0.0036686
0.035881
-0.00350649
0.0370154
-0.00310496
0.0379202
-0.00248268
0.0385269
-0.00168665
0.0387896
-0.000772856
0.0387155
0.000136426
0.0383215
0.00100387
0.0376585
0.0017525
0.0367882
0.00234782
0.0357746
0.00277861
0.0346755
0.00305503
0.0335405
0.00319195
0.032407
0.00322069
0.0313074
0.00314942
0.0302584
0.0030244
0.0292865
0.00281525
0.0283861
0.00261306
0.0275971
0.00229382
0.026884
0.00206981
0.0263318
0.00160409
0.0258416
0.00142815
0.000719254
0.0250307
-0.000127428
0.0251236
-0.000385606
0.0252808
-0.000649571
0.0255055
-0.000922761
0.0258019
-0.00120674
0.0261748
-0.00150146
0.0266286
-0.00180475
0.0271672
-0.00211122
0.0277923
-0.00241246
0.0285021
-0.00269536
0.0292897
-0.0029432
0.0301421
-0.00313572
0.0310384
-0.00324902
0.0319493
-0.00325982
0.0328372
-0.00314708
0.0336581
-0.00289707
0.0343699
-0.00251343
0.0349397
-0.00201663
0.0353443
-0.0014341
0.0355676
-0.000791292
0.0355959
-0.000100472
0.0354325
0.000573483
0.0350753
0.00124581
0.0345341
0.00187461
0.0338295
0.00242448
0.0329945
0.00285878
0.0320727
0.00314486
0.0311158
0.00325935
0.0301771
0.0031925
0.0293086
0.00294646
0.0285572
0.00253225
0.0279654
0.00196581
0.0275705
0.00126679
0.0274049
0.000456157
0.0274962
-0.000440704
0.0278625
-0.00138803
0.0285103
-0.00234209
0.0294296
-0.00325038
0.0305896
-0.00405094
0.0319378
-0.0046774
0.0334071
-0.005071
0.0349172
-0.00517871
0.0363778
-0.00496706
0.0376882
-0.00441537
0.0387471
-0.00354157
0.0394632
-0.00240275
0.0397763
-0.001086
0.0396742
0.000238519
0.0391896
0.00148853
0.0383918
0.0025503
0.0373657
0.00337386
0.036195
0.00394935
0.034951
0.00429906
0.0336899
0.00445303
0.0324511
0.00445945
0.0312654
0.00433518
0.0301466
0.00414312
0.0291169
0.00384501
0.0281659
0.00356409
0.0273364
0.00312329
0.0265817
0.0028245
0.0260026
0.00218324
0.0254592
0.00197153
0.00104495
0.0250289
-0.000156317
0.0251167
-0.000473454
0.025266
-0.000798793
0.0254811
-0.00113792
0.0257679
-0.00149353
0.0261333
-0.00186682
0.0265848
-0.00225631
0.0271299
-0.00265626
0.0277752
-0.00305777
0.0285229
-0.00344306
0.0293703
-0.00379059
0.0303052
-0.00407062
0.0313044
-0.00424827
0.0323356
-0.00429097
0.0333509
-0.00416243
0.0342911
-0.00383725
0.0351039
-0.0033262
0.0357527
-0.00266547
0.036214
-0.00189538
0.0364702
-0.00104748
0.036505
-0.000135342
0.036322
0.000756478
0.0359129
0.00165491
0.0352851
0.0025025
0.0344601
0.00324944
0.0334764
0.00384252
0.0323872
0.00423405
0.0312544
0.0043921
0.0301428
0.0043041
0.029113
0.00397629
0.028218
0.00342721
0.0275037
0.00268011
0.0270102
0.00176035
0.026774
0.00069228
0.0268321
-0.000498802
0.0272123
-0.00176821
0.0279179
-0.00304764
0.0289161
-0.00424865
0.0301495
-0.00528434
0.0315583
-0.00608619
0.033092
-0.00660473
0.0347013
-0.00678793
0.0363172
-0.00658298
0.0378439
-0.00594207
0.0391585
-0.00485622
0.0401275
-0.00337174
0.0406494
-0.00160786
0.0406453
0.000242604
0.0401473
0.00198658
0.0392405
0.00345706
0.0380471
0.00456726
0.0366884
0.00530802
0.0352636
0.00572384
0.0338433
0.00587334
0.0324725
0.0058303
0.0311792
0.00562844
0.0299747
0.00534761
0.0288724
0.00494738
0.027861
0.00457541
0.0269807
0.00400361
0.0261741
0.00363114
0.0255467
0.00281063
0.0249005
0.00261775
0.00143857
0.0250262
-0.000182474
0.0251062
-0.00055352
0.025243
-0.000935571
0.0254428
-0.00133771
0.0257127
-0.00176349
0.0260631
-0.00221722
0.0265047
-0.00269785
0.0270495
-0.0032011
0.0277114
-0.00371965
0.0284987
-0.00423039
0.0294195
-0.00471132
0.030463
-0.00511413
0.0316037
-0.00538897
0.0328042
-0.00549149
0.0339956
-0.00535378
0.0350943
-0.00493598
0.0360383
-0.00427019
0.0367899
-0.00341714
0.0373262
-0.0024316
0.0376273
-0.0013486
0.0376772
-0.000185241
0.0374747
0.000958988
0.0370037
0.00212593
0.0362645
0.0032417
0.035278
0.00423587
0.0340915
0.00502904
0.0327746
0.00555093
0.031407
0.0057597
0.0300659
0.00564526
0.028821
0.00522114
0.0277341
0.00451412
0.0268548
0.00355946
0.0262231
0.00239199
0.025884
0.00103143
0.02589
-0.000504853
0.0262545
-0.00213266
0.0269143
-0.00370751
0.027766
-0.00510027
0.0287475
-0.00626587
0.0298727
-0.00721144
0.0311905
-0.00792248
0.0327286
-0.00832598
0.03445
-0.00830443
0.0362512
-0.00774324
0.0379783
-0.00658333
0.0394446
-0.00483805
0.0404654
-0.00262872
0.0408879
-0.000179892
0.0406598
0.00221475
0.0398519
0.00426493
0.0386136
0.00580552
0.0371214
0.00680024
0.0355291
0.00731617
0.0339443
0.00745812
0.032431
0.0073436
0.0310204
0.00703909
0.0297218
0.00664616
0.0285396
0.00612956
0.0274652
0.00564989
0.0265243
0.00494446
0.0256527
0.00450275
0.0249429
0.00352046
0.0241743
0.00338633
0.00186614
0.0250221
-0.000204617
0.025091
-0.000622327
0.025209
-0.00105365
0.0253853
-0.00151401
0.0256273
-0.00200551
0.0259515
-0.0025414
0.0263699
-0.0031162
0.0269034
-0.00373461
0.0275714
-0.00438767
0.0283898
-0.00504872
0.0293897
-0.00571125
0.0305637
-0.00628811
0.031896
-0.00672131
0.0333387
-0.00693414
0.0347737
-0.0067888
0.0360819
-0.00624424
0.0371958
-0.00538402
0.0380781
-0.00429946
0.0387081
-0.00306161
0.0390656
-0.00170615
0.0391441
-0.000263686
0.0389235
0.00117961
0.0383849
0.0026645
0.0375097
0.00411694
0.0363126
0.00543291
0.0348552
0.00648643
0.0332328
0.00717336
0.0315534
0.00743906
0.0299179
0.00728084
0.0284054
0.00673365
0.0270784
0.00584109
0.0259834
0.00465444
0.0251544
0.00322096
0.0246691
0.00151675
0.0245588
-0.000394497
0.0246897
-0.00226355
0.0248477
-0.00386554
0.0249683
-0.00522089
0.0252004
-0.00649795
0.0257718
-0.00778289
0.0268283
-0.00897896
0.0283838
-0.00988142
0.0303347
-0.0102554
0.0325207
-0.00992927
0.0347475
-0.00881007
0.0368072
-0.00689778
0.0384942
-0.00431567
0.03962
-0.00130578
0.0400014
0.00183342
0.0396379
0.00462843
0.0386415
0.00680188
0.0372154
0.00822638
0.0355743
0.00895729
0.0338873
0.00914509
0.0322616
0.00896925
0.0307478
0.00855289
0.0293623
0.00803174
0.0281053
0.00738654
0.0269703
0.00678488
0.0259606
0.00595412
0.0250104
0.005453
0.0241996
0.00433121
0.0233367
0.00424927
0.00227793
0.0250166
-0.000221207
0.02507
-0.000675723
0.0251613
-0.001145
0.0253036
-0.00165631
0.025501
-0.00220289
0.0257824
-0.00282279
0.0261536
-0.0034874
0.0266616
-0.00424261
0.0273163
-0.00504242
0.0281542
-0.0058866
0.029232
-0.00678905
0.0305293
-0.00758534
0.0321212
-0.00831323
0.0339261
-0.00873903
0.0357086
-0.00857139
0.0372946
-0.00783021
0.0386138
-0.00670322
0.0396322
-0.00531786
0.0403416
-0.00377096
0.0407475
-0.00211205
0.0408756
-0.00039183
0.0406561
0.00139909
0.0400686
0.003252
0.0390523
0.00513323
0.0376002
0.00688509
0.0357929
0.00829369
0.0337723
0.00919398
0.0316901
0.00952123
0.0296682
0.00930274
0.0278129
0.00858899
0.0262022
0.0074517
0.0248385
0.00601822
0.0237786
0.00428087
0.0230741
0.00222124
0.0225184
0.000161214
0.0217514
-0.00149655
0.0207227
-0.00283691
0.0198768
-0.00437494
0.0196999
-0.00632106
0.0203694
-0.00845239
0.0217812
-0.0103908
0.023736
-0.0118363
0.0260432
-0.0125625
0.028534
-0.0124201
0.0310443
-0.0113204
0.0334207
-0.00927412
0.0355092
-0.00640416
0.0371197
-0.00291631
0.0381045
0.000848581
0.0383243
0.00440868
0.037797
0.00732913
0.0366739
0.00934957
0.0351785
0.0104526
0.0335257
0.0107978
0.0318736
0.0106214
0.0303081
0.0101184
0.0288668
0.00947304
0.0275554
0.00869791
0.0263688
0.00797149
0.0252869
0.00703607
0.0242538
0.00648603
0.0233488
0.00523629
0.0224405
0.00515751
0.00264123
0.0250095
-0.000230721
0.0250428
-0.000709022
0.0250987
-0.00120084
0.0251942
-0.00175183
0.0253254
-0.00233416
0.0255396
-0.00303698
0.0258203
-0.00376801
0.0262794
-0.00470178
0.0268696
-0.00563257
0.0277475
-0.00676456
0.028894
-0.00793556
0.030278
-0.00896928
0.0322851
-0.0103203
0.0346432
-0.0110971
0.0368301
-0.0107583
0.0386189
-0.00961904
0.0399803
-0.00806455
0.0409369
-0.00627448
0.0415585
-0.0043926
0.0418965
-0.00245004
0.0421181
-0.000613442
0.0420476
0.00146965
0.0415949
0.00370466
0.0405962
0.00613194
0.0389838
0.00849745
0.0368393
0.0104382
0.0343583
0.011675
0.0317706
0.0121089
0.0292888
0.0117845
0.0270484
0.0108294
0.0250385
0.00946168
0.0233234
0.00773325
0.0220319
0.0055724
0.0208081
0.00344502
0.0190049
0.0019644
0.0167799
0.000728518
0.0150935
-0.00115054
0.0146461
-0.00392755
0.0153886
-0.00706358
0.0168984
-0.00996216
0.0188245
-0.0123169
0.0209856
-0.0139973
0.0233137
-0.0148906
0.0257472
-0.0148536
0.0281903
-0.0137635
0.0305191
-0.0116029
0.0326193
-0.00850438
0.034359
-0.00465601
0.0356182
-0.00041061
0.0362428
0.00378406
0.0361637
0.00740827
0.0354373
0.010076
0.0342311
0.0116588
0.0327534
0.0122755
0.0311872
0.0121876
0.0296504
0.0116552
0.0282081
0.0109154
0.0268776
0.0100284
0.0256562
0.00919286
0.0245086
0.00818373
0.0234043
0.00759033
0.022429
0.00621157
0.0215173
0.00606919
0.00294628
0.0250014
-0.000232075
0.0250094
-0.000717097
0.0250224
-0.00121383
0.0250562
-0.00178562
0.0251018
-0.00237975
0.0252133
-0.00314849
0.0253488
-0.00390354
0.0256941
-0.00504702
0.0260956
-0.00603407
0.0270586
-0.00772756
0.0281506
-0.00902756
0.0298383
-0.010657
0.0325703
-0.0130523
0.035339
-0.0138658
0.0373433
-0.0127626
0.0385625
-0.0108383
0.039187
-0.00868906
0.0394109
-0.00649829
0.0395252
-0.00450698
0.0396113
-0.00253614
0.0399227
-0.000924783
0.0404338
0.000958537
0.0406998
0.0034387
0.0403714
0.00646034
0.0392311
0.00963771
0.0372598
0.0124095
0.0346378
0.014297
0.0316869
0.0150599
0.0287423
0.0147291
0.0259812
0.0135905
0.0235669
0.0118759
0.0216584
0.00964174
0.0197306
0.0075002
0.0169582
0.00621744
0.0137717
0.00515091
0.0116324
0.00286785
0.0111896
-0.000707764
0.0120914
-0.00482935
0.0136685
-0.00864063
0.0154908
-0.0117845
0.017381
-0.014207
0.0193204
-0.0159368
0.0213597
-0.0169299
0.0235229
-0.0170168
0.0257567
-0.0159973
0.0279402
-0.0137864
0.0299274
-0.0104916
0.0316264
-0.00635503
0.0329401
-0.0017243
0.0337586
0.00296558
0.033995
0.00717179
0.0336345
0.0104366
0.0327685
0.0125248
0.0315588
0.0134852
0.0301772
0.0135692
0.0287543
0.0130781
0.0273758
0.0122939
0.0260702
0.011334
0.0248392
0.0104239
0.0236447
0.00937828
0.0224916
0.00874341
0.021473
0.0072301
0.0205852
0.00695699
0.00320381
0.0249926
-0.000224686
0.0249708
-0.000695302
0.0249365
-0.00117954
0.0248935
-0.00174262
0.0248429
-0.00232915
0.0248074
-0.00311295
0.0247679
-0.00386403
0.0248604
-0.0051395
0.0249321
-0.00610576
0.0257264
-0.0085219
0.0263986
-0.00969979
0.0293219
-0.0135802
0.0322328
-0.0159633
0.0336548
-0.0152878
0.0335773
-0.0126851
0.0326788
-0.00993975
0.0314518
-0.00746215
0.0302452
-0.00529164
0.0294795
-0.00374132
0.0290683
-0.00212493
0.0298414
-0.00169789
0.0315383
-0.000738384
0.033393
0.00158399
0.0347517
0.00510165
0.0351744
0.00921509
0.0344511
0.0131328
0.032663
0.016085
0.0301123
0.0176106
0.027152
0.0176894
0.0241767
0.0165658
0.0215391
0.0145136
0.0188653
0.0123155
0.0153827
0.0109828
0.0116113
0.00998884
0.00911611
0.0076461
0.00854223
0.00344173
0.00941848
-0.00158401
0.0110105
-0.00642134
0.0128544
-0.0104845
0.0146976
-0.0136277
0.0164353
-0.0159447
0.0180903
-0.0175918
0.0197658
-0.0186055
0.0215594
-0.0188105
0.0234795
-0.0179174
0.0254316
-0.0157385
0.0272652
-0.0123252
0.0288781
-0.00796788
0.0301635
-0.00300968
0.0310641
0.002065
0.0315029
0.00673296
0.0314395
0.0104999
0.0309064
0.0130579
0.0300066
0.014385
0.0288769
0.0146989
0.0276393
0.0143157
0.0263859
0.0135473
0.0251507
0.0125692
0.0239406
0.0116339
0.0227263
0.0105926
0.0215513
0.00991837
0.020514
0.00826742
0.0196617
0.00780928
0.00343946
0.0249833
-0.000207942
0.0249298
-0.000641819
0.0248453
-0.00109505
0.0247179
-0.00161524
0.0245647
-0.0021759
0.024353
-0.00290134
0.0241339
-0.00364487
0.0238394
-0.00484504
0.0235596
-0.00582595
0.0234157
-0.00837805
0.0232383
-0.00952235
0.0267118
-0.0170538
0.0270029
-0.0162543
0.0237197
-0.0120046
0.0201458
-0.0091113
0.0170146
-0.00680854
0.014602
-0.0050495
0.0131024
-0.00379208
0.0123064
-0.00294535
0.0114011
-0.00121962
0.0138405
-0.00413726
0.0175668
-0.00446468
0.02131
-0.00215917
0.0245343
0.00187728
0.0266676
0.00708187
0.027509
0.0122914
0.0270594
0.0165347
0.0255105
0.0191595
0.023235
0.0199648
0.0206815
0.0191193
0.0177905
0.0174045
0.0140398
0.0160663
0.00989784
0.0151247
0.00701151
0.0128752
0.00619767
0.00845993
0.00694214
0.00269727
0.00851503
-0.00315691
0.0104607
-0.00836696
0.0124836
-0.0125075
0.0143646
-0.0155087
0.0159824
-0.0175625
0.0173566
-0.018966
0.0186272
-0.019876
0.0199652
-0.0201485
0.0214599
-0.0194121
0.0230715
-0.0173501
0.0246751
-0.0139288
0.0261209
-0.00941373
0.0273496
-0.00423838
0.0282699
0.00114471
0.0288412
0.00616169
0.0290149
0.0103263
0.0287859
0.013287
0.0282044
0.0149664
0.0273631
0.0155402
0.0263608
0.0153179
0.0252814
0.0146267
0.0241568
0.0136937
0.0229993
0.0127915
0.0217967
0.0117951
0.0206273
0.0110878
0.0195911
0.00930356
0.0187723
0.00862812
0.00368855
0.0249734
-0.00018133
0.0248904
-0.000558854
0.024754
-0.000958603
0.0245477
-0.00140897
0.0242828
-0.00191099
0.0239077
-0.00252621
0.0234819
-0.0032191
0.0228294
-0.00419255
0.0222048
-0.00520134
0.0209239
-0.00709721
0.0196412
-0.00823965
0.0159557
-0.0133682
0.00896739
-0.00926606
0.00466359
-0.00770077
0.00241865
-0.00686635
0.00139965
-0.00578954
0.00098037
-0.00463022
0.000864388
-0.00367609
0.000867676
-0.00294864
0.00171626
-0.00206821
0.00584955
-0.00827054
0.00986943
-0.00848456
0.013285
-0.00557471
0.0160735
-0.000911246
0.0181673
0.00498804
0.0193987
0.01106
0.019645
0.0162883
0.0189682
0.0198363
0.0175339
0.0213991
0.0153127
0.0213406
0.0120362
0.020681
0.00813687
0.0199656
0.00514965
0.0181119
0.00413767
0.0138872
0.00478992
0.00780768
0.00629207
0.00119512
0.00823325
-0.00509809
0.0103701
-0.0105038
0.0124756
-0.0146131
0.0143433
-0.0173764
0.0158362
-0.0190554
0.0169491
-0.0200789
0.0178257
-0.0207526
0.018686
-0.0210088
0.0196996
-0.0204257
0.0208968
-0.0185473
0.0221878
-0.0152198
0.0234425
-0.0106685
0.0245508
-0.00534664
0.0254685
0.00022697
0.026134
0.00549617
0.0265035
0.00995681
0.026548
0.0132424
0.0262758
0.0152387
0.0257362
0.0160798
0.0249977
0.0160565
0.0241249
0.0154996
0.0231423
0.0146764
0.0220673
0.0138664
0.0209097
0.0129527
0.0197727
0.0122248
0.018753
0.0103233
0.0179569
0.00942421
0.00399151
0.0249644
-0.000145719
0.0248561
-0.000450576
0.0246718
-0.000774289
0.0243985
-0.0011357
0.0240258
-0.00153824
0.0235201
-0.0020205
0.0228701
-0.00256913
0.0219756
-0.00329807
0.0208587
-0.00408437
0.0191065
-0.00534504
0.0170727
-0.00620583
0.0128884
-0.00918389
0.00946594
-0.00584361
0.00682502
-0.00505986
0.0047251
-0.00476643
0.00317336
-0.00423779
0.00218288
-0.00363974
0.00167157
-0.00316478
0.00158673
-0.0028638
0.00240167
-0.00288316
0.00464342
-0.0105123
0.00657531
-0.0104165
0.00821167
-0.00721107
0.00959189
-0.00229147
0.0108033
0.00377665
0.0116871
0.0101762
0.0120607
0.0159147
0.0117842
0.0201128
0.0106528
0.0225306
0.00845552
0.0235378
0.00550079
0.0236357
0.00308822
0.0223782
0.00231646
0.0188837
0.0030536
0.01315
0.00470158
0.00615969
0.00664224
-0.00074554
0.00880045
-0.0072563
0.0109824
-0.0126857
0.0130249
-0.0166556
0.0147638
-0.0191152
0.0160695
-0.0203612
0.0169085
-0.0209178
0.0173963
-0.0212403
0.0177691
-0.0213817
0.0182626
-0.0209192
0.0189872
-0.0192719
0.0199063
-0.0161388
0.0209069
-0.0116692
0.0218818
-0.00632156
0.0227647
-0.000655866
0.0234997
0.00476113
0.0240355
0.00942104
0.0243251
0.0129528
0.0243437
0.01522
0.0241029
0.0163206
0.0236381
0.0165213
0.0229893
0.0161483
0.0221708
0.0154948
0.0212061
0.0148312
0.0201263
0.0140325
0.0190463
0.0133049
0.018059
0.0113106
0.0172709
0.0102124
0.00438766
0.0249578
-0.000103548
0.0248293
-0.000322068
0.0246093
-0.000554245
0.0242818
-0.000808203
0.0238298
-0.00108623
0.0232145
-0.00140526
0.0224057
-0.00176035
0.0213119
-0.00220422
0.0198995
-0.00267197
0.0179269
-0.00337246
0.0155473
-0.00382625
0.0117581
-0.0053947
0.00909908
-0.00318455
0.00680286
-0.00276364
0.00482535
-0.00278892
0.00332086
-0.0027333
0.00232002
-0.0026389
0.00176726
-0.00261203
0.00161737
-0.00271391
0.00199024
-0.00325603
0.00236662
-0.0108887
0.00249619
-0.010546
0.0029305
-0.00764538
0.0032772
-0.00263818
0.00384462
0.00320923
0.0043172
0.0097036
0.0045314
0.0157005
0.00422379
0.0204204
0.00323785
0.0235165
0.00172537
0.0250503
0.000505478
0.0248556
0.000454697
0.022429
0.00181343
0.017525
0.0038428
0.0111206
0.00606559
0.0039369
0.00831306
-0.00299301
0.0104988
-0.00944204
0.0125332
-0.0147201
0.0143155
-0.018438
0.0157443
-0.020544
0.0167345
-0.0213514
0.0172441
-0.0214275
0.0173416
-0.0213378
0.0172375
-0.0212776
0.0172023
-0.020884
0.0174219
-0.0194914
0.0179255
-0.0166425
0.0186328
-0.0123764
0.0194403
-0.00712902
0.0202664
-0.00148201
0.0210506
0.00397693
0.0217283
0.00874334
0.0222354
0.0124457
0.0225208
0.0149347
0.0225637
0.0162777
0.022368
0.0167171
0.0219477
0.0165686
0.0213087
0.0161339
0.0204796
0.0156602
0.0195101
0.0150019
0.0185124
0.0143026
0.0175749
0.0122481
0.0167832
0.0110041
0.0049083
0.0249539
-5.74649e-05
0.0248133
-0.000181454
0.0245719
-0.000312793
0.0242117
-0.000448051
0.0237131
-0.000587638
0.023033
-0.000725124
0.0221369
-0.000864272
0.0209277
-0.000995
0.0193818
-0.0011261
0.0172649
-0.00125551
0.0147697
-0.00133108
0.0109819
-0.00160696
0.00862858
-0.000831193
0.00664773
-0.000782787
0.00486155
-0.00100274
0.00341099
-0.00128274
0.00237182
-0.00159973
0.00172582
-0.00196602
0.0014164
-0.00240449
0.00135023
-0.00318985
0.00030119
-0.00983963
-0.00112445
-0.00912038
-0.00203947
-0.00673036
-0.00258073
-0.00209692
-0.00277557
0.00340407
-0.00274513
0.00967316
-0.00265149
0.0156069
-0.00263916
0.0204081
-0.00269143
0.0235687
-0.00242799
0.0247869
-0.0012968
0.0237244
0.000903722
0.0202285
0.00362264
0.014806
0.00642299
0.00832029
0.00891121
0.00144869
0.0112005
-0.00528235
0.0132019
-0.0114434
0.0149148
-0.0164329
0.0162814
-0.0198045
0.0172519
-0.0215144
0.0178052
-0.0219047
0.0179242
-0.0215465
0.0176347
-0.0210484
0.0170877
-0.0207306
0.0165497
-0.020346
0.0162635
-0.0192053
0.0163312
-0.0167101
0.0167176
-0.0127628
0.0173306
-0.00774203
0.0180778
-0.00222926
0.0188903
0.00316449
0.0196842
0.00794941
0.020379
0.0117509
0.0209015
0.0144121
0.0212042
0.0159751
0.0212619
0.0166593
0.0210661
0.0167643
0.020617
0.016583
0.0199481
0.0163292
0.0191218
0.0158282
0.0182336
0.0151909
0.0173681
0.0131135
0.0165711
0.0118011
0.00556871
0.0249531
-1.05785e-05
0.0248099
-3.81932e-05
0.0245637
-6.65968e-05
0.0241963
-8.06597e-05
0.0236876
-7.89892e-05
0.022996
-3.34933e-05
0.0220859
4.58249e-05
0.0208604
0.000230442
0.0192913
0.000443092
0.0171581
0.00087767
0.0146297
0.00119727
0.0108326
0.00219022
0.00849935
0.00150201
0.00651903
0.00119754
0.00471978
0.00079651
0.00325186
0.000185176
0.00217988
-0.000527747
0.00147363
-0.00125978
0.00102476
-0.00195562
0.000624846
-0.00278994
-0.00136366
-0.00785112
-0.00363206
-0.00685198
-0.00556703
-0.00479538
-0.00679042
-0.000873534
-0.00744378
0.00405744
-0.00754648
0.00977586
-0.00715467
0.0152151
-0.00629336
0.0195468
-0.00486018
0.0221356
-0.00268096
0.0226077
0.000347724
0.0206957
0.00385084
0.0167253
0.00731221
0.0113447
0.0103744
0.00525813
0.0128984
-0.00107538
0.0149536
-0.00733755
0.0166139
-0.0131037
0.0178964
-0.0177153
0.0187568
-0.020665
0.019181
-0.0219386
0.0192146
-0.0219383
0.0188953
-0.0212272
0.0182294
-0.0203825
0.0172945
-0.0197956
0.0163087
-0.0193602
0.0155476
-0.0184442
0.0151847
-0.0163472
0.015236
-0.0128141
0.0156361
-0.00814208
0.0162892
-0.00288241
0.017102
0.0023517
0.017982
0.0070694
0.0188306
0.0109023
0.019556
0.0136867
0.0200873
0.0154438
0.0203757
0.016371
0.0203953
0.0167447
0.0201447
0.0168337
0.01966
0.0168138
0.0190104
0.0164777
0.0182622
0.0159391
0.0174979
0.0138779
0.0167093
0.0125897
0.00636169
0.0249553
3.40858e-05
0.0248189
9.82581e-05
0.0245848
0.000167504
0.0242372
0.000266953
0.0237578
0.00040035
0.0231077
0.000616603
0.0222534
0.000900131
0.0211113
0.00137261
0.019634
0.00192037
0.0176027
0.00290892
0.0151368
0.00366323
0.011296
0.00603095
0.00868674
0.00411131
0.00640735
0.00347694
0.00440663
0.00279723
0.00284847
0.00174334
0.00177021
0.000550515
0.00107495
-0.00056452
0.000584249
-0.00146491
8.99848e-05
-0.00229568
-0.00186294
-0.0058982
-0.00427656
-0.00443836
-0.00646364
-0.00260831
-0.00785431
0.000517137
-0.0085595
0.00476263
-0.00839015
0.00960651
-0.00735465
0.0141796
-0.00547231
0.0176645
-0.00277589
0.0194391
0.000728827
0.0191029
0.00467718
0.0167474
0.00865608
0.0127464
0.0122343
0.00776648
0.0151689
0.00232351
0.0174318
-0.00333824
0.0191459
-0.0090517
0.0204096
-0.0143674
0.0212122
-0.018518
0.0215169
-0.0209697
0.0213535
-0.0217752
0.0208338
-0.0214186
0.0200612
-0.0204546
0.0190484
-0.0193697
0.0177983
-0.0185455
0.0164503
-0.0180122
0.0152736
-0.0172675
0.0145057
-0.0155793
0.0142349
-0.0125434
0.0144145
-0.00832171
0.0149464
-0.00341433
0.0157367
0.00156148
0.0166702
0.00613582
0.0176361
0.00993648
0.0185264
0.0127964
0.0192512
0.0147189
0.0197441
0.0158781
0.0199685
0.0165203
0.0199242
0.016878
0.0196468
0.0170912
0.0192069
0.0169176
0.018633
0.0165131
0.0180047
0.0145062
0.0172593
0.013335
0.00725465
0.0249604
7.37211e-05
0.0248389
0.000219715
0.0246319
0.000374505
0.0243251
0.000573743
0.0239081
0.000817344
0.0233451
0.00117968
0.0226272
0.00161802
0.0216495
0.00235031
0.0204373
0.00313252
0.0185792
0.00476703
0.0164183
0.00582417
0.0121811
0.0102681
0.0087832
0.00750919
0.00613915
0.00612099
0.00399895
0.00493743
0.00238758
0.0033547
0.00132239
0.00161571
0.000677347
8.05254e-05
0.000197525
-0.000985092
-0.000268
-0.00183015
-0.00157181
-0.00459439
-0.00304577
-0.0029644
-0.00461106
-0.00104301
-0.00569081
0.00159689
-0.00595726
0.00502907
-0.00524292
0.00889217
-0.00353129
0.012468
-0.000883829
0.015017
0.00257499
0.0159803
0.0065226
0.0151553
0.010626
0.012644
0.0144569
0.00891549
0.0176806
0.00454282
0.020191
-0.000186855
0.0220515
-0.00519876
0.0234212
-0.0104214
0.024299
-0.0152452
0.0246033
-0.0188223
0.0243236
-0.0206899
0.0235662
-0.0210178
0.02251
-0.0203624
0.0213108
-0.0192554
0.0199998
-0.0180587
0.0185217
-0.0170674
0.0169184
-0.016409
0.0154167
-0.0157658
0.0142969
-0.0144595
0.0137079
-0.0119543
0.0136604
-0.00827421
0.0140679
-0.00382181
0.0148065
0.000822849
0.0157617
0.00518069
0.0168073
0.00889083
0.0178232
0.0117805
0.0187057
0.0138364
0.0193773
0.0152065
0.0197967
0.0161009
0.0199671
0.0167076
0.0199177
0.0171406
0.0197183
0.017117
0.0193545
0.0168768
0.0189025
0.0149582
0.0182537
0.0139839
0.00818872
0.0249679
0.000105793
0.0248672
0.000320483
0.0247002
0.000541497
0.024449
0.000824922
0.0241246
0.00114174
0.0236748
0.00162945
0.0231553
0.00213751
0.0224021
0.00310351
0.021634
0.00390064
0.0202519
0.00614911
0.0187374
0.0073387
0.0149368
0.0140687
0.0083299
0.0141161
0.00423279
0.0102181
0.00198422
0.007186
0.000871889
0.00446704
0.000370755
0.00211684
0.000122803
0.000328477
-2.34934e-06
-0.000859939
-0.000197032
-0.00163547
-0.00115859
-0.00363284
-0.0011928
-0.00293018
-0.00109676
-0.00113905
-0.000878079
0.0013782
-0.000273032
0.00442403
0.00102889
0.00759025
0.00319053
0.0103063
0.00615548
0.012052
0.00969535
0.0124405
0.0135029
0.0113478
0.0171897
0.00895719
0.0203973
0.00570785
0.0229583
0.00198181
0.02492
-0.00214852
0.0264527
-0.00673143
0.0275577
-0.0115264
0.0280567
-0.0157442
0.0278239
-0.0185895
0.0269345
-0.0198005
0.0256079
-0.0196912
0.0240809
-0.0188355
0.0225277
-0.0177022
0.0209895
-0.0165205
0.0193767
-0.0154546
0.0176356
-0.0146679
0.0159141
-0.0140443
0.0145035
-0.0130489
0.0136406
-0.0110914
0.01337
-0.00800364
0.013629
-0.00408077
0.014295
0.000156763
0.0152394
0.00423629
0.016328
0.00780226
0.0174313
0.0106772
0.0184373
0.0128304
0.0192641
0.0143797
0.0198696
0.0154953
0.020261
0.0163162
0.0204562
0.0169455
0.0205228
0.0170504
0.0204053
0.0169944
0.0201699
0.0151935
0.0196842
0.0144696
0.00908442
0.0249765
0.000129296
0.0249017
0.000395314
0.0247796
0.000663554
0.0245989
0.0010056
0.0243717
0.00136896
0.0240732
0.00192791
0.0237349
0.00247588
0.023324
0.00351441
0.022866
0.00435857
0.0225729
0.00644226
0.0221876
0.00772404
0.025201
0.0110552
0.0257299
0.0135872
0.0227425
0.0132055
0.0191291
0.0107995
0.015465
0.00813106
0.0119503
0.0056316
0.0088078
0.00347096
0.00626093
0.00168693
0.00449444
0.000131021
0.00221918
-0.00135758
0.0013779
-0.0020889
0.00190719
-0.00166835
0.003351
-6.56039e-05
0.00525192
0.00252311
0.00756012
0.00528206
0.0103101
0.00755638
0.0134407
0.00892139
0.0167706
0.00911058
0.0200368
0.00808159
0.0229853
0.00600867
0.0254543
0.00323878
0.0274803
-4.41734e-05
0.0292075
-0.00387573
0.0306335
-0.00815739
0.0314903
-0.0123832
0.0315012
-0.0157551
0.0306331
-0.0177214
0.0291207
-0.0182881
0.0272957
-0.0178662
0.0254146
-0.0169544
0.0236182
-0.0159057
0.0219375
-0.0148398
0.020277
-0.0137941
0.0185131
-0.012904
0.0166941
-0.0122253
0.0150838
-0.0114386
0.0139699
-0.00997751
0.0134781
-0.00751187
0.0135781
-0.00418077
0.0141495
-0.000414647
0.0150551
0.00333073
0.0161534
0.00670399
0.0173102
0.00952035
0.0184108
0.0117299
0.0193741
0.0134164
0.0201585
0.0147109
0.0207747
0.0157
0.0212253
0.0164949
0.0215743
0.0167015
0.0217342
0.0168345
0.0217504
0.0151773
0.0214967
0.0147233
0.00984986
0.0249848
0.000144475
0.0249389
0.000441219
0.0248617
0.000740766
0.0247583
0.00110898
0.024624
0.00150325
0.024488
0.00206394
0.0243188
0.00264506
0.0242612
0.003572
0.0241614
0.00445841
0.0246986
0.00590507
0.0252109
0.00721174
0.0276032
0.00866296
0.0302327
0.0109577
0.0315265
0.0119117
0.0312712
0.0110547
0.0299785
0.00942379
0.0280275
0.00758259
0.0257219
0.00577655
0.023267
0.00414181
0.0206092
0.00278891
0.0175152
0.00173641
0.0143376
0.00108864
0.0118654
0.000803886
0.0106341
0.0011657
0.0110277
0.00212954
0.0128028
0.00350693
0.0154403
0.00491883
0.018496
0.0058657
0.0216291
0.0059775
0.0245884
0.00512233
0.0272304
0.00336663
0.0296121
0.000857057
0.031723
-0.00215501
0.0335367
-0.00568945
0.0347703
-0.00939104
0.0350792
-0.0126921
0.0343353
-0.0150112
0.0327358
-0.0161219
0.0306689
-0.0162212
0.0284992
-0.0156965
0.0264317
-0.014887
0.0245293
-0.0140033
0.0227928
-0.0131033
0.0211524
-0.0121537
0.0194635
-0.0112151
0.01767
-0.0104319
0.015954
-0.00972256
0.0146345
-0.00865807
0.0139287
-0.00680601
0.0138548
-0.00410683
0.0143088
-0.000868653
0.0151478
0.00249173
0.0162253
0.00562646
0.0174058
0.00833986
0.0185758
0.0105598
0.0196585
0.0123337
0.0206129
0.0137566
0.0214515
0.0148614
0.0221609
0.0157854
0.0227977
0.0160647
0.0232578
0.0163744
0.0235522
0.0148828
0.0235915
0.014684
0.0103928
0.0249929
0.000151574
0.0249746
0.000459475
0.0249414
0.000774024
0.0249088
0.00114157
0.0248658
0.00154623
0.0248645
0.00206522
0.0248676
0.00264197
0.0250383
0.00340133
0.025269
0.0042277
0.0259566
0.00521752
0.0268349
0.00633339
0.0281575
0.00734037
0.0304599
0.00865523
0.0328519
0.00951974
0.0345023
0.00940431
0.0353153
0.00861081
0.0353856
0.00751233
0.0348341
0.00632796
0.0337946
0.00518131
0.0323973
0.0041863
0.0307468
0.00338686
0.028976
0.00285943
0.0270846
0.00269531
0.0253515
0.00289879
0.0241841
0.00329693
0.0239291
0.00376196
0.0247017
0.00414615
0.0263303
0.00423715
0.0284788
0.00382904
0.0308182
0.00278287
0.033118
0.00106688
0.0352291
-0.00125407
0.0370218
-0.00394772
0.0382106
-0.00687822
0.0385045
-0.00968495
0.0377457
-0.0119332
0.0360706
-0.0133362
0.0338472
-0.0138984
0.0314691
-0.0138431
0.0291994
-0.0134268
0.0271339
-0.0128215
0.025257
-0.0121264
0.0235398
-0.0113861
0.0219541
-0.010568
0.0203971
-0.00965804
0.0187437
-0.00877849
0.0170468
-0.00802569
0.0155869
-0.00719813
0.0146626
-0.00588166
0.0143878
-0.00383204
0.0146954
-0.00117625
0.0154412
0.00174586
0.0164738
0.00459394
0.017657
0.00715664
0.0188799
0.00933688
0.0200699
0.0111437
0.0211843
0.0126422
0.0222355
0.0138102
0.0231975
0.0148234
0.0241135
0.0151487
0.0248819
0.0156059
0.0254681
0.0142967
0.0258398
0.0143123
0.0106361
0.0250007
0.00015088
0.0250061
0.000454045
0.0250138
0.000766306
0.0250392
0.00111619
0.0250792
0.00150623
0.025175
0.00196945
0.0253197
0.00249731
0.025603
0.00311802
0.0260113
0.00381942
0.0266489
0.00457983
0.0275488
0.00543356
0.0286529
0.00623623
0.0303055
0.00700259
0.0322814
0.00754387
0.0340866
0.00759912
0.0354934
0.00720406
0.0364491
0.00655658
0.0369637
0.00581337
0.0370808
0.0050642
0.0368829
0.00438422
0.0364447
0.00382506
0.0358517
0.00345245
0.0352285
0.00331846
0.0347357
0.00339156
0.034471
0.00356167
0.0345335
0.00369951
0.035013
0.00366661
0.0359182
0.00333196
0.0371452
0.0026021
0.0384953
0.00143275
0.0398214
-0.000259287
0.0408562
-0.00228888
0.0414176
-0.00450911
0.0412764
-0.00673696
0.0403036
-0.00871213
0.0385714
-0.0102011
0.0363496
-0.0111143
0.0339659
-0.0115148
0.0316584
-0.0115356
0.0295322
-0.0113006
0.0276009
-0.0108902
0.0258297
-0.0103552
0.0241842
-0.00974058
0.0226655
-0.00904937
0.021245
-0.00823752
0.0198034
-0.00733688
0.0182629
-0.00648524
0.0167739
-0.00570904
0.0156547
-0.00476253
0.0151423
-0.00331957
0.0152574
-0.00129136
0.0158745
0.00112874
0.0168337
0.00363475
0.0179956
0.00599474
0.0192523
0.00808014
0.0205356
0.00986044
0.0217993
0.0113785
0.0230499
0.0125595
0.0242531
0.0136202
0.0254308
0.0139711
0.0265006
0.0145361
0.0273778
0.0134195
0.0280947
0.0135953
0.0105279
0.0250076
0.00014329
0.0250324
0.000429263
0.0250747
0.00072402
0.0251455
0.00104532
0.0252502
0.00140151
0.0254135
0.00180624
0.025647
0.0022638
0.0259878
0.00277717
0.0264585
0.00334876
0.0270839
0.00395443
0.0279254
0.00459198
0.0289702
0.00519144
0.0302761
0.0056967
0.0317717
0.00604827
0.0332414
0.00612944
0.0345298
0.00591571
0.0355835
0.00550288
0.0363942
0.00500262
0.0369696
0.0044888
0.03734
0.00401386
0.0375456
0.0036194
0.037656
0.0033421
0.0377757
0.0031987
0.0379992
0.00316816
0.0383754
0.00318538
0.0389218
0.00315312
0.0396251
0.00296338
0.0404356
0.00252146
0.0412759
0.00176176
0.0420464
0.00066224
0.0425496
-0.00076245
0.04266
-0.00239935
0.0422663
-0.00411533
0.0412925
-0.00576319
0.0397698
-0.00718948
0.0378514
-0.00828267
0.0357464
-0.00900934
0.0336305
-0.00939888
0.0316021
-0.00950716
0.0296966
-0.00939506
0.0279215
-0.00911515
0.0262715
-0.00870519
0.0247278
-0.00819691
0.0232912
-0.00761269
0.0219819
-0.00692828
0.0207519
-0.00610689
0.019477
-0.00521027
0.0181291
-0.00436122
0.0169122
-0.00354561
0.0161372
-0.00254454
0.0159808
-0.00113494
0.0164079
0.000701632
0.0172649
0.00277775
0.0183916
0.00486797
0.0196673
0.00680449
0.0210218
0.00850594
0.0224091
0.00999116
0.023828
0.0111407
0.0252449
0.0122034
0.0266537
0.0125622
0.0280027
0.0131872
0.0291584
0.0122637
0.0302108
0.012543
0.0100474
0.0250131
0.000130199
0.0250532
0.000389192
0.025122
0.000655172
0.0252273
0.000940069
0.0253769
0.00125184
0.0255858
0.00159735
0.0258686
0.00198105
0.026244
0.0024017
0.0267353
0.00285755
0.0273582
0.00333146
0.0281441
0.00380608
0.0290918
0.0042438
0.0301863
0.00460218
0.0313873
0.00484731
0.0325912
0.00492551
0.0336971
0.00480981
0.0346585
0.00454149
0.0354677
0.00419336
0.0361309
0.00382566
0.0366652
0.00347958
0.0371006
0.00318391
0.0374855
0.00295722
0.0378792
0.00280503
0.0383345
0.00271282
0.0388819
0.00263796
0.0395207
0.00251438
0.0402166
0.00226747
0.0409091
0.00182895
0.0415193
0.00115155
0.0419369
0.000244638
0.042044
-0.000869561
0.0417776
-0.0021329
0.0410948
-0.0034326
0.0399981
-0.00466648
0.0385541
-0.0057454
0.0368758
-0.00660446
0.0350801
-0.00721362
0.0332575
-0.00757626
0.0314685
-0.0077182
0.0297495
-0.00767599
0.0281214
-0.00748712
0.0265962
-0.00717996
0.0251716
-0.00677233
0.0238388
-0.00627991
0.0226182
-0.00570764
0.0215315
-0.00502019
0.0205258
-0.00420458
0.0194875
-0.00332289
0.0184084
-0.00246649
0.0174871
-0.0016233
0.0169994
-0.000647214
0.0170942
0.000606805
0.0177313
0.00214072
0.0187671
0.00383217
0.0200515
0.00552006
0.0214815
0.00707588
0.0229927
0.00848004
0.0245635
0.00956984
0.026168
0.0105988
0.0277722
0.0109581
0.029359
0.0116004
0.0307613
0.0108615
0.0321052
0.011199
0.00921314
0.0250172
0.000113045
0.0250687
0.000337601
0.0251568
0.000567154
0.0252867
0.000810113
0.025466
0.00107251
0.0257049
0.00135851
0.0260154
0.00167053
0.0264106
0.00200654
0.0269063
0.00236185
0.0275136
0.00272407
0.0282431
0.0030766
0.02909
0.00339689
0.0300349
0.00365728
0.0310492
0.00383303
0.0320772
0.00389749
0.0330521
0.00383497
0.0339306
0.00366295
0.0346999
0.00342407
0.035364
0.00316153
0.0359368
0.00290681
0.0364408
0.0026799
0.0369065
0.00249154
0.0373681
0.00234341
0.0378568
0.00222417
0.0383898
0.00210494
0.0389623
0.0019419
0.0395437
0.00168599
0.0400813
0.00129135
0.0404945
0.000738398
0.0407129
2.62042e-05
0.0406711
-0.000827698
0.040317
-0.00177886
0.0396372
-0.00275273
0.0386521
-0.00368144
0.0374128
-0.00450609
0.0359877
-0.00517938
0.0344484
-0.00567426
0.0328592
-0.00598709
0.0312729
-0.00613186
0.0297274
-0.00613051
0.0282462
-0.00600595
0.0268441
-0.00577785
0.0255307
-0.00545891
0.024309
-0.00505824
0.0231818
-0.00458049
0.0221792
-0.00401752
0.021326
-0.00335142
0.0205722
-0.0025691
0.0198423
-0.00173654
0.019111
-0.000891989
0.0185189
-5.51894e-05
0.0182787
0.000847061
0.0185271
0.00189229
0.0192645
0.00309482
0.0203947
0.0043898
0.0218021
0.00566853
0.0233902
0.0068919
0.0250905
0.00786955
0.0268681
0.00882118
0.0286474
0.0091788
0.0304412
0.00980654
0.0320572
0.00924551
0.0336458
0.00961039
0.0080566
0.02502
9.30456e-05
0.0250798
0.000277774
0.0251811
0.000465856
0.025328
0.000663194
0.0255266
0.000873972
0.0257843
0.00110081
0.0261102
0.00134458
0.0265136
0.00160316
0.0270038
0.00187163
0.0275868
0.00214112
0.0282641
0.00239926
0.02903
0.00263101
0.029869
0.00281829
0.0307582
0.00294382
0.0316625
0.0029932
0.0325382
0.0029593
0.0333507
0.00285043
0.0340845
0.0026902
0.0347395
0.00250658
0.0353243
0.00232203
0.0358534
0.00215075
0.0363454
0.00199956
0.0368205
0.00186827
0.0372967
0.00174802
0.0377822
0.00161944
0.0382692
0.0014549
0.0387321
0.00122312
0.0391252
0.000898196
0.0394018
0.000461828
0.0395062
-7.82077e-05
0.0393937
-0.000715211
0.0390299
-0.00141501
0.0384089
-0.00213182
0.0375461
-0.00281856
0.0364734
-0.00343337
0.0352371
-0.00394316
0.033891
-0.00432813
0.0324868
-0.00458293
0.0310684
-0.00471341
0.0296692
-0.00473136
0.028314
-0.00465075
0.0270206
-0.00448439
0.0258038
-0.00424214
0.024675
-0.00392943
0.0236441
-0.00354955
0.0227277
-0.00310116
0.0219515
-0.00257525
0.0213433
-0.0019609
0.0208671
-0.0012603
0.0204797
-0.00050463
0.0201552
0.000269311
0.0199613
0.00104103
0.0200197
0.00183381
0.0204363
0.00267829
0.0212448
0.00358126
0.0224126
0.0045007
0.0238759
0.00542866
0.025546
0.00619945
0.0273814
0.00698578
0.0292562
0.007304
0.0312038
0.00785895
0.0329948
0.00745452
0.0348059
0.00779928
0.00660735
0.0250219
7.11373e-05
0.0250873
0.000212345
0.0251975
0.000355675
0.0253556
0.000505094
0.0255663
0.000663323
0.0258351
0.000831937
0.0261687
0.00101106
0.026573
0.00119886
0.0270532
0.00139144
0.0276117
0.0015826
0.0282471
0.00176382
0.0289533
0.00192486
0.0297174
0.00205419
0.0305204
0.00214082
0.0313369
0.00217672
0.0321374
0.00215875
0.0328964
0.0020914
0.0335992
0.00198749
0.0342418
0.0018639
0.0348283
0.00173556
0.0353668
0.0016123
0.0358679
0.00149846
0.0363429
0.00139323
0.0368007
0.00129021
0.0372429
0.00117723
0.0376605
0.00103731
0.0380326
0.000851005
0.0383297
0.000601159
0.0385117
0.000279841
0.038544
-0.000110556
0.0383915
-0.000562724
0.038032
-0.00105549
0.0374597
-0.00155949
0.0366846
-0.00204347
0.0357309
-0.0024797
0.034634
-0.00284622
0.0334344
-0.00312856
0.0321724
-0.00332096
0.0308842
-0.00342521
0.0296007
-0.00344781
0.0283471
-0.00339715
0.0271441
-0.00328141
0.0260089
-0.00310691
0.0249572
-0.00287772
0.0240033
-0.00259567
0.0231627
-0.00226056
0.0224553
-0.00186788
0.0219083
-0.00141386
0.0215453
-0.000897375
0.0213553
-0.000314605
0.0213173
0.000307359
0.0214127
0.000945582
0.0216602
0.00158632
0.0221107
0.00222781
0.0228176
0.00287436
0.0238099
0.00350838
0.0250924
0.00414615
0.0266146
0.00467725
0.0283663
0.00523408
0.0302082
0.00546209
0.0321959
0.00587126
0.034069
0.00558147
0.0360248
0.00584342
0.00496264
0.0250231
4.80064e-05
0.0250922
0.000143306
0.025208
0.000239829
0.0253731
0.000339998
0.025591
0.000445427
0.025866
0.000556988
0.0262024
0.00067457
0.0266044
0.000796873
0.0270746
0.000921278
0.0276134
0.0010438
0.0282181
0.00115909
0.0288822
0.00126078
0.0295943
0.00134206
0.0303385
0.00139669
0.0310949
0.00142026
0.0318423
0.00141134
0.0325613
0.00137237
0.0332387
0.00131011
0.0338687
0.00123393
0.0344515
0.0011528
0.0349909
0.00107284
0.0354927
0.000996708
0.0359622
0.000923649
0.0364028
0.000849647
0.0368125
0.000767505
0.0371829
0.000666979
0.0374964
0.000537501
0.0377283
0.000369272
0.0378518
0.000156343
0.0378369
-9.57286e-05
0.0376603
-0.000386084
0.0373051
-0.00070032
0.0367668
-0.00102119
0.0360534
-0.00133001
0.0351835
-0.00160981
0.034184
-0.00184677
0.0330869
-0.00203147
0.0319256
-0.00215966
0.0307321
-0.00223167
0.029535
-0.00225076
0.0283593
-0.00222145
0.0272263
-0.00214843
0.0261549
-0.00203547
0.0251624
-0.0018852
0.0242655
-0.00169881
0.0234815
-0.00147658
0.0228291
-0.00121546
0.0223308
-0.000915581
0.0220094
-0.000575891
0.0218871
-0.000192393
0.0219695
0.000224962
0.0222502
0.000664965
0.022721
0.00111552
0.0233832
0.00156561
0.0242475
0.00201
0.0253243
0.00243163
0.0266267
0.00284372
0.0281258
0.00317814
0.0298361
0.00352378
0.0316387
0.00365956
0.0336029
0.00390707
0.0354742
0.00371017
0.0374523
0.00386527
0.00327285
0.0250239
2.4144e-05
0.025095
7.21389e-05
0.0252142
0.000120677
0.0253833
0.000170901
0.0256051
0.000223569
0.025883
0.000279075
0.0262203
0.000337317
0.0266196
0.000397618
0.0270822
0.000458669
0.0276075
0.000518508
0.028192
0.000574549
0.028829
0.000623766
0.0295081
0.000663017
0.0302153
0.000689478
0.0309343
0.00070119
0.0316481
0.000697546
0.0323408
0.000679654
0.0330005
0.000650455
0.0336203
0.000614133
0.0341983
0.000574834
0.0347356
0.000535497
0.0352349
0.000497381
0.0356985
0.000460067
0.0361266
0.000421604
0.0365155
0.000378546
0.0368562
0.000326254
0.0371336
0.000260159
0.0373271
0.000175769
0.037414
6.94376e-05
0.0373723
-5.39913e-05
0.0371822
-0.000196035
0.036831
-0.000349064
0.0363149
-0.000505184
0.0356406
-0.000655631
0.034823
-0.000792266
0.0338847
-0.000908475
0.032853
-0.000999711
0.0317571
-0.00106376
0.0306259
-0.00110048
0.0294863
-0.00111113
0.0283625
-0.00109773
0.0272765
-0.00106239
0.0262479
-0.00100693
0.0252953
-0.00093257
0.0244365
-0.000839999
0.0236892
-0.000729254
0.0230729
-0.000599187
0.0226071
-0.000449781
0.0223122
-0.000280996
0.0222116
-9.1771e-05
0.0223215
0.000115047
0.0226518
0.000334686
0.0232049
0.000562368
0.0239787
0.000791842
0.0249694
0.00101927
0.0261675
0.0012336
0.0275704
0.00144077
0.0291424
0.00160621
0.0308923
0.00177384
0.0327141
0.00183773
0.034669
0.00195215
0.036527
0.00185218
0.0384723
0.00191999
0.00162088
0.0250241
0.0250963
0.025217
0.0253879
0.0256114
0.0258905
0.0262278
0.0266254
0.0270841
0.0276026
0.0281772
0.0288009
0.0294639
0.0301534
0.0308546
0.0315522
0.0322318
0.0328823
0.0334964
0.0340712
0.0346067
0.0351041
0.0355642
0.0359858
0.0363643
0.0366906
0.0369507
0.0371265
0.037196
0.037142
0.0369459
0.0365969
0.0360917
0.035436
0.0346438
0.0337353
0.0327356
0.0316718
0.0305714
0.0294602
0.0283625
0.0273001
0.0262932
0.0253606
0.0245206
0.0237914
0.0231922
0.0227424
0.0224614
0.0223696
0.0224847
0.0228194
0.0233817
0.0241736
0.0251928
0.0264264
0.0278672
0.0294734
0.0312473
0.033085
0.0350371
0.0368893
0.0388093
)
;

boundaryField
{
    inlet
    {
        type            calculated;
        value           uniform -0.025;
    }
    outlet
    {
        type            calculated;
        value           nonuniform List<scalar> 
32
(
0.025973
0.0258462
0.0255762
0.0251335
0.0245068
0.0237467
0.0229249
0.0220772
0.0212123
0.0203277
0.0194261
0.0185232
0.0176539
0.0168747
0.0162626
0.0159106
0.0159163
0.0163664
0.0173196
0.0187885
0.0207313
0.0230485
0.0255966
0.0282029
0.0306913
0.0329395
0.0348023
0.0362551
0.0376695
0.0391421
0.0401243
0.0404302
)
;
    }
    top
    {
        type            symmetryPlane;
        value           uniform 0;
    }
    bottom
    {
        type            symmetryPlane;
        value           uniform 0;
    }
    frontAndBack
    {
        type            empty;
    }
}


// ************************************************************************* //
