/*--------------------------------*- C++ -*----------------------------------*\
  =========                 |
  \\      /  F ield         | OpenFOAM: The Open Source CFD Toolbox
   \\    /   O peration     | Website:  https://openfoam.org
    \\  /    A nd           | Version:  10
     \\/     M anipulation  |
\*---------------------------------------------------------------------------*/
FoamFile
{
    format      ascii;
    class       surfaceScalarField;
    location    "16750";
    object      phi;
}
// * * * * * * * * * * * * * * * * * * * * * * * * * * * * * * * * * * * * * //

dimensions      [0 3 -1 0 0 0 0];

internalField   nonuniform List<scalar> 
6280
(
-2.03714e-07
2.03714e-07
-4.08129e-07
2.04415e-07
-6.17549e-07
2.0942e-07
-8.36628e-07
2.1908e-07
-1.07084e-06
2.34211e-07
-1.32709e-06
2.56249e-07
-1.61464e-06
2.87548e-07
-1.94657e-06
3.31937e-07
-2.34231e-06
3.9574e-07
-2.83198e-06
4.89661e-07
-3.46437e-06
6.32397e-07
-4.32204e-06
8.57667e-07
-5.55025e-06
1.22821e-06
-7.41435e-06
1.8641e-06
-1.04152e-05
3.00083e-06
-1.55248e-05
5.10962e-06
-2.23661e-05
6.84129e-06
-2.33892e-05
1.02309e-06
-2.37838e-05
3.9464e-07
-2.40643e-05
2.80477e-07
-2.42823e-05
2.18041e-07
-2.44584e-05
1.76056e-07
-2.4604e-05
1.45625e-07
-2.47267e-05
1.22647e-07
-2.48315e-05
1.04814e-07
-2.49222e-05
9.06728e-08
-2.50014e-05
7.9262e-08
-2.50713e-05
6.99162e-08
-2.51335e-05
6.21616e-08
-2.51891e-05
5.56514e-08
-2.52393e-05
5.01251e-08
-2.47822e-05
-4.5706e-07
-2.34931e-05
-1.28914e-06
-2.22508e-05
-1.24229e-06
-2.09365e-05
-1.31432e-06
-1.93288e-05
-1.60766e-06
-1.71143e-05
-2.21449e-06
-1.38314e-05
-3.28292e-06
-8.76526e-06
-5.06614e-06
-7.44957e-06
-1.31569e-06
-1.94525e-07
3.98238e-07
-3.89031e-07
3.98922e-07
-5.8685e-07
4.07238e-07
-7.91374e-07
4.23604e-07
-1.00624e-06
4.49076e-07
-1.23546e-06
4.85474e-07
-1.48353e-06
5.35613e-07
-1.75525e-06
6.03655e-07
-2.05514e-06
6.95629e-07
-2.38555e-06
8.20078e-07
-2.74188e-06
9.88722e-07
-3.1008e-06
1.21659e-06
-3.39272e-06
1.52013e-06
-3.43778e-06
1.90916e-06
-2.79957e-06
2.36261e-06
-4.53484e-07
2.76354e-06
3.65191e-06
2.7359e-06
2.81351e-06
1.86148e-06
1.89968e-06
1.30848e-06
1.19132e-06
9.88835e-07
6.07333e-07
8.02027e-07
8.73944e-08
6.95996e-07
-4.12235e-07
6.45254e-07
-9.28994e-07
6.39407e-07
-1.50258e-06
6.78401e-07
-2.18372e-06
7.71809e-07
-3.0458e-06
9.41347e-07
-4.20308e-06
1.22719e-06
-5.84096e-06
1.70004e-06
-8.26814e-06
2.48283e-06
-1.19575e-05
3.73945e-06
-1.42029e-05
1.78836e-06
-1.56823e-05
1.90234e-07
-1.7074e-05
1.4941e-07
-1.85137e-05
1.25418e-07
-2.02258e-05
1.04458e-07
-2.2525e-05
8.4712e-08
-2.58731e-05
6.51979e-08
-2.65004e-05
-4.43888e-06
-3.2786e-05
-1.164e-06
-1.78034e-07
5.76273e-07
-3.54978e-07
5.75866e-07
-5.32716e-07
5.84976e-07
-7.12895e-07
6.03782e-07
-8.96832e-07
6.33012e-07
-1.0853e-06
6.73947e-07
-1.27813e-06
7.28439e-07
-1.47338e-06
7.9891e-07
-1.66602e-06
8.88269e-07
-1.84555e-06
9.99602e-07
-1.99225e-06
1.13542e-06
-2.07173e-06
1.29608e-06
-2.02835e-06
1.47675e-06
-1.78167e-06
1.66247e-06
-1.24046e-06
1.82141e-06
-3.76682e-07
1.89977e-06
5.26633e-07
1.83258e-06
7.74547e-07
1.61357e-06
6.95111e-07
1.38792e-06
4.78482e-07
1.20546e-06
2.06586e-07
1.07392e-06
-8.64759e-08
9.89058e-07
-3.86392e-07
9.4517e-07
-6.85181e-07
9.38196e-07
-9.72964e-07
9.66183e-07
-1.22982e-06
1.02867e-06
-1.41354e-06
1.12507e-06
-1.43775e-06
1.2514e-06
-1.1313e-06
1.39359e-06
-1.62352e-07
1.51388e-06
2.05299e-06
1.52411e-06
2.59962e-06
1.24173e-06
1.86898e-06
9.20876e-07
1.294e-06
7.24389e-07
8.14454e-07
6.04966e-07
3.8181e-07
5.37102e-07
-4.24406e-08
5.08962e-07
-4.9173e-07
5.14487e-07
-4.82285e-06
-1.07755e-07
-3.94972e-05
1.88838e-06
-1.57161e-07
7.33434e-07
-3.12244e-07
7.30949e-07
-4.65771e-07
7.38503e-07
-6.17898e-07
7.5591e-07
-7.68225e-07
7.83339e-07
-9.15514e-07
8.21236e-07
-1.05729e-06
8.70211e-07
-1.18926e-06
9.30881e-07
-1.30459e-06
1.0036e-06
-1.39303e-06
1.08804e-06
-1.44015e-06
1.18254e-06
-1.42731e-06
1.28324e-06
-1.33357e-06
1.383e-06
-1.14172e-06
1.47063e-06
-8.5135e-07
1.53104e-06
-4.99771e-07
1.54819e-06
-1.79699e-07
1.51251e-06
1.51154e-09
1.43236e-06
5.34131e-08
1.33601e-06
1.42803e-08
1.2446e-06
-8.09757e-08
1.16918e-06
-2.0605e-07
1.11413e-06
-3.41093e-07
1.08021e-06
-4.69227e-07
1.06633e-06
-5.73315e-07
1.07027e-06
-6.33316e-07
1.08867e-06
-6.24703e-07
1.11645e-06
-5.19297e-07
1.146e-06
-2.91962e-07
1.16625e-06
5.91951e-08
1.16272e-06
4.63097e-07
1.12021e-06
6.72142e-07
1.03268e-06
6.64763e-07
9.28255e-07
5.55689e-07
8.33462e-07
4.04141e-07
7.56514e-07
2.42997e-07
6.98246e-07
9.54205e-08
6.56539e-07
-1.77092e-08
6.27617e-07
-2.02796e-07
7.73322e-08
-3.99506e-05
2.50584e-07
-1.3481e-07
8.68244e-07
-2.66901e-07
8.6304e-07
-3.95823e-07
8.67425e-07
-5.20805e-07
8.80891e-07
-6.4058e-07
9.03115e-07
-7.53199e-07
9.33854e-07
-8.55809e-07
9.72821e-07
-9.44452e-07
1.01952e-06
-1.01392e-06
1.07307e-06
-1.05777e-06
1.13189e-06
-1.06874e-06
1.19351e-06
-1.03979e-06
1.25429e-06
-9.66109e-07
1.30932e-06
-8.48248e-07
1.35277e-06
-6.95907e-07
1.37869e-06
-5.30449e-07
1.38273e-06
-3.82101e-07
1.36416e-06
-2.77208e-07
1.32746e-06
-2.22277e-07
1.28108e-06
-2.10837e-07
1.23316e-06
-2.31194e-07
1.18953e-06
-2.70633e-07
1.15357e-06
-3.16997e-07
1.12658e-06
-3.58979e-07
1.10831e-06
-3.86066e-07
1.09736e-06
-3.88697e-07
1.0913e-06
-3.59091e-07
1.08685e-06
-2.93112e-07
1.08002e-06
-1.93364e-07
1.06651e-06
-7.31088e-08
1.04247e-06
4.12916e-08
1.00581e-06
1.16199e-07
9.57773e-07
1.40759e-07
9.03695e-07
1.24686e-07
8.49535e-07
8.17997e-08
7.99401e-07
2.44502e-08
7.55595e-07
-3.82283e-08
7.19218e-07
-1.01351e-07
6.90739e-07
-1.35601e-07
1.11582e-07
-4.02718e-05
1.8563e-07
-1.13194e-07
9.81438e-07
-2.23429e-07
9.73275e-07
-3.29715e-07
9.73711e-07
-4.30869e-07
9.82045e-07
-5.25399e-07
9.97646e-07
-6.11414e-07
1.01987e-06
-6.86564e-07
1.04797e-06
-7.48038e-07
1.081e-06
-7.92675e-07
1.1177e-06
-8.1721e-07
1.15643e-06
-8.1876e-07
1.19507e-06
-7.95551e-07
1.23108e-06
-7.47872e-07
1.26164e-06
-6.79065e-07
1.28396e-06
-5.96133e-07
1.29576e-06
-5.0931e-07
1.29591e-06
-4.3001e-07
1.28486e-06
-3.67344e-07
1.2648e-06
-3.25269e-07
1.23901e-06
-3.02993e-07
1.21088e-06
-2.96638e-07
1.18318e-06
-3.0079e-07
1.15772e-06
-3.09587e-07
1.13537e-06
-3.17405e-07
1.11613e-06
-3.19356e-07
1.09931e-06
-3.11748e-07
1.08369e-06
-2.92612e-07
1.06771e-06
-2.62271e-07
1.04968e-06
-2.23792e-07
1.02803e-06
-1.82975e-07
1.00165e-06
-1.47334e-07
9.70168e-07
-1.23663e-07
9.34101e-07
-1.14699e-07
8.94732e-07
-1.18753e-07
8.53589e-07
-1.31387e-07
8.12035e-07
-1.46984e-07
7.71192e-07
-1.59919e-07
7.32153e-07
-1.65572e-07
6.96392e-07
-1.32285e-07
7.82958e-08
-4.05915e-05
1.87458e-07
-9.36479e-08
1.07509e-06
-1.84411e-07
1.06404e-06
-2.71102e-07
1.0604e-06
-3.5247e-07
1.06341e-06
-4.27132e-07
1.07231e-06
-4.93554e-07
1.08629e-06
-5.5006e-07
1.10448e-06
-5.94905e-07
1.12584e-06
-6.26407e-07
1.1492e-06
-6.43166e-07
1.17319e-06
-6.44361e-07
1.19626e-06
-6.30092e-07
1.21681e-06
-6.01715e-07
1.23326e-06
-5.62031e-07
1.24428e-06
-5.15211e-07
1.24894e-06
-4.66292e-07
1.24699e-06
-4.20283e-07
1.23885e-06
-3.81102e-07
1.22562e-06
-3.50857e-07
1.20876e-06
-3.29802e-07
1.18983e-06
-3.16749e-07
1.17013e-06
-3.09632e-07
1.15061e-06
-3.06034e-07
1.13177e-06
-3.03626e-07
1.11372e-06
-3.00522e-07
1.0962e-06
-2.95544e-07
1.07871e-06
-2.88432e-07
1.0606e-06
-2.79927e-07
1.04117e-06
-2.71702e-07
1.01981e-06
-2.66069e-07
9.96018e-07
-2.65403e-07
9.69503e-07
-2.71388e-07
9.40086e-07
-2.84249e-07
9.07593e-07
-3.02308e-07
8.71649e-07
-3.21732e-07
8.31459e-07
-3.36153e-07
7.85613e-07
-3.35909e-07
7.31908e-07
-3.06695e-07
6.67178e-07
-1.29282e-07
-9.91169e-08
-4.09161e-05
1.9531e-07
-7.67479e-08
1.15183e-06
-1.50879e-07
1.13817e-06
-2.21222e-07
1.13075e-06
-2.86633e-07
1.12882e-06
-3.45963e-07
1.13164e-06
-3.98067e-07
1.1384e-06
-4.41834e-07
1.14824e-06
-4.76255e-07
1.16026e-06
-5.00522e-07
1.17347e-06
-5.14157e-07
1.18682e-06
-5.17155e-07
1.19926e-06
-5.1011e-07
1.20977e-06
-4.94294e-07
1.21745e-06
-4.7164e-07
1.22162e-06
-4.44588e-07
1.22189e-06
-4.15802e-07
1.2182e-06
-3.8779e-07
1.21084e-06
-3.62539e-07
1.20037e-06
-3.41288e-07
1.18751e-06
-3.24496e-07
1.17303e-06
-3.11981e-07
1.15761e-06
-3.03141e-07
1.14177e-06
-2.97201e-07
1.12583e-06
-2.93438e-07
1.10996e-06
-2.91374e-07
1.09414e-06
-2.90917e-07
1.07826e-06
-2.92448e-07
1.06213e-06
-2.96846e-07
1.04557e-06
-3.05443e-07
1.0284e-06
-3.19924e-07
1.0105e-06
-3.4217e-07
9.91749e-07
-3.74104e-07
9.7202e-07
-4.1756e-07
9.51049e-07
-4.74215e-07
9.28303e-07
-5.45507e-07
9.02751e-07
-6.32431e-07
8.72537e-07
-7.34988e-07
8.34465e-07
-8.50922e-07
7.83112e-07
-1.16535e-07
-8.33504e-07
-4.12429e-05
2.10207e-07
-6.2558e-08
1.21439e-06
-1.22852e-07
1.19846e-06
-1.79837e-07
1.18773e-06
-2.3254e-07
1.18153e-06
-2.80057e-07
1.17915e-06
-3.21563e-07
1.1799e-06
-3.56341e-07
1.18302e-06
-3.83831e-07
1.18775e-06
-4.03681e-07
1.19332e-06
-4.15814e-07
1.19895e-06
-4.20481e-07
1.20392e-06
-4.18295e-07
1.20758e-06
-4.10228e-07
1.20938e-06
-3.97556e-07
1.20895e-06
-3.81752e-07
1.20609e-06
-3.64338e-07
1.20079e-06
-3.46719e-07
1.19322e-06
-3.30044e-07
1.18369e-06
-3.15128e-07
1.1726e-06
-3.02437e-07
1.16034e-06
-2.9215e-07
1.14732e-06
-2.84254e-07
1.13387e-06
-2.78664e-07
1.12024e-06
-2.75327e-07
1.10662e-06
-2.7433e-07
1.09314e-06
-2.75978e-07
1.0799e-06
-2.8085e-07
1.067e-06
-2.89843e-07
1.05456e-06
-3.04212e-07
1.04277e-06
-3.25617e-07
1.0319e-06
-3.56225e-07
1.02236e-06
-3.98907e-07
1.0147e-06
-4.57592e-07
1.00973e-06
-5.37893e-07
1.0086e-06
-6.48151e-07
1.01301e-06
-8.01146e-07
1.02553e-06
-1.0169e-06
1.05022e-06
-1.32711e-06
1.09332e-06
-9.34159e-08
-2.0672e-06
-4.15633e-05
2.2697e-07
-5.08558e-08
1.26525e-06
-9.98145e-08
1.24742e-06
-1.45991e-07
1.23391e-06
-1.88593e-07
1.22413e-06
-2.26925e-07
1.21749e-06
-2.60398e-07
1.21337e-06
-2.88548e-07
1.21117e-06
-3.11064e-07
1.21027e-06
-3.27812e-07
1.21007e-06
-3.38861e-07
1.21e-06
-3.44498e-07
1.20956e-06
-3.45225e-07
1.20831e-06
-3.41738e-07
1.20589e-06
-3.34879e-07
1.20209e-06
-3.25571e-07
1.19678e-06
-3.14742e-07
1.18996e-06
-3.03247e-07
1.18173e-06
-2.91812e-07
1.17226e-06
-2.80998e-07
1.16178e-06
-2.71201e-07
1.15055e-06
-2.62677e-07
1.1388e-06
-2.55585e-07
1.12678e-06
-2.50035e-07
1.11469e-06
-2.46145e-07
1.10273e-06
-2.44083e-07
1.09108e-06
-2.44097e-07
1.07992e-06
-2.46543e-07
1.06945e-06
-2.51894e-07
1.05991e-06
-2.6074e-07
1.05162e-06
-2.73779e-07
1.04494e-06
-2.91809e-07
1.04039e-06
-3.15697e-07
1.03859e-06
-3.46315e-07
1.04035e-06
-3.84415e-07
1.0467e-06
-4.30336e-07
1.05893e-06
-4.83412e-07
1.07861e-06
-5.40803e-07
1.10761e-06
-5.94617e-07
1.14714e-06
-1.05253e-07
-2.55656e-06
-4.18735e-05
2.05022e-07
-4.12983e-08
1.30655e-06
-8.10376e-08
1.28716e-06
-1.18493e-07
1.27136e-06
-1.53032e-07
1.25867e-06
-1.84124e-07
1.24858e-06
-2.11342e-07
1.24059e-06
-2.34378e-07
1.23421e-06
-2.53052e-07
1.22894e-06
-2.67323e-07
1.22434e-06
-2.77296e-07
1.21998e-06
-2.83216e-07
1.21548e-06
-2.85461e-07
1.21055e-06
-2.84515e-07
1.20495e-06
-2.80939e-07
1.19851e-06
-2.75328e-07
1.19117e-06
-2.68271e-07
1.1829e-06
-2.60316e-07
1.17377e-06
-2.51933e-07
1.16388e-06
-2.43509e-07
1.15336e-06
-2.35334e-07
1.14237e-06
-2.2762e-07
1.13109e-06
-2.20507e-07
1.11967e-06
-2.14092e-07
1.10828e-06
-2.08435e-07
1.09708e-06
-2.03577e-07
1.08622e-06
-1.99543e-07
1.07588e-06
-1.96327e-07
1.06623e-06
-1.93879e-07
1.05746e-06
-1.9206e-07
1.0498e-06
-1.90593e-07
1.04348e-06
-1.88977e-07
1.03877e-06
-1.86377e-07
1.03599e-06
-1.81456e-07
1.03543e-06
-1.72157e-07
1.03741e-06
-1.55397e-07
1.04217e-06
-1.26663e-07
1.04987e-06
-7.95251e-08
1.06047e-06
-4.65165e-09
1.07227e-06
-1.22045e-07
-2.43917e-06
-4.21488e-05
1.53192e-07
-3.35215e-08
1.34007e-06
-6.57768e-08
1.31942e-06
-9.6182e-08
1.30177e-06
-1.24238e-07
1.28672e-06
-1.49536e-07
1.27388e-06
-1.7176e-07
1.26282e-06
-1.90695e-07
1.25314e-06
-2.06229e-07
1.24448e-06
-2.18355e-07
1.23647e-06
-2.27165e-07
1.22879e-06
-2.32848e-07
1.22117e-06
-2.35675e-07
1.21338e-06
-2.35978e-07
1.20525e-06
-2.34131e-07
1.19667e-06
-2.30524e-07
1.18756e-06
-2.25538e-07
1.17792e-06
-2.19528e-07
1.16776e-06
-2.128e-07
1.15715e-06
-2.05607e-07
1.14616e-06
-1.98138e-07
1.1349e-06
-1.90527e-07
1.12348e-06
-1.82849e-07
1.11199e-06
-1.75126e-07
1.10055e-06
-1.67327e-07
1.08928e-06
-1.59367e-07
1.07826e-06
-1.51094e-07
1.06761e-06
-1.42278e-07
1.05742e-06
-1.32581e-07
1.04777e-06
-1.21528e-07
1.03874e-06
-1.08454e-07
1.0304e-06
-9.24536e-08
1.02277e-06
-7.23105e-08
1.01584e-06
-4.64158e-08
1.00954e-06
-1.26826e-08
1.00367e-06
3.15412e-08
9.97946e-07
8.95425e-08
9.91873e-07
1.65271e-07
9.84743e-07
2.63293e-07
9.74243e-07
-7.44148e-08
-2.10146e-06
-4.23069e-05
8.36718e-08
-2.71917e-08
1.36726e-06
-5.33613e-08
1.34559e-06
-7.80419e-08
1.32645e-06
-1.00839e-07
1.30952e-06
-1.21435e-07
1.29447e-06
-1.3959e-07
1.28097e-06
-1.55145e-07
1.2687e-06
-1.6802e-07
1.25735e-06
-1.78214e-07
1.24666e-06
-1.85798e-07
1.23637e-06
-1.90906e-07
1.22627e-06
-1.93724e-07
1.2162e-06
-1.94478e-07
1.206e-06
-1.93417e-07
1.19561e-06
-1.90798e-07
1.18494e-06
-1.86868e-07
1.17399e-06
-1.81856e-07
1.16275e-06
-1.75959e-07
1.15125e-06
-1.69334e-07
1.13954e-06
-1.62095e-07
1.12766e-06
-1.54312e-07
1.11569e-06
-1.46007e-07
1.10368e-06
-1.37153e-07
1.0917e-06
-1.27671e-07
1.0798e-06
-1.1743e-07
1.06802e-06
-1.06234e-07
1.05642e-06
-9.38166e-08
1.045e-06
-7.98305e-08
1.03378e-06
-6.38315e-08
1.02274e-06
-4.52664e-08
1.01184e-06
-2.34611e-08
1.00097e-06
2.38793e-09
9.89996e-07
3.32131e-08
9.78711e-07
7.00634e-08
9.66822e-07
1.14074e-07
9.53936e-07
1.66409e-07
9.39537e-07
2.28184e-07
9.22967e-07
3.00359e-07
9.02068e-07
1.0338e-08
-1.81144e-06
-4.22889e-05
-7.66387e-09
-2.20252e-08
1.38928e-06
-4.32272e-08
1.36679e-06
-6.3233e-08
1.34645e-06
-8.17295e-08
1.32802e-06
-9.84656e-08
1.31121e-06
-1.13254e-07
1.29576e-06
-1.25971e-07
1.28142e-06
-1.36552e-07
1.26794e-06
-1.44994e-07
1.2551e-06
-1.51341e-07
1.24272e-06
-1.55685e-07
1.23062e-06
-1.58151e-07
1.21866e-06
-1.5889e-07
1.20674e-06
-1.58067e-07
1.19478e-06
-1.5585e-07
1.18272e-06
-1.52402e-07
1.17054e-06
-1.47869e-07
1.15821e-06
-1.42377e-07
1.14576e-06
-1.36025e-07
1.13318e-06
-1.28879e-07
1.12052e-06
-1.20973e-07
1.10779e-06
-1.12307e-07
1.09502e-06
-1.02845e-07
1.08224e-06
-9.25123e-08
1.06946e-06
-8.11998e-08
1.05671e-06
-6.87592e-08
1.04397e-06
-5.50048e-08
1.03125e-06
-3.97152e-08
1.01849e-06
-2.26382e-08
1.00567e-06
-3.49919e-09
9.92697e-07
1.79828e-08
9.79486e-07
4.20695e-08
9.65909e-07
6.89648e-08
9.51816e-07
9.87562e-08
9.37031e-07
1.31333e-07
9.21359e-07
1.66266e-07
9.04604e-07
2.02648e-07
8.86585e-07
2.38892e-07
8.65825e-07
6.85779e-09
-1.57941e-06
-4.22649e-05
-1.70841e-08
-1.77908e-08
1.40708e-06
-3.49188e-08
1.38392e-06
-5.10848e-08
1.36262e-06
-6.6038e-08
1.34297e-06
-7.95774e-08
1.32475e-06
-9.15527e-08
1.30773e-06
-1.01862e-07
1.29173e-06
-1.10452e-07
1.27653e-06
-1.1731e-07
1.26196e-06
-1.22463e-07
1.24787e-06
-1.25969e-07
1.23412e-06
-1.27909e-07
1.2206e-06
-1.28384e-07
1.20722e-06
-1.27504e-07
1.1939e-06
-1.25378e-07
1.1806e-06
-1.22115e-07
1.16728e-06
-1.17811e-07
1.15391e-06
-1.12549e-07
1.1405e-06
-1.06394e-07
1.12703e-06
-9.93889e-08
1.11351e-06
-9.15564e-08
1.09995e-06
-8.28969e-08
1.08636e-06
-7.3389e-08
1.07273e-06
-6.2991e-08
1.05907e-06
-5.16428e-08
1.04536e-06
-3.92695e-08
1.0316e-06
-2.57858e-08
1.01776e-06
-1.11028e-08
1.00381e-06
4.86261e-09
9.89702e-07
2.21753e-08
9.75385e-07
4.08657e-08
9.60795e-07
6.09097e-08
9.45865e-07
8.2204e-08
9.30522e-07
1.04539e-07
9.14696e-07
1.27568e-07
8.9833e-07
1.50786e-07
8.81386e-07
1.73512e-07
8.63859e-07
1.94954e-07
8.44383e-07
5.26719e-09
-1.38972e-06
-4.22373e-05
-2.23931e-08
-1.43048e-08
1.42138e-06
-2.80756e-08
1.39769e-06
-4.10708e-08
1.37562e-06
-5.30875e-08
1.35499e-06
-6.39626e-08
1.33562e-06
-7.35726e-08
1.31734e-06
-8.18324e-08
1.29999e-06
-8.86928e-08
1.28339e-06
-9.41371e-08
1.2674e-06
-9.81767e-08
1.25191e-06
-1.00847e-07
1.23679e-06
-1.022e-07
1.22196e-06
-1.02302e-07
1.20732e-06
-1.01225e-07
1.19283e-06
-9.90458e-08
1.17842e-06
-9.58364e-08
1.16407e-06
-9.16642e-08
1.14974e-06
-8.65876e-08
1.13542e-06
-8.06543e-08
1.1211e-06
-7.38999e-08
1.10676e-06
-6.63477e-08
1.0924e-06
-5.8009e-08
1.07802e-06
-4.88849e-08
1.06361e-06
-3.89676e-08
1.04915e-06
-2.8244e-08
1.03464e-06
-1.66992e-08
1.02006e-06
-4.32152e-09
1.00538e-06
8.89154e-09
9.90597e-07
2.29264e-08
9.75667e-07
3.77455e-08
9.60566e-07
5.32783e-08
9.45263e-07
6.9413e-08
9.2973e-07
8.59885e-08
9.13946e-07
1.02788e-07
8.97896e-07
1.1954e-07
8.81578e-07
1.35919e-07
8.65007e-07
1.51563e-07
8.48215e-07
1.66149e-07
8.29797e-07
4.64861e-09
-1.22822e-06
-4.2207e-05
-2.56289e-08
-1.1423e-08
1.4328e-06
-2.24154e-08
1.40868e-06
-3.27807e-08
1.38598e-06
-4.23531e-08
1.36456e-06
-5.09984e-08
1.34427e-06
-5.86138e-08
1.32496e-06
-6.51266e-08
1.3065e-06
-7.04916e-08
1.28875e-06
-7.4689e-08
1.2716e-06
-7.77202e-08
1.25494e-06
-7.9605e-08
1.23868e-06
-8.03767e-08
1.22273e-06
-8.0079e-08
1.20702e-06
-7.87617e-08
1.19151e-06
-7.64775e-08
1.17614e-06
-7.3279e-08
1.16087e-06
-6.9216e-08
1.14568e-06
-6.43343e-08
1.13054e-06
-5.8674e-08
1.11544e-06
-5.22692e-08
1.10035e-06
-4.51482e-08
1.08528e-06
-3.73342e-08
1.07021e-06
-2.88467e-08
1.05512e-06
-1.97034e-08
1.04001e-06
-9.92264e-09
1.02486e-06
4.73745e-10
1.00966e-06
1.1457e-08
9.94401e-07
2.2988e-08
9.79066e-07
3.50135e-08
9.63642e-07
4.74625e-08
9.48117e-07
6.02436e-08
9.32481e-07
7.32426e-08
9.16731e-07
8.63221e-08
9.00867e-07
9.93234e-08
8.84895e-07
1.1207e-07
8.68832e-07
1.24375e-07
8.52702e-07
1.36051e-07
8.36539e-07
1.46981e-07
8.18868e-07
4.63183e-09
-1.08587e-06
-4.21747e-05
-2.76206e-08
-9.03217e-09
1.44184e-06
-1.77174e-08
1.41736e-06
-2.58942e-08
1.39416e-06
-3.34258e-08
1.37209e-06
-4.0201e-08
1.35104e-06
-4.61331e-08
1.33089e-06
-5.11593e-08
1.31152e-06
-5.52385e-08
1.29283e-06
-5.83494e-08
1.27471e-06
-6.04877e-08
1.25708e-06
-6.16633e-08
1.23985e-06
-6.18972e-08
1.22296e-06
-6.12192e-08
1.20635e-06
-5.96647e-08
1.18995e-06
-5.72724e-08
1.17374e-06
-5.40827e-08
1.15768e-06
-5.01357e-08
1.14173e-06
-4.54699e-08
1.12587e-06
-4.01223e-08
1.11009e-06
-3.41273e-08
1.09436e-06
-2.75176e-08
1.07867e-06
-2.03244e-08
1.06301e-06
-1.25789e-08
1.04737e-06
-4.31324e-09
1.03174e-06
4.43801e-09
1.01611e-06
1.36358e-08
1.00046e-06
2.32351e-08
9.84802e-07
3.31833e-08
9.69118e-07
4.34184e-08
9.53406e-07
5.38689e-08
9.37666e-07
6.44522e-08
9.21898e-07
7.50763e-08
9.06107e-07
8.56401e-08
8.90303e-07
9.60366e-08
8.74498e-07
1.06156e-07
8.58713e-07
1.15889e-07
8.42968e-07
1.25135e-07
8.27293e-07
1.33864e-07
8.10139e-07
5.04109e-09
-9.57049e-07
-4.21409e-05
-2.87901e-08
-7.0437e-09
1.44888e-06
-1.38082e-08
1.42413e-06
-2.01599e-08
1.40051e-06
-2.59851e-08
1.37792e-06
-3.11905e-08
1.35625e-06
-3.57028e-08
1.3354e-06
-3.94676e-08
1.31529e-06
-4.24479e-08
1.29581e-06
-4.46224e-08
1.27689e-06
-4.59837e-08
1.25844e-06
-4.65359e-08
1.2404e-06
-4.62926e-08
1.22272e-06
-4.52748e-08
1.20533e-06
-4.35089e-08
1.18819e-06
-4.10252e-08
1.17126e-06
-3.78565e-08
1.15451e-06
-3.40367e-08
1.13791e-06
-2.96004e-08
1.12144e-06
-2.45823e-08
1.10507e-06
-1.90168e-08
1.08879e-06
-1.29386e-08
1.07259e-06
-6.38285e-09
1.05646e-06
6.14337e-10
1.04038e-06
8.01509e-09
1.02434e-06
1.5779e-08
1.00834e-06
2.38625e-08
9.92379e-07
3.22179e-08
9.76446e-07
4.07931e-08
9.60542e-07
4.95314e-08
9.44668e-07
5.83714e-08
9.28826e-07
6.72477e-08
9.13022e-07
7.60917e-08
8.97263e-07
8.48331e-08
8.81561e-07
9.34016e-08
8.6593e-07
1.01729e-07
8.50385e-07
1.09753e-07
8.34945e-07
1.17416e-07
8.1963e-07
1.24748e-07
8.02807e-07
5.74251e-09
-8.38043e-07
-4.21058e-05
-2.93801e-08
-5.38741e-09
1.45427e-06
-1.05509e-08
1.42929e-06
-1.5379e-08
1.40534e-06
-1.97766e-08
1.38231e-06
-2.3665e-08
1.36014e-06
-2.69818e-08
1.33872e-06
-2.96799e-08
1.31799e-06
-3.17264e-08
1.29786e-06
-3.31011e-08
1.27826e-06
-3.37954e-08
1.25914e-06
-3.38101e-08
1.24042e-06
-3.31543e-08
1.22206e-06
-3.18437e-08
1.20402e-06
-2.98992e-08
1.18624e-06
-2.73456e-08
1.16871e-06
-2.42107e-08
1.15137e-06
-2.05243e-08
1.13422e-06
-1.63179e-08
1.11723e-06
-1.16241e-08
1.10038e-06
-6.47635e-09
1.08365e-06
-9.09051e-10
1.06703e-06
5.04232e-09
1.05051e-06
1.13411e-08
1.03408e-06
1.79491e-08
1.01773e-06
2.48264e-08
1.00146e-06
3.19312e-08
9.85274e-07
3.92197e-08
9.69158e-07
4.66461e-08
9.53116e-07
5.41629e-08
9.37151e-07
6.17212e-08
9.21268e-07
6.92715e-08
9.05471e-07
7.67644e-08
8.8977e-07
8.41519e-08
8.74174e-07
9.13884e-08
8.58693e-07
9.84317e-08
8.43341e-07
1.05245e-07
8.28131e-07
1.11798e-07
8.13077e-07
1.18125e-07
7.96479e-07
6.61069e-09
-7.26529e-07
-4.20696e-05
-2.95266e-08
-4.00739e-09
1.45827e-06
-7.83617e-09
1.43312e-06
-1.13926e-08
1.40889e-06
-1.45967e-08
1.38552e-06
-1.73817e-08
1.36292e-06
-1.96943e-08
1.34103e-06
-2.14938e-08
1.31979e-06
-2.27511e-08
1.29911e-06
-2.34479e-08
1.27896e-06
-2.35752e-08
1.25926e-06
-2.31325e-08
1.23998e-06
-2.21261e-08
1.22106e-06
-2.05686e-08
1.20246e-06
-1.8477e-08
1.18415e-06
-1.58725e-08
1.1661e-06
-1.27795e-08
1.14828e-06
-9.22456e-09
1.13067e-06
-5.23648e-09
1.11324e-06
-8.45464e-10
1.09598e-06
3.91695e-09
1.07888e-06
9.01807e-09
1.06192e-06
1.44242e-08
1.0451e-06
2.01006e-08
1.0284e-06
2.60117e-08
1.01182e-06
3.2121e-08
9.95356e-07
3.83911e-08
9.79004e-07
4.47842e-08
9.62765e-07
5.12621e-08
9.46638e-07
5.77864e-08
9.30627e-07
6.43195e-08
9.14735e-07
7.08243e-08
8.98967e-07
7.72658e-08
8.83329e-07
8.36108e-08
8.67829e-07
8.98292e-08
8.52475e-07
9.58941e-08
8.37277e-07
1.01783e-07
8.22243e-07
1.07476e-07
8.07383e-07
1.13036e-07
7.9092e-07
7.52499e-09
-6.21018e-07
-4.20328e-05
-2.931e-08
-2.85874e-09
1.46113e-06
-5.57606e-09
1.43584e-06
-8.07274e-09
1.41139e-06
-1.02808e-08
1.38773e-06
-1.21436e-08
1.36478e-06
-1.36153e-08
1.34251e-06
-1.46609e-08
1.32083e-06
-1.52548e-08
1.29971e-06
-1.53805e-08
1.27908e-06
-1.50298e-08
1.25891e-06
-1.42012e-08
1.23915e-06
-1.28997e-08
1.21975e-06
-1.11357e-08
1.2007e-06
-8.92372e-09
1.18194e-06
-6.28237e-09
1.16346e-06
-3.23319e-09
1.14523e-06
1.99754e-10
1.12724e-06
3.99031e-09
1.10945e-06
8.1107e-09
1.09186e-06
1.25318e-08
1.07446e-06
1.72234e-08
1.05723e-06
2.21544e-08
1.04017e-06
2.72933e-08
1.02326e-06
3.26079e-08
1.00651e-06
3.80659e-08
9.89897e-07
4.36352e-08
9.73435e-07
4.92836e-08
9.57116e-07
5.49799e-08
9.40942e-07
6.06936e-08
9.24913e-07
6.63957e-08
9.09033e-07
7.20588e-08
8.93304e-07
7.76576e-08
8.7773e-07
8.31692e-08
8.62317e-07
8.85738e-08
8.47071e-07
9.38545e-08
8.31996e-07
9.89982e-08
8.17099e-07
1.03996e-07
8.02386e-07
1.08903e-07
7.86013e-07
8.39152e-09
-5.20507e-07
-4.19956e-05
-2.87837e-08
-1.90513e-09
1.46304e-06
-3.69942e-09
1.43763e-06
-5.31539e-09
1.41301e-06
-6.69507e-09
1.38911e-06
-7.78989e-09
1.36588e-06
-8.56055e-09
1.34328e-06
-8.97654e-09
1.32125e-06
-9.01565e-09
1.29975e-06
-8.66327e-09
1.27873e-06
-7.91175e-09
1.25816e-06
-6.75962e-09
1.238e-06
-5.2109e-09
1.21821e-06
-3.27437e-09
1.19876e-06
-9.62938e-10
1.17963e-06
1.707e-09
1.16079e-06
4.7161e-09
1.14222e-06
8.04258e-09
1.12391e-06
1.16626e-08
1.10583e-06
1.55508e-08
1.08798e-06
1.96805e-08
1.07033e-06
2.40241e-08
1.05289e-06
2.85532e-08
1.03564e-06
3.32395e-08
1.01857e-06
3.80541e-08
1.00169e-06
4.29687e-08
9.84983e-07
4.79556e-08
9.68448e-07
5.29875e-08
9.52084e-07
5.80388e-08
9.35891e-07
6.30849e-08
9.19867e-07
6.81032e-08
9.04014e-07
7.30728e-08
8.88334e-07
7.79753e-08
8.72828e-07
8.27944e-08
8.57498e-07
8.75165e-08
8.42348e-07
9.21305e-08
8.27382e-07
9.66278e-08
8.12602e-07
1.01002e-07
7.98012e-07
1.05322e-07
7.81693e-07
9.17102e-09
-4.24356e-07
-4.19585e-05
-2.79815e-08
-1.11706e-09
1.46415e-06
-2.14836e-09
1.43866e-06
-3.03601e-09
1.41389e-06
-3.73018e-09
1.3898e-06
-4.18899e-09
1.36634e-06
-4.37842e-09
1.34347e-06
-4.27193e-09
1.32114e-06
-3.85003e-09
1.29933e-06
-3.0998e-09
1.27798e-06
-2.01433e-09
1.25707e-06
-5.92109e-10
1.23657e-06
1.16349e-09
1.21645e-06
3.24482e-09
1.19668e-06
5.64047e-09
1.17723e-06
8.33578e-09
1.15809e-06
1.13133e-08
1.13925e-06
1.45533e-08
1.12067e-06
1.8034e-08
1.10235e-06
2.1732e-08
1.08428e-06
2.56231e-08
1.06644e-06
2.96817e-08
1.04883e-06
3.3882e-08
1.03144e-06
3.81979e-08
1.01426e-06
4.26036e-08
9.97285e-07
4.70735e-08
9.80513e-07
5.15832e-08
9.63938e-07
5.6109e-08
9.47558e-07
6.06289e-08
9.31371e-07
6.51227e-08
9.15373e-07
6.95718e-08
8.99565e-07
7.396e-08
8.83946e-07
7.82735e-08
8.68514e-07
8.25006e-08
8.53271e-07
8.6632e-08
8.38217e-07
9.06609e-08
8.23353e-07
9.45828e-08
8.0868e-07
9.83951e-08
7.942e-07
1.02138e-07
7.7795e-07
9.87749e-09
-3.32096e-07
-4.19217e-05
-2.69379e-08
-4.70512e-10
1.46463e-06
-8.75764e-10
1.43907e-06
-1.16566e-09
1.41418e-06
-1.29696e-09
1.38993e-06
-1.23327e-09
1.36627e-06
-9.44867e-10
1.34318e-06
-4.08437e-10
1.32061e-06
3.93258e-10
1.29852e-06
1.47179e-09
1.2769e-06
2.83351e-09
1.25571e-06
4.47998e-09
1.23493e-06
6.40846e-09
1.21452e-06
8.61233e-09
1.19447e-06
1.10815e-08
1.17476e-06
1.3803e-08
1.15537e-06
1.6761e-08
1.13629e-06
1.99376e-08
1.11749e-06
2.33128e-08
1.09898e-06
2.68652e-08
1.08073e-06
3.0572e-08
1.06273e-06
3.44096e-08
1.04499e-06
3.83539e-08
1.02749e-06
4.23803e-08
1.01023e-06
4.64646e-08
9.93201e-07
5.0583e-08
9.76394e-07
5.47127e-08
9.59809e-07
5.88318e-08
9.43439e-07
6.29203e-08
9.27282e-07
6.69601e-08
9.11334e-07
7.09351e-08
8.9559e-07
7.48318e-08
8.80049e-07
7.86389e-08
8.64707e-07
8.2348e-08
8.49562e-07
8.59531e-08
8.34612e-07
8.94504e-08
8.19856e-07
9.28383e-08
8.05292e-07
9.6117e-08
7.90921e-07
9.93084e-08
7.74759e-07
1.05653e-08
-2.43353e-07
-4.18854e-05
-2.56871e-08
5.40052e-11
1.46457e-06
1.56651e-10
1.43897e-06
3.51727e-10
1.41399e-06
6.77115e-10
1.38961e-06
1.16482e-09
1.36579e-06
1.84112e-09
1.3425e-06
2.72677e-09
1.31972e-06
3.83728e-09
1.29741e-06
5.18326e-09
1.27556e-06
6.77075e-09
1.25413e-06
8.60159e-09
1.2331e-06
1.06738e-08
1.21245e-06
1.29818e-08
1.19217e-06
1.5517e-08
1.17223e-06
1.8268e-08
1.15262e-06
2.12207e-08
1.13333e-06
2.43588e-08
1.11435e-06
2.76641e-08
1.09567e-06
3.11168e-08
1.07727e-06
3.46956e-08
1.05916e-06
3.83779e-08
1.04131e-06
4.21405e-08
1.02373e-06
4.59595e-08
1.00641e-06
4.98112e-08
9.89349e-07
5.36716e-08
9.72534e-07
5.75179e-08
9.55962e-07
6.1328e-08
9.39629e-07
6.50817e-08
9.23528e-07
6.87605e-08
9.07655e-07
7.23487e-08
8.92002e-07
7.58331e-08
8.76565e-07
7.92039e-08
8.61336e-07
8.24542e-08
8.46312e-07
8.55805e-08
8.31486e-07
8.85825e-08
8.16854e-07
9.14626e-08
8.02412e-07
9.42253e-08
7.88158e-07
9.68498e-08
7.72135e-07
1.13057e-08
-1.57809e-07
-4.18498e-05
-2.42679e-08
4.72303e-10
1.4641e-06
9.79914e-10
1.43846e-06
1.56153e-09
1.41341e-06
2.25074e-09
1.38892e-06
3.07605e-09
1.36496e-06
4.06103e-09
1.34152e-06
5.22448e-09
1.31856e-06
6.58072e-09
1.29606e-06
8.1398e-09
1.274e-06
9.90777e-09
1.25236e-06
1.18871e-08
1.23112e-06
1.40766e-08
1.21026e-06
1.64724e-08
1.18977e-06
1.90672e-08
1.16963e-06
2.18516e-08
1.14984e-06
2.48134e-08
1.13037e-06
2.79382e-08
1.11123e-06
3.12098e-08
1.0924e-06
3.46097e-08
1.07387e-06
3.8118e-08
1.05565e-06
4.17132e-08
1.03772e-06
4.53724e-08
1.02007e-06
4.90714e-08
1.00271e-06
5.27856e-08
9.85635e-07
5.64897e-08
9.6883e-07
6.01584e-08
9.52294e-07
6.37668e-08
9.36021e-07
6.72916e-08
9.20004e-07
7.07109e-08
9.04235e-07
7.40057e-08
8.88707e-07
7.71601e-08
8.7341e-07
8.01625e-08
8.58334e-07
8.30057e-08
8.43468e-07
8.56874e-08
8.28804e-07
8.82103e-08
8.14331e-07
9.05814e-08
8.00041e-07
9.28115e-08
7.85928e-07
9.48486e-08
7.70097e-07
1.21723e-08
-7.51325e-08
-4.18149e-05
-2.27193e-08
7.97158e-10
1.4633e-06
1.61908e-09
1.43764e-06
2.50035e-09
1.41253e-06
3.47112e-09
1.38795e-06
4.55714e-09
1.36388e-06
5.77989e-09
1.34029e-06
7.15679e-09
1.31718e-06
8.70137e-09
1.29451e-06
1.04235e-08
1.27228e-06
1.23297e-08
1.25045e-06
1.44233e-08
1.22902e-06
1.67045e-08
1.20798e-06
1.9171e-08
1.1873e-06
2.18178e-08
1.16699e-06
2.46375e-08
1.14702e-06
2.76204e-08
1.12739e-06
3.07546e-08
1.10809e-06
3.40262e-08
1.08913e-06
3.74191e-08
1.07048e-06
4.09149e-08
1.05215e-06
4.44935e-08
1.03414e-06
4.81325e-08
1.01643e-06
5.18074e-08
9.9904e-07
5.54919e-08
9.81951e-07
5.91578e-08
9.65164e-07
6.27755e-08
9.48676e-07
6.63145e-08
9.32482e-07
6.9744e-08
9.16574e-07
7.3034e-08
9.00945e-07
7.61566e-08
8.85585e-07
7.90872e-08
8.7048e-07
8.18063e-08
8.55615e-07
8.43012e-08
8.40974e-07
8.6567e-08
8.26538e-07
8.8608e-08
8.1229e-07
9.04373e-08
7.98212e-07
9.20763e-08
7.84289e-07
9.34501e-08
7.68724e-07
1.32265e-08
5.09101e-09
-4.17806e-05
-2.10752e-08
1.0389e-09
1.46226e-06
2.09437e-09
1.43658e-06
3.19766e-09
1.41142e-06
4.37614e-09
1.38677e-06
5.65337e-09
1.3626e-06
7.04926e-09
1.3389e-06
8.58025e-09
1.31565e-06
1.02595e-08
1.29283e-06
1.2097e-08
1.27044e-06
1.41001e-08
1.24845e-06
1.62732e-08
1.22685e-06
1.86184e-08
1.20563e-06
2.11355e-08
1.18479e-06
2.38219e-08
1.1643e-06
2.66732e-08
1.14417e-06
2.9683e-08
1.12438e-06
3.28426e-08
1.10494e-06
3.61416e-08
1.08583e-06
3.95672e-08
1.06705e-06
4.31045e-08
1.04861e-06
4.67357e-08
1.03051e-06
5.04406e-08
1.01273e-06
5.41956e-08
9.95285e-07
5.79735e-08
9.78173e-07
6.17435e-08
9.61394e-07
6.54708e-08
9.44949e-07
6.91165e-08
9.28836e-07
7.26385e-08
9.13052e-07
7.59917e-08
8.97592e-07
7.91301e-08
8.82446e-07
8.20088e-08
8.67601e-07
8.45872e-08
8.53036e-07
8.68331e-08
8.38728e-07
8.87269e-08
8.24644e-07
9.02661e-08
8.10751e-07
9.14682e-08
7.9701e-07
9.23718e-08
7.83385e-07
9.28892e-08
7.68206e-07
1.45049e-08
8.34754e-08
-4.17468e-05
-1.9353e-08
1.20596e-09
1.46106e-06
2.42226e-09
1.43537e-06
3.67738e-09
1.41017e-06
4.99637e-09
1.38545e-06
6.40104e-09
1.36119e-06
7.91007e-09
1.33739e-06
9.5392e-09
1.31402e-06
1.13015e-08
1.29107e-06
1.32073e-08
1.26853e-06
1.52649e-08
1.24639e-06
1.74802e-08
1.22464e-06
1.98574e-08
1.20326e-06
2.23986e-08
1.18224e-06
2.51044e-08
1.16159e-06
2.7974e-08
1.1413e-06
3.10049e-08
1.12135e-06
3.4193e-08
1.10175e-06
3.75328e-08
1.08249e-06
4.1017e-08
1.06357e-06
4.4636e-08
1.045e-06
4.83779e-08
1.02676e-06
5.22278e-08
1.00888e-06
5.61666e-08
9.91346e-07
6.01706e-08
9.74169e-07
6.42102e-08
9.57354e-07
6.82485e-08
9.4091e-07
7.22401e-08
9.24844e-07
7.61298e-08
9.09163e-07
7.98521e-08
8.9387e-07
8.33313e-08
8.78967e-07
8.64831e-08
8.64449e-07
8.92189e-08
8.50301e-07
9.14524e-08
8.36494e-07
9.31106e-08
8.22986e-07
9.41473e-08
8.09714e-07
9.45598e-08
7.96597e-07
9.44022e-08
7.83543e-07
9.36017e-08
7.69007e-07
1.6002e-08
1.61075e-07
-4.17132e-05
-1.75405e-08
1.30535e-09
1.45975e-06
2.61645e-09
1.43405e-06
3.95934e-09
1.40882e-06
5.35709e-09
1.38405e-06
6.82995e-09
1.35972e-06
8.39558e-09
1.33582e-06
1.00692e-08
1.31235e-06
1.18637e-08
1.28928e-06
1.37901e-08
1.26661e-06
1.58575e-08
1.24432e-06
1.80735e-08
1.22242e-06
2.04442e-08
1.20089e-06
2.29745e-08
1.17971e-06
2.56683e-08
1.1589e-06
2.85286e-08
1.13844e-06
3.15577e-08
1.11832e-06
3.47572e-08
1.09855e-06
3.81278e-08
1.07912e-06
4.16697e-08
1.06003e-06
4.5382e-08
1.04128e-06
4.92623e-08
1.02288e-06
5.33064e-08
1.00484e-06
5.75072e-08
9.87145e-07
6.18529e-08
9.69823e-07
6.63258e-08
9.52881e-07
7.08992e-08
9.36337e-07
7.5534e-08
9.2021e-07
8.0174e-08
9.04523e-07
8.47413e-08
8.89303e-07
8.91298e-08
8.74579e-07
9.32006e-08
8.60378e-07
9.6778e-08
8.46723e-07
9.96527e-08
8.3362e-07
1.01593e-07
8.21045e-07
1.02376e-07
8.08932e-07
1.01834e-07
7.97139e-07
9.99396e-08
7.85437e-07
9.66414e-08
7.72305e-07
1.76619e-08
2.40054e-07
-4.168e-05
-1.55775e-08
1.34318e-09
1.45841e-06
2.68883e-09
1.43271e-06
4.06074e-09
1.40745e-06
5.48012e-09
1.38263e-06
6.96577e-09
1.35824e-06
8.53431e-09
1.33425e-06
1.02004e-08
1.31068e-06
1.19768e-08
1.2875e-06
1.38749e-08
1.26471e-06
1.59046e-08
1.24229e-06
1.80747e-08
1.22025e-06
2.03932e-08
1.19857e-06
2.28675e-08
1.17724e-06
2.55045e-08
1.15626e-06
2.8311e-08
1.13563e-06
3.1294e-08
1.11534e-06
3.44606e-08
1.09538e-06
3.78188e-08
1.07576e-06
4.13771e-08
1.05647e-06
4.51454e-08
1.03751e-06
4.91343e-08
1.01889e-06
5.33558e-08
1.00061e-06
5.78223e-08
9.82679e-07
6.25467e-08
9.65098e-07
6.75403e-08
9.47888e-07
7.2811e-08
9.31066e-07
7.83584e-08
9.14662e-07
8.4168e-08
8.98713e-07
9.01999e-08
8.83271e-07
9.63727e-08
8.68406e-07
1.02541e-07
8.5421e-07
1.08462e-07
8.40802e-07
1.13754e-07
8.28327e-07
1.17858e-07
8.16942e-07
1.2e-07
8.06789e-07
1.19233e-07
7.97906e-07
1.14625e-07
7.90045e-07
1.05504e-07
7.81425e-07
1.9431e-08
3.26128e-07
-4.16472e-05
-1.33221e-08
1.32504e-09
1.45708e-06
2.65033e-09
1.43138e-06
3.99741e-09
1.40611e-06
5.38563e-09
1.38124e-06
6.83228e-09
1.35679e-06
8.35285e-09
1.33273e-06
9.9612e-09
1.30907e-06
1.16698e-08
1.28579e-06
1.34899e-08
1.26289e-06
1.54319e-08
1.24035e-06
1.75055e-08
1.21818e-06
1.97197e-08
1.19635e-06
2.20837e-08
1.17488e-06
2.46065e-08
1.15374e-06
2.72978e-08
1.13294e-06
3.01679e-08
1.11247e-06
3.32285e-08
1.09232e-06
3.64931e-08
1.07249e-06
3.99776e-08
1.05299e-06
4.37009e-08
1.03379e-06
4.76861e-08
1.01491e-06
5.19616e-08
9.96338e-07
5.6562e-08
9.78078e-07
6.15305e-08
9.6013e-07
6.69203e-08
9.42498e-07
7.2797e-08
9.2519e-07
7.92407e-08
9.08218e-07
8.6347e-08
8.91607e-07
9.42252e-08
8.75393e-07
1.02991e-07
8.5964e-07
1.12745e-07
8.44456e-07
1.23521e-07
8.30027e-07
1.3518e-07
8.16667e-07
1.47195e-07
8.04927e-07
1.58221e-07
7.95763e-07
1.65276e-07
7.90851e-07
1.62193e-07
7.93128e-07
1.36318e-07
8.07301e-07
3.75302e-09
4.58692e-07
6.20053e-10
-1.01868e-08
1.25639e-09
1.45583e-06
2.51161e-09
1.43013e-06
3.78492e-09
1.40483e-06
5.09363e-09
1.37993e-06
6.45338e-09
1.35543e-06
7.87827e-09
1.33131e-06
9.38114e-09
1.30757e-06
1.09737e-08
1.2842e-06
1.26668e-08
1.26119e-06
1.44705e-08
1.23855e-06
1.63946e-08
1.21625e-06
1.84486e-08
1.1943e-06
2.0642e-08
1.17268e-06
2.29847e-08
1.1514e-06
2.54874e-08
1.13044e-06
2.81616e-08
1.10979e-06
3.10208e-08
1.08946e-06
3.40803e-08
1.06944e-06
3.73586e-08
1.04971e-06
4.08781e-08
1.03027e-06
4.46665e-08
1.01112e-06
4.87586e-08
9.92246e-07
5.31991e-08
9.73638e-07
5.80457e-08
9.55283e-07
6.33751e-08
9.37169e-07
6.92906e-08
9.19274e-07
7.59346e-08
9.01574e-07
8.35081e-08
8.84033e-07
9.23024e-08
8.66598e-07
1.02752e-07
8.49191e-07
1.15521e-07
8.31687e-07
1.31659e-07
8.13889e-07
1.52858e-07
7.95468e-07
1.81914e-07
7.7587e-07
2.23533e-07
7.54145e-07
2.85737e-07
7.28647e-07
3.82356e-07
6.96509e-07
5.36938e-07
6.52719e-07
4.07059e-07
5.88571e-07
5.35301e-07
-1.27621e-07
1.14281e-09
1.45468e-06
2.2837e-09
1.42899e-06
3.43942e-09
1.40368e-06
4.6251e-09
1.37875e-06
5.85445e-09
1.3542e-06
7.13998e-09
1.33002e-06
8.49311e-09
1.30621e-06
9.9244e-09
1.28277e-06
1.14437e-08
1.25968e-06
1.30603e-08
1.23693e-06
1.47833e-08
1.21453e-06
1.66214e-08
1.19246e-06
1.85836e-08
1.17072e-06
2.06789e-08
1.1493e-06
2.29171e-08
1.1282e-06
2.53085e-08
1.1074e-06
2.78647e-08
1.08691e-06
3.05987e-08
1.0667e-06
3.35255e-08
1.04678e-06
3.66628e-08
1.02713e-06
4.00313e-08
1.00775e-06
4.36562e-08
9.88621e-07
4.75681e-08
9.69726e-07
5.18046e-08
9.51047e-07
5.64119e-08
9.32561e-07
6.14471e-08
9.14239e-07
6.69802e-08
8.96041e-07
7.30958e-08
8.77918e-07
7.9892e-08
8.59802e-07
8.74751e-08
8.41608e-07
9.59412e-08
8.23221e-07
1.05334e-07
8.04497e-07
1.15548e-07
7.85254e-07
1.2614e-07
7.65279e-07
1.35935e-07
7.4435e-07
1.42281e-07
7.22301e-07
1.3962e-07
6.9917e-07
1.1682e-07
6.75518e-07
5.23321e-08
6.53059e-07
6.35875e-07
-4.82422e-08
9.90239e-10
1.45369e-06
1.97829e-09
1.428e-06
2.9782e-09
1.40268e-06
4.0027e-09
1.37772e-06
5.06337e-09
1.35314e-06
6.17079e-09
1.32892e-06
7.33469e-09
1.30505e-06
8.56408e-09
1.28154e-06
9.86739e-09
1.25837e-06
1.12526e-08
1.23555e-06
1.27273e-08
1.21305e-06
1.42989e-08
1.19089e-06
1.59748e-08
1.16904e-06
1.7762e-08
1.14751e-06
1.9668e-08
1.12629e-06
2.17e-08
1.10537e-06
2.38656e-08
1.08474e-06
2.61725e-08
1.06439e-06
2.86286e-08
1.04432e-06
3.12416e-08
1.02452e-06
3.40192e-08
1.00498e-06
3.69685e-08
9.85672e-07
4.00952e-08
9.66599e-07
4.34025e-08
9.47739e-07
4.68896e-08
9.29074e-07
5.05479e-08
9.10581e-07
5.43564e-08
8.92233e-07
5.82743e-08
8.74e-07
6.22281e-08
8.55848e-07
6.60941e-08
8.37742e-07
6.96708e-08
8.19644e-07
7.26404e-08
8.01527e-07
7.45177e-08
7.83376e-07
7.45867e-08
7.6521e-07
7.18383e-08
7.47098e-07
6.49411e-08
7.29198e-07
5.2327e-08
7.11784e-07
3.25636e-08
6.95282e-07
5.36925e-09
6.80254e-07
6.67291e-07
-2.60463e-08
8.04998e-10
1.45289e-06
1.60791e-09
1.4272e-06
2.41991e-09
1.40186e-06
3.2511e-09
1.37689e-06
4.11072e-09
1.35228e-06
5.0072e-09
1.32802e-06
5.9483e-09
1.30411e-06
6.94122e-09
1.28055e-06
7.99264e-09
1.25732e-06
9.10884e-09
1.23443e-06
1.02957e-08
1.21187e-06
1.15589e-08
1.18963e-06
1.29035e-08
1.1677e-06
1.43345e-08
1.14608e-06
1.58564e-08
1.12477e-06
1.7473e-08
1.10375e-06
1.91877e-08
1.08302e-06
2.10026e-08
1.06258e-06
2.29184e-08
1.04241e-06
2.4934e-08
1.02251e-06
2.70453e-08
1.00286e-06
2.92444e-08
9.83473e-07
3.15182e-08
9.64325e-07
3.38462e-08
9.45411e-07
3.6198e-08
9.26722e-07
3.853e-08
9.08249e-07
4.07807e-08
8.89982e-07
4.28654e-08
8.71915e-07
4.46698e-08
8.54044e-07
4.60418e-08
8.3637e-07
4.67849e-08
8.18901e-07
4.66523e-08
8.0166e-07
4.53461e-08
7.84683e-07
4.25275e-08
7.68028e-07
3.78452e-08
7.5178e-07
3.09921e-08
7.36051e-07
2.1801e-08
7.20975e-07
1.03809e-08
7.06702e-07
-2.73067e-09
6.93365e-07
6.8105e-07
-1.64903e-08
5.93845e-10
1.45229e-06
1.186e-09
1.4266e-06
1.78457e-09
1.40127e-06
2.39689e-09
1.37628e-06
3.02967e-09
1.35165e-06
3.68903e-09
1.32736e-06
4.38061e-09
1.30342e-06
5.10959e-09
1.27982e-06
5.88078e-09
1.25655e-06
6.69862e-09
1.23361e-06
7.5672e-09
1.211e-06
8.49022e-09
1.1887e-06
9.471e-09
1.16672e-06
1.05123e-08
1.14504e-06
1.16164e-08
1.12367e-06
1.27844e-08
1.10258e-06
1.40166e-08
1.08179e-06
1.53116e-08
1.06128e-06
1.66661e-08
1.04105e-06
1.80741e-08
1.0211e-06
1.95261e-08
1.00141e-06
2.1008e-08
9.81991e-07
2.25e-08
9.62833e-07
2.39753e-08
9.43936e-07
2.5398e-08
9.253e-07
2.67214e-08
9.06925e-07
2.78864e-08
8.88817e-07
2.88196e-08
8.70982e-07
2.94323e-08
8.53431e-07
2.96204e-08
8.36181e-07
2.92667e-08
8.19255e-07
2.82453e-08
8.02681e-07
2.64309e-08
7.86497e-07
2.37126e-08
7.70746e-07
2.00138e-08
7.55479e-07
1.53165e-08
7.40748e-07
9.68761e-09
7.26604e-07
3.30018e-09
7.13089e-07
-3.56231e-09
7.00228e-07
6.88019e-07
-1.05315e-08
3.63902e-10
1.45193e-06
7.2671e-10
1.42624e-06
1.09333e-09
1.4009e-06
1.46823e-09
1.37591e-06
1.85546e-09
1.35126e-06
2.25873e-09
1.32696e-06
2.68144e-09
1.303e-06
3.12674e-09
1.27937e-06
3.59747e-09
1.25608e-06
4.09628e-09
1.23311e-06
4.6255e-09
1.21047e-06
5.18722e-09
1.18814e-06
5.78316e-09
1.16612e-06
6.41462e-09
1.14441e-06
7.08234e-09
1.123e-06
7.78633e-09
1.10188e-06
8.52565e-09
1.08105e-06
9.29809e-09
1.06051e-06
1.00998e-08
1.04025e-06
1.09249e-08
1.02027e-06
1.17647e-08
1.00057e-06
1.26075e-08
9.81148e-07
1.34374e-08
9.62003e-07
1.42338e-08
9.4314e-07
1.49708e-08
9.24563e-07
1.56165e-08
9.0628e-07
1.61325e-08
8.88301e-07
1.64745e-08
8.7064e-07
1.65924e-08
8.53313e-07
1.64328e-08
8.36341e-07
1.59412e-08
8.19747e-07
1.50667e-08
8.03556e-07
1.37672e-08
7.87797e-07
1.20165e-08
7.72497e-07
9.81157e-09
7.57684e-07
7.17896e-09
7.43381e-07
4.17947e-09
7.29604e-07
9.08053e-10
7.16361e-07
-2.51203e-09
7.03648e-07
6.91449e-07
-5.94185e-09
1.22572e-10
2.44766e-10
3.68227e-10
4.94448e-10
6.24789e-10
7.60491e-10
9.02694e-10
1.05244e-09
1.21068e-09
1.37828e-09
1.55601e-09
1.74451e-09
1.94433e-09
2.15581e-09
2.3791e-09
2.61406e-09
2.86017e-09
3.11645e-09
3.38128e-09
3.6523e-09
3.92615e-09
4.19832e-09
4.46291e-09
4.71244e-09
4.93768e-09
5.12757e-09
5.26922e-09
5.34818e-09
5.34887e-09
5.25537e-09
5.05249e-09
4.72721e-09
4.27037e-09
3.67845e-09
2.95522e-09
2.11284e-09
1.17223e-09
1.6211e-10
-8.83063e-10
-1.92641e-09
7.77422e-06
-9.08991e-06
1.39227e-05
-6.14847e-06
1.78151e-05
-3.89245e-06
2.03355e-05
-2.52035e-06
2.20639e-05
-1.7284e-06
2.3402e-05
-1.33808e-06
2.46592e-05
-1.25722e-06
2.61127e-05
-1.4535e-06
2.80012e-05
-1.88848e-06
2.88328e-05
-8.31597e-07
2.8811e-05
2.17594e-08
2.87866e-05
2.43776e-08
2.87591e-05
2.74804e-08
2.8728e-05
3.11962e-08
2.86923e-05
3.56975e-08
2.8651e-05
4.12191e-08
2.86029e-05
4.80876e-08
2.85462e-05
5.67666e-08
2.84782e-05
6.79374e-08
2.83956e-05
8.26309e-08
2.82931e-05
1.02487e-07
2.81628e-05
1.30293e-07
2.79914e-05
1.71444e-07
2.77514e-05
2.3998e-07
2.73348e-05
4.16598e-07
2.06072e-05
6.72761e-06
1.31861e-05
7.42106e-06
8.98526e-06
4.20088e-06
6.46746e-06
2.5178e-06
4.86082e-06
1.60664e-06
3.76904e-06
1.09178e-06
2.98142e-06
7.87621e-07
2.38136e-06
6.00056e-07
1.90143e-06
4.79931e-07
1.5007e-06
4.00726e-07
1.15303e-06
3.4767e-07
8.40719e-07
3.12314e-07
5.50943e-07
2.89776e-07
2.73627e-07
2.77316e-07
2.73627e-07
3.20428e-05
-4.22967e-05
3.15523e-05
-5.65792e-06
2.76305e-05
2.93736e-08
2.50692e-05
4.09113e-08
2.3287e-05
5.38323e-08
2.18798e-05
6.90502e-08
2.05345e-05
8.81585e-08
1.89657e-05
1.15224e-07
1.69019e-05
1.75304e-07
1.36306e-05
2.43973e-06
9.27453e-06
4.37785e-06
6.45429e-06
2.84462e-06
4.56961e-06
1.91215e-06
3.25263e-06
1.34818e-06
2.28447e-06
1.00386e-06
1.53187e-06
7.93817e-07
9.10746e-07
6.69211e-07
3.64863e-07
6.0265e-07
-1.47228e-07
5.80028e-07
-6.61122e-07
5.96525e-07
-1.21421e-06
6.55574e-07
-1.85469e-06
7.70773e-07
-2.6554e-06
9.72154e-07
-3.73624e-06
1.32082e-06
-5.26056e-06
1.94092e-06
-1.61047e-06
3.07752e-06
2.34043e-06
3.47016e-06
3.51499e-06
3.02632e-06
3.59636e-06
2.43643e-06
3.28558e-06
1.91742e-06
2.86379e-06
1.51357e-06
2.43714e-06
1.21427e-06
2.04049e-06
9.96709e-07
1.68073e-06
8.39695e-07
1.35458e-06
7.26873e-07
1.05567e-06
6.46574e-07
7.77149e-07
5.9084e-07
5.12448e-07
5.54476e-07
2.55403e-07
5.34361e-07
5.2903e-07
4.07016e-06
-4.44785e-05
2.73017e-07
-1.86077e-06
-1.93627e-07
4.96017e-07
-6.34515e-07
4.818e-07
-1.07774e-06
4.97061e-07
-1.55594e-06
5.47246e-07
-2.1082e-06
6.40417e-07
-2.78787e-06
7.949e-07
-3.65823e-06
1.04566e-06
-2.67289e-06
1.4544e-06
-6.33221e-08
1.76827e-06
1.05107e-06
1.73023e-06
1.39758e-06
1.56565e-06
1.36703e-06
1.37873e-06
1.15834e-06
1.21255e-06
8.70181e-07
1.08197e-06
5.49414e-07
9.89978e-07
2.16482e-07
9.35582e-07
-1.21117e-07
9.17627e-07
-4.61227e-07
9.36635e-07
-8.01491e-07
9.95838e-07
-1.1325e-06
1.10178e-06
-1.42456e-06
1.26421e-06
-1.59734e-06
1.4936e-06
-1.44727e-06
1.79085e-06
-4.83318e-07
2.11357e-06
7.09124e-07
2.27772e-06
1.51108e-06
2.22436e-06
1.90698e-06
2.04054e-06
2.01585e-06
1.80855e-06
1.95097e-06
1.57845e-06
1.79128e-06
1.37396e-06
1.58502e-06
1.20296e-06
1.35931e-06
1.0654e-06
1.12819e-06
9.57997e-07
8.98063e-07
8.76698e-07
6.71061e-07
8.17843e-07
4.46914e-07
7.78623e-07
2.24022e-07
7.57253e-07
7.53052e-07
-4.29299e-08
-4.4185e-05
-2.65524e-07
-1.63818e-06
-4.05187e-07
6.3568e-07
-5.86166e-07
6.62778e-07
-7.86944e-07
6.97839e-07
-9.89099e-07
7.49402e-07
-1.16976e-06
8.21076e-07
-1.28999e-06
9.15134e-07
-1.27456e-06
1.03023e-06
-9.75238e-07
1.15507e-06
-4.60422e-07
1.25346e-06
-2.35715e-08
1.29338e-06
2.5766e-07
1.28442e-06
3.90193e-07
1.2462e-06
4.06139e-07
1.19661e-06
3.39282e-07
1.14883e-06
2.17576e-07
1.11168e-06
6.23136e-08
1.09084e-06
-1.10178e-07
1.09012e-06
-2.85907e-07
1.11236e-06
-4.50053e-07
1.15998e-06
-5.83139e-07
1.23487e-06
-6.56396e-07
1.33747e-06
-6.27364e-07
1.46457e-06
-4.41495e-07
1.60498e-06
-6.16234e-08
1.7337e-06
4.05455e-07
1.81064e-06
8.15144e-07
1.81467e-06
1.10063e-06
1.75505e-06
1.25519e-06
1.65399e-06
1.30002e-06
1.53362e-06
1.26334e-06
1.41064e-06
1.17059e-06
1.29572e-06
1.04134e-06
1.19465e-06
8.89315e-07
1.11002e-06
7.23487e-07
1.04253e-06
5.49324e-07
9.92006e-07
3.69879e-07
9.58068e-07
1.86611e-07
9.40521e-07
9.39663e-07
-6.62508e-08
-4.39331e-05
-2.15922e-07
-1.48851e-06
-3.16805e-07
7.36563e-07
-4.16955e-07
7.62928e-07
-5.11804e-07
7.92688e-07
-5.9309e-07
8.30688e-07
-6.49117e-07
8.77103e-07
-6.64987e-07
9.31004e-07
-6.24404e-07
9.89645e-07
-5.17068e-07
1.04774e-06
-3.6113e-07
1.09752e-06
-2.0021e-07
1.13246e-06
-6.711e-08
1.15132e-06
2.20895e-08
1.157e-06
6.42582e-08
1.15444e-06
6.40645e-08
1.14903e-06
3.004e-08
1.14571e-06
-2.77357e-08
1.14862e-06
-9.86228e-08
1.16101e-06
-1.71496e-07
1.18524e-06
-2.34283e-07
1.22277e-06
-2.73337e-07
1.27392e-06
-2.73227e-07
1.33736e-06
-2.17972e-07
1.40931e-06
-9.56268e-08
1.48264e-06
9.15434e-08
1.54653e-06
3.13776e-07
1.58841e-06
5.28447e-07
1.6e-06
7.02734e-07
1.58077e-06
8.20467e-07
1.53626e-06
8.79256e-07
1.47483e-06
8.84945e-07
1.40495e-06
8.46863e-07
1.3338e-06
7.74774e-07
1.26674e-06
6.77321e-07
1.20747e-06
5.61461e-07
1.15839e-06
4.32464e-07
1.121e-06
2.94164e-07
1.09637e-06
1.49319e-07
1.08537e-06
1.08898e-06
-6.67045e-08
-4.3679e-05
-1.95379e-07
-1.35983e-06
-2.48846e-07
7.9003e-07
-2.99557e-07
8.13639e-07
-3.44214e-07
8.37345e-07
-3.78753e-07
8.65227e-07
-3.98605e-07
8.96955e-07
-3.99323e-07
9.31722e-07
-3.77803e-07
9.68125e-07
-3.34238e-07
1.00417e-06
-2.74278e-07
1.03756e-06
-2.08159e-07
1.06634e-06
-1.46457e-07
1.08962e-06
-9.71743e-08
1.10771e-06
-6.46926e-08
1.12196e-06
-4.99381e-08
1.13427e-06
-5.10614e-08
1.14683e-06
-6.41854e-08
1.16174e-06
-8.40038e-08
1.18082e-06
-1.0419e-07
1.20542e-06
-1.17688e-07
1.23627e-06
-1.17034e-07
1.27327e-06
-9.49704e-08
1.31529e-06
-4.56244e-08
1.35996e-06
3.34751e-08
1.40354e-06
1.38809e-07
1.44119e-06
2.59317e-07
1.4679e-06
3.79356e-07
1.47996e-06
4.8401e-07
1.47611e-06
5.62653e-07
1.45762e-06
6.0992e-07
1.42756e-06
6.24946e-07
1.38993e-06
6.09927e-07
1.34882e-06
5.68713e-07
1.30796e-06
5.05735e-07
1.27045e-06
4.25327e-07
1.23879e-06
3.31395e-07
1.21494e-06
2.27311e-07
1.20045e-06
1.15977e-07
1.1967e-06
1.20496e-06
-6.70534e-08
-4.34166e-05
-1.8246e-07
-1.24443e-06
-2.08759e-07
8.16328e-07
-2.32996e-07
8.37876e-07
-2.53556e-07
8.57906e-07
-2.68503e-07
8.80174e-07
-2.75998e-07
9.04451e-07
-2.74586e-07
9.3031e-07
-2.63584e-07
9.57124e-07
-2.43515e-07
9.84103e-07
-2.16361e-07
1.01041e-06
-1.8533e-07
1.03531e-06
-1.54091e-07
1.05838e-06
-1.25944e-07
1.07957e-06
-1.03226e-07
1.09924e-06
-8.70087e-08
1.11805e-06
-7.70599e-08
1.13688e-06
-7.19646e-08
1.15665e-06
-6.93302e-08
1.17819e-06
-6.60351e-08
1.20213e-06
-5.85162e-08
1.22875e-06
-4.31273e-08
1.25788e-06
-1.6623e-08
1.28879e-06
2.31934e-08
1.32015e-06
7.66898e-08
1.35004e-06
1.41699e-07
1.37619e-06
2.13335e-07
1.39627e-06
2.84821e-07
1.40848e-06
3.49014e-07
1.41192e-06
3.99836e-07
1.40679e-06
4.3311e-07
1.39429e-06
4.46752e-07
1.37629e-06
4.40512e-07
1.35506e-06
4.155e-07
1.33297e-06
3.73683e-07
1.31227e-06
3.17479e-07
1.295e-06
2.49459e-07
1.28296e-06
1.72193e-07
1.27772e-06
8.8202e-08
1.28069e-06
1.29316e-06
-6.70769e-08
-4.31393e-05
-1.73938e-07
-1.13756e-06
-1.85868e-07
8.28259e-07
-1.96451e-07
8.48458e-07
-2.0505e-07
8.66505e-07
-2.10745e-07
8.85869e-07
-2.12729e-07
9.06434e-07
-2.1042e-07
9.28e-07
-2.03586e-07
9.5029e-07
-1.92454e-07
9.72971e-07
-1.77744e-07
9.95695e-07
-1.60591e-07
1.01815e-06
-1.42354e-07
1.04014e-06
-1.24356e-07
1.06157e-06
-1.07646e-07
1.08253e-06
-9.2818e-08
1.10323e-06
-7.99152e-08
1.12398e-06
-6.84147e-08
1.14515e-06
-5.72844e-08
1.16706e-06
-4.50981e-08
1.18994e-06
-3.02059e-08
1.21386e-06
-1.0957e-08
1.23863e-06
1.40226e-08
1.26381e-06
4.55124e-08
1.28866e-06
8.33792e-08
1.31218e-06
1.26347e-07
1.33322e-06
1.7198e-07
1.35063e-06
2.1696e-07
1.36349e-06
2.57617e-07
1.37126e-06
2.90504e-07
1.37391e-06
3.12862e-07
1.37193e-06
3.22871e-07
1.36628e-06
3.19697e-07
1.35823e-06
3.03392e-07
1.34927e-06
2.74714e-07
1.34095e-06
2.3493e-07
1.33478e-06
1.85653e-07
1.33223e-06
1.28718e-07
1.33465e-06
6.61189e-08
1.34329e-06
1.35928e-06
-6.72041e-08
-4.28451e-05
-1.68124e-07
-1.03664e-06
-1.72394e-07
8.32529e-07
-1.75767e-07
8.51831e-07
-1.78092e-07
8.6883e-07
-1.78923e-07
8.867e-07
-1.77868e-07
9.05379e-07
-1.74642e-07
9.24775e-07
-1.69112e-07
9.4476e-07
-1.61326e-07
9.65186e-07
-1.51528e-07
9.85897e-07
-1.40122e-07
1.00675e-06
-1.27614e-07
1.02763e-06
-1.14525e-07
1.04848e-06
-1.01292e-07
1.06929e-06
-8.81854e-08
1.09012e-06
-7.52563e-08
1.11105e-06
-6.23067e-08
1.1322e-06
-4.89068e-08
1.15366e-06
-3.44445e-08
1.17548e-06
-1.82121e-08
1.19762e-06
4.76022e-10
1.21994e-06
2.2141e-08
1.24215e-06
4.69872e-08
1.26381e-06
7.47628e-08
1.2844e-06
1.0467e-07
1.30331e-06
1.35365e-07
1.31994e-06
1.6506e-07
1.3338e-06
1.91736e-07
1.34459e-06
2.13388e-07
1.35225e-06
2.28267e-07
1.35705e-06
2.3505e-07
1.35949e-06
2.32933e-07
1.36035e-06
2.21651e-07
1.36056e-06
2.01433e-07
1.36116e-06
1.72934e-07
1.36328e-06
1.37153e-07
1.36801e-06
9.5367e-08
1.37644e-06
4.90795e-08
1.38958e-06
1.40836e-06
-6.82618e-08
-4.25719e-05
-1.64309e-07
-9.40597e-07
-1.63961e-07
8.32181e-07
-1.6318e-07
8.5105e-07
-1.6196e-07
8.6761e-07
-1.60022e-07
8.84762e-07
-1.57128e-07
9.02486e-07
-1.53096e-07
9.20742e-07
-1.47813e-07
9.39477e-07
-1.41251e-07
9.58624e-07
-1.33464e-07
9.78109e-07
-1.24578e-07
9.97863e-07
-1.14771e-07
1.01782e-06
-1.04233e-07
1.03794e-06
-9.31351e-08
1.0582e-06
-8.15899e-08
1.07857e-06
-6.96245e-08
1.09909e-06
-5.71672e-08
1.11974e-06
-4.4051e-08
1.14054e-06
-3.00368e-08
1.16147e-06
-1.48546e-08
1.18244e-06
1.73703e-09
1.20335e-06
1.98821e-08
1.224e-06
3.95538e-08
1.24414e-06
6.04909e-08
1.26346e-06
8.21578e-08
1.28164e-06
1.03744e-07
1.29835e-06
1.24209e-07
1.31333e-06
1.42371e-07
1.32642e-06
1.57023e-07
1.3376e-06
1.67058e-07
1.34701e-06
1.71571e-07
1.35498e-06
1.69939e-07
1.36198e-06
1.61859e-07
1.36863e-06
1.47361e-07
1.37566e-06
1.26788e-07
1.38385e-06
1.00772e-07
1.39403e-06
7.01956e-08
1.40702e-06
3.61686e-08
1.4236e-06
1.44453e-06
-6.66612e-08
-4.2352e-05
-1.59037e-07
-8.48222e-07
-1.56492e-07
8.29636e-07
-1.53702e-07
8.48261e-07
-1.50726e-07
8.64634e-07
-1.47386e-07
8.81421e-07
-1.43522e-07
8.98622e-07
-1.39009e-07
9.16229e-07
-1.33754e-07
9.34222e-07
-1.27707e-07
9.52577e-07
-1.20857e-07
9.71259e-07
-1.13226e-07
9.90233e-07
-1.04866e-07
1.00946e-06
-9.58388e-08
1.02892e-06
-8.62055e-08
1.04856e-06
-7.60102e-08
1.06838e-06
-6.52683e-08
1.08834e-06
-5.39606e-08
1.10843e-06
-4.2035e-08
1.12862e-06
-2.94181e-08
1.14885e-06
-1.60349e-08
1.16906e-06
-1.83784e-09
1.18915e-06
1.31596e-08
1.209e-06
2.88479e-08
1.22845e-06
4.4992e-08
1.24732e-06
6.12125e-08
1.26542e-06
7.69858e-08
1.28258e-06
9.16645e-08
1.29866e-06
1.0452e-07
1.31357e-06
1.14799e-07
1.32732e-06
1.21793e-07
1.34002e-06
1.24895e-07
1.35188e-06
1.23659e-07
1.36322e-06
1.17836e-07
1.37446e-06
1.07393e-07
1.3861e-06
9.25225e-08
1.39872e-06
7.36363e-08
1.41292e-06
5.13527e-08
1.4293e-06
2.64804e-08
1.44848e-06
1.47101e-06
-6.24459e-08
-4.22059e-05
-1.51812e-07
-7.58856e-07
-1.48603e-07
8.26427e-07
-1.45212e-07
8.4487e-07
-1.4169e-07
8.61111e-07
-1.37897e-07
8.77628e-07
-1.33728e-07
8.94454e-07
-1.29103e-07
9.11604e-07
-1.23963e-07
9.29082e-07
-1.18265e-07
9.4688e-07
-1.1199e-07
9.64984e-07
-1.05133e-07
9.83376e-07
-9.77028e-08
1.00203e-06
-8.97172e-08
1.02093e-06
-8.1198e-08
1.04004e-06
-7.21642e-08
1.05935e-06
-6.26287e-08
1.07881e-06
-5.25962e-08
1.0984e-06
-4.20647e-08
1.11809e-06
-3.10318e-08
1.13782e-06
-1.95047e-08
1.15753e-06
-7.51417e-09
1.17716e-06
4.86878e-09
1.19662e-06
1.75164e-08
1.2158e-06
3.02303e-08
1.23461e-06
4.27327e-08
1.25292e-06
5.46677e-08
1.27065e-06
6.56113e-08
1.28771e-06
7.50938e-08
1.30409e-06
8.26306e-08
1.31979e-06
8.77586e-08
1.33489e-06
9.00746e-08
1.34956e-06
8.92703e-08
1.36402e-06
8.51617e-08
1.37857e-06
7.77098e-08
1.39356e-06
6.70331e-08
1.4094e-06
5.34113e-08
1.42654e-06
3.7283e-08
1.44543e-06
1.92371e-08
1.46652e-06
1.49025e-06
-5.32461e-08
-4.21603e-05
-1.41407e-07
-6.70695e-07
-1.39803e-07
8.24823e-07
-1.37244e-07
8.42311e-07
-1.34113e-07
8.5798e-07
-1.30498e-07
8.74013e-07
-1.26437e-07
8.90393e-07
-1.21942e-07
9.07108e-07
-1.17008e-07
9.24148e-07
-1.11629e-07
9.415e-07
-1.05798e-07
9.59153e-07
-9.95132e-08
9.77091e-07
-9.27763e-08
9.95296e-07
-8.55941e-08
1.01375e-06
-7.79768e-08
1.03243e-06
-6.9937e-08
1.05131e-06
-6.14889e-08
1.07036e-06
-5.2648e-08
1.08956e-06
-4.34334e-08
1.10887e-06
-3.3871e-08
1.12825e-06
-2.39986e-08
1.14766e-06
-1.38736e-08
1.16704e-06
-3.58047e-09
1.18633e-06
6.76095e-09
1.20546e-06
1.69891e-08
1.22438e-06
2.68974e-08
1.24301e-06
3.62351e-08
1.26131e-06
4.47137e-08
1.27923e-06
5.202e-08
1.29678e-06
5.78327e-08
1.31397e-06
6.18448e-08
1.33088e-06
6.37867e-08
1.34762e-06
6.34494e-08
1.36436e-06
6.07052e-08
1.38131e-06
5.55249e-08
1.39874e-06
4.79896e-08
1.41693e-06
3.82971e-08
1.43623e-06
2.67635e-08
1.45696e-06
1.38192e-08
1.47947e-06
1.50406e-06
-5.45605e-08
-4.21228e-05
-1.39283e-07
-5.85972e-07
-1.36414e-07
8.21954e-07
-1.33115e-07
8.39012e-07
-1.29548e-07
8.54413e-07
-1.25689e-07
8.70155e-07
-1.21525e-07
8.86229e-07
-1.17043e-07
9.02626e-07
-1.12234e-07
9.19338e-07
-1.07087e-07
9.36354e-07
-1.01596e-07
9.53663e-07
-9.57576e-08
9.71252e-07
-8.95706e-08
9.89108e-07
-8.30382e-08
1.00722e-06
-7.61675e-08
1.02555e-06
-6.89692e-08
1.04411e-06
-6.14583e-08
1.06285e-06
-5.36548e-08
1.08176e-06
-4.55846e-08
1.1008e-06
-3.72825e-08
1.11995e-06
-2.87943e-08
1.13917e-06
-2.01812e-08
1.15842e-06
-1.15233e-08
1.17767e-06
-2.9234e-09
1.19686e-06
5.48996e-09
1.21596e-06
1.35616e-08
1.23494e-06
2.1111e-08
1.25376e-06
2.79366e-08
1.27241e-06
3.38234e-08
1.29089e-06
3.85539e-08
1.30924e-06
4.19211e-08
1.32751e-06
4.37436e-08
1.3458e-06
4.3881e-08
1.36422e-06
4.22479e-08
1.38294e-06
3.88272e-08
1.40216e-06
3.36795e-08
1.42208e-06
2.69496e-08
1.44296e-06
1.88689e-08
1.46504e-06
9.75384e-09
1.48858e-06
1.51382e-06
-5.59137e-08
-4.20893e-05
-1.37864e-07
-5.04022e-07
-1.34324e-07
8.18413e-07
-1.30515e-07
8.35203e-07
-1.26583e-07
8.5048e-07
-1.22489e-07
8.66062e-07
-1.18207e-07
8.81947e-07
-1.13714e-07
8.98133e-07
-1.08993e-07
9.14617e-07
-1.04029e-07
9.3139e-07
-9.88142e-08
9.48447e-07
-9.33411e-08
9.65779e-07
-8.76074e-08
9.83375e-07
-8.16144e-08
1.00122e-06
-7.53673e-08
1.01931e-06
-6.88759e-08
1.03762e-06
-6.21546e-08
1.05613e-06
-5.52237e-08
1.07483e-06
-4.81098e-08
1.09369e-06
-4.08475e-08
1.11269e-06
-3.34813e-08
1.13181e-06
-2.60668e-08
1.15101e-06
-1.86735e-08
1.17028e-06
-1.13858e-08
1.18957e-06
-4.30439e-09
1.20888e-06
2.45369e-09
1.22818e-06
8.75655e-09
1.24746e-06
1.44606e-08
1.2667e-06
1.94154e-08
1.28594e-06
2.34708e-08
1.30519e-06
2.64854e-08
1.3245e-06
2.83365e-08
1.34395e-06
2.89297e-08
1.36363e-06
2.821e-08
1.38366e-06
2.61698e-08
1.4042e-06
2.28573e-08
1.4254e-06
1.83812e-08
1.44744e-06
1.29135e-08
1.47051e-06
6.68868e-09
1.49481e-06
1.52051e-06
-5.65842e-08
-4.20584e-05
-1.3608e-07
-4.24526e-07
-1.32314e-07
8.14647e-07
-1.28323e-07
8.31213e-07
-1.24251e-07
8.46408e-07
-1.20073e-07
8.61884e-07
-1.1577e-07
8.77643e-07
-1.11321e-07
8.93685e-07
-1.06713e-07
9.10008e-07
-1.01932e-07
9.26609e-07
-9.69685e-08
9.43484e-07
-9.1817e-08
9.60628e-07
-8.64742e-08
9.78032e-07
-8.09406e-08
9.95689e-07
-7.52207e-08
1.01359e-06
-6.93231e-08
1.03172e-06
-6.3261e-08
1.05007e-06
-5.70531e-08
1.06862e-06
-5.07238e-08
1.08736e-06
-4.43042e-08
1.10627e-06
-3.78335e-08
1.12533e-06
-3.13591e-08
1.14454e-06
-2.49386e-08
1.16385e-06
-1.86396e-08
1.18328e-06
-1.25403e-08
1.20278e-06
-6.72903e-09
1.22237e-06
-1.30317e-09
1.24203e-06
3.63352e-09
1.26177e-06
7.97426e-09
1.2816e-06
1.16139e-08
1.30155e-06
1.44547e-08
1.32166e-06
1.6413e-08
1.34199e-06
1.74258e-08
1.36262e-06
1.74583e-08
1.38363e-06
1.65099e-08
1.40515e-06
1.46199e-08
1.42729e-06
1.18718e-08
1.45018e-06
8.3949e-09
1.47399e-06
4.36475e-09
1.49884e-06
1.52487e-06
-5.68129e-08
-4.20292e-05
-1.33991e-07
-3.47348e-07
-1.30202e-07
8.10858e-07
-1.26207e-07
8.27217e-07
-1.22146e-07
8.42347e-07
-1.18007e-07
8.57745e-07
-1.13775e-07
8.73411e-07
-1.09437e-07
8.89347e-07
-1.04983e-07
9.05554e-07
-1.00402e-07
9.22029e-07
-9.56886e-08
9.38771e-07
-9.08367e-08
9.55776e-07
-8.58444e-08
9.7304e-07
-8.07125e-08
9.90557e-07
-7.5445e-08
1.00832e-06
-7.00498e-08
1.02632e-06
-6.45385e-08
1.04455e-06
-5.89275e-08
1.06301e-06
-5.3238e-08
1.08167e-06
-4.74968e-08
1.10053e-06
-4.17368e-08
1.11957e-06
-3.59973e-08
1.1388e-06
-3.03245e-08
1.15818e-06
-2.47721e-08
1.17772e-06
-1.94005e-08
1.19741e-06
-1.42765e-08
1.21725e-06
-9.47246e-09
1.23723e-06
-5.06415e-09
1.25736e-06
-1.1283e-09
1.27766e-06
2.26062e-09
1.29816e-06
5.03443e-09
1.31888e-06
7.13566e-09
1.33989e-06
8.52248e-09
1.36123e-06
9.17351e-09
1.38298e-06
9.09245e-09
1.40523e-06
8.31209e-09
1.42807e-06
6.8973e-09
1.4516e-06
4.94672e-09
1.47594e-06
2.59281e-09
1.50119e-06
1.52746e-06
-5.67019e-08
-4.20012e-05
-1.31653e-07
-2.72397e-07
-1.27943e-07
8.07149e-07
-1.24042e-07
8.23317e-07
-1.20086e-07
8.38392e-07
-1.16066e-07
8.53725e-07
-1.11973e-07
8.69318e-07
-1.07798e-07
8.85173e-07
-1.03534e-07
9.0129e-07
-9.91747e-08
9.17669e-07
-9.47142e-08
9.3431e-07
-9.01498e-08
9.51211e-07
-8.54804e-08
9.6837e-07
-8.07071e-08
9.85784e-07
-7.58341e-08
1.00345e-06
-7.08683e-08
1.02136e-06
-6.58201e-08
1.03951e-06
-6.07035e-08
1.05789e-06
-5.55366e-08
1.0765e-06
-5.03418e-08
1.09533e-06
-4.51462e-08
1.11438e-06
-3.99818e-08
1.13363e-06
-3.48855e-08
1.15309e-06
-2.98993e-08
1.17274e-06
-2.507e-08
1.19258e-06
-2.04484e-08
1.21262e-06
-1.60885e-08
1.23287e-06
-1.20461e-08
1.25332e-06
-8.37696e-09
1.27399e-06
-5.13431e-09
1.29492e-06
-2.36616e-09
1.31612e-06
-1.12081e-10
1.33763e-06
1.60016e-09
1.35952e-06
2.75809e-09
1.38182e-06
3.36777e-09
1.40462e-06
3.45669e-09
1.42798e-06
3.07597e-09
1.45198e-06
2.30164e-09
1.47671e-06
1.23472e-09
1.50226e-06
1.5287e-06
-5.62829e-08
-4.19743e-05
-1.2908e-07
-1.996e-07
-1.25513e-07
8.03582e-07
-1.2177e-07
8.19574e-07
-1.17979e-07
8.346e-07
-1.14133e-07
8.49878e-07
-1.10226e-07
8.6541e-07
-1.06251e-07
8.81198e-07
-1.02204e-07
8.97243e-07
-9.80802e-08
9.13545e-07
-9.38763e-08
9.30106e-07
-8.95905e-08
9.46926e-07
-8.52226e-08
9.64002e-07
-8.07744e-08
9.81335e-07
-7.62498e-08
9.98923e-07
-7.16552e-08
1.01676e-06
-6.69998e-08
1.03485e-06
-6.22956e-08
1.05319e-06
-5.75578e-08
1.07176e-06
-5.28051e-08
1.09058e-06
-4.80596e-08
1.10963e-06
-4.33473e-08
1.12892e-06
-3.86976e-08
1.14844e-06
-3.41434e-08
1.16818e-06
-2.97211e-08
1.18816e-06
-2.54693e-08
1.20837e-06
-2.1429e-08
1.22883e-06
-1.76415e-08
1.24953e-06
-1.41476e-08
1.2705e-06
-1.09859e-08
1.29175e-06
-8.19046e-09
1.31332e-06
-5.78856e-09
1.33523e-06
-3.79855e-09
1.35753e-06
-2.22717e-09
1.38025e-06
-1.06723e-09
1.40346e-06
-2.956e-10
1.4272e-06
1.28456e-10
1.45156e-06
2.64188e-10
1.47658e-06
1.89488e-10
1.50233e-06
1.52889e-06
-5.55575e-08
-4.19483e-05
-1.26269e-07
-1.28888e-07
-1.22899e-07
8.00211e-07
-1.19362e-07
8.16037e-07
-1.1578e-07
8.31018e-07
-1.12147e-07
8.46246e-07
-1.08459e-07
8.61722e-07
-1.04711e-07
8.7745e-07
-1.009e-07
8.93431e-07
-9.70218e-08
9.09667e-07
-9.30755e-08
9.2616e-07
-8.90598e-08
9.4291e-07
-8.49753e-08
9.59918e-07
-8.08242e-08
9.77184e-07
-7.66103e-08
9.94709e-07
-7.23396e-08
1.01249e-06
-6.80201e-08
1.03053e-06
-6.36623e-08
1.04883e-06
-5.92791e-08
1.06738e-06
-5.4886e-08
1.08619e-06
-5.05015e-08
1.10525e-06
-4.61464e-08
1.12456e-06
-4.18445e-08
1.14413e-06
-3.7622e-08
1.16396e-06
-3.3507e-08
1.18405e-06
-2.95297e-08
1.2044e-06
-2.57209e-08
1.22502e-06
-2.21119e-08
1.24592e-06
-1.8733e-08
1.26712e-06
-1.56123e-08
1.28863e-06
-1.2774e-08
1.31048e-06
-1.02373e-08
1.3327e-06
-8.0141e-09
1.3553e-06
-6.10746e-09
1.37834e-06
-4.5099e-09
1.40186e-06
-3.20184e-09
1.4259e-06
-2.1505e-09
1.4505e-06
-1.30915e-09
1.47573e-06
-6.17038e-10
1.50164e-06
1.52827e-06
-5.45451e-08
-4.19231e-05
-1.2324e-07
-6.01937e-08
-1.20113e-07
7.97084e-07
-1.16822e-07
8.12747e-07
-1.13484e-07
8.2768e-07
-1.10095e-07
8.42856e-07
-1.06651e-07
8.58278e-07
-1.03148e-07
8.73947e-07
-9.9584e-08
8.89867e-07
-9.59572e-08
9.06041e-07
-9.22663e-08
9.22469e-07
-8.85113e-08
9.39155e-07
-8.46931e-08
9.561e-07
-8.08142e-08
9.73305e-07
-7.68785e-08
9.90773e-07
-7.28915e-08
1.0085e-06
-6.88605e-08
1.0265e-06
-6.47948e-08
1.04476e-06
-6.07056e-08
1.06329e-06
-5.66062e-08
1.08209e-06
-5.25119e-08
1.10115e-06
-4.84401e-08
1.12049e-06
-4.44101e-08
1.1401e-06
-4.04431e-08
1.15999e-06
-3.65614e-08
1.18016e-06
-3.27886e-08
1.20062e-06
-2.91487e-08
1.22138e-06
-2.56654e-08
1.24244e-06
-2.23615e-08
1.26382e-06
-1.92579e-08
1.28553e-06
-1.6372e-08
1.3076e-06
-1.37173e-08
1.33004e-06
-1.13014e-08
1.35289e-06
-9.125e-09
1.37617e-06
-7.18084e-09
1.39992e-06
-5.45223e-09
1.42417e-06
-3.91246e-09
1.44896e-06
-2.52421e-09
1.47435e-06
-1.23948e-09
1.50036e-06
1.52703e-06
-5.33224e-08
-4.18985e-05
-1.20062e-07
6.54574e-09
-1.17211e-07
7.94233e-07
-1.14198e-07
8.09734e-07
-1.1113e-07
8.24613e-07
-1.08005e-07
8.39731e-07
-1.0482e-07
8.55093e-07
-1.01573e-07
8.707e-07
-9.82626e-08
8.86557e-07
-9.48869e-08
9.02665e-07
-9.14457e-08
9.19028e-07
-8.79395e-08
9.35649e-07
-8.43698e-08
9.5253e-07
-8.07391e-08
9.69675e-07
-7.70514e-08
9.87086e-07
-7.33122e-08
1.00477e-06
-6.95282e-08
1.02272e-06
-6.57081e-08
1.04094e-06
-6.18618e-08
1.05945e-06
-5.80012e-08
1.07823e-06
-5.41394e-08
1.09729e-06
-5.02915e-08
1.11664e-06
-4.64735e-08
1.13629e-06
-4.2703e-08
1.15622e-06
-3.89981e-08
1.17646e-06
-3.53778e-08
1.197e-06
-3.1861e-08
1.21786e-06
-2.84663e-08
1.23904e-06
-2.52111e-08
1.26056e-06
-2.21111e-08
1.28243e-06
-1.9179e-08
1.30466e-06
-1.64243e-08
1.32729e-06
-1.38519e-08
1.35031e-06
-1.14609e-08
1.37378e-06
-9.24434e-09
1.3977e-06
-7.18798e-09
1.42211e-06
-5.26973e-09
1.44705e-06
-3.45932e-09
1.47254e-06
-1.71823e-09
1.49861e-06
1.52531e-06
-5.2022e-08
-4.18745e-05
-1.16854e-07
7.13775e-08
-1.143e-07
7.91679e-07
-1.11578e-07
8.07011e-07
-1.08792e-07
8.21827e-07
-1.05941e-07
8.3688e-07
-1.03022e-07
8.52174e-07
-1.00034e-07
8.67713e-07
-9.69756e-08
8.83498e-07
-9.38457e-08
8.99535e-07
-9.06441e-08
9.15826e-07
-8.73716e-08
9.32376e-07
-8.40301e-08
9.49188e-07
-8.06223e-08
9.66267e-07
-7.71525e-08
9.83616e-07
-7.36263e-08
1.00124e-06
-7.00504e-08
1.01914e-06
-6.64332e-08
1.03733e-06
-6.27842e-08
1.0558e-06
-5.91144e-08
1.07456e-06
-5.54358e-08
1.09361e-06
-5.17617e-08
1.11297e-06
-4.81064e-08
1.13263e-06
-4.44847e-08
1.1526e-06
-4.09122e-08
1.17289e-06
-3.74043e-08
1.19349e-06
-3.39766e-08
1.21443e-06
-3.06439e-08
1.23571e-06
-2.74198e-08
1.25734e-06
-2.43163e-08
1.27933e-06
-2.1343e-08
1.30169e-06
-1.85065e-08
1.32445e-06
-1.58095e-08
1.34762e-06
-1.32506e-08
1.37122e-06
-1.08229e-08
1.39527e-06
-8.51411e-09
1.4198e-06
-6.30564e-09
1.44484e-06
-4.1725e-09
1.4704e-06
-2.0832e-09
1.49653e-06
1.52323e-06
-5.07973e-08
-4.18506e-05
-1.13755e-07
1.34335e-07
-1.11494e-07
7.89419e-07
-1.09064e-07
8.04581e-07
-1.06562e-07
8.19325e-07
-1.03987e-07
8.34304e-07
-1.01334e-07
8.49522e-07
-9.86026e-08
8.64981e-07
-9.57903e-08
8.80686e-07
-9.28959e-08
8.96641e-07
-8.99192e-08
9.1285e-07
-8.68611e-08
9.29318e-07
-8.37235e-08
9.46051e-07
-8.05101e-08
9.63053e-07
-7.72253e-08
9.80331e-07
-7.38755e-08
9.97889e-07
-7.0468e-08
1.01573e-06
-6.70114e-08
1.03387e-06
-6.35157e-08
1.0523e-06
-5.99916e-08
1.07103e-06
-5.64509e-08
1.09007e-06
-5.29063e-08
1.10943e-06
-4.93706e-08
1.1291e-06
-4.58575e-08
1.14909e-06
-4.23805e-08
1.16941e-06
-3.8953e-08
1.19007e-06
-3.5588e-08
1.21107e-06
-3.22976e-08
1.23242e-06
-2.90929e-08
1.25413e-06
-2.59832e-08
1.27622e-06
-2.29755e-08
1.29868e-06
-2.00746e-08
1.32155e-06
-1.72819e-08
1.34483e-06
-1.4595e-08
1.36853e-06
-1.20075e-08
1.39268e-06
-9.50848e-09
1.4173e-06
-7.08191e-09
1.44241e-06
-4.70668e-09
1.46803e-06
-2.35649e-09
1.49417e-06
1.52087e-06
-4.97538e-08
-4.18266e-05
-1.10869e-07
1.9545e-07
-1.08896e-07
7.87446e-07
-1.06756e-07
8.02442e-07
-1.04539e-07
8.17108e-07
-1.0224e-07
8.32005e-07
-9.98525e-08
8.47135e-07
-9.73732e-08
8.62502e-07
-9.47983e-08
8.78111e-07
-9.21255e-08
8.93968e-07
-8.93542e-08
9.10078e-07
-8.64853e-08
9.26449e-07
-8.35216e-08
9.43087e-07
-8.04674e-08
9.59999e-07
-7.73288e-08
9.77193e-07
-7.41134e-08
9.94674e-07
-7.083e-08
1.01245e-06
-6.74885e-08
1.03053e-06
-6.40999e-08
1.04891e-06
-6.0676e-08
1.06761e-06
-5.72288e-08
1.08663e-06
-5.37711e-08
1.10597e-06
-5.03156e-08
1.12564e-06
-4.6875e-08
1.14565e-06
-4.34617e-08
1.166e-06
-4.00877e-08
1.18669e-06
-3.67642e-08
1.20774e-06
-3.35014e-08
1.22916e-06
-3.03084e-08
1.25094e-06
-2.71924e-08
1.2731e-06
-2.41588e-08
1.29565e-06
-2.12106e-08
1.3186e-06
-1.8348e-08
1.34196e-06
-1.55683e-08
1.36575e-06
-1.28651e-08
1.38998e-06
-1.02283e-08
1.41467e-06
-7.64389e-09
1.43983e-06
-5.09341e-09
1.46548e-06
-2.55434e-09
1.49164e-06
1.51832e-06
-4.89057e-08
-4.18019e-05
-1.08233e-07
2.54777e-07
-1.06562e-07
7.85776e-07
-1.04731e-07
8.0061e-07
-1.02817e-07
8.15194e-07
-1.00808e-07
8.29996e-07
-9.86947e-08
8.45021e-07
-9.64681e-08
8.60275e-07
-9.41222e-08
8.75765e-07
-9.16536e-08
8.91499e-07
-8.90616e-08
9.07486e-07
-8.63479e-08
9.23735e-07
-8.35172e-08
9.40256e-07
-8.05764e-08
9.57058e-07
-7.75341e-08
9.7415e-07
-7.44007e-08
9.91541e-07
-7.11881e-08
1.00924e-06
-6.79086e-08
1.02725e-06
-6.45756e-08
1.04558e-06
-6.12023e-08
1.06424e-06
-5.78023e-08
1.08323e-06
-5.43889e-08
1.10255e-06
-5.0975e-08
1.12223e-06
-4.75732e-08
1.14225e-06
-4.4195e-08
1.16262e-06
-4.08515e-08
1.18335e-06
-3.75524e-08
1.20444e-06
-3.43064e-08
1.22591e-06
-3.11208e-08
1.24775e-06
-2.80011e-08
1.26998e-06
-2.49512e-08
1.2926e-06
-2.19727e-08
1.31562e-06
-1.90648e-08
1.33905e-06
-1.6224e-08
1.36291e-06
-1.3444e-08
1.3872e-06
-1.07151e-08
1.41194e-06
-8.0244e-09
1.43714e-06
-5.35555e-09
1.46281e-06
-2.68855e-09
1.48897e-06
1.51563e-06
-4.81717e-08
-4.17765e-05
-1.05829e-07
3.12435e-07
-1.04531e-07
7.84477e-07
-1.03075e-07
7.99154e-07
-1.01519e-07
8.13639e-07
-9.98441e-08
8.28321e-07
-9.80306e-08
8.43208e-07
-9.60651e-08
8.5831e-07
-9.39392e-08
8.73639e-07
-9.16491e-08
8.89209e-07
-8.91963e-08
9.05033e-07
-8.65862e-08
9.21125e-07
-8.38282e-08
9.37498e-07
-8.09344e-08
9.54165e-07
-7.79193e-08
9.71135e-07
-7.47984e-08
9.8842e-07
-7.15884e-08
1.00603e-06
-6.83058e-08
1.02397e-06
-6.49673e-08
1.04224e-06
-6.1589e-08
1.06086e-06
-5.81859e-08
1.07982e-06
-5.47727e-08
1.09914e-06
-5.13625e-08
1.11882e-06
-4.79676e-08
1.13885e-06
-4.4599e-08
1.15925e-06
-4.12665e-08
1.18002e-06
-3.79787e-08
1.20116e-06
-3.47424e-08
1.22267e-06
-3.15635e-08
1.24457e-06
-2.84456e-08
1.26686e-06
-2.53911e-08
1.28955e-06
-2.24002e-08
1.31263e-06
-1.94709e-08
1.33613e-06
-1.6599e-08
1.36004e-06
-1.37778e-08
1.38438e-06
-1.09977e-08
1.40916e-06
-8.24666e-09
1.43439e-06
-5.5093e-09
1.46007e-06
-2.76747e-09
1.48623e-06
1.51286e-06
-4.74123e-08
-4.17501e-05
-1.03636e-07
3.68659e-07
-1.0288e-07
7.83721e-07
-1.01948e-07
7.98222e-07
-1.00872e-07
8.12563e-07
-9.96158e-08
8.27064e-07
-9.81496e-08
8.41741e-07
-9.64557e-08
8.56616e-07
-9.45262e-08
8.7171e-07
-9.23629e-08
8.87046e-07
-8.99755e-08
9.02646e-07
-8.738e-08
9.1853e-07
-8.45965e-08
9.34715e-07
-8.16483e-08
9.51216e-07
-7.85595e-08
9.68046e-07
-7.53546e-08
9.85215e-07
-7.20573e-08
1.00273e-06
-6.86901e-08
1.0206e-06
-6.52736e-08
1.03882e-06
-6.1827e-08
1.05741e-06
-5.8367e-08
1.07636e-06
-5.49089e-08
1.09568e-06
-5.14658e-08
1.11537e-06
-4.80492e-08
1.13543e-06
-4.46689e-08
1.15587e-06
-4.13331e-08
1.17668e-06
-3.80484e-08
1.19787e-06
-3.482e-08
1.21945e-06
-3.16514e-08
1.24141e-06
-2.85447e-08
1.26376e-06
-2.55002e-08
1.2865e-06
-2.25166e-08
1.30965e-06
-1.95907e-08
1.3332e-06
-1.67173e-08
1.35717e-06
-1.38889e-08
1.38155e-06
-1.1096e-08
1.40637e-06
-8.32646e-09
1.43162e-06
-5.56579e-09
1.45731e-06
-2.79686e-09
1.48346e-06
1.51007e-06
-4.64799e-08
-4.1723e-05
-1.01726e-07
4.23905e-07
-1.0186e-07
7.83854e-07
-1.01744e-07
7.98106e-07
-1.01365e-07
8.12184e-07
-1.0066e-07
8.26359e-07
-9.95911e-08
8.40673e-07
-9.81456e-08
8.5517e-07
-9.63308e-08
8.69895e-07
-9.41696e-08
8.84885e-07
-9.16961e-08
9.00172e-07
-8.89501e-08
9.15784e-07
-8.59743e-08
9.31739e-07
-8.28108e-08
9.48053e-07
-7.94996e-08
9.64735e-07
-7.60771e-08
9.81792e-07
-7.2576e-08
9.99229e-07
-6.90245e-08
1.01705e-06
-6.54471e-08
1.03525e-06
-6.18643e-08
1.05383e-06
-5.82934e-08
1.07279e-06
-5.47485e-08
1.09214e-06
-5.12413e-08
1.11187e-06
-4.7781e-08
1.13197e-06
-4.43751e-08
1.15246e-06
-4.10291e-08
1.17334e-06
-3.77469e-08
1.19459e-06
-3.45312e-08
1.21623e-06
-3.13829e-08
1.23826e-06
-2.83019e-08
1.26067e-06
-2.52863e-08
1.28349e-06
-2.2333e-08
1.30669e-06
-1.94373e-08
1.3303e-06
-1.65927e-08
1.35432e-06
-1.37911e-08
1.37875e-06
-1.10222e-08
1.4036e-06
-8.27405e-09
1.42887e-06
-5.53233e-09
1.45457e-06
-2.78057e-09
1.48071e-06
1.50729e-06
-4.52706e-08
-4.16953e-05
-1.00464e-07
4.79098e-07
-1.02204e-07
7.85594e-07
-1.03451e-07
7.99353e-07
-1.04108e-07
8.12841e-07
-1.0409e-07
8.26341e-07
-1.03379e-07
8.39962e-07
-1.02011e-07
8.53802e-07
-1.00053e-07
8.67937e-07
-9.75907e-08
8.82422e-07
-9.47147e-08
8.97296e-07
-9.15126e-08
9.12582e-07
-8.80642e-08
9.28291e-07
-8.44391e-08
9.44428e-07
-8.06957e-08
9.60992e-07
-7.68822e-08
9.77979e-07
-7.30373e-08
9.95384e-07
-6.91916e-08
1.0132e-06
-6.53688e-08
1.03142e-06
-6.15872e-08
1.05005e-06
-5.78603e-08
1.06907e-06
-5.41983e-08
1.08848e-06
-5.06084e-08
1.10828e-06
-4.70955e-08
1.12846e-06
-4.36626e-08
1.14903e-06
-4.03112e-08
1.16998e-06
-3.70417e-08
1.19132e-06
-3.38531e-08
1.21304e-06
-3.07433e-08
1.23515e-06
-2.77093e-08
1.25764e-06
-2.4747e-08
1.28052e-06
-2.18513e-08
1.3038e-06
-1.90155e-08
1.32747e-06
-1.62321e-08
1.35154e-06
-1.34917e-08
1.37601e-06
-1.07837e-08
1.40089e-06
-8.09578e-09
1.42618e-06
-5.41359e-09
1.45189e-06
-2.72105e-09
1.47801e-06
1.50457e-06
-4.37728e-08
-4.16671e-05
-1.01088e-07
5.36414e-07
-1.06034e-07
7.9054e-07
-1.09632e-07
8.02951e-07
-1.11691e-07
8.149e-07
-1.12224e-07
8.26874e-07
-1.114e-07
8.39138e-07
-1.09456e-07
8.51859e-07
-1.06644e-07
8.65124e-07
-1.03192e-07
8.78971e-07
-9.92958e-08
8.934e-07
-9.51126e-08
9.08399e-07
-9.07637e-08
9.23942e-07
-8.63396e-08
9.40004e-07
-8.19065e-08
9.56559e-07
-7.7511e-08
9.73583e-07
-7.31853e-08
9.91058e-07
-6.89507e-08
1.00897e-06
-6.48207e-08
1.02729e-06
-6.08031e-08
1.04603e-06
-5.69018e-08
1.06516e-06
-5.31178e-08
1.08469e-06
-4.94503e-08
1.10461e-06
-4.5897e-08
1.12491e-06
-4.24547e-08
1.14559e-06
-3.91195e-08
1.16665e-06
-3.58868e-08
1.18809e-06
-3.27517e-08
1.20991e-06
-2.97085e-08
1.2321e-06
-2.67513e-08
1.25468e-06
-2.38734e-08
1.27765e-06
-2.10674e-08
1.30099e-06
-1.83251e-08
1.32473e-06
-1.56376e-08
1.34885e-06
-1.29946e-08
1.37337e-06
-1.03848e-08
1.39828e-06
-7.79555e-09
1.42359e-06
-5.21254e-09
1.4493e-06
-2.61993e-09
1.47542e-06
1.50195e-06
-4.20644e-08
-4.16384e-05
-1.08118e-07
6.02467e-07
-1.20308e-07
8.02731e-07
-1.27519e-07
8.10162e-07
-1.30284e-07
8.17666e-07
-1.29652e-07
8.26241e-07
-1.26668e-07
8.36154e-07
-1.22185e-07
8.47376e-07
-1.16833e-07
8.59772e-07
-1.11048e-07
8.73185e-07
-1.05114e-07
8.87467e-07
-9.92117e-08
9.02497e-07
-9.34477e-08
9.18178e-07
-8.78806e-08
9.34437e-07
-8.25388e-08
9.51217e-07
-7.74316e-08
9.68476e-07
-7.25575e-08
9.86184e-07
-6.79086e-08
1.00432e-06
-6.34738e-08
1.02286e-06
-5.92405e-08
1.0418e-06
-5.5196e-08
1.06112e-06
-5.13276e-08
1.08082e-06
-4.76233e-08
1.1009e-06
-4.40719e-08
1.12136e-06
-4.06626e-08
1.14218e-06
-3.73854e-08
1.16337e-06
-3.42307e-08
1.18493e-06
-3.11892e-08
1.20686e-06
-2.82519e-08
1.22917e-06
-2.541e-08
1.25184e-06
-2.26543e-08
1.27489e-06
-1.99756e-08
1.29831e-06
-1.73642e-08
1.32211e-06
-1.481e-08
1.3463e-06
-1.2302e-08
1.37086e-06
-9.82839e-09
1.39581e-06
-7.37625e-09
1.42114e-06
-4.93146e-09
1.44686e-06
-2.47844e-09
1.47297e-06
1.49947e-06
-2.33848e-08
8.7743e-09
-1.44955e-07
7.24037e-07
-1.73535e-07
8.31311e-07
-1.78799e-07
8.15426e-07
-1.73171e-07
8.12037e-07
-1.62997e-07
8.16068e-07
-1.5142e-07
8.24576e-07
-1.3991e-07
8.35866e-07
-1.29089e-07
8.48952e-07
-1.19164e-07
8.63259e-07
-1.10147e-07
8.7845e-07
-1.0197e-07
8.9432e-07
-9.45396e-08
9.10747e-07
-8.77585e-08
9.27655e-07
-8.15389e-08
9.44997e-07
-7.58049e-08
9.62742e-07
-7.0492e-08
9.80871e-07
-6.55463e-08
9.99372e-07
-6.09228e-08
1.01824e-06
-5.65839e-08
1.03746e-06
-5.24979e-08
1.05703e-06
-4.86382e-08
1.07696e-06
-4.49817e-08
1.09725e-06
-4.15087e-08
1.11788e-06
-3.82019e-08
1.13887e-06
-3.5046e-08
1.16022e-06
-3.20272e-08
1.18191e-06
-2.91328e-08
1.20397e-06
-2.63512e-08
1.22639e-06
-2.3671e-08
1.24916e-06
-2.10816e-08
1.2723e-06
-1.85724e-08
1.2958e-06
-1.61325e-08
1.31967e-06
-1.37512e-08
1.34391e-06
-1.14169e-08
1.36852e-06
-9.11783e-09
1.39351e-06
-6.84103e-09
1.41886e-06
-4.57273e-09
1.44459e-06
-2.29788e-09
1.47069e-06
1.49717e-06
-6.642e-07
5.45353e-07
-5.59576e-07
6.19414e-07
-4.06712e-07
6.78447e-07
-3.10294e-07
7.19008e-07
-2.47373e-07
7.49116e-07
-2.04649e-07
7.73344e-07
-1.74369e-07
7.94296e-07
-1.5196e-07
8.13457e-07
-1.34684e-07
8.31676e-07
-1.20871e-07
8.49446e-07
-1.09475e-07
8.67054e-07
-9.9826e-08
8.84671e-07
-9.14815e-08
9.02403e-07
-8.41401e-08
9.20314e-07
-7.75908e-08
9.38448e-07
-7.16813e-08
9.56833e-07
-6.62995e-08
9.75489e-07
-6.13602e-08
9.94432e-07
-5.67976e-08
1.01367e-06
-5.25599e-08
1.03322e-06
-4.86052e-08
1.05308e-06
-4.48995e-08
1.07326e-06
-4.14144e-08
1.09376e-06
-3.8126e-08
1.11459e-06
-3.50138e-08
1.13576e-06
-3.20597e-08
1.15726e-06
-2.92481e-08
1.1791e-06
-2.65644e-08
1.20129e-06
-2.39958e-08
1.22382e-06
-2.15299e-08
1.2467e-06
-1.91551e-08
1.26993e-06
-1.68604e-08
1.29351e-06
-1.46345e-08
1.31745e-06
-1.24666e-08
1.34175e-06
-1.03451e-08
1.3664e-06
-8.25852e-09
1.39142e-06
-6.19439e-09
1.4168e-06
-4.1396e-09
1.44254e-06
-2.07995e-09
1.46863e-06
1.49509e-06
-1.42063e-07
6.39173e-07
-1.83883e-07
6.61233e-07
-1.91897e-07
6.86461e-07
-1.84605e-07
7.11716e-07
-1.71308e-07
7.35819e-07
-1.56475e-07
7.58511e-07
-1.421e-07
7.79922e-07
-1.28954e-07
8.0031e-07
-1.17226e-07
8.19948e-07
-1.06857e-07
8.39077e-07
-9.76935e-08
8.57891e-07
-8.95651e-08
8.76543e-07
-8.23116e-08
8.95149e-07
-7.57955e-08
9.13798e-07
-6.99022e-08
9.32554e-07
-6.45383e-08
9.51469e-07
-5.96278e-08
9.70579e-07
-5.51088e-08
9.89913e-07
-5.09305e-08
1.00949e-06
-4.70513e-08
1.02934e-06
-4.34361e-08
1.04946e-06
-4.00554e-08
1.06988e-06
-3.68841e-08
1.09059e-06
-3.39003e-08
1.11161e-06
-3.10849e-08
1.13294e-06
-2.84211e-08
1.1546e-06
-2.58936e-08
1.17658e-06
-2.34887e-08
1.19888e-06
-2.11936e-08
1.22152e-06
-1.89964e-08
1.2445e-06
-1.6886e-08
1.26782e-06
-1.48513e-08
1.29147e-06
-1.2882e-08
1.31548e-06
-1.09673e-08
1.33983e-06
-9.09658e-09
1.36453e-06
-7.25898e-09
1.38958e-06
-5.44305e-09
1.41498e-06
-3.63671e-09
1.44073e-06
-1.82704e-09
1.46682e-06
1.49326e-06
-5.59781e-08
6.69105e-07
-7.90675e-08
6.84323e-07
-9.39626e-08
7.01356e-07
-1.01808e-07
7.19562e-07
-1.04388e-07
7.38399e-07
-1.03373e-07
7.57496e-07
-1.00082e-07
7.76631e-07
-9.54676e-08
7.95696e-07
-9.01777e-08
8.14658e-07
-8.4631e-08
8.3353e-07
-7.90865e-08
8.52346e-07
-7.36963e-08
8.71153e-07
-6.85429e-08
8.89996e-07
-6.36657e-08
9.08921e-07
-5.90776e-08
9.27966e-07
-5.47762e-08
9.47168e-07
-5.07504e-08
9.66553e-07
-4.69848e-08
9.86148e-07
-4.34618e-08
1.00597e-06
-4.01636e-08
1.02604e-06
-3.70726e-08
1.04637e-06
-3.41719e-08
1.06698e-06
-3.14455e-08
1.08786e-06
-2.88785e-08
1.10904e-06
-2.64568e-08
1.13052e-06
-2.41674e-08
1.15231e-06
-2.1998e-08
1.17441e-06
-1.99371e-08
1.19682e-06
-1.79738e-08
1.21956e-06
-1.60977e-08
1.24262e-06
-1.42989e-08
1.26602e-06
-1.25678e-08
1.28974e-06
-1.0895e-08
1.31381e-06
-9.271e-09
1.33821e-06
-7.68642e-09
1.36295e-06
-6.13158e-09
1.38803e-06
-4.59646e-09
1.41345e-06
-3.07048e-09
1.4392e-06
-1.54239e-09
1.4653e-06
1.49172e-06
-2.98326e-08
6.82448e-07
-4.17328e-08
6.96223e-07
-5.13803e-08
7.11004e-07
-5.84824e-08
7.26664e-07
-6.31275e-08
7.43044e-07
-6.56214e-08
7.5999e-07
-6.63583e-08
7.77367e-07
-6.57376e-08
7.95075e-07
-6.41194e-08
8.1304e-07
-6.18054e-08
8.31216e-07
-5.90359e-08
8.49577e-07
-5.59951e-08
8.68112e-07
-5.28199e-08
8.86821e-07
-4.96089e-08
9.0571e-07
-4.64311e-08
9.24789e-07
-4.3333e-08
9.44069e-07
-4.03446e-08
9.63565e-07
-3.74838e-08
9.83287e-07
-3.47595e-08
1.00325e-06
-3.2175e-08
1.02346e-06
-2.97288e-08
1.04393e-06
-2.74169e-08
1.06467e-06
-2.52331e-08
1.08568e-06
-2.31704e-08
1.10698e-06
-2.12207e-08
1.12857e-06
-1.93758e-08
1.15046e-06
-1.76274e-08
1.17266e-06
-1.59669e-08
1.19516e-06
-1.43863e-08
1.21798e-06
-1.28774e-08
1.24111e-06
-1.14324e-08
1.26457e-06
-1.00433e-08
1.28835e-06
-8.70263e-09
1.31247e-06
-7.40251e-09
1.33691e-06
-6.13521e-09
1.36168e-06
-4.89278e-09
1.38678e-06
-3.667e-09
1.41222e-06
-2.4492e-09
1.43799e-06
-1.23019e-09
1.46408e-06
1.49049e-06
-1.73436e-08
6.8926e-07
-2.37298e-08
7.02609e-07
-2.93634e-08
7.16637e-07
-3.40248e-08
7.31325e-07
-3.76116e-08
7.46631e-07
-4.01224e-08
7.625e-07
-4.16303e-08
7.78875e-07
-4.22548e-08
7.957e-07
-4.21369e-08
8.12922e-07
-4.14218e-08
8.30501e-07
-4.02465e-08
8.48401e-07
-3.87329e-08
8.66598e-07
-3.69849e-08
8.85073e-07
-3.50877e-08
9.03813e-07
-3.31094e-08
9.2281e-07
-3.11023e-08
9.42062e-07
-2.91059e-08
9.61568e-07
-2.71485e-08
9.81329e-07
-2.52498e-08
1.00135e-06
-2.34225e-08
1.02163e-06
-2.16743e-08
1.04218e-06
-2.00085e-08
1.063e-06
-1.84257e-08
1.0841e-06
-1.69242e-08
1.10548e-06
-1.5501e-08
1.12715e-06
-1.41518e-08
1.14911e-06
-1.28718e-08
1.17138e-06
-1.16558e-08
1.19394e-06
-1.04984e-08
1.21682e-06
-9.39387e-09
1.24001e-06
-8.33673e-09
1.26351e-06
-7.3213e-09
1.28734e-06
-6.34192e-09
1.31149e-06
-5.39292e-09
1.33596e-06
-4.46854e-09
1.36076e-06
-3.56288e-09
1.38588e-06
-2.66983e-09
1.41133e-06
-1.78297e-09
1.4371e-06
-8.95485e-10
1.46319e-06
1.48959e-06
-9.30629e-09
6.92624e-07
-1.25239e-08
7.05827e-07
-1.5465e-08
7.19578e-07
-1.80242e-08
7.33884e-07
-2.01304e-08
7.48737e-07
-2.17488e-08
7.64119e-07
-2.28781e-08
7.80005e-07
-2.3544e-08
7.96366e-07
-2.37917e-08
8.1317e-07
-2.36776e-08
8.30387e-07
-2.32632e-08
8.47987e-07
-2.26096e-08
8.65945e-07
-2.17742e-08
8.84237e-07
-2.08078e-08
9.02846e-07
-1.97542e-08
9.21757e-07
-1.86496e-08
9.40958e-07
-1.7523e-08
9.60442e-07
-1.63968e-08
9.80203e-07
-1.52879e-08
1.00024e-06
-1.42081e-08
1.02055e-06
-1.31658e-08
1.04114e-06
-1.21657e-08
1.062e-06
-1.12105e-08
1.08314e-06
-1.0301e-08
1.10457e-06
-9.43657e-09
1.12629e-06
-8.61562e-09
1.14829e-06
-7.83592e-09
1.1706e-06
-7.09475e-09
1.1932e-06
-6.3891e-09
1.21611e-06
-5.71577e-09
1.23934e-06
-5.07146e-09
1.26287e-06
-4.4528e-09
1.28672e-06
-3.85636e-09
1.31089e-06
-3.27869e-09
1.33538e-06
-2.71626e-09
1.36019e-06
-2.16544e-09
1.38533e-06
-1.62248e-09
1.41078e-06
-1.08344e-09
1.43656e-06
-5.44125e-10
1.46265e-06
1.48905e-06
-2.95131e-09
-3.9389e-09
-4.85398e-09
-5.66611e-09
-6.35229e-09
-6.89843e-09
-7.29943e-09
-7.55833e-09
-7.68464e-09
-7.69253e-09
-7.59885e-09
-7.42151e-09
-7.17819e-09
-6.88532e-09
-6.55754e-09
-6.20736e-09
-5.84513e-09
-5.4791e-09
-5.11563e-09
-4.75942e-09
-4.41377e-09
-4.08087e-09
-3.76198e-09
-3.45767e-09
-3.16798e-09
-2.89257e-09
-2.6308e-09
-2.38187e-09
-2.14481e-09
-1.91861e-09
-1.70216e-09
-1.49437e-09
-1.29408e-09
-1.10013e-09
-9.11339e-10
-7.26483e-10
-5.44297e-10
-3.6345e-10
-1.82526e-10
)
;

boundaryField
{
    top
    {
        type            calculated;
        value           nonuniform List<scalar> 
80
(
1.45181e-06
1.42612e-06
1.40078e-06
1.37578e-06
1.35113e-06
1.32682e-06
1.30285e-06
1.27922e-06
1.25592e-06
1.23295e-06
1.21029e-06
1.18795e-06
1.16592e-06
1.1442e-06
1.12278e-06
1.10165e-06
1.08081e-06
1.06026e-06
1.03999e-06
1.02e-06
1.0003e-06
9.80876e-07
9.61739e-07
9.4289e-07
9.24338e-07
9.0609e-07
8.88159e-07
8.70561e-07
8.53313e-07
8.36434e-07
8.19949e-07
8.03881e-07
7.88253e-07
7.73089e-07
7.58407e-07
7.44223e-07
7.30544e-07
7.17371e-07
7.04693e-07
6.92493e-07
6.93649e-07
7.06814e-07
7.20494e-07
7.34697e-07
7.49423e-07
7.64665e-07
7.80406e-07
7.96624e-07
8.13296e-07
8.30395e-07
8.47893e-07
8.65767e-07
8.83994e-07
9.02553e-07
9.21429e-07
9.40608e-07
9.60079e-07
9.79837e-07
9.99876e-07
1.02019e-06
1.04079e-06
1.06167e-06
1.08282e-06
1.10427e-06
1.126e-06
1.14802e-06
1.17034e-06
1.19295e-06
1.21588e-06
1.23911e-06
1.26265e-06
1.28651e-06
1.31069e-06
1.33519e-06
1.36e-06
1.38514e-06
1.4106e-06
1.43638e-06
1.46247e-06
1.48887e-06
)
;
    }
    inlet
    {
        type            calculated;
        value           nonuniform List<scalar> 
80
(
1.69407e-20
1.69407e-21
-2.37169e-20
-1.69407e-21
1.52466e-20
-1.01644e-20
-5.0822e-21
-1.69407e-21
-5.0822e-21
0
-5.0822e-21
-1.69407e-21
0
-8.47033e-22
9.31736e-21
-5.92923e-21
-9.31736e-21
3.38813e-20
-8.13152e-20
-1.35525e-20
2.71051e-20
1.35525e-20
-6.77626e-20
-4.06576e-20
1.35525e-19
9.48677e-20
1.35525e-20
1.49078e-19
1.49078e-19
5.42101e-20
-5.42101e-20
-1.6263e-19
-6.77626e-20
1.76183e-19
4.06576e-20
9.48677e-20
0
-4.06576e-20
0
6.77626e-20
-4.06576e-20
1.35525e-20
2.71051e-20
0
1.76183e-19
2.1684e-19
0
2.71051e-20
1.21973e-19
-2.71051e-20
1.76183e-19
5.42101e-20
6.77626e-20
-6.77626e-20
9.48677e-20
1.49078e-19
-6.77626e-20
-1.21973e-19
1.35525e-20
1.21973e-19
-2.71051e-20
1.0842e-19
0
6.77626e-20
-1.35525e-20
0
7.6233e-21
-1.18585e-20
3.38813e-20
3.21873e-20
1.01644e-20
-2.37169e-20
5.0822e-21
-2.03288e-20
2.20229e-20
2.37169e-20
-1.01644e-20
1.69407e-21
-8.47033e-21
-1.69407e-20
)
;
    }
    axis
    {
        type            calculated;
        value           uniform 0;
    }
    frontAndBack
    {
        type            empty;
        value           nonuniform List<scalar> 0();
    }
}


// ************************************************************************* //
