/*--------------------------------*- C++ -*----------------------------------*\
  =========                 |
  \\      /  F ield         | OpenFOAM: The Open Source CFD Toolbox
   \\    /   O peration     | Website:  https://openfoam.org
    \\  /    A nd           | Version:  10
     \\/     M anipulation  |
\*---------------------------------------------------------------------------*/
FoamFile
{
    format      ascii;
    class       volVectorField;
    location    "16750";
    object      Ub;
}
// * * * * * * * * * * * * * * * * * * * * * * * * * * * * * * * * * * * * * //

dimensions      [0 1 -1 0 0 0 0];

internalField   nonuniform List<vector> 
3200
(
(-7.25743e-21 -9.87888e-16 0)
(-2.17973e-20 -9.87888e-16 0)
(-3.65404e-20 -9.87888e-16 0)
(-5.18059e-20 -9.87887e-16 0)
(-6.79547e-20 -9.87886e-16 0)
(-8.54277e-20 -9.87884e-16 0)
(-1.04801e-19 -9.87882e-16 0)
(-1.2687e-19 -9.87879e-16 0)
(-1.52794e-19 -9.87875e-16 0)
(-1.84337e-19 -9.87869e-16 0)
(-2.24311e-19 -9.8786e-16 0)
(-2.77396e-19 -9.87845e-16 0)
(-3.51706e-19 -9.87821e-16 0)
(-4.61872e-19 -9.87778e-16 0)
(-6.35429e-19 -9.87701e-16 0)
(-4.99277e-10 -9.87876e-16 0)
(-3.71482e-05 -2.35784e-07 0)
(-8.24905e-05 -3.45987e-05 0)
(-9.22271e-05 -8.48967e-06 0)
(-9.46078e-05 -4.37042e-06 0)
(-9.6021e-05 -2.71099e-06 0)
(-9.70258e-05 -1.84577e-06 0)
(-9.77968e-05 -1.33368e-06 0)
(-9.84149e-05 -1.00557e-06 0)
(-9.89248e-05 -7.83306e-07 0)
(-9.93546e-05 -6.26221e-07 0)
(-9.97227e-05 -5.11422e-07 0)
(-0.000100042 -4.2519e-07 0)
(-0.000100323 -3.58909e-07 0)
(-0.000100571 -3.06944e-07 0)
(-0.000100793 -2.65487e-07 0)
(-9.99874e-05 -2.74647e-06 0)
(-9.6503e-05 -6.98113e-06 0)
(-9.14473e-05 -6.81502e-06 0)
(-8.63399e-05 -7.27771e-06 0)
(-8.05011e-05 -8.9515e-06 0)
(-7.28619e-05 -1.2404e-05 0)
(-6.18725e-05 -1.85533e-05 0)
(-4.51807e-05 -2.89771e-05 0)
(-2.01571e-05 -4.32341e-05 0)
(-6.93005e-21 -9.87868e-16 0)
(-2.07895e-20 -9.87867e-16 0)
(-3.47663e-20 -9.87866e-16 0)
(-4.91e-20 -9.87864e-16 0)
(-6.4041e-20 -9.87861e-16 0)
(-7.98619e-20 -9.87857e-16 0)
(-9.68657e-20 -9.87851e-16 0)
(-1.15383e-19 -9.87844e-16 0)
(-1.35747e-19 -9.87834e-16 0)
(-1.58202e-19 -9.87819e-16 0)
(-1.82668e-19 -9.87799e-16 0)
(-2.08149e-19 -9.87769e-16 0)
(-2.31336e-19 -9.87723e-16 0)
(-2.43341e-19 -9.87654e-16 0)
(-2.22209e-19 -9.87545e-16 0)
(-1.15892e-19 -9.8737e-16 0)
(1.13946e-19 -9.86827e-16 0)
(2.30335e-19 -9.40376e-16 0)
(1.6791e-19 -8.99286e-16 0)
(1.10119e-19 -8.61332e-16 0)
(6.4078e-20 -8.25493e-16 0)
(2.47501e-20 -7.91285e-16 0)
(-1.15726e-20 -7.5842e-16 0)
(-4.77821e-20 -7.26709e-16 0)
(-8.66263e-20 -6.96018e-16 0)
(-1.31327e-19 -6.66243e-16 0)
(-1.86305e-19 -6.37307e-16 0)
(-2.58246e-19 -6.09144e-16 0)
(-3.57825e-19 -5.81701e-16 0)
(-4.34117e-16 -5.54929e-16 0)
(-2.70871e-06 -5.1233e-14 0)
(-2.93253e-05 -2.51448e-06 0)
(-5.71436e-05 -6.77568e-06 0)
(-6.41588e-05 -6.63059e-06 0)
(-7.03113e-05 -7.11032e-06 0)
(-7.6888e-05 -8.79845e-06 0)
(-8.50889e-05 -1.22635e-05 0)
(-9.65162e-05 -1.84243e-05 0)
(-0.000104583 -5.43031e-05 0)
(-5.52744e-05 -0.000232662 0)
(-6.34257e-21 -9.87848e-16 0)
(-1.89889e-20 -9.87847e-16 0)
(-3.16246e-20 -9.87846e-16 0)
(-4.43756e-20 -9.87843e-16 0)
(-5.73475e-20 -9.87839e-16 0)
(-7.06148e-20 -9.87833e-16 0)
(-8.41987e-20 -9.87826e-16 0)
(-9.80243e-20 -9.87817e-16 0)
(-1.11843e-19 -9.87805e-16 0)
(-1.25102e-19 -9.87789e-16 0)
(-1.36724e-19 -9.87768e-16 0)
(-1.44782e-19 -9.87741e-16 0)
(-1.46068e-19 -9.87708e-16 0)
(-1.35734e-19 -9.87667e-16 0)
(-1.07665e-19 -9.87622e-16 0)
(-5.76115e-20 -9.87585e-16 0)
(5.34209e-21 -9.87586e-16 0)
(4.63553e-20 -9.87657e-16 0)
(5.23574e-20 -9.87707e-16 0)
(4.18099e-20 -9.8774e-16 0)
(2.44059e-20 -9.87761e-16 0)
(4.279e-21 -9.87773e-16 0)
(-1.68462e-20 -9.87778e-16 0)
(-3.81754e-20 -9.87776e-16 0)
(-5.90724e-20 -9.87769e-16 0)
(-7.84755e-20 -9.87754e-16 0)
(-9.41713e-20 -9.8773e-16 0)
(-1.01579e-19 -9.87692e-16 0)
(-9.1524e-20 -9.87637e-16 0)
(-4.6087e-20 -9.87554e-16 0)
(6.73552e-20 -9.8743e-16 0)
(1.65752e-19 -9.80049e-16 0)
(1.59197e-19 -9.59077e-16 0)
(1.12683e-19 -9.38279e-16 0)
(7.5115e-20 -9.17302e-16 0)
(4.26176e-20 -8.95965e-16 0)
(-6.30173e-20 -8.73971e-16 0)
(-2.60491e-08 -1.84624e-14 0)
(-9.50908e-06 -2.65394e-05 0)
(-5.76996e-06 -0.000417752 0)
(-5.59896e-21 -9.87831e-16 0)
(-1.67228e-20 -9.8783e-16 0)
(-2.77172e-20 -9.87828e-16 0)
(-3.86063e-20 -9.87825e-16 0)
(-4.93814e-20 -9.8782e-16 0)
(-5.99842e-20 -9.87814e-16 0)
(-7.02822e-20 -9.87807e-16 0)
(-8.00345e-20 -9.87798e-16 0)
(-8.88447e-20 -9.87786e-16 0)
(-9.61041e-20 -9.87772e-16 0)
(-1.00933e-19 -9.87756e-16 0)
(-1.02155e-19 -9.87737e-16 0)
(-9.83577e-20 -9.87716e-16 0)
(-8.81835e-20 -9.87695e-16 0)
(-7.10043e-20 -9.87677e-16 0)
(-4.81345e-20 -9.87667e-16 0)
(-2.42065e-20 -9.8767e-16 0)
(-6.34804e-21 -9.87687e-16 0)
(1.95672e-21 -9.87706e-16 0)
(2.41161e-21 -9.87722e-16 0)
(-2.37607e-21 -9.87734e-16 0)
(-1.02255e-20 -9.87741e-16 0)
(-1.94923e-20 -9.87744e-16 0)
(-2.88681e-20 -9.87743e-16 0)
(-3.71412e-20 -9.87738e-16 0)
(-4.29869e-20 -9.87729e-16 0)
(-4.48177e-20 -9.87715e-16 0)
(-4.07557e-20 -9.87699e-16 0)
(-2.89016e-20 -9.87682e-16 0)
(-8.29246e-21 -9.87668e-16 0)
(1.86069e-20 -9.87667e-16 0)
(4.04435e-20 -9.87695e-16 0)
(4.7628e-20 -9.8773e-16 0)
(4.34793e-20 -9.87754e-16 0)
(3.41945e-20 -9.8777e-16 0)
(2.30547e-20 -9.8778e-16 0)
(1.20563e-20 -9.87785e-16 0)
(-3.7158e-12 -9.93758e-16 0)
(-3.67154e-07 -1.91948e-06 0)
(8.65178e-08 -0.000459006 0)
(-4.80268e-21 -9.87816e-16 0)
(-1.43112e-20 -9.87815e-16 0)
(-2.361e-20 -9.87813e-16 0)
(-3.26554e-20 -9.8781e-16 0)
(-4.1375e-20 -9.87805e-16 0)
(-4.96542e-20 -9.878e-16 0)
(-5.73218e-20 -9.87793e-16 0)
(-6.41354e-20 -9.87785e-16 0)
(-6.97681e-20 -9.87775e-16 0)
(-7.38052e-20 -9.87764e-16 0)
(-7.57583e-20 -9.87752e-16 0)
(-7.51179e-20 -9.8774e-16 0)
(-7.14615e-20 -9.87727e-16 0)
(-6.46375e-20 -9.87715e-16 0)
(-5.50114e-20 -9.87707e-16 0)
(-4.36897e-20 -9.87702e-16 0)
(-3.25101e-20 -9.87702e-16 0)
(-2.34883e-20 -9.87706e-16 0)
(-1.77945e-20 -9.87713e-16 0)
(-1.543e-20 -9.8772e-16 0)
(-1.57476e-20 -9.87725e-16 0)
(-1.78779e-20 -9.87729e-16 0)
(-2.09346e-20 -9.87731e-16 0)
(-2.4082e-20 -9.8773e-16 0)
(-2.65427e-20 -9.87728e-16 0)
(-2.76014e-20 -9.87724e-16 0)
(-2.66404e-20 -9.87719e-16 0)
(-2.32351e-20 -9.87713e-16 0)
(-1.7331e-20 -9.8771e-16 0)
(-9.49326e-21 -9.87709e-16 0)
(-1.13351e-21 -9.87712e-16 0)
(5.6107e-21 -9.87721e-16 0)
(9.15428e-21 -9.87732e-16 0)
(9.45664e-21 -9.87743e-16 0)
(7.35618e-21 -9.87752e-16 0)
(3.78521e-21 -9.87759e-16 0)
(-5.03565e-22 -9.87764e-16 0)
(-1.48403e-11 -9.99354e-16 0)
(-2.45588e-07 -1.70709e-06 0)
(9.06022e-08 -0.000463428 0)
(-4.03262e-21 -9.87803e-16 0)
(-1.19924e-20 -9.87802e-16 0)
(-1.97061e-20 -9.878e-16 0)
(-2.70962e-20 -9.87797e-16 0)
(-3.40676e-20 -9.87794e-16 0)
(-4.04997e-20 -9.87789e-16 0)
(-4.62412e-20 -9.87783e-16 0)
(-5.11085e-20 -9.87776e-16 0)
(-5.48888e-20 -9.87769e-16 0)
(-5.73531e-20 -9.8776e-16 0)
(-5.82824e-20 -9.87752e-16 0)
(-5.75108e-20 -9.87743e-16 0)
(-5.49853e-20 -9.87735e-16 0)
(-5.08355e-20 -9.87728e-16 0)
(-4.54297e-20 -9.87722e-16 0)
(-3.93821e-20 -9.87719e-16 0)
(-3.34638e-20 -9.87717e-16 0)
(-2.84062e-20 -9.87718e-16 0)
(-2.46747e-20 -9.8772e-16 0)
(-2.23822e-20 -9.87722e-16 0)
(-2.13622e-20 -9.87724e-16 0)
(-2.12837e-20 -9.87726e-16 0)
(-2.1745e-20 -9.87726e-16 0)
(-2.2337e-20 -9.87726e-16 0)
(-2.2685e-20 -9.87725e-16 0)
(-2.24835e-20 -9.87724e-16 0)
(-2.15307e-20 -9.87723e-16 0)
(-1.9768e-20 -9.87721e-16 0)
(-1.73163e-20 -9.87721e-16 0)
(-1.44913e-20 -9.87722e-16 0)
(-1.17675e-20 -9.87725e-16 0)
(-9.65443e-21 -9.8773e-16 0)
(-8.49177e-21 -9.87735e-16 0)
(-8.31687e-21 -9.87741e-16 0)
(-8.91141e-21 -9.87747e-16 0)
(-9.91714e-21 -9.87752e-16 0)
(-1.10142e-20 -9.87757e-16 0)
(-2.64211e-11 -1.00398e-15 0)
(-2.40614e-07 -1.87996e-06 0)
(1.00345e-07 -0.000467127 0)
(-3.33626e-21 -9.87793e-16 0)
(-9.906e-21 -9.87792e-16 0)
(-1.62279e-20 -9.8779e-16 0)
(-2.22151e-20 -9.87788e-16 0)
(-2.77738e-20 -9.87784e-16 0)
(-3.28e-20 -9.8778e-16 0)
(-3.71794e-20 -9.87775e-16 0)
(-4.07901e-20 -9.8777e-16 0)
(-4.351e-20 -9.87764e-16 0)
(-4.52293e-20 -9.87758e-16 0)
(-4.58689e-20 -9.87752e-16 0)
(-4.54032e-20 -9.87745e-16 0)
(-4.38839e-20 -9.8774e-16 0)
(-4.14591e-20 -9.87735e-16 0)
(-3.83774e-20 -9.87731e-16 0)
(-3.49666e-20 -9.87728e-16 0)
(-3.15848e-20 -9.87726e-16 0)
(-2.85498e-20 -9.87725e-16 0)
(-2.60765e-20 -9.87725e-16 0)
(-2.42489e-20 -9.87725e-16 0)
(-2.30338e-20 -9.87726e-16 0)
(-2.23152e-20 -9.87726e-16 0)
(-2.19335e-20 -9.87726e-16 0)
(-2.17195e-20 -9.87726e-16 0)
(-2.15231e-20 -9.87725e-16 0)
(-2.12352e-20 -9.87725e-16 0)
(-2.08045e-20 -9.87725e-16 0)
(-2.02481e-20 -9.87725e-16 0)
(-1.96521e-20 -9.87725e-16 0)
(-1.91584e-20 -9.87726e-16 0)
(-1.8934e-20 -9.87728e-16 0)
(-1.91235e-20 -9.87731e-16 0)
(-1.97949e-20 -9.87735e-16 0)
(-2.08965e-20 -9.87739e-16 0)
(-2.22318e-20 -9.87744e-16 0)
(-2.34376e-20 -9.87749e-16 0)
(-2.41667e-20 -9.87756e-16 0)
(-5.71007e-11 -1.01397e-15 0)
(-2.36161e-07 -2.52968e-06 0)
(1.20585e-07 -0.000470848 0)
(-2.73419e-21 -9.87784e-16 0)
(-8.10932e-21 -9.87783e-16 0)
(-1.32563e-20 -9.87782e-16 0)
(-1.80926e-20 -9.8778e-16 0)
(-2.25366e-20 -9.87777e-16 0)
(-2.65065e-20 -9.87773e-16 0)
(-2.9922e-20 -9.8777e-16 0)
(-3.27075e-20 -9.87765e-16 0)
(-3.47982e-20 -9.87761e-16 0)
(-3.61485e-20 -9.87756e-16 0)
(-3.67411e-20 -9.87751e-16 0)
(-3.65969e-20 -9.87747e-16 0)
(-3.57825e-20 -9.87742e-16 0)
(-3.4412e-20 -9.87739e-16 0)
(-3.26411e-20 -9.87735e-16 0)
(-3.06519e-20 -9.87733e-16 0)
(-2.86284e-20 -9.87731e-16 0)
(-2.67309e-20 -9.8773e-16 0)
(-2.50743e-20 -9.87729e-16 0)
(-2.3719e-20 -9.87728e-16 0)
(-2.26749e-20 -9.87728e-16 0)
(-2.19141e-20 -9.87727e-16 0)
(-2.13876e-20 -9.87727e-16 0)
(-2.10418e-20 -9.87726e-16 0)
(-2.08343e-20 -9.87726e-16 0)
(-2.07445e-20 -9.87725e-16 0)
(-2.07827e-20 -9.87725e-16 0)
(-2.09939e-20 -9.87725e-16 0)
(-2.14569e-20 -9.87725e-16 0)
(-2.2279e-20 -9.87726e-16 0)
(-2.35875e-20 -9.87727e-16 0)
(-2.55177e-20 -9.87728e-16 0)
(-2.82035e-20 -9.8773e-16 0)
(-3.177e-20 -9.87732e-16 0)
(-3.63282e-20 -9.87735e-16 0)
(-4.19647e-20 -9.8774e-16 0)
(-4.96156e-20 -9.87746e-16 0)
(-2.75622e-10 -1.09255e-15 0)
(-2.1396e-07 -6.83581e-06 0)
(1.71762e-07 -0.00047461 0)
(-2.22866e-21 -9.87777e-16 0)
(-6.60535e-21 -9.87776e-16 0)
(-1.07835e-20 -9.87775e-16 0)
(-1.46912e-20 -9.87773e-16 0)
(-1.82616e-20 -9.87771e-16 0)
(-2.1433e-20 -9.87768e-16 0)
(-2.41507e-20 -9.87765e-16 0)
(-2.63691e-20 -9.87762e-16 0)
(-2.80556e-20 -9.87758e-16 0)
(-2.9195e-20 -9.87754e-16 0)
(-2.97935e-20 -9.87751e-16 0)
(-2.98819e-20 -9.87747e-16 0)
(-2.95166e-20 -9.87744e-16 0)
(-2.87778e-20 -9.87741e-16 0)
(-2.77633e-20 -9.87738e-16 0)
(-2.65799e-20 -9.87736e-16 0)
(-2.53318e-20 -9.87734e-16 0)
(-2.41101e-20 -9.87733e-16 0)
(-2.29846e-20 -9.87731e-16 0)
(-2.20011e-20 -9.8773e-16 0)
(-2.11825e-20 -9.87729e-16 0)
(-2.05347e-20 -9.87728e-16 0)
(-2.00543e-20 -9.87728e-16 0)
(-1.97362e-20 -9.87727e-16 0)
(-1.95818e-20 -9.87726e-16 0)
(-1.96051e-20 -9.87725e-16 0)
(-1.98373e-20 -9.87725e-16 0)
(-2.03313e-20 -9.87724e-16 0)
(-2.11636e-20 -9.87723e-16 0)
(-2.2438e-20 -9.87723e-16 0)
(-2.4291e-20 -9.87722e-16 0)
(-2.69021e-20 -9.87721e-16 0)
(-3.05133e-20 -9.8772e-16 0)
(-3.54647e-20 -9.87719e-16 0)
(-4.22535e-20 -9.87718e-16 0)
(-5.1632e-20 -9.87717e-16 0)
(-7.12187e-20 -9.87715e-16 0)
(-2.39836e-09 -1.5904e-15 0)
(-1.74361e-07 -1.8556e-05 0)
(2.45849e-07 -0.00047835 0)
(-1.81177e-21 -9.87771e-16 0)
(-5.36772e-21 -9.8777e-16 0)
(-8.75695e-21 -9.87769e-16 0)
(-1.19197e-20 -9.87768e-16 0)
(-1.48031e-20 -9.87766e-16 0)
(-1.73612e-20 -9.87764e-16 0)
(-1.95565e-20 -9.87761e-16 0)
(-2.13615e-20 -9.87759e-16 0)
(-2.27603e-20 -9.87756e-16 0)
(-2.37506e-20 -9.87753e-16 0)
(-2.43451e-20 -9.8775e-16 0)
(-2.45718e-20 -9.87747e-16 0)
(-2.44735e-20 -9.87745e-16 0)
(-2.41049e-20 -9.87742e-16 0)
(-2.35289e-20 -9.8774e-16 0)
(-2.28115e-20 -9.87738e-16 0)
(-2.20162e-20 -9.87736e-16 0)
(-2.11993e-20 -9.87735e-16 0)
(-2.04067e-20 -9.87733e-16 0)
(-1.96724e-20 -9.87732e-16 0)
(-1.90197e-20 -9.87731e-16 0)
(-1.84634e-20 -9.8773e-16 0)
(-1.8013e-20 -9.87729e-16 0)
(-1.76767e-20 -9.87727e-16 0)
(-1.74647e-20 -9.87726e-16 0)
(-1.73917e-20 -9.87725e-16 0)
(-1.74793e-20 -9.87724e-16 0)
(-1.77571e-20 -9.87723e-16 0)
(-1.82629e-20 -9.87721e-16 0)
(-1.90425e-20 -9.8772e-16 0)
(-2.01494e-20 -9.87718e-16 0)
(-2.16428e-20 -9.87715e-16 0)
(-2.35846e-20 -9.87712e-16 0)
(-2.60327e-20 -9.87708e-16 0)
(-2.9026e-20 -9.87703e-16 0)
(-3.25528e-20 -9.87697e-16 0)
(-5.66056e-20 -9.87688e-16 0)
(-4.51753e-09 -2.45293e-15 0)
(-1.98993e-07 -2.89808e-05 0)
(1.84343e-07 -0.000481997 0)
(-1.47128e-21 -9.87766e-16 0)
(-4.35829e-21 -9.87766e-16 0)
(-7.10839e-21 -9.87765e-16 0)
(-9.67324e-21 -9.87764e-16 0)
(-1.20114e-20 -9.87762e-16 0)
(-1.40887e-20 -9.87761e-16 0)
(-1.5879e-20 -9.87759e-16 0)
(-1.7365e-20 -9.87756e-16 0)
(-1.85387e-20 -9.87754e-16 0)
(-1.94024e-20 -9.87752e-16 0)
(-1.99686e-20 -9.87749e-16 0)
(-2.02595e-20 -9.87747e-16 0)
(-2.03057e-20 -9.87745e-16 0)
(-2.01446e-20 -9.87743e-16 0)
(-1.98173e-20 -9.87741e-16 0)
(-1.9366e-20 -9.87739e-16 0)
(-1.88312e-20 -9.87737e-16 0)
(-1.82492e-20 -9.87736e-16 0)
(-1.76504e-20 -9.87734e-16 0)
(-1.70591e-20 -9.87733e-16 0)
(-1.6493e-20 -9.87732e-16 0)
(-1.59648e-20 -9.87731e-16 0)
(-1.54829e-20 -9.87729e-16 0)
(-1.50528e-20 -9.87728e-16 0)
(-1.46782e-20 -9.87727e-16 0)
(-1.43614e-20 -9.87726e-16 0)
(-1.41031e-20 -9.87724e-16 0)
(-1.39013e-20 -9.87722e-16 0)
(-1.37493e-20 -9.87721e-16 0)
(-1.36322e-20 -9.87719e-16 0)
(-1.35224e-20 -9.87716e-16 0)
(-1.33722e-20 -9.87713e-16 0)
(-1.31042e-20 -9.8771e-16 0)
(-1.25977e-20 -9.87706e-16 0)
(-1.16693e-20 -9.87701e-16 0)
(-1.00486e-20 -9.87695e-16 0)
(-1.28082e-20 -9.87687e-16 0)
(-4.72919e-11 -3.02716e-15 0)
(-2.26328e-07 -3.0259e-05 0)
(5.77493e-08 -0.000485381 0)
(-1.19422e-21 -9.87762e-16 0)
(-3.53756e-21 -9.87762e-16 0)
(-5.76988e-21 -9.87761e-16 0)
(-7.85259e-21 -9.8776e-16 0)
(-9.75334e-21 -9.87759e-16 0)
(-1.14463e-20 -9.87758e-16 0)
(-1.29127e-20 -9.87756e-16 0)
(-1.41407e-20 -9.87754e-16 0)
(-1.51261e-20 -9.87753e-16 0)
(-1.58719e-20 -9.87751e-16 0)
(-1.63883e-20 -9.87749e-16 0)
(-1.66914e-20 -9.87747e-16 0)
(-1.68029e-20 -9.87745e-16 0)
(-1.67479e-20 -9.87743e-16 0)
(-1.65536e-20 -9.87742e-16 0)
(-1.62475e-20 -9.8774e-16 0)
(-1.58558e-20 -9.87738e-16 0)
(-1.5402e-20 -9.87737e-16 0)
(-1.4906e-20 -9.87736e-16 0)
(-1.43836e-20 -9.87734e-16 0)
(-1.38464e-20 -9.87733e-16 0)
(-1.33018e-20 -9.87732e-16 0)
(-1.27531e-20 -9.8773e-16 0)
(-1.22001e-20 -9.87729e-16 0)
(-1.16387e-20 -9.87728e-16 0)
(-1.10603e-20 -9.87727e-16 0)
(-1.04515e-20 -9.87725e-16 0)
(-9.79201e-21 -9.87723e-16 0)
(-9.05278e-21 -9.87722e-16 0)
(-8.19322e-21 -9.8772e-16 0)
(-7.15744e-21 -9.87718e-16 0)
(-5.86982e-21 -9.87715e-16 0)
(-4.2297e-21 -9.87713e-16 0)
(-2.10542e-21 -9.8771e-16 0)
(6.71847e-22 -9.87706e-16 0)
(4.31368e-21 -9.87703e-16 0)
(9.07787e-21 -9.87699e-16 0)
(3.59947e-20 -3.3e-15 0)
(-1.38376e-07 -2.7099e-05 0)
(1.72136e-08 -0.000487885 0)
(-9.6872e-22 -9.87759e-16 0)
(-2.86975e-21 -9.87759e-16 0)
(-4.68132e-21 -9.87758e-16 0)
(-6.37275e-21 -9.87758e-16 0)
(-7.91865e-21 -9.87757e-16 0)
(-9.29916e-21 -9.87755e-16 0)
(-1.05001e-20 -9.87754e-16 0)
(-1.15129e-20 -9.87753e-16 0)
(-1.23348e-20 -9.87751e-16 0)
(-1.29682e-20 -9.8775e-16 0)
(-1.34203e-20 -9.87748e-16 0)
(-1.37027e-20 -9.87747e-16 0)
(-1.38299e-20 -9.87745e-16 0)
(-1.3819e-20 -9.87743e-16 0)
(-1.36879e-20 -9.87742e-16 0)
(-1.34546e-20 -9.87741e-16 0)
(-1.3136e-20 -9.87739e-16 0)
(-1.27474e-20 -9.87738e-16 0)
(-1.23012e-20 -9.87737e-16 0)
(-1.18073e-20 -9.87735e-16 0)
(-1.12722e-20 -9.87734e-16 0)
(-1.06991e-20 -9.87733e-16 0)
(-1.00877e-20 -9.87732e-16 0)
(-9.4345e-21 -9.87731e-16 0)
(-8.73187e-21 -9.87729e-16 0)
(-7.96814e-21 -9.87728e-16 0)
(-7.12691e-21 -9.87727e-16 0)
(-6.18628e-21 -9.87725e-16 0)
(-5.11804e-21 -9.87724e-16 0)
(-3.88668e-21 -9.87723e-16 0)
(-2.44846e-21 -9.87721e-16 0)
(-7.50743e-22 -9.87719e-16 0)
(1.26831e-21 -9.87718e-16 0)
(3.67929e-21 -9.87716e-16 0)
(6.55999e-21 -9.87715e-16 0)
(9.99236e-21 -9.87713e-16 0)
(1.40576e-20 -9.87712e-16 0)
(4.5388e-20 -3.56451e-15 0)
(7.18832e-11 -2.34967e-05 0)
(-7.51625e-09 -0.000488691 0)
(-7.8466e-22 -9.87757e-16 0)
(-2.32465e-21 -9.87756e-16 0)
(-3.79271e-21 -9.87756e-16 0)
(-5.16437e-21 -9.87755e-16 0)
(-6.41956e-21 -9.87755e-16 0)
(-7.54264e-21 -9.87754e-16 0)
(-8.52252e-21 -9.87753e-16 0)
(-9.35254e-21 -9.87751e-16 0)
(-1.00302e-20 -9.8775e-16 0)
(-1.05571e-20 -9.87749e-16 0)
(-1.0938e-20 -9.87748e-16 0)
(-1.11806e-20 -9.87746e-16 0)
(-1.12948e-20 -9.87745e-16 0)
(-1.12918e-20 -9.87744e-16 0)
(-1.11835e-20 -9.87742e-16 0)
(-1.09816e-20 -9.87741e-16 0)
(-1.06973e-20 -9.8774e-16 0)
(-1.03402e-20 -9.87739e-16 0)
(-9.91825e-21 -9.87737e-16 0)
(-9.43735e-21 -9.87736e-16 0)
(-8.90112e-21 -9.87735e-16 0)
(-8.31075e-21 -9.87734e-16 0)
(-7.66491e-21 -9.87733e-16 0)
(-6.9597e-21 -9.87732e-16 0)
(-6.18859e-21 -9.87731e-16 0)
(-5.34238e-21 -9.8773e-16 0)
(-4.40916e-21 -9.87729e-16 0)
(-3.37446e-21 -9.87728e-16 0)
(-2.22138e-21 -9.87727e-16 0)
(-9.31161e-22 -9.87726e-16 0)
(5.15987e-22 -9.87725e-16 0)
(2.1394e-21 -9.87724e-16 0)
(3.95566e-21 -9.87723e-16 0)
(5.97516e-21 -9.87722e-16 0)
(8.19705e-21 -9.87722e-16 0)
(1.06021e-20 -9.87722e-16 0)
(1.31428e-20 -9.87722e-16 0)
(3.91063e-20 -3.82799e-15 0)
(3.78962e-11 -2.05748e-05 0)
(-1.6833e-08 -0.000488445 0)
(-6.33807e-22 -9.87755e-16 0)
(-1.87781e-21 -9.87754e-16 0)
(-3.06393e-21 -9.87754e-16 0)
(-4.17257e-21 -9.87754e-16 0)
(-5.18763e-21 -9.87753e-16 0)
(-6.09661e-21 -9.87752e-16 0)
(-6.89052e-21 -9.87751e-16 0)
(-7.56383e-21 -9.8775e-16 0)
(-8.11417e-21 -9.87749e-16 0)
(-8.54208e-21 -9.87748e-16 0)
(-8.85054e-21 -9.87747e-16 0)
(-9.04455e-21 -9.87746e-16 0)
(-9.13061e-21 -9.87745e-16 0)
(-9.11616e-21 -9.87744e-16 0)
(-9.00905e-21 -9.87743e-16 0)
(-8.81708e-21 -9.87741e-16 0)
(-8.5475e-21 -9.8774e-16 0)
(-8.20673e-21 -9.87739e-16 0)
(-7.79999e-21 -9.87738e-16 0)
(-7.33114e-21 -9.87737e-16 0)
(-6.80254e-21 -9.87736e-16 0)
(-6.215e-21 -9.87736e-16 0)
(-5.56777e-21 -9.87735e-16 0)
(-4.85861e-21 -9.87734e-16 0)
(-4.0839e-21 -9.87733e-16 0)
(-3.23881e-21 -9.87732e-16 0)
(-2.31763e-21 -9.87731e-16 0)
(-1.31418e-21 -9.8773e-16 0)
(-2.22309e-22 -9.8773e-16 0)
(9.6324e-22 -9.87729e-16 0)
(2.24587e-21 -9.87728e-16 0)
(3.62581e-21 -9.87728e-16 0)
(5.09851e-21 -9.87727e-16 0)
(6.65281e-21 -9.87727e-16 0)
(8.26892e-21 -9.87727e-16 0)
(9.91651e-21 -9.87727e-16 0)
(1.15533e-20 -9.87728e-16 0)
(3.4081e-20 -4.09529e-15 0)
(2.38077e-11 -1.8254e-05 0)
(-2.2042e-08 -0.000488146 0)
(-5.09618e-22 -9.87753e-16 0)
(-1.50983e-21 -9.87753e-16 0)
(-2.46338e-21 -9.87753e-16 0)
(-3.35445e-21 -9.87752e-16 0)
(-4.16998e-21 -9.87752e-16 0)
(-4.89977e-21 -9.87751e-16 0)
(-5.5364e-21 -9.8775e-16 0)
(-6.07506e-21 -9.87749e-16 0)
(-6.51342e-21 -9.87748e-16 0)
(-6.85129e-21 -9.87748e-16 0)
(-7.09032e-21 -9.87747e-16 0)
(-7.23364e-21 -9.87746e-16 0)
(-7.28548e-21 -9.87745e-16 0)
(-7.25076e-21 -9.87744e-16 0)
(-7.13477e-21 -9.87743e-16 0)
(-6.94279e-21 -9.87742e-16 0)
(-6.67982e-21 -9.87741e-16 0)
(-6.35032e-21 -9.8774e-16 0)
(-5.95809e-21 -9.87739e-16 0)
(-5.50609e-21 -9.87738e-16 0)
(-4.9964e-21 -9.87738e-16 0)
(-4.43028e-21 -9.87737e-16 0)
(-3.80816e-21 -9.87736e-16 0)
(-3.1298e-21 -9.87735e-16 0)
(-2.39445e-21 -9.87735e-16 0)
(-1.60113e-21 -9.87734e-16 0)
(-7.48875e-22 -9.87733e-16 0)
(1.6281e-22 -9.87733e-16 0)
(1.13353e-21 -9.87732e-16 0)
(2.16147e-21 -9.87732e-16 0)
(3.24278e-21 -9.87731e-16 0)
(4.37095e-21 -9.87731e-16 0)
(5.53627e-21 -9.87731e-16 0)
(6.72529e-21 -9.87731e-16 0)
(7.92059e-21 -9.87731e-16 0)
(9.1009e-21 -9.87731e-16 0)
(1.02417e-20 -9.87731e-16 0)
(3.079e-20 -4.36666e-15 0)
(1.75456e-11 -1.63364e-05 0)
(-2.51877e-08 -0.000487812 0)
(-4.0695e-22 -9.87752e-16 0)
(-1.20551e-21 -9.87752e-16 0)
(-1.96639e-21 -9.87751e-16 0)
(-2.67668e-21 -9.87751e-16 0)
(-3.3257e-21 -9.8775e-16 0)
(-3.905e-21 -9.8775e-16 0)
(-4.40833e-21 -9.87749e-16 0)
(-4.83148e-21 -9.87749e-16 0)
(-5.17214e-21 -9.87748e-16 0)
(-5.42967e-21 -9.87747e-16 0)
(-5.6048e-21 -9.87746e-16 0)
(-5.69944e-21 -9.87746e-16 0)
(-5.71633e-21 -9.87745e-16 0)
(-5.65879e-21 -9.87744e-16 0)
(-5.53049e-21 -9.87743e-16 0)
(-5.33516e-21 -9.87742e-16 0)
(-5.07647e-21 -9.87742e-16 0)
(-4.75781e-21 -9.87741e-16 0)
(-4.38224e-21 -9.8774e-16 0)
(-3.95242e-21 -9.87739e-16 0)
(-3.47055e-21 -9.87739e-16 0)
(-2.93848e-21 -9.87738e-16 0)
(-2.35773e-21 -9.87737e-16 0)
(-1.72963e-21 -9.87737e-16 0)
(-1.05545e-21 -9.87736e-16 0)
(-3.36623e-22 -9.87736e-16 0)
(4.25041e-22 -9.87735e-16 0)
(1.22712e-21 -9.87735e-16 0)
(2.06634e-21 -9.87734e-16 0)
(2.93826e-21 -9.87734e-16 0)
(3.83709e-21 -9.87734e-16 0)
(4.75552e-21 -9.87734e-16 0)
(5.68459e-21 -9.87734e-16 0)
(6.61373e-21 -9.87734e-16 0)
(7.531e-21 -9.87734e-16 0)
(8.42347e-21 -9.87734e-16 0)
(9.27782e-21 -9.87734e-16 0)
(2.87675e-20 -4.65347e-15 0)
(1.47817e-11 -1.4687e-05 0)
(-2.71005e-08 -0.00048745 0)
(-3.21776e-22 -9.87751e-16 0)
(-9.52968e-22 -9.87751e-16 0)
(-1.55369e-21 -9.8775e-16 0)
(-2.11331e-21 -9.8775e-16 0)
(-2.623e-21 -9.8775e-16 0)
(-3.0757e-21 -9.87749e-16 0)
(-3.4661e-21 -9.87749e-16 0)
(-3.79048e-21 -9.87748e-16 0)
(-4.04664e-21 -9.87747e-16 0)
(-4.23364e-21 -9.87747e-16 0)
(-4.3517e-21 -9.87746e-16 0)
(-4.40192e-21 -9.87746e-16 0)
(-4.3861e-21 -9.87745e-16 0)
(-4.30656e-21 -9.87744e-16 0)
(-4.16595e-21 -9.87743e-16 0)
(-3.96709e-21 -9.87743e-16 0)
(-3.71284e-21 -9.87742e-16 0)
(-3.40601e-21 -9.87741e-16 0)
(-3.04927e-21 -9.87741e-16 0)
(-2.64518e-21 -9.8774e-16 0)
(-2.19613e-21 -9.8774e-16 0)
(-1.7044e-21 -9.87739e-16 0)
(-1.1722e-21 -9.87739e-16 0)
(-6.01794e-22 -9.87738e-16 0)
(4.44531e-24 -9.87738e-16 0)
(6.4389e-22 -9.87737e-16 0)
(1.31355e-21 -9.87737e-16 0)
(2.00994e-21 -9.87737e-16 0)
(2.72898e-21 -9.87736e-16 0)
(3.46592e-21 -9.87736e-16 0)
(4.21526e-21 -9.87736e-16 0)
(4.97078e-21 -9.87736e-16 0)
(5.72562e-21 -9.87736e-16 0)
(6.47234e-21 -9.87736e-16 0)
(7.20322e-21 -9.87736e-16 0)
(7.91048e-21 -9.87736e-16 0)
(8.58662e-21 -9.87736e-16 0)
(2.76933e-20 -4.99027e-15 0)
(1.36918e-11 -1.32234e-05 0)
(-2.82017e-08 -0.000487069 0)
(-2.50936e-22 -9.8775e-16 0)
(-7.42862e-22 -9.8775e-16 0)
(-1.21013e-21 -9.8775e-16 0)
(-1.64394e-21 -9.87749e-16 0)
(-2.03691e-21 -9.87749e-16 0)
(-2.38312e-21 -9.87749e-16 0)
(-2.67799e-21 -9.87748e-16 0)
(-2.91829e-21 -9.87748e-16 0)
(-3.10193e-21 -9.87747e-16 0)
(-3.2279e-21 -9.87747e-16 0)
(-3.29607e-21 -9.87746e-16 0)
(-3.30707e-21 -9.87746e-16 0)
(-3.26214e-21 -9.87745e-16 0)
(-3.16297e-21 -9.87744e-16 0)
(-3.01158e-21 -9.87744e-16 0)
(-2.81021e-21 -9.87743e-16 0)
(-2.56124e-21 -9.87743e-16 0)
(-2.26711e-21 -9.87742e-16 0)
(-1.93029e-21 -9.87742e-16 0)
(-1.55324e-21 -9.87741e-16 0)
(-1.13843e-21 -9.87741e-16 0)
(-6.88338e-22 -9.8774e-16 0)
(-2.05507e-22 -9.8774e-16 0)
(3.07429e-22 -9.87739e-16 0)
(8.4768e-22 -9.87739e-16 0)
(1.41225e-21 -9.87739e-16 0)
(1.9979e-21 -9.87738e-16 0)
(2.60106e-21 -9.87738e-16 0)
(3.21786e-21 -9.87738e-16 0)
(3.8441e-21 -9.87738e-16 0)
(4.47526e-21 -9.87738e-16 0)
(5.10655e-21 -9.87738e-16 0)
(5.73304e-21 -9.87738e-16 0)
(6.34972e-21 -9.87738e-16 0)
(6.95165e-21 -9.87738e-16 0)
(7.53418e-21 -9.87738e-16 0)
(8.09304e-21 -9.87738e-16 0)
(2.75266e-20 -5.33366e-15 0)
(1.33044e-11 -1.18939e-05 0)
(-2.87335e-08 -0.00048667 0)
(-1.9193e-22 -9.87749e-16 0)
(-5.67812e-22 -9.87749e-16 0)
(-9.23769e-22 -9.87749e-16 0)
(-1.25244e-21 -9.87749e-16 0)
(-1.54763e-21 -9.87748e-16 0)
(-1.80432e-21 -9.87748e-16 0)
(-2.01861e-21 -9.87748e-16 0)
(-2.18764e-21 -9.87747e-16 0)
(-2.30952e-21 -9.87747e-16 0)
(-2.38323e-21 -9.87747e-16 0)
(-2.40848e-21 -9.87746e-16 0)
(-2.38565e-21 -9.87746e-16 0)
(-2.31559e-21 -9.87745e-16 0)
(-2.19963e-21 -9.87745e-16 0)
(-2.03938e-21 -9.87744e-16 0)
(-1.83672e-21 -9.87744e-16 0)
(-1.59371e-21 -9.87743e-16 0)
(-1.31253e-21 -9.87743e-16 0)
(-9.95453e-22 -9.87742e-16 0)
(-6.4484e-22 -9.87742e-16 0)
(-2.63109e-22 -9.87741e-16 0)
(1.4725e-22 -9.87741e-16 0)
(5.83668e-22 -9.87741e-16 0)
(1.04348e-21 -9.8774e-16 0)
(1.5239e-21 -9.8774e-16 0)
(2.02202e-21 -9.8774e-16 0)
(2.53479e-21 -9.8774e-16 0)
(3.05902e-21 -9.87739e-16 0)
(3.59138e-21 -9.87739e-16 0)
(4.12844e-21 -9.87739e-16 0)
(4.66669e-21 -9.87739e-16 0)
(5.20261e-21 -9.87739e-16 0)
(5.73274e-21 -9.87739e-16 0)
(6.25373e-21 -9.87739e-16 0)
(6.76245e-21 -9.87739e-16 0)
(7.25611e-21 -9.87739e-16 0)
(7.73228e-21 -9.87739e-16 0)
(2.74228e-20 -5.6909e-15 0)
(1.30494e-11 -1.06654e-05 0)
(-2.88318e-08 -0.000486259 0)
(-1.42766e-22 -9.87749e-16 0)
(-4.21934e-22 -9.87749e-16 0)
(-6.85038e-22 -9.87748e-16 0)
(-9.25885e-22 -9.87748e-16 0)
(-1.13925e-21 -9.87748e-16 0)
(-1.32085e-21 -9.87748e-16 0)
(-1.46735e-21 -9.87748e-16 0)
(-1.57625e-21 -9.87747e-16 0)
(-1.64587e-21 -9.87747e-16 0)
(-1.67523e-21 -9.87746e-16 0)
(-1.66399e-21 -9.87746e-16 0)
(-1.61237e-21 -9.87746e-16 0)
(-1.52102e-21 -9.87745e-16 0)
(-1.39102e-21 -9.87745e-16 0)
(-1.22372e-21 -9.87744e-16 0)
(-1.02074e-21 -9.87744e-16 0)
(-7.83906e-22 -9.87744e-16 0)
(-5.15183e-22 -9.87743e-16 0)
(-2.16673e-22 -9.87743e-16 0)
(1.09423e-22 -9.87743e-16 0)
(4.60818e-22 -9.87742e-16 0)
(8.35145e-22 -9.87742e-16 0)
(1.22997e-21 -9.87742e-16 0)
(1.64278e-21 -9.87741e-16 0)
(2.07101e-21 -9.87741e-16 0)
(2.51203e-21 -9.87741e-16 0)
(2.96317e-21 -9.87741e-16 0)
(3.42171e-21 -9.87741e-16 0)
(3.88492e-21 -9.8774e-16 0)
(4.35009e-21 -9.8774e-16 0)
(4.81458e-21 -9.8774e-16 0)
(5.2758e-21 -9.8774e-16 0)
(5.73133e-21 -9.8774e-16 0)
(6.1789e-21 -9.8774e-16 0)
(6.6165e-21 -9.8774e-16 0)
(7.04235e-21 -9.8774e-16 0)
(7.45497e-21 -9.8774e-16 0)
(2.79043e-20 -6.06778e-15 0)
(1.26074e-11 -9.51776e-06 0)
(-2.85771e-08 -0.000485837 0)
(-1.01844e-22 -9.87748e-16 0)
(-3.00495e-22 -9.87748e-16 0)
(-4.86247e-22 -9.87748e-16 0)
(-6.53856e-22 -9.87748e-16 0)
(-7.98882e-22 -9.87748e-16 0)
(-9.17677e-22 -9.87748e-16 0)
(-1.00736e-21 -9.87747e-16 0)
(-1.06576e-21 -9.87747e-16 0)
(-1.0914e-21 -9.87747e-16 0)
(-1.08338e-21 -9.87746e-16 0)
(-1.04137e-21 -9.87746e-16 0)
(-9.65486e-22 -9.87746e-16 0)
(-8.56275e-22 -9.87745e-16 0)
(-7.14628e-22 -9.87745e-16 0)
(-5.41726e-22 -9.87745e-16 0)
(-3.38997e-22 -9.87744e-16 0)
(-1.08068e-22 -9.87744e-16 0)
(1.49274e-22 -9.87744e-16 0)
(4.31106e-22 -9.87744e-16 0)
(7.35401e-22 -9.87743e-16 0)
(1.06005e-21 -9.87743e-16 0)
(1.40286e-21 -9.87743e-16 0)
(1.76161e-21 -9.87742e-16 0)
(2.13402e-21 -9.87742e-16 0)
(2.5178e-21 -9.87742e-16 0)
(2.91065e-21 -9.87742e-16 0)
(3.31028e-21 -9.87742e-16 0)
(3.71445e-21 -9.87742e-16 0)
(4.12094e-21 -9.87741e-16 0)
(4.52763e-21 -9.87741e-16 0)
(4.93253e-21 -9.87741e-16 0)
(5.33374e-21 -9.87741e-16 0)
(5.72955e-21 -9.87741e-16 0)
(6.11845e-21 -9.87741e-16 0)
(6.49911e-21 -9.87741e-16 0)
(6.87049e-21 -9.87741e-16 0)
(7.23177e-21 -9.87741e-16 0)
(2.82868e-20 -6.45675e-15 0)
(1.18591e-11 -8.43831e-06 0)
(-2.8023e-08 -0.000485409 0)
(-6.78714e-23 -9.87748e-16 0)
(-1.99665e-22 -9.87748e-16 0)
(-3.21158e-22 -9.87748e-16 0)
(-4.2788e-22 -9.87748e-16 0)
(-5.16035e-22 -9.87748e-16 0)
(-5.82494e-22 -9.87747e-16 0)
(-6.24769e-22 -9.87747e-16 0)
(-6.40982e-22 -9.87747e-16 0)
(-6.29822e-22 -9.87747e-16 0)
(-5.90495e-22 -9.87747e-16 0)
(-5.22676e-22 -9.87746e-16 0)
(-4.26457e-22 -9.87746e-16 0)
(-3.02293e-22 -9.87746e-16 0)
(-1.50957e-22 -9.87745e-16 0)
(2.65077e-23 -9.87745e-16 0)
(2.28827e-22 -9.87745e-16 0)
(4.54536e-22 -9.87745e-16 0)
(7.0201e-22 -9.87744e-16 0)
(9.69495e-22 -9.87744e-16 0)
(1.25514e-21 -9.87744e-16 0)
(1.557e-21 -9.87744e-16 0)
(1.8731e-21 -9.87743e-16 0)
(2.2014e-21 -9.87743e-16 0)
(2.53987e-21 -9.87743e-16 0)
(2.88649e-21 -9.87743e-16 0)
(3.23923e-21 -9.87743e-16 0)
(3.59616e-21 -9.87743e-16 0)
(3.95538e-21 -9.87742e-16 0)
(4.3151e-21 -9.87742e-16 0)
(4.67365e-21 -9.87742e-16 0)
(5.02948e-21 -9.87742e-16 0)
(5.38118e-21 -9.87742e-16 0)
(5.72752e-21 -9.87742e-16 0)
(6.06743e-21 -9.87742e-16 0)
(6.40003e-21 -9.87742e-16 0)
(6.72462e-21 -9.87742e-16 0)
(7.04068e-21 -9.87742e-16 0)
(2.89975e-20 -6.80275e-15 0)
(1.08401e-11 -7.41922e-06 0)
(-2.72035e-08 -0.00048498 0)
(-3.97958e-23 -9.87748e-16 0)
(-1.16332e-22 -9.87748e-16 0)
(-1.84696e-22 -9.87748e-16 0)
(-2.4105e-22 -9.87748e-16 0)
(-2.82125e-22 -9.87748e-16 0)
(-3.05219e-22 -9.87747e-16 0)
(-3.08174e-22 -9.87747e-16 0)
(-2.89349e-22 -9.87747e-16 0)
(-2.47592e-22 -9.87747e-16 0)
(-1.82194e-22 -9.87747e-16 0)
(-9.28558e-23 -9.87746e-16 0)
(2.03559e-23 -9.87746e-16 0)
(1.57049e-22 -9.87746e-16 0)
(3.16544e-22 -9.87746e-16 0)
(4.97912e-22 -9.87746e-16 0)
(7.0001e-22 -9.87745e-16 0)
(9.21512e-22 -9.87745e-16 0)
(1.16094e-21 -9.87745e-16 0)
(1.41669e-21 -9.87745e-16 0)
(1.68705e-21 -9.87744e-16 0)
(1.97026e-21 -9.87744e-16 0)
(2.26449e-21 -9.87744e-16 0)
(2.56789e-21 -9.87744e-16 0)
(2.8786e-21 -9.87744e-16 0)
(3.1948e-21 -9.87744e-16 0)
(3.5147e-21 -9.87743e-16 0)
(3.8366e-21 -9.87743e-16 0)
(4.15886e-21 -9.87743e-16 0)
(4.47997e-21 -9.87743e-16 0)
(4.79857e-21 -9.87743e-16 0)
(5.11341e-21 -9.87743e-16 0)
(5.42341e-21 -9.87743e-16 0)
(5.72767e-21 -9.87743e-16 0)
(6.02545e-21 -9.87743e-16 0)
(6.31616e-21 -9.87743e-16 0)
(6.59942e-21 -9.87743e-16 0)
(6.87495e-21 -9.87743e-16 0)
(2.91199e-20 -7.01504e-15 0)
(9.65997e-12 -6.45587e-06 0)
(-2.61528e-08 -0.000484553 0)
(-1.67623e-23 -9.87748e-16 0)
(-4.79619e-23 -9.87748e-16 0)
(-7.27269e-23 -9.87748e-16 0)
(-8.77323e-23 -9.87748e-16 0)
(-9.01411e-23 -9.87748e-16 0)
(-7.75975e-23 -9.87747e-16 0)
(-4.82123e-23 -9.87747e-16 0)
(-5.40785e-25 -9.87747e-16 0)
(6.64435e-23 -9.87747e-16 0)
(1.53379e-22 -9.87747e-16 0)
(2.60547e-22 -9.87747e-16 0)
(3.87907e-22 -9.87746e-16 0)
(5.35125e-22 -9.87746e-16 0)
(7.01606e-22 -9.87746e-16 0)
(8.86527e-22 -9.87746e-16 0)
(1.08886e-21 -9.87746e-16 0)
(1.30741e-21 -9.87745e-16 0)
(1.54082e-21 -9.87745e-16 0)
(1.78762e-21 -9.87745e-16 0)
(2.04623e-21 -9.87745e-16 0)
(2.31501e-21 -9.87745e-16 0)
(2.59224e-21 -9.87745e-16 0)
(2.8762e-21 -9.87745e-16 0)
(3.16515e-21 -9.87744e-16 0)
(3.45738e-21 -9.87744e-16 0)
(3.75122e-21 -9.87744e-16 0)
(4.04509e-21 -9.87744e-16 0)
(4.33749e-21 -9.87744e-16 0)
(4.62707e-21 -9.87744e-16 0)
(4.9126e-21 -9.87744e-16 0)
(5.19303e-21 -9.87744e-16 0)
(5.46748e-21 -9.87744e-16 0)
(5.73525e-21 -9.87744e-16 0)
(5.99583e-21 -9.87744e-16 0)
(6.24885e-21 -9.87744e-16 0)
(6.49414e-21 -9.87744e-16 0)
(6.73164e-21 -9.87744e-16 0)
(2.89003e-20 -7.0366e-15 0)
(8.43383e-12 -5.54542e-06 0)
(-2.49043e-08 -0.000484131 0)
(1.92397e-24 -9.87748e-16 0)
(7.50474e-24 -9.87748e-16 0)
(1.81113e-23 -9.87748e-16 0)
(3.66531e-23 -9.87748e-16 0)
(6.56201e-23 -9.87748e-16 0)
(1.07089e-22 -9.87747e-16 0)
(1.62734e-22 -9.87747e-16 0)
(2.33848e-22 -9.87747e-16 0)
(3.21362e-22 -9.87747e-16 0)
(4.25868e-22 -9.87747e-16 0)
(5.47648e-22 -9.87747e-16 0)
(6.86696e-22 -9.87747e-16 0)
(8.42744e-22 -9.87747e-16 0)
(1.01529e-21 -9.87746e-16 0)
(1.20361e-21 -9.87746e-16 0)
(1.40681e-21 -9.87746e-16 0)
(1.62379e-21 -9.87746e-16 0)
(1.85335e-21 -9.87746e-16 0)
(2.09411e-21 -9.87746e-16 0)
(2.34461e-21 -9.87745e-16 0)
(2.60329e-21 -9.87745e-16 0)
(2.86851e-21 -9.87745e-16 0)
(3.13861e-21 -9.87745e-16 0)
(3.41189e-21 -9.87745e-16 0)
(3.68663e-21 -9.87745e-16 0)
(3.96119e-21 -9.87745e-16 0)
(4.23396e-21 -9.87745e-16 0)
(4.50342e-21 -9.87745e-16 0)
(4.76821e-21 -9.87745e-16 0)
(5.0271e-21 -9.87745e-16 0)
(5.27907e-21 -9.87744e-16 0)
(5.52328e-21 -9.87744e-16 0)
(5.75916e-21 -9.87744e-16 0)
(5.98633e-21 -9.87744e-16 0)
(6.20466e-21 -9.87744e-16 0)
(6.41421e-21 -9.87744e-16 0)
(6.61524e-21 -9.87744e-16 0)
(2.77963e-20 -6.81485e-15 0)
(7.24177e-12 -4.68637e-06 0)
(-2.34958e-08 -0.000483716 0)
(1.68261e-23 -9.87748e-16 0)
(5.17361e-23 -9.87748e-16 0)
(9.05405e-23 -9.87748e-16 0)
(1.35814e-22 -9.87748e-16 0)
(1.8977e-22 -9.87748e-16 0)
(2.54262e-22 -9.87748e-16 0)
(3.30802e-22 -9.87747e-16 0)
(4.20567e-22 -9.87747e-16 0)
(5.24427e-22 -9.87747e-16 0)
(6.42955e-22 -9.87747e-16 0)
(7.76453e-22 -9.87747e-16 0)
(9.24971e-22 -9.87747e-16 0)
(1.08833e-21 -9.87747e-16 0)
(1.26612e-21 -9.87747e-16 0)
(1.45776e-21 -9.87747e-16 0)
(1.66247e-21 -9.87746e-16 0)
(1.87931e-21 -9.87746e-16 0)
(2.10718e-21 -9.87746e-16 0)
(2.34486e-21 -9.87746e-16 0)
(2.59097e-21 -9.87746e-16 0)
(2.84404e-21 -9.87746e-16 0)
(3.10248e-21 -9.87746e-16 0)
(3.36462e-21 -9.87746e-16 0)
(3.62872e-21 -9.87746e-16 0)
(3.893e-21 -9.87745e-16 0)
(4.15566e-21 -9.87745e-16 0)
(4.41491e-21 -9.87745e-16 0)
(4.66903e-21 -9.87745e-16 0)
(4.91642e-21 -9.87745e-16 0)
(5.15561e-21 -9.87745e-16 0)
(5.38537e-21 -9.87745e-16 0)
(5.60471e-21 -9.87745e-16 0)
(5.81296e-21 -9.87745e-16 0)
(6.00979e-21 -9.87745e-16 0)
(6.19521e-21 -9.87745e-16 0)
(6.36956e-21 -9.87745e-16 0)
(6.53348e-21 -9.87745e-16 0)
(2.6115e-20 -6.39388e-15 0)
(6.12198e-12 -3.87827e-06 0)
(-2.19653e-08 -0.000483309 0)
(2.83992e-23 -9.87748e-16 0)
(8.60798e-23 -9.87748e-16 0)
(1.46757e-22 -9.87748e-16 0)
(2.12737e-22 -9.87748e-16 0)
(2.86012e-22 -9.87748e-16 0)
(3.68263e-22 -9.87748e-16 0)
(4.60877e-22 -9.87748e-16 0)
(5.64956e-22 -9.87748e-16 0)
(6.81336e-22 -9.87747e-16 0)
(8.10598e-22 -9.87747e-16 0)
(9.53091e-22 -9.87747e-16 0)
(1.10895e-21 -9.87747e-16 0)
(1.27809e-21 -9.87747e-16 0)
(1.46025e-21 -9.87747e-16 0)
(1.65499e-21 -9.87747e-16 0)
(1.86172e-21 -9.87747e-16 0)
(2.07964e-21 -9.87747e-16 0)
(2.30786e-21 -9.87747e-16 0)
(2.54528e-21 -9.87747e-16 0)
(2.79069e-21 -9.87747e-16 0)
(3.04273e-21 -9.87746e-16 0)
(3.29986e-21 -9.87746e-16 0)
(3.56042e-21 -9.87746e-16 0)
(3.8226e-21 -9.87746e-16 0)
(4.08446e-21 -9.87746e-16 0)
(4.34395e-21 -9.87746e-16 0)
(4.59891e-21 -9.87746e-16 0)
(4.84716e-21 -9.87746e-16 0)
(5.08655e-21 -9.87746e-16 0)
(5.31501e-21 -9.87746e-16 0)
(5.53065e-21 -9.87746e-16 0)
(5.73193e-21 -9.87746e-16 0)
(5.91768e-21 -9.87745e-16 0)
(6.08728e-21 -9.87745e-16 0)
(6.24071e-21 -9.87745e-16 0)
(6.3786e-21 -9.87745e-16 0)
(6.50216e-21 -9.87745e-16 0)
(2.40126e-20 -5.79091e-15 0)
(5.07754e-12 -3.12145e-06 0)
(-2.03458e-08 -0.000482909 0)
(3.70114e-23 -9.87748e-16 0)
(1.11625e-22 -9.87748e-16 0)
(1.88532e-22 -9.87748e-16 0)
(2.69821e-22 -9.87748e-16 0)
(3.57307e-22 -9.87748e-16 0)
(4.52539e-22 -9.87748e-16 0)
(5.56811e-22 -9.87748e-16 0)
(6.71177e-22 -9.87748e-16 0)
(7.96465e-22 -9.87748e-16 0)
(9.33289e-22 -9.87748e-16 0)
(1.08207e-21 -9.87748e-16 0)
(1.24303e-21 -9.87748e-16 0)
(1.41626e-21 -9.87747e-16 0)
(1.60163e-21 -9.87747e-16 0)
(1.79892e-21 -9.87747e-16 0)
(2.00772e-21 -9.87747e-16 0)
(2.22751e-21 -9.87747e-16 0)
(2.4576e-21 -9.87747e-16 0)
(2.69717e-21 -9.87747e-16 0)
(2.94523e-21 -9.87747e-16 0)
(3.20061e-21 -9.87747e-16 0)
(3.46197e-21 -9.87747e-16 0)
(3.72773e-21 -9.87747e-16 0)
(3.99609e-21 -9.87747e-16 0)
(4.26499e-21 -9.87747e-16 0)
(4.53208e-21 -9.87747e-16 0)
(4.79475e-21 -9.87746e-16 0)
(5.05011e-21 -9.87746e-16 0)
(5.29504e-21 -9.87746e-16 0)
(5.52631e-21 -9.87746e-16 0)
(5.74067e-21 -9.87746e-16 0)
(5.93508e-21 -9.87746e-16 0)
(6.10695e-21 -9.87746e-16 0)
(6.25443e-21 -9.87746e-16 0)
(6.37673e-21 -9.87746e-16 0)
(6.47439e-21 -9.87746e-16 0)
(6.54941e-21 -9.87746e-16 0)
(2.15722e-20 -5.02984e-15 0)
(4.09061e-12 -2.41692e-06 0)
(-1.86549e-08 -0.000482515 0)
(4.29629e-23 -9.87748e-16 0)
(1.29257e-22 -9.87748e-16 0)
(2.17303e-22 -9.87748e-16 0)
(3.09007e-22 -9.87748e-16 0)
(4.0604e-22 -9.87748e-16 0)
(5.09842e-22 -9.87748e-16 0)
(6.21641e-22 -9.87748e-16 0)
(7.42461e-22 -9.87748e-16 0)
(8.73139e-22 -9.87748e-16 0)
(1.01434e-21 -9.87748e-16 0)
(1.16656e-21 -9.87748e-16 0)
(1.33017e-21 -9.87748e-16 0)
(1.50539e-21 -9.87748e-16 0)
(1.69232e-21 -9.87748e-16 0)
(1.89095e-21 -9.87748e-16 0)
(2.10116e-21 -9.87748e-16 0)
(2.32271e-21 -9.87748e-16 0)
(2.55528e-21 -9.87748e-16 0)
(2.79838e-21 -9.87748e-16 0)
(3.05144e-21 -9.87748e-16 0)
(3.31368e-21 -9.87747e-16 0)
(3.58414e-21 -9.87747e-16 0)
(3.86161e-21 -9.87747e-16 0)
(4.14458e-21 -9.87747e-16 0)
(4.43114e-21 -9.87747e-16 0)
(4.71892e-21 -9.87747e-16 0)
(5.00499e-21 -9.87747e-16 0)
(5.28576e-21 -9.87747e-16 0)
(5.55695e-21 -9.87747e-16 0)
(5.8135e-21 -9.87747e-16 0)
(6.04974e-21 -9.87747e-16 0)
(6.25949e-21 -9.87746e-16 0)
(6.43652e-21 -9.87746e-16 0)
(6.57517e-21 -9.87746e-16 0)
(6.67117e-21 -9.87746e-16 0)
(6.7228e-21 -9.87746e-16 0)
(6.73188e-21 -9.87746e-16 0)
(1.89716e-20 -4.13969e-15 0)
(3.13873e-12 -1.7667e-06 0)
(-1.68813e-08 -0.000482126 0)
(4.65039e-23 -9.87748e-16 0)
(1.39716e-22 -9.87748e-16 0)
(2.34266e-22 -9.87748e-16 0)
(3.31903e-22 -9.87748e-16 0)
(4.3417e-22 -9.87748e-16 0)
(5.42419e-22 -9.87748e-16 0)
(6.57818e-22 -9.87748e-16 0)
(7.81371e-22 -9.87748e-16 0)
(9.13931e-22 -9.87748e-16 0)
(1.05621e-21 -9.87748e-16 0)
(1.20881e-21 -9.87748e-16 0)
(1.37221e-21 -9.87748e-16 0)
(1.54681e-21 -9.87748e-16 0)
(1.73293e-21 -9.87748e-16 0)
(1.9308e-21 -9.87748e-16 0)
(2.14061e-21 -9.87748e-16 0)
(2.36251e-21 -9.87748e-16 0)
(2.59657e-21 -9.87748e-16 0)
(2.84283e-21 -9.87748e-16 0)
(3.10127e-21 -9.87748e-16 0)
(3.37176e-21 -9.87748e-16 0)
(3.65407e-21 -9.87748e-16 0)
(3.9478e-21 -9.87748e-16 0)
(4.25227e-21 -9.87748e-16 0)
(4.56644e-21 -9.87748e-16 0)
(4.88872e-21 -9.87748e-16 0)
(5.21677e-21 -9.87748e-16 0)
(5.54719e-21 -9.87748e-16 0)
(5.8752e-21 -9.87748e-16 0)
(6.19426e-21 -9.87747e-16 0)
(6.49563e-21 -9.87747e-16 0)
(6.7681e-21 -9.87747e-16 0)
(6.99796e-21 -9.87747e-16 0)
(7.1695e-21 -9.87746e-16 0)
(7.26651e-21 -9.87746e-16 0)
(7.27508e-21 -9.87746e-16 0)
(7.1883e-21 -9.87745e-16 0)
(1.63541e-20 -3.15936e-15 0)
(2.21338e-12 -1.17436e-06 0)
(-1.49681e-08 -0.00048174 0)
(4.78516e-23 -9.87748e-16 0)
(1.43643e-22 -9.87748e-16 0)
(2.40458e-22 -9.87748e-16 0)
(3.39899e-22 -9.87748e-16 0)
(4.43392e-22 -9.87748e-16 0)
(5.52199e-22 -9.87748e-16 0)
(6.67434e-22 -9.87748e-16 0)
(7.90075e-22 -9.87748e-16 0)
(9.20982e-22 -9.87748e-16 0)
(1.06091e-21 -9.87748e-16 0)
(1.21053e-21 -9.87748e-16 0)
(1.37044e-21 -9.87748e-16 0)
(1.54119e-21 -9.87748e-16 0)
(1.72328e-21 -9.87748e-16 0)
(1.91721e-21 -9.87748e-16 0)
(2.12346e-21 -9.87748e-16 0)
(2.34255e-21 -9.87749e-16 0)
(2.57499e-21 -9.87749e-16 0)
(2.8214e-21 -9.87749e-16 0)
(3.08242e-21 -9.87749e-16 0)
(3.35877e-21 -9.87749e-16 0)
(3.65127e-21 -9.87749e-16 0)
(3.96078e-21 -9.87749e-16 0)
(4.28822e-21 -9.87749e-16 0)
(4.63443e-21 -9.87749e-16 0)
(5.0001e-21 -9.87749e-16 0)
(5.3855e-21 -9.87749e-16 0)
(5.7901e-21 -9.87749e-16 0)
(6.21196e-21 -9.87749e-16 0)
(6.64676e-21 -9.87748e-16 0)
(7.08642e-21 -9.87748e-16 0)
(7.51709e-21 -9.87748e-16 0)
(7.91657e-21 -9.87748e-16 0)
(8.25131e-21 -9.87747e-16 0)
(8.47381e-21 -9.87746e-16 0)
(8.5228e-21 -9.87746e-16 0)
(8.33131e-21 -9.87745e-16 0)
(1.41942e-20 -2.15262e-15 0)
(1.33781e-12 -6.46826e-07 0)
(-1.27803e-08 -0.000481359 0)
(4.72054e-23 -9.87749e-16 0)
(1.41625e-22 -9.87749e-16 0)
(2.3683e-22 -9.87749e-16 0)
(3.34276e-22 -9.87749e-16 0)
(4.3527e-22 -9.87749e-16 0)
(5.40979e-22 -9.87749e-16 0)
(6.52449e-22 -9.87749e-16 0)
(7.70617e-22 -9.87749e-16 0)
(8.9633e-22 -9.87749e-16 0)
(1.03036e-21 -9.87749e-16 0)
(1.17342e-21 -9.87749e-16 0)
(1.32617e-21 -9.87749e-16 0)
(1.48927e-21 -9.87749e-16 0)
(1.66337e-21 -9.87749e-16 0)
(1.84912e-21 -9.87749e-16 0)
(2.04725e-21 -9.87749e-16 0)
(2.25853e-21 -9.87749e-16 0)
(2.48387e-21 -9.87749e-16 0)
(2.72431e-21 -9.87749e-16 0)
(2.98109e-21 -9.87749e-16 0)
(3.25572e-21 -9.87749e-16 0)
(3.55001e-21 -9.87749e-16 0)
(3.86622e-21 -9.87749e-16 0)
(4.20711e-21 -9.87749e-16 0)
(4.57613e-21 -9.8775e-16 0)
(4.97751e-21 -9.8775e-16 0)
(5.41643e-21 -9.8775e-16 0)
(5.89916e-21 -9.8775e-16 0)
(6.43299e-21 -9.8775e-16 0)
(7.02595e-21 -9.8775e-16 0)
(7.68573e-21 -9.8775e-16 0)
(8.4171e-21 -9.87749e-16 0)
(9.21636e-21 -9.87749e-16 0)
(1.00598e-20 -9.87749e-16 0)
(1.08806e-20 -9.87748e-16 0)
(1.15248e-20 -9.87746e-16 0)
(1.16663e-20 -9.87744e-16 0)
(1.39012e-20 -1.31948e-15 0)
(9.96967e-14 -2.00209e-07 0)
(-9.75692e-09 -0.000240585 0)
(4.47595e-23 -9.87749e-16 0)
(1.34237e-22 -9.87749e-16 0)
(2.24318e-22 -9.87749e-16 0)
(3.16304e-22 -9.87749e-16 0)
(4.11369e-22 -9.87749e-16 0)
(5.10573e-22 -9.87749e-16 0)
(6.14876e-22 -9.87749e-16 0)
(7.25153e-22 -9.87749e-16 0)
(8.42205e-22 -9.87749e-16 0)
(9.66782e-22 -9.87749e-16 0)
(1.09959e-21 -9.87749e-16 0)
(1.24131e-21 -9.87749e-16 0)
(1.39263e-21 -9.87749e-16 0)
(1.55423e-21 -9.87749e-16 0)
(1.72685e-21 -9.87749e-16 0)
(1.91128e-21 -9.87749e-16 0)
(2.10841e-21 -9.87749e-16 0)
(2.31926e-21 -9.87749e-16 0)
(2.54505e-21 -9.8775e-16 0)
(2.78723e-21 -9.8775e-16 0)
(3.04757e-21 -9.8775e-16 0)
(3.32832e-21 -9.8775e-16 0)
(3.6323e-21 -9.8775e-16 0)
(3.96316e-21 -9.8775e-16 0)
(4.32569e-21 -9.8775e-16 0)
(4.7263e-21 -9.87751e-16 0)
(5.17374e-21 -9.87751e-16 0)
(5.68024e-21 -9.87751e-16 0)
(6.26335e-21 -9.87751e-16 0)
(6.94891e-21 -9.87751e-16 0)
(7.77609e-21 -9.87752e-16 0)
(8.80592e-21 -9.87752e-16 0)
(1.01361e-20 -9.87752e-16 0)
(1.19264e-20 -9.87752e-16 0)
(1.44443e-20 -9.87753e-16 0)
(1.8143e-20 -9.87753e-16 0)
(2.38012e-20 -9.87753e-16 0)
(3.27504e-20 -9.87753e-16 0)
(3.36305e-20 -9.87754e-16 0)
(-4.51845e-18 -9.87753e-16 0)
(4.07134e-23 -9.87749e-16 0)
(1.22072e-22 -9.87749e-16 0)
(2.0389e-22 -9.87749e-16 0)
(2.87303e-22 -9.87749e-16 0)
(3.7334e-22 -9.87749e-16 0)
(4.62934e-22 -9.87749e-16 0)
(5.56938e-22 -9.87749e-16 0)
(6.56135e-22 -9.87749e-16 0)
(7.61251e-22 -9.87749e-16 0)
(8.72971e-22 -9.87749e-16 0)
(9.91947e-22 -9.87749e-16 0)
(1.11881e-21 -9.87749e-16 0)
(1.2542e-21 -9.87749e-16 0)
(1.39875e-21 -9.87749e-16 0)
(1.55313e-21 -9.87749e-16 0)
(1.71806e-21 -9.8775e-16 0)
(1.89432e-21 -9.8775e-16 0)
(2.08279e-21 -9.8775e-16 0)
(2.28446e-21 -9.8775e-16 0)
(2.5005e-21 -9.8775e-16 0)
(2.73227e-21 -9.8775e-16 0)
(2.98142e-21 -9.8775e-16 0)
(3.24992e-21 -9.87751e-16 0)
(3.54021e-21 -9.87751e-16 0)
(3.85528e-21 -9.87751e-16 0)
(4.1988e-21 -9.87751e-16 0)
(4.5753e-21 -9.87752e-16 0)
(4.99029e-21 -9.87752e-16 0)
(5.45028e-21 -9.87752e-16 0)
(5.96255e-21 -9.87753e-16 0)
(6.53431e-21 -9.87753e-16 0)
(7.17053e-21 -9.87754e-16 0)
(7.86904e-21 -9.87755e-16 0)
(8.61028e-21 -9.87756e-16 0)
(9.33658e-21 -9.87757e-16 0)
(9.91163e-21 -9.87759e-16 0)
(1.00429e-20 -9.87762e-16 0)
(9.13583e-21 -9.87767e-16 0)
(6.02615e-21 -9.87773e-16 0)
(-1.71164e-18 -9.87778e-16 0)
(3.52779e-23 -9.87749e-16 0)
(1.05755e-22 -9.87749e-16 0)
(1.76578e-22 -9.87749e-16 0)
(2.48698e-22 -9.87749e-16 0)
(3.22984e-22 -9.87749e-16 0)
(4.00224e-22 -9.87749e-16 0)
(4.81141e-22 -9.87749e-16 0)
(5.66403e-22 -9.87749e-16 0)
(6.56632e-22 -9.87749e-16 0)
(7.52412e-22 -9.87749e-16 0)
(8.54298e-22 -9.87749e-16 0)
(9.62826e-22 -9.87749e-16 0)
(1.07852e-21 -9.8775e-16 0)
(1.20189e-21 -9.8775e-16 0)
(1.33346e-21 -9.8775e-16 0)
(1.47376e-21 -9.8775e-16 0)
(1.6233e-21 -9.8775e-16 0)
(1.78264e-21 -9.8775e-16 0)
(1.95232e-21 -9.8775e-16 0)
(2.13291e-21 -9.87751e-16 0)
(2.32495e-21 -9.87751e-16 0)
(2.52898e-21 -9.87751e-16 0)
(2.74544e-21 -9.87751e-16 0)
(2.97465e-21 -9.87751e-16 0)
(3.21671e-21 -9.87752e-16 0)
(3.47127e-21 -9.87752e-16 0)
(3.73728e-21 -9.87752e-16 0)
(4.01253e-21 -9.87753e-16 0)
(4.29297e-21 -9.87753e-16 0)
(4.57156e-21 -9.87754e-16 0)
(4.8367e-21 -9.87754e-16 0)
(5.06992e-21 -9.87755e-16 0)
(5.24259e-21 -9.87756e-16 0)
(5.31193e-21 -9.87757e-16 0)
(5.21648e-21 -9.87758e-16 0)
(4.87285e-21 -9.87759e-16 0)
(4.17774e-21 -9.87761e-16 0)
(3.02428e-21 -9.87762e-16 0)
(1.35138e-21 -9.87764e-16 0)
(-9.24938e-19 -9.87764e-16 0)
(2.86785e-23 -9.87749e-16 0)
(8.59614e-23 -9.87749e-16 0)
(1.43493e-22 -9.87749e-16 0)
(2.02033e-22 -9.87749e-16 0)
(2.62269e-22 -9.87749e-16 0)
(3.24831e-22 -9.87749e-16 0)
(3.90296e-22 -9.87749e-16 0)
(4.59197e-22 -9.87749e-16 0)
(5.32027e-22 -9.87749e-16 0)
(6.0925e-22 -9.87749e-16 0)
(6.91299e-22 -9.87749e-16 0)
(7.78582e-22 -9.8775e-16 0)
(8.71485e-22 -9.8775e-16 0)
(9.70369e-22 -9.8775e-16 0)
(1.07557e-21 -9.8775e-16 0)
(1.18738e-21 -9.8775e-16 0)
(1.30606e-21 -9.8775e-16 0)
(1.4318e-21 -9.8775e-16 0)
(1.56471e-21 -9.87751e-16 0)
(1.70477e-21 -9.87751e-16 0)
(1.85179e-21 -9.87751e-16 0)
(2.00535e-21 -9.87751e-16 0)
(2.1647e-21 -9.87752e-16 0)
(2.32865e-21 -9.87752e-16 0)
(2.49537e-21 -9.87752e-16 0)
(2.66223e-21 -9.87753e-16 0)
(2.82549e-21 -9.87753e-16 0)
(2.97994e-21 -9.87753e-16 0)
(3.11849e-21 -9.87754e-16 0)
(3.23165e-21 -9.87754e-16 0)
(3.30701e-21 -9.87755e-16 0)
(3.32876e-21 -9.87755e-16 0)
(3.2775e-21 -9.87756e-16 0)
(3.13055e-21 -9.87757e-16 0)
(2.86333e-21 -9.87757e-16 0)
(2.45237e-21 -9.87758e-16 0)
(1.88079e-21 -9.87759e-16 0)
(1.1465e-21 -9.87759e-16 0)
(2.72543e-22 -9.8776e-16 0)
(-5.85812e-19 -9.8776e-16 0)
(2.11561e-23 -9.87749e-16 0)
(6.3408e-23 -9.87749e-16 0)
(1.05828e-22 -9.87749e-16 0)
(1.48967e-22 -9.87749e-16 0)
(1.93324e-22 -9.87749e-16 0)
(2.39358e-22 -9.87749e-16 0)
(2.87486e-22 -9.87749e-16 0)
(3.38094e-22 -9.87749e-16 0)
(3.91538e-22 -9.87749e-16 0)
(4.48149e-22 -9.8775e-16 0)
(5.08228e-22 -9.8775e-16 0)
(5.72055e-22 -9.8775e-16 0)
(6.39879e-22 -9.8775e-16 0)
(7.11918e-22 -9.8775e-16 0)
(7.88347e-22 -9.8775e-16 0)
(8.6929e-22 -9.8775e-16 0)
(9.548e-22 -9.8775e-16 0)
(1.04483e-21 -9.87751e-16 0)
(1.13923e-21 -9.87751e-16 0)
(1.23764e-21 -9.87751e-16 0)
(1.33953e-21 -9.87751e-16 0)
(1.44405e-21 -9.87752e-16 0)
(1.55e-21 -9.87752e-16 0)
(1.65571e-21 -9.87752e-16 0)
(1.75895e-21 -9.87753e-16 0)
(1.85678e-21 -9.87753e-16 0)
(1.94544e-21 -9.87753e-16 0)
(2.02019e-21 -9.87754e-16 0)
(2.07526e-21 -9.87754e-16 0)
(2.10379e-21 -9.87754e-16 0)
(2.09789e-21 -9.87755e-16 0)
(2.0489e-21 -9.87755e-16 0)
(1.94787e-21 -9.87756e-16 0)
(1.78639e-21 -9.87756e-16 0)
(1.55778e-21 -9.87757e-16 0)
(1.25866e-21 -9.87757e-16 0)
(8.90785e-22 -9.87757e-16 0)
(4.62698e-22 -9.87758e-16 0)
(-9.33857e-24 -9.87758e-16 0)
(-3.74193e-19 -9.87758e-16 0)
(1.29642e-23 -9.87749e-16 0)
(3.88537e-23 -9.87749e-16 0)
(6.48401e-23 -9.87749e-16 0)
(9.12572e-23 -9.87749e-16 0)
(1.18408e-22 -9.87749e-16 0)
(1.4657e-22 -9.87749e-16 0)
(1.75997e-22 -9.87749e-16 0)
(2.0692e-22 -9.87749e-16 0)
(2.39554e-22 -9.87749e-16 0)
(2.74094e-22 -9.8775e-16 0)
(3.10718e-22 -9.8775e-16 0)
(3.49584e-22 -9.8775e-16 0)
(3.90826e-22 -9.8775e-16 0)
(4.34553e-22 -9.8775e-16 0)
(4.80837e-22 -9.8775e-16 0)
(5.29705e-22 -9.8775e-16 0)
(5.81124e-22 -9.87751e-16 0)
(6.34981e-22 -9.87751e-16 0)
(6.91062e-22 -9.87751e-16 0)
(7.49017e-22 -9.87751e-16 0)
(8.08331e-22 -9.87752e-16 0)
(8.68276e-22 -9.87752e-16 0)
(9.27866e-22 -9.87752e-16 0)
(9.85804e-22 -9.87752e-16 0)
(1.04043e-21 -9.87753e-16 0)
(1.08969e-21 -9.87753e-16 0)
(1.13108e-21 -9.87753e-16 0)
(1.16164e-21 -9.87754e-16 0)
(1.17803e-21 -9.87754e-16 0)
(1.17654e-21 -9.87754e-16 0)
(1.15334e-21 -9.87755e-16 0)
(1.10468e-21 -9.87755e-16 0)
(1.02722e-21 -9.87755e-16 0)
(9.18561e-22 -9.87756e-16 0)
(7.77639e-22 -9.87756e-16 0)
(6.05298e-22 -9.87756e-16 0)
(4.04651e-22 -9.87756e-16 0)
(1.81246e-22 -9.87757e-16 0)
(-5.71426e-23 -9.87757e-16 0)
(-2.11137e-19 -9.87757e-16 0)
(4.36671e-24 -9.87749e-16 0)
(1.30867e-23 -9.87749e-16 0)
(2.18383e-23 -9.87749e-16 0)
(3.07333e-23 -9.87749e-16 0)
(3.98735e-23 -9.87749e-16 0)
(4.93514e-23 -9.87749e-16 0)
(5.9252e-23 -9.87749e-16 0)
(6.96528e-23 -9.87749e-16 0)
(8.06251e-23 -9.8775e-16 0)
(9.22334e-23 -9.8775e-16 0)
(1.04536e-22 -9.8775e-16 0)
(1.17583e-22 -9.8775e-16 0)
(1.31417e-22 -9.8775e-16 0)
(1.4607e-22 -9.8775e-16 0)
(1.61559e-22 -9.8775e-16 0)
(1.77884e-22 -9.87751e-16 0)
(1.95022e-22 -9.87751e-16 0)
(2.1292e-22 -9.87751e-16 0)
(2.31485e-22 -9.87751e-16 0)
(2.50576e-22 -9.87751e-16 0)
(2.69987e-22 -9.87752e-16 0)
(2.89439e-22 -9.87752e-16 0)
(3.08561e-22 -9.87752e-16 0)
(3.26877e-22 -9.87752e-16 0)
(3.43791e-22 -9.87753e-16 0)
(3.5858e-22 -9.87753e-16 0)
(3.70391e-22 -9.87753e-16 0)
(3.78251e-22 -9.87754e-16 0)
(3.81089e-22 -9.87754e-16 0)
(3.77783e-22 -9.87754e-16 0)
(3.67224e-22 -9.87755e-16 0)
(3.48407e-22 -9.87755e-16 0)
(3.20544e-22 -9.87755e-16 0)
(2.83181e-22 -9.87756e-16 0)
(2.36329e-22 -9.87756e-16 0)
(1.80553e-22 -9.87756e-16 0)
(1.17033e-22 -9.87756e-16 0)
(4.75365e-23 -9.87756e-16 0)
(-2.56844e-23 -9.87756e-16 0)
(-6.84551e-20 -9.87756e-16 0)
(1.2916e-05 -5.258e-05 0)
(4.33901e-05 -3.49743e-05 0)
(6.34696e-05 -2.17926e-05 0)
(7.62932e-05 -1.3906e-05 0)
(8.47889e-05 -9.41281e-06 0)
(9.09201e-05 -7.19754e-06 0)
(9.61088e-05 -6.66601e-06 0)
(0.000101528 -7.56748e-06 0)
(0.000108209 -9.6352e-06 0)
(0.000113645 -4.28877e-06 0)
(0.000115261 -1.14798e-07 0)
(0.000115165 -1.3381e-07 0)
(0.000115055 -1.5771e-07 0)
(0.000114931 -1.88235e-07 0)
(0.000114789 -2.27946e-07 0)
(0.000114623 -2.80702e-07 0)
(0.000114429 -3.52522e-07 0)
(0.000114197 -4.53155e-07 0)
(0.000113916 -5.99195e-07 0)
(0.000113567 -8.20575e-07 0)
(0.000113122 -1.17573e-06 0)
(0.000112528 -1.79143e-06 0)
(0.00011168 -2.99157e-06 0)
(0.000110289 -5.8795e-06 0)
(0.000106744 -1.78788e-05 0)
(5.30487e-05 -7.08856e-05 0)
(1.00615e-06 -4.96707e-12 0)
(4.58443e-15 -9.85851e-13 0)
(5.49078e-16 -9.85961e-13 0)
(4.02525e-16 -9.8602e-13 0)
(3.06643e-16 -9.86052e-13 0)
(2.39863e-16 -9.86072e-13 0)
(1.90554e-16 -9.86083e-13 0)
(1.5218e-16 -9.86091e-13 0)
(1.20887e-16 -9.86096e-13 0)
(9.42947e-17 -9.86099e-13 0)
(7.08436e-17 -9.86101e-13 0)
(4.94497e-17 -9.86103e-13 0)
(2.92993e-17 -9.86104e-13 0)
(9.72274e-18 -9.86104e-13 0)
(6.17382e-05 -0.000296931 0)
(0.000127126 -6.71454e-05 0)
(0.00011825 -2.17452e-05 0)
(0.000105221 -1.38538e-05 0)
(9.64483e-05 -9.35541e-06 0)
(8.99377e-05 -7.13445e-06 0)
(8.42079e-05 -6.59642e-06 0)
(7.79256e-05 -7.49009e-06 0)
(6.92245e-05 -9.5481e-06 0)
(3.35644e-05 -4.18933e-06 0)
(1.57886e-06 -3.85044e-12 0)
(2.73664e-14 -5.59145e-13 0)
(3.91583e-16 -5.85014e-13 0)
(2.77854e-16 -6.1139e-13 0)
(1.96681e-16 -6.38298e-13 0)
(1.35558e-16 -6.65759e-13 0)
(8.67621e-17 -6.93798e-13 0)
(4.53095e-17 -7.22442e-13 0)
(7.73037e-18 -7.51724e-13 0)
(-2.8712e-17 -7.81683e-13 0)
(-6.661e-17 -8.12371e-13 0)
(-1.09004e-16 -8.43861e-13 0)
(-1.60193e-16 -8.76254e-13 0)
(-2.27023e-16 -9.09718e-13 0)
(-3.19555e-16 -9.44561e-13 0)
(-2.4405e-16 -9.81489e-13 0)
(2.59274e-17 -9.85217e-13 0)
(2.07977e-16 -9.85464e-13 0)
(2.52586e-16 -9.85614e-13 0)
(2.44438e-16 -9.85707e-13 0)
(2.18418e-16 -9.85766e-13 0)
(1.88282e-16 -9.85804e-13 0)
(1.5904e-16 -9.8583e-13 0)
(1.32173e-16 -9.85847e-13 0)
(1.0781e-16 -9.85859e-13 0)
(8.56091e-17 -9.85868e-13 0)
(6.50995e-17 -9.85874e-13 0)
(4.58048e-17 -9.85878e-13 0)
(2.72731e-17 -9.8588e-13 0)
(9.07157e-18 -9.85882e-13 0)
(1.16213e-05 -0.000501408 0)
(7.91417e-06 -4.34332e-05 0)
(5.96836e-09 -3.9767e-11 0)
(-2.94148e-17 -8.6906e-13 0)
(-6.08177e-17 -8.89537e-13 0)
(-9.35455e-17 -9.09195e-13 0)
(-1.30146e-16 -9.2833e-13 0)
(-1.73902e-16 -9.47019e-13 0)
(-2.28957e-16 -9.65137e-13 0)
(-2.24873e-16 -9.82403e-13 0)
(-9.71869e-17 -9.85391e-13 0)
(3.50837e-17 -9.85537e-13 0)
(8.6973e-17 -9.85634e-13 0)
(9.81954e-17 -9.85701e-13 0)
(8.96978e-17 -9.85745e-13 0)
(7.20504e-17 -9.85775e-13 0)
(5.04222e-17 -9.85795e-13 0)
(2.72036e-17 -9.85806e-13 0)
(3.38724e-18 -9.85811e-13 0)
(-2.06841e-17 -9.85811e-13 0)
(-4.48501e-17 -9.85804e-13 0)
(-6.86928e-17 -9.8579e-13 0)
(-9.08233e-17 -9.85768e-13 0)
(-1.07334e-16 -9.85731e-13 0)
(-1.0814e-16 -9.85673e-13 0)
(-6.85719e-17 -9.85581e-13 0)
(8.02032e-18 -9.85551e-13 0)
(7.88589e-17 -9.85589e-13 0)
(1.21405e-16 -9.85643e-13 0)
(1.39334e-16 -9.85694e-13 0)
(1.40896e-16 -9.85737e-13 0)
(1.3292e-16 -9.8577e-13 0)
(1.19922e-16 -9.85795e-13 0)
(1.04579e-16 -9.85814e-13 0)
(8.83528e-17 -9.85828e-13 0)
(7.19698e-17 -9.85839e-13 0)
(5.57333e-17 -9.85846e-13 0)
(3.9709e-17 -9.85852e-13 0)
(2.38308e-17 -9.85855e-13 0)
(7.95698e-18 -9.85857e-13 0)
(4.53574e-07 -0.000512287 0)
(-9.41595e-11 -2.18157e-05 0)
(-2.84603e-16 -2.53562e-11 0)
(-3.52116e-17 -9.85811e-13 0)
(-4.87711e-17 -9.85809e-13 0)
(-6.30828e-17 -9.85801e-13 0)
(-7.66798e-17 -9.85788e-13 0)
(-8.73672e-17 -9.85768e-13 0)
(-9.10896e-17 -9.85738e-13 0)
(-7.991e-17 -9.85695e-13 0)
(-5.09928e-17 -9.85663e-13 0)
(-1.71908e-17 -9.85668e-13 0)
(8.31451e-18 -9.85686e-13 0)
(2.30109e-17 -9.85709e-13 0)
(2.82847e-17 -9.8573e-13 0)
(2.64764e-17 -9.85747e-13 0)
(1.97789e-17 -9.8576e-13 0)
(9.94132e-18 -9.85769e-13 0)
(-1.70008e-18 -9.85773e-13 0)
(-1.40684e-17 -9.85773e-13 0)
(-2.61403e-17 -9.85768e-13 0)
(-3.66977e-17 -9.85758e-13 0)
(-4.40267e-17 -9.85742e-13 0)
(-4.55975e-17 -9.85721e-13 0)
(-3.79645e-17 -9.85695e-13 0)
(-1.78701e-17 -9.8567e-13 0)
(1.22124e-17 -9.85658e-13 0)
(4.33541e-17 -9.85666e-13 0)
(6.80458e-17 -9.85686e-13 0)
(8.36755e-17 -9.85711e-13 0)
(9.07576e-17 -9.85735e-13 0)
(9.10472e-17 -9.85758e-13 0)
(8.64498e-17 -9.85778e-13 0)
(7.85646e-17 -9.85794e-13 0)
(6.85743e-17 -9.85807e-13 0)
(5.72847e-17 -9.85817e-13 0)
(4.52086e-17 -9.85825e-13 0)
(3.26489e-17 -9.8583e-13 0)
(1.97658e-17 -9.85834e-13 0)
(6.62818e-18 -9.85836e-13 0)
(3.36041e-07 -0.000509084 0)
(-1.34214e-10 -2.05927e-05 0)
(-1.8838e-16 -2.1084e-11 0)
(-2.60622e-17 -9.85784e-13 0)
(-3.29883e-17 -9.8578e-13 0)
(-3.92444e-17 -9.85774e-13 0)
(-4.41216e-17 -9.85766e-13 0)
(-4.66753e-17 -9.85755e-13 0)
(-4.57975e-17 -9.85743e-13 0)
(-4.05436e-17 -9.8573e-13 0)
(-3.11925e-17 -9.85721e-13 0)
(-1.99381e-17 -9.85718e-13 0)
(-9.49488e-18 -9.85721e-13 0)
(-1.59907e-18 -9.85727e-13 0)
(3.06696e-18 -9.85735e-13 0)
(4.55785e-18 -9.85742e-13 0)
(3.34247e-18 -9.85748e-13 0)
(8.18442e-20 -9.85753e-13 0)
(-4.48809e-18 -9.85755e-13 0)
(-9.59428e-18 -9.85755e-13 0)
(-1.44127e-17 -9.85751e-13 0)
(-1.803e-17 -9.85746e-13 0)
(-1.94133e-17 -9.85737e-13 0)
(-1.74468e-17 -9.85727e-13 0)
(-1.11386e-17 -9.85716e-13 0)
(-1.45037e-19 -9.85707e-13 0)
(1.43964e-17 -9.85703e-13 0)
(2.99147e-17 -9.85706e-13 0)
(4.37299e-17 -9.85715e-13 0)
(5.41021e-17 -9.85727e-13 0)
(6.0372e-17 -9.85742e-13 0)
(6.26621e-17 -9.85756e-13 0)
(6.15116e-17 -9.8577e-13 0)
(5.75984e-17 -9.85782e-13 0)
(5.15765e-17 -9.85793e-13 0)
(4.4e-17 -9.85801e-13 0)
(3.5303e-17 -9.85808e-13 0)
(2.58089e-17 -9.85814e-13 0)
(1.57519e-17 -9.85817e-13 0)
(5.30362e-18 -9.85819e-13 0)
(3.40808e-07 -0.00050617 0)
(-1.24694e-10 -1.94141e-05 0)
(-1.47008e-16 -1.79143e-11 0)
(-1.94786e-17 -9.85769e-13 0)
(-2.28659e-17 -9.85767e-13 0)
(-2.56789e-17 -9.85764e-13 0)
(-2.76108e-17 -9.85759e-13 0)
(-2.83414e-17 -9.85754e-13 0)
(-2.76025e-17 -9.85748e-13 0)
(-2.52908e-17 -9.85743e-13 0)
(-2.16137e-17 -9.85739e-13 0)
(-1.71355e-17 -9.85737e-13 0)
(-1.25955e-17 -9.85737e-13 0)
(-8.65348e-18 -9.85738e-13 0)
(-5.7493e-18 -9.85741e-13 0)
(-4.07154e-18 -9.85743e-13 0)
(-3.58737e-18 -9.85746e-13 0)
(-4.09342e-18 -9.85748e-13 0)
(-5.26349e-18 -9.85748e-13 0)
(-6.68441e-18 -9.85748e-13 0)
(-7.88082e-18 -9.85746e-13 0)
(-8.33702e-18 -9.85743e-13 0)
(-7.53014e-18 -9.85739e-13 0)
(-4.99375e-18 -9.85734e-13 0)
(-4.3153e-19 -9.85729e-13 0)
(6.1193e-18 -9.85726e-13 0)
(1.41409e-17 -9.85725e-13 0)
(2.26848e-17 -9.85727e-13 0)
(3.06656e-17 -9.85732e-13 0)
(3.71761e-17 -9.85739e-13 0)
(4.16483e-17 -9.85748e-13 0)
(4.38609e-17 -9.85757e-13 0)
(4.38611e-17 -9.85767e-13 0)
(4.18638e-17 -9.85776e-13 0)
(3.8163e-17 -9.85784e-13 0)
(3.30701e-17 -9.85791e-13 0)
(2.68778e-17 -9.85796e-13 0)
(1.98445e-17 -9.85801e-13 0)
(1.21931e-17 -9.85804e-13 0)
(4.11934e-18 -9.85805e-13 0)
(3.56573e-07 -0.000503191 0)
(-1.15518e-10 -1.82769e-05 0)
(-1.15091e-16 -1.49752e-11 0)
(-1.56905e-17 -9.85762e-13 0)
(-1.72817e-17 -9.85761e-13 0)
(-1.85429e-17 -9.85759e-13 0)
(-1.934e-17 -9.85757e-13 0)
(-1.9556e-17 -9.85754e-13 0)
(-1.91151e-17 -9.85751e-13 0)
(-1.80115e-17 -9.85749e-13 0)
(-1.63342e-17 -9.85747e-13 0)
(-1.42676e-17 -9.85745e-13 0)
(-1.20558e-17 -9.85745e-13 0)
(-9.94648e-18 -9.85745e-13 0)
(-8.13984e-18 -9.85745e-13 0)
(-6.7569e-18 -9.85746e-13 0)
(-5.82751e-18 -9.85746e-13 0)
(-5.29316e-18 -9.85747e-13 0)
(-5.01861e-18 -9.85747e-13 0)
(-4.808e-18 -9.85747e-13 0)
(-4.4239e-18 -9.85745e-13 0)
(-3.61024e-18 -9.85744e-13 0)
(-2.12225e-18 -9.85742e-13 0)
(2.33373e-19 -9.8574e-13 0)
(3.54772e-18 -9.85738e-13 0)
(7.75689e-18 -9.85737e-13 0)
(1.26104e-17 -9.85738e-13 0)
(1.76939e-17 -9.85739e-13 0)
(2.2513e-17 -9.85743e-13 0)
(2.65982e-17 -9.85747e-13 0)
(2.95852e-17 -9.85753e-13 0)
(3.12516e-17 -9.85759e-13 0)
(3.15145e-17 -9.85766e-13 0)
(3.04044e-17 -9.85772e-13 0)
(2.80308e-17 -9.85778e-13 0)
(2.45492e-17 -9.85783e-13 0)
(2.01369e-17 -9.85788e-13 0)
(1.49765e-17 -9.85791e-13 0)
(9.2489e-18 -9.85793e-13 0)
(3.13282e-18 -9.85795e-13 0)
(3.8534e-07 -0.000500077 0)
(-1.06342e-10 -1.71789e-05 0)
(-9.25012e-17 -1.26228e-11 0)
(-1.35795e-17 -9.85759e-13 0)
(-1.42608e-17 -9.85758e-13 0)
(-1.47685e-17 -9.85757e-13 0)
(-1.50413e-17 -9.85756e-13 0)
(-1.50297e-17 -9.85754e-13 0)
(-1.47049e-17 -9.85753e-13 0)
(-1.40668e-17 -9.85752e-13 0)
(-1.3149e-17 -9.8575e-13 0)
(-1.20172e-17 -9.85749e-13 0)
(-1.07602e-17 -9.85749e-13 0)
(-9.47319e-18 -9.85748e-13 0)
(-8.2404e-18 -9.85748e-13 0)
(-7.12022e-18 -9.85748e-13 0)
(-6.13526e-18 -9.85748e-13 0)
(-5.26849e-18 -9.85748e-13 0)
(-4.46467e-18 -9.85748e-13 0)
(-3.63649e-18 -9.85748e-13 0)
(-2.6747e-18 -9.85747e-13 0)
(-1.46205e-18 -9.85746e-13 0)
(1.08885e-19 -9.85746e-13 0)
(2.11461e-18 -9.85745e-13 0)
(4.57807e-18 -9.85744e-13 0)
(7.44922e-18 -9.85744e-13 0)
(1.05962e-17 -9.85745e-13 0)
(1.38147e-17 -9.85747e-13 0)
(1.68564e-17 -9.85749e-13 0)
(1.94686e-17 -9.85752e-13 0)
(2.14308e-17 -9.85756e-13 0)
(2.25804e-17 -9.85761e-13 0)
(2.28232e-17 -9.85765e-13 0)
(2.21313e-17 -9.8577e-13 0)
(2.05336e-17 -9.85774e-13 0)
(1.81019e-17 -9.85778e-13 0)
(1.49386e-17 -9.85781e-13 0)
(1.11661e-17 -9.85784e-13 0)
(6.92036e-18 -9.85786e-13 0)
(2.34846e-18 -9.85787e-13 0)
(4.17713e-07 -0.000496778 0)
(-9.78799e-11 -1.6118e-05 0)
(-7.66485e-17 -1.07531e-11 0)
(-1.23662e-17 -9.85757e-13 0)
(-1.25686e-17 -9.85757e-13 0)
(-1.26807e-17 -9.85756e-13 0)
(-1.26728e-17 -9.85756e-13 0)
(-1.25207e-17 -9.85755e-13 0)
(-1.22097e-17 -9.85754e-13 0)
(-1.17367e-17 -9.85753e-13 0)
(-1.11122e-17 -9.85753e-13 0)
(-1.0359e-17 -9.85752e-13 0)
(-9.50964e-18 -9.85751e-13 0)
(-8.60049e-18 -9.85751e-13 0)
(-7.66553e-18 -9.85751e-13 0)
(-6.72998e-18 -9.8575e-13 0)
(-5.80524e-18 -9.8575e-13 0)
(-4.88606e-18 -9.8575e-13 0)
(-3.95016e-18 -9.8575e-13 0)
(-2.96053e-18 -9.8575e-13 0)
(-1.8703e-18 -9.85749e-13 0)
(-6.29962e-19 -9.85749e-13 0)
(8.03329e-19 -9.85749e-13 0)
(2.45534e-18 -9.85749e-13 0)
(4.3244e-18 -9.85749e-13 0)
(6.37324e-18 -9.85749e-13 0)
(8.52574e-18 -9.8575e-13 0)
(1.06707e-17 -9.85751e-13 0)
(1.26729e-17 -9.85753e-13 0)
(1.43895e-17 -9.85756e-13 0)
(1.5687e-17 -9.85758e-13 0)
(1.64564e-17 -9.85762e-13 0)
(1.66221e-17 -9.85765e-13 0)
(1.61462e-17 -9.85768e-13 0)
(1.50274e-17 -9.85771e-13 0)
(1.3297e-17 -9.85774e-13 0)
(1.10139e-17 -9.85777e-13 0)
(8.25882e-18 -9.85779e-13 0)
(5.13055e-18 -9.8578e-13 0)
(1.74324e-18 -9.85781e-13 0)
(3.78727e-07 -0.000493502 0)
(-9.11602e-11 -1.50922e-05 0)
(-6.46927e-17 -9.27609e-12 0)
(-1.16197e-17 -9.85757e-13 0)
(-1.15486e-17 -9.85757e-13 0)
(-1.14364e-17 -9.85756e-13 0)
(-1.12648e-17 -9.85756e-13 0)
(-1.10188e-17 -9.85756e-13 0)
(-1.06879e-17 -9.85755e-13 0)
(-1.02672e-17 -9.85755e-13 0)
(-9.75751e-18 -9.85754e-13 0)
(-9.16532e-18 -9.85754e-13 0)
(-8.50137e-18 -9.85753e-13 0)
(-7.77873e-18 -9.85753e-13 0)
(-7.01026e-18 -9.85753e-13 0)
(-6.20601e-18 -9.85752e-13 0)
(-5.37094e-18 -9.85752e-13 0)
(-4.50348e-18 -9.85752e-13 0)
(-3.59514e-18 -9.85752e-13 0)
(-2.6315e-18 -9.85752e-13 0)
(-1.59448e-18 -9.85752e-13 0)
(-4.65921e-19 -9.85752e-13 0)
(7.67885e-19 -9.85752e-13 0)
(2.11109e-18 -9.85752e-13 0)
(3.55346e-18 -9.85752e-13 0)
(5.0667e-18 -9.85753e-13 0)
(6.603e-18 -9.85753e-13 0)
(8.0966e-18 -9.85755e-13 0)
(9.46857e-18 -9.85756e-13 0)
(1.06341e-17 -9.85758e-13 0)
(1.1511e-17 -9.8576e-13 0)
(1.20277e-17 -9.85762e-13 0)
(1.213e-17 -9.85765e-13 0)
(1.1785e-17 -9.85767e-13 0)
(1.09831e-17 -9.85769e-13 0)
(9.73743e-18 -9.85771e-13 0)
(8.08263e-18 -9.85773e-13 0)
(6.07253e-18 -9.85775e-13 0)
(3.77792e-18 -9.85776e-13 0)
(1.28466e-18 -9.85776e-13 0)
(2.83949e-07 -0.000490656 0)
(-8.14478e-11 -1.41003e-05 0)
(-5.52468e-17 -8.08933e-12 0)
(-1.10177e-17 -9.85757e-13 0)
(-1.08129e-17 -9.85757e-13 0)
(-1.05886e-17 -9.85757e-13 0)
(-1.03327e-17 -9.85757e-13 0)
(-1.00351e-17 -9.85756e-13 0)
(-9.6882e-18 -9.85756e-13 0)
(-9.28679e-18 -9.85756e-13 0)
(-8.82869e-18 -9.85755e-13 0)
(-8.31434e-18 -9.85755e-13 0)
(-7.74637e-18 -9.85755e-13 0)
(-7.12878e-18 -9.85754e-13 0)
(-6.46598e-18 -9.85754e-13 0)
(-5.76169e-18 -9.85754e-13 0)
(-5.01803e-18 -9.85754e-13 0)
(-4.23485e-18 -9.85754e-13 0)
(-3.40964e-18 -9.85754e-13 0)
(-2.53792e-18 -9.85754e-13 0)
(-1.61443e-18 -9.85754e-13 0)
(-6.34816e-19 -9.85754e-13 0)
(4.02133e-19 -9.85754e-13 0)
(1.49205e-18 -9.85754e-13 0)
(2.6227e-18 -9.85755e-13 0)
(3.77225e-18 -9.85755e-13 0)
(4.90863e-18 -9.85756e-13 0)
(5.99024e-18 -9.85757e-13 0)
(6.96821e-18 -9.85758e-13 0)
(7.78993e-18 -9.85759e-13 0)
(8.40344e-18 -9.85761e-13 0)
(8.76202e-18 -9.85763e-13 0)
(8.82832e-18 -9.85764e-13 0)
(8.5776e-18 -9.85766e-13 0)
(7.99984e-18 -9.85768e-13 0)
(7.10074e-18 -9.85769e-13 0)
(5.90175e-18 -9.85771e-13 0)
(4.43945e-18 -9.85772e-13 0)
(2.76453e-18 -9.85773e-13 0)
(9.40548e-19 -9.85773e-13 0)
(1.5552e-07 -0.000488543 0)
(-6.96335e-11 -1.31408e-05 0)
(-4.66173e-17 -7.08673e-12 0)
(-1.04359e-17 -9.85758e-13 0)
(-1.01904e-17 -9.85758e-13 0)
(-9.93054e-18 -9.85758e-13 0)
(-9.64776e-18 -9.85757e-13 0)
(-9.33544e-18 -9.85757e-13 0)
(-8.98858e-18 -9.85757e-13 0)
(-8.60362e-18 -9.85757e-13 0)
(-8.17839e-18 -9.85756e-13 0)
(-7.71195e-18 -9.85756e-13 0)
(-7.20447e-18 -9.85756e-13 0)
(-6.65692e-18 -9.85756e-13 0)
(-6.07069e-18 -9.85756e-13 0)
(-5.44722e-18 -9.85756e-13 0)
(-4.78767e-18 -9.85755e-13 0)
(-4.09264e-18 -9.85755e-13 0)
(-3.36223e-18 -9.85755e-13 0)
(-2.5963e-18 -9.85755e-13 0)
(-1.79499e-18 -9.85755e-13 0)
(-9.59675e-19 -9.85756e-13 0)
(-9.39608e-20 -9.85756e-13 0)
(7.95094e-19 -9.85756e-13 0)
(1.6959e-18 -9.85757e-13 0)
(2.59155e-18 -9.85757e-13 0)
(3.45954e-18 -9.85758e-13 0)
(4.27215e-18 -9.85759e-13 0)
(4.99766e-18 -9.85759e-13 0)
(5.60217e-18 -9.85761e-13 0)
(6.052e-18 -9.85762e-13 0)
(6.3164e-18 -9.85763e-13 0)
(6.3701e-18 -9.85764e-13 0)
(6.1956e-18 -9.85766e-13 0)
(5.78499e-18 -9.85767e-13 0)
(5.14108e-18 -9.85768e-13 0)
(4.27803e-18 -9.85769e-13 0)
(3.22134e-18 -9.8577e-13 0)
(2.00752e-18 -9.85771e-13 0)
(6.83275e-19 -9.85771e-13 0)
(-7.64218e-09 -0.000487437 0)
(-5.4039e-11 -1.22127e-05 0)
(-3.88786e-17 -6.24109e-12 0)
(-9.84034e-18 -9.85759e-13 0)
(-9.63822e-18 -9.85758e-13 0)
(-9.39862e-18 -9.85758e-13 0)
(-9.12601e-18 -9.85758e-13 0)
(-8.8221e-18 -9.85758e-13 0)
(-8.48717e-18 -9.85758e-13 0)
(-8.12087e-18 -9.85758e-13 0)
(-7.72272e-18 -9.85757e-13 0)
(-7.29239e-18 -9.85757e-13 0)
(-6.82988e-18 -9.85757e-13 0)
(-6.33549e-18 -9.85757e-13 0)
(-5.80983e-18 -9.85757e-13 0)
(-5.25371e-18 -9.85757e-13 0)
(-4.66808e-18 -9.85757e-13 0)
(-4.05399e-18 -9.85757e-13 0)
(-3.41269e-18 -9.85757e-13 0)
(-2.74575e-18 -9.85757e-13 0)
(-2.05545e-18 -9.85757e-13 0)
(-1.34517e-18 -9.85757e-13 0)
(-6.19946e-19 -9.85757e-13 0)
(1.12966e-19 -9.85758e-13 0)
(8.43572e-19 -9.85758e-13 0)
(1.55879e-18 -9.85759e-13 0)
(2.24238e-18 -9.85759e-13 0)
(2.8752e-18 -9.8576e-13 0)
(3.43586e-18 -9.8576e-13 0)
(3.90182e-18 -9.85761e-13 0)
(4.25079e-18 -9.85762e-13 0)
(4.46227e-18 -9.85763e-13 0)
(4.51926e-18 -9.85764e-13 0)
(4.40981e-18 -9.85765e-13 0)
(4.12834e-18 -9.85766e-13 0)
(3.6767e-18 -9.85767e-13 0)
(3.06479e-18 -9.85768e-13 0)
(2.31087e-18 -9.85768e-13 0)
(1.44145e-18 -9.85769e-13 0)
(4.9084e-19 -9.85769e-13 0)
(-1.69212e-08 -0.000486958 0)
(-5.02404e-11 -1.13152e-05 0)
(-3.42458e-17 -5.5011e-12 0)
(-9.57333e-18 -9.85759e-13 0)
(-9.32945e-18 -9.85759e-13 0)
(-9.06569e-18 -9.85759e-13 0)
(-8.78074e-18 -9.85759e-13 0)
(-8.47365e-18 -9.85759e-13 0)
(-8.14363e-18 -9.85759e-13 0)
(-7.78999e-18 -9.85759e-13 0)
(-7.41215e-18 -9.85758e-13 0)
(-7.00975e-18 -9.85758e-13 0)
(-6.58262e-18 -9.85758e-13 0)
(-6.13084e-18 -9.85758e-13 0)
(-5.65478e-18 -9.85758e-13 0)
(-5.15507e-18 -9.85758e-13 0)
(-4.63262e-18 -9.85758e-13 0)
(-4.08867e-18 -9.85758e-13 0)
(-3.52486e-18 -9.85758e-13 0)
(-2.94333e-18 -9.85758e-13 0)
(-2.34696e-18 -9.85758e-13 0)
(-1.73955e-18 -9.85758e-13 0)
(-1.1261e-18 -9.85759e-13 0)
(-5.13128e-19 -9.85759e-13 0)
(9.11609e-20 -9.85759e-13 0)
(6.76688e-19 -9.8576e-13 0)
(1.23153e-18 -9.8576e-13 0)
(1.74211e-18 -9.85761e-13 0)
(2.19363e-18 -9.85761e-13 0)
(2.57075e-18 -9.85762e-13 0)
(2.85837e-18 -9.85763e-13 0)
(3.0427e-18 -9.85763e-13 0)
(3.11231e-18 -9.85764e-13 0)
(3.05919e-18 -9.85765e-13 0)
(2.87968e-18 -9.85766e-13 0)
(2.57535e-18 -9.85766e-13 0)
(2.15347e-18 -9.85767e-13 0)
(1.62741e-18 -9.85767e-13 0)
(1.01664e-18 -9.85768e-13 0)
(3.46444e-19 -9.85768e-13 0)
(-2.21124e-08 -0.000486547 0)
(-4.6552e-11 -1.04478e-05 0)
(-3.04512e-17 -4.88068e-12 0)
(-9.40675e-18 -9.8576e-13 0)
(-9.13178e-18 -9.8576e-13 0)
(-8.84671e-18 -9.8576e-13 0)
(-8.54922e-18 -9.8576e-13 0)
(-8.23754e-18 -9.8576e-13 0)
(-7.91026e-18 -9.8576e-13 0)
(-7.56627e-18 -9.85759e-13 0)
(-7.20474e-18 -9.85759e-13 0)
(-6.82511e-18 -9.85759e-13 0)
(-6.42706e-18 -9.85759e-13 0)
(-6.01054e-18 -9.85759e-13 0)
(-5.57579e-18 -9.85759e-13 0)
(-5.12333e-18 -9.85759e-13 0)
(-4.65404e-18 -9.85759e-13 0)
(-4.16913e-18 -9.85759e-13 0)
(-3.67027e-18 -9.85759e-13 0)
(-3.15965e-18 -9.85759e-13 0)
(-2.64006e-18 -9.85759e-13 0)
(-2.11507e-18 -9.8576e-13 0)
(-1.58912e-18 -9.8576e-13 0)
(-1.06767e-18 -9.8576e-13 0)
(-5.57295e-19 -9.8576e-13 0)
(-6.57346e-20 -9.85761e-13 0)
(3.98173e-19 -9.85761e-13 0)
(8.24642e-19 -9.85762e-13 0)
(1.20323e-18 -9.85762e-13 0)
(1.52326e-18 -9.85763e-13 0)
(1.77438e-18 -9.85763e-13 0)
(1.9472e-18 -9.85764e-13 0)
(2.03402e-18 -9.85764e-13 0)
(2.02953e-18 -9.85765e-13 0)
(1.9315e-18 -9.85765e-13 0)
(1.74138e-18 -9.85766e-13 0)
(1.46474e-18 -9.85766e-13 0)
(1.11155e-18 -9.85767e-13 0)
(6.96243e-19 -9.85767e-13 0)
(2.37573e-19 -9.85767e-13 0)
(-2.52477e-08 -0.000486175 0)
(-4.24293e-11 -9.60978e-06 0)
(-2.73156e-17 -4.36324e-12 0)
(-9.2575e-18 -9.85761e-13 0)
(-8.97112e-18 -9.85761e-13 0)
(-8.67809e-18 -9.85761e-13 0)
(-8.37684e-18 -9.8576e-13 0)
(-8.06597e-18 -9.8576e-13 0)
(-7.74428e-18 -9.8576e-13 0)
(-7.41078e-18 -9.8576e-13 0)
(-7.06468e-18 -9.8576e-13 0)
(-6.70542e-18 -9.8576e-13 0)
(-6.33267e-18 -9.8576e-13 0)
(-5.94636e-18 -9.8576e-13 0)
(-5.54665e-18 -9.8576e-13 0)
(-5.13401e-18 -9.8576e-13 0)
(-4.70922e-18 -9.8576e-13 0)
(-4.2734e-18 -9.8576e-13 0)
(-3.8281e-18 -9.8576e-13 0)
(-3.37527e-18 -9.8576e-13 0)
(-2.91743e-18 -9.8576e-13 0)
(-2.45763e-18 -9.85761e-13 0)
(-1.99962e-18 -9.85761e-13 0)
(-1.54784e-18 -9.85761e-13 0)
(-1.10747e-18 -9.85761e-13 0)
(-6.8442e-19 -9.85762e-13 0)
(-2.85293e-19 -9.85762e-13 0)
(8.27711e-20 -9.85762e-13 0)
(4.12293e-19 -9.85763e-13 0)
(6.95746e-19 -9.85763e-13 0)
(9.25925e-19 -9.85763e-13 0)
(1.09638e-18 -9.85764e-13 0)
(1.20191e-18 -9.85764e-13 0)
(1.23904e-18 -9.85765e-13 0)
(1.20651e-18 -9.85765e-13 0)
(1.10569e-18 -9.85766e-13 0)
(9.4095e-19 -9.85766e-13 0)
(7.19846e-19 -9.85766e-13 0)
(4.53206e-19 -9.85766e-13 0)
(1.5503e-19 -9.85767e-13 0)
(-2.71535e-08 -0.000485827 0)
(-3.82001e-11 -8.80092e-06 0)
(-2.45683e-17 -3.91411e-12 0)
(-9.1073e-18 -9.85761e-13 0)
(-8.82118e-18 -9.85761e-13 0)
(-8.52993e-18 -9.85761e-13 0)
(-8.23257e-18 -9.85761e-13 0)
(-7.92818e-18 -9.85761e-13 0)
(-7.6159e-18 -9.85761e-13 0)
(-7.295e-18 -9.85761e-13 0)
(-6.96489e-18 -9.85761e-13 0)
(-6.62514e-18 -9.85761e-13 0)
(-6.27549e-18 -9.85761e-13 0)
(-5.91589e-18 -9.85761e-13 0)
(-5.54652e-18 -9.85761e-13 0)
(-5.16779e-18 -9.85761e-13 0)
(-4.7804e-18 -9.85761e-13 0)
(-4.38535e-18 -9.85761e-13 0)
(-3.98397e-18 -9.85761e-13 0)
(-3.57797e-18 -9.85761e-13 0)
(-3.16946e-18 -9.85761e-13 0)
(-2.76101e-18 -9.85761e-13 0)
(-2.35567e-18 -9.85762e-13 0)
(-1.95696e-18 -9.85762e-13 0)
(-1.56895e-18 -9.85762e-13 0)
(-1.19616e-18 -9.85762e-13 0)
(-8.43532e-19 -9.85762e-13 0)
(-5.16322e-19 -9.85763e-13 0)
(-2.19948e-19 -9.85763e-13 0)
(4.02185e-20 -9.85763e-13 0)
(2.59111e-19 -9.85764e-13 0)
(4.32266e-19 -9.85764e-13 0)
(5.56157e-19 -9.85764e-13 0)
(6.28539e-19 -9.85765e-13 0)
(6.48783e-19 -9.85765e-13 0)
(6.18187e-19 -9.85765e-13 0)
(5.40218e-19 -9.85766e-13 0)
(4.20684e-19 -9.85766e-13 0)
(2.67794e-19 -9.85766e-13 0)
(9.20932e-20 -9.85766e-13 0)
(-2.82494e-08 -0.000485497 0)
(-3.40185e-11 -8.02097e-06 0)
(-2.21485e-17 -3.52284e-12 0)
(-8.95018e-18 -9.85762e-13 0)
(-8.67113e-18 -9.85762e-13 0)
(-8.38784e-18 -9.85762e-13 0)
(-8.09967e-18 -9.85762e-13 0)
(-7.806e-18 -9.85762e-13 0)
(-7.50627e-18 -9.85762e-13 0)
(-7.19997e-18 -9.85762e-13 0)
(-6.88668e-18 -9.85762e-13 0)
(-6.56613e-18 -9.85762e-13 0)
(-6.23816e-18 -9.85762e-13 0)
(-5.90277e-18 -9.85762e-13 0)
(-5.56014e-18 -9.85762e-13 0)
(-5.21068e-18 -9.85762e-13 0)
(-4.855e-18 -9.85762e-13 0)
(-4.49396e-18 -9.85762e-13 0)
(-4.1287e-18 -9.85762e-13 0)
(-3.76067e-18 -9.85762e-13 0)
(-3.39161e-18 -9.85762e-13 0)
(-3.02364e-18 -9.85762e-13 0)
(-2.65919e-18 -9.85762e-13 0)
(-2.30107e-18 -9.85762e-13 0)
(-1.95244e-18 -9.85763e-13 0)
(-1.61676e-18 -9.85763e-13 0)
(-1.29774e-18 -9.85763e-13 0)
(-9.99305e-19 -9.85763e-13 0)
(-7.25401e-19 -9.85764e-13 0)
(-4.79903e-19 -9.85764e-13 0)
(-2.66407e-19 -9.85764e-13 0)
(-8.80239e-20 -9.85764e-13 0)
(5.28547e-20 -9.85765e-13 0)
(1.548e-19 -9.85765e-13 0)
(2.17582e-19 -9.85765e-13 0)
(2.42396e-19 -9.85765e-13 0)
(2.32031e-19 -9.85766e-13 0)
(1.91006e-19 -9.85766e-13 0)
(1.25607e-19 -9.85766e-13 0)
(4.38558e-20 -9.85766e-13 0)
(-2.87768e-08 -0.00048518 0)
(-2.99612e-11 -7.26977e-06 0)
(-2.00195e-17 -3.17823e-12 0)
(-8.78318e-18 -9.85763e-13 0)
(-8.51559e-18 -9.85763e-13 0)
(-8.24432e-18 -9.85763e-13 0)
(-7.96893e-18 -9.85763e-13 0)
(-7.68897e-18 -9.85763e-13 0)
(-7.40406e-18 -9.85763e-13 0)
(-7.11384e-18 -9.85763e-13 0)
(-6.81805e-18 -9.85763e-13 0)
(-6.5165e-18 -9.85763e-13 0)
(-6.20913e-18 -9.85763e-13 0)
(-5.896e-18 -9.85763e-13 0)
(-5.57729e-18 -9.85763e-13 0)
(-5.2534e-18 -9.85763e-13 0)
(-4.92485e-18 -9.85763e-13 0)
(-4.59241e-18 -9.85763e-13 0)
(-4.25704e-18 -9.85763e-13 0)
(-3.91995e-18 -9.85763e-13 0)
(-3.58259e-18 -9.85763e-13 0)
(-3.24666e-18 -9.85763e-13 0)
(-2.91413e-18 -9.85763e-13 0)
(-2.58722e-18 -9.85763e-13 0)
(-2.26838e-18 -9.85763e-13 0)
(-1.96029e-18 -9.85763e-13 0)
(-1.66577e-18 -9.85764e-13 0)
(-1.38773e-18 -9.85764e-13 0)
(-1.12911e-18 -9.85764e-13 0)
(-8.92712e-19 -9.85764e-13 0)
(-6.81121e-19 -9.85764e-13 0)
(-4.96517e-19 -9.85765e-13 0)
(-3.40522e-19 -9.85765e-13 0)
(-2.14026e-19 -9.85765e-13 0)
(-1.17013e-19 -9.85765e-13 0)
(-4.84061e-20 -9.85765e-13 0)
(-5.93675e-21 -9.85766e-13 0)
(1.39462e-20 -9.85766e-13 0)
(1.6114e-20 -9.85766e-13 0)
(6.73036e-21 -9.85766e-13 0)
(-2.88709e-08 -0.000484874 0)
(-2.60743e-11 -6.54732e-06 0)
(-1.81042e-17 -2.87054e-12 0)
(-8.60481e-18 -9.85764e-13 0)
(-8.35195e-18 -9.85764e-13 0)
(-8.09568e-18 -9.85764e-13 0)
(-7.83565e-18 -9.85763e-13 0)
(-7.57153e-18 -9.85763e-13 0)
(-7.30303e-18 -9.85763e-13 0)
(-7.02992e-18 -9.85763e-13 0)
(-6.75201e-18 -9.85763e-13 0)
(-6.46921e-18 -9.85763e-13 0)
(-6.1815e-18 -9.85763e-13 0)
(-5.88898e-18 -9.85763e-13 0)
(-5.59187e-18 -9.85763e-13 0)
(-5.29051e-18 -9.85763e-13 0)
(-4.9854e-18 -9.85763e-13 0)
(-4.67719e-18 -9.85763e-13 0)
(-4.36672e-18 -9.85763e-13 0)
(-4.055e-18 -9.85763e-13 0)
(-3.74323e-18 -9.85763e-13 0)
(-3.43281e-18 -9.85764e-13 0)
(-3.12533e-18 -9.85764e-13 0)
(-2.82255e-18 -9.85764e-13 0)
(-2.52641e-18 -9.85764e-13 0)
(-2.23898e-18 -9.85764e-13 0)
(-1.96243e-18 -9.85764e-13 0)
(-1.69896e-18 -9.85764e-13 0)
(-1.45076e-18 -9.85764e-13 0)
(-1.2199e-18 -9.85765e-13 0)
(-1.00824e-18 -9.85765e-13 0)
(-8.17332e-19 -9.85765e-13 0)
(-6.48266e-19 -9.85765e-13 0)
(-5.0158e-19 -9.85765e-13 0)
(-3.77115e-19 -9.85765e-13 0)
(-2.73911e-19 -9.85766e-13 0)
(-1.90108e-19 -9.85766e-13 0)
(-1.22882e-19 -9.85766e-13 0)
(-6.84157e-20 -9.85766e-13 0)
(-2.19164e-20 -9.85766e-13 0)
(-2.86121e-08 -0.000484578 0)
(-2.24038e-11 -5.8537e-06 0)
(-1.63832e-17 -2.59892e-12 0)
(-8.41562e-18 -9.85764e-13 0)
(-8.1802e-18 -9.85764e-13 0)
(-7.94126e-18 -9.85764e-13 0)
(-7.69854e-18 -9.85764e-13 0)
(-7.45178e-18 -9.85764e-13 0)
(-7.20078e-18 -9.85764e-13 0)
(-6.94537e-18 -9.85764e-13 0)
(-6.68546e-18 -9.85764e-13 0)
(-6.42099e-18 -9.85764e-13 0)
(-6.15199e-18 -9.85764e-13 0)
(-5.87861e-18 -9.85764e-13 0)
(-5.60104e-18 -9.85764e-13 0)
(-5.31964e-18 -9.85764e-13 0)
(-5.03485e-18 -9.85764e-13 0)
(-4.74726e-18 -9.85764e-13 0)
(-4.45761e-18 -9.85764e-13 0)
(-4.16676e-18 -9.85764e-13 0)
(-3.87573e-18 -9.85764e-13 0)
(-3.58568e-18 -9.85764e-13 0)
(-3.29792e-18 -9.85764e-13 0)
(-3.01388e-18 -9.85764e-13 0)
(-2.7351e-18 -9.85764e-13 0)
(-2.46322e-18 -9.85764e-13 0)
(-2.19993e-18 -9.85765e-13 0)
(-1.94692e-18 -9.85765e-13 0)
(-1.70585e-18 -9.85765e-13 0)
(-1.47827e-18 -9.85765e-13 0)
(-1.26553e-18 -9.85765e-13 0)
(-1.06873e-18 -9.85765e-13 0)
(-8.88629e-19 -9.85765e-13 0)
(-7.25518e-19 -9.85766e-13 0)
(-5.79162e-19 -9.85766e-13 0)
(-4.4871e-19 -9.85766e-13 0)
(-3.32622e-19 -9.85766e-13 0)
(-2.28622e-19 -9.85766e-13 0)
(-1.33682e-19 -9.85766e-13 0)
(-4.40248e-20 -9.85766e-13 0)
(-2.80539e-08 -0.00048429 0)
(-1.90048e-11 -5.18912e-06 0)
(-1.48706e-17 -2.35739e-12 0)
(-8.21935e-18 -9.85765e-13 0)
(-8.00336e-18 -9.85765e-13 0)
(-7.7834e-18 -9.85765e-13 0)
(-7.55928e-18 -9.85765e-13 0)
(-7.33083e-18 -9.85765e-13 0)
(-7.09791e-18 -9.85765e-13 0)
(-6.86042e-18 -9.85765e-13 0)
(-6.61829e-18 -9.85765e-13 0)
(-6.37153e-18 -9.85765e-13 0)
(-6.1202e-18 -9.85765e-13 0)
(-5.86445e-18 -9.85765e-13 0)
(-5.60451e-18 -9.85765e-13 0)
(-5.34072e-18 -9.85765e-13 0)
(-5.07351e-18 -9.85765e-13 0)
(-4.80342e-18 -9.85765e-13 0)
(-4.53112e-18 -9.85765e-13 0)
(-4.25738e-18 -9.85765e-13 0)
(-3.98309e-18 -9.85765e-13 0)
(-3.70925e-18 -9.85765e-13 0)
(-3.43697e-18 -9.85765e-13 0)
(-3.16743e-18 -9.85765e-13 0)
(-2.90192e-18 -9.85765e-13 0)
(-2.64174e-18 -9.85765e-13 0)
(-2.38824e-18 -9.85765e-13 0)
(-2.14275e-18 -9.85765e-13 0)
(-1.90655e-18 -9.85765e-13 0)
(-1.68082e-18 -9.85765e-13 0)
(-1.46657e-18 -9.85765e-13 0)
(-1.26459e-18 -9.85766e-13 0)
(-1.07537e-18 -9.85766e-13 0)
(-8.99076e-19 -9.85766e-13 0)
(-7.35423e-19 -9.85766e-13 0)
(-5.83655e-19 -9.85766e-13 0)
(-4.42482e-19 -9.85766e-13 0)
(-3.10044e-19 -9.85766e-13 0)
(-1.839e-19 -9.85766e-13 0)
(-6.10293e-20 -9.85766e-13 0)
(-2.72303e-08 -0.00048401 0)
(-1.59291e-11 -4.55398e-06 0)
(-1.351e-17 -2.14051e-12 0)
(-8.02287e-18 -9.85765e-13 0)
(-7.82723e-18 -9.85765e-13 0)
(-7.62701e-18 -9.85765e-13 0)
(-7.42207e-18 -9.85765e-13 0)
(-7.21228e-18 -9.85765e-13 0)
(-6.99753e-18 -9.85765e-13 0)
(-6.77772e-18 -9.85765e-13 0)
(-6.55284e-18 -9.85765e-13 0)
(-6.32289e-18 -9.85765e-13 0)
(-6.08797e-18 -9.85765e-13 0)
(-5.84824e-18 -9.85765e-13 0)
(-5.60396e-18 -9.85765e-13 0)
(-5.35547e-18 -9.85765e-13 0)
(-5.10321e-18 -9.85765e-13 0)
(-4.84772e-18 -9.85765e-13 0)
(-4.58964e-18 -9.85765e-13 0)
(-4.32968e-18 -9.85765e-13 0)
(-4.06867e-18 -9.85765e-13 0)
(-3.80752e-18 -9.85765e-13 0)
(-3.54719e-18 -9.85765e-13 0)
(-3.28872e-18 -9.85765e-13 0)
(-3.03319e-18 -9.85765e-13 0)
(-2.7817e-18 -9.85765e-13 0)
(-2.53536e-18 -9.85766e-13 0)
(-2.29524e-18 -9.85766e-13 0)
(-2.06235e-18 -9.85766e-13 0)
(-1.8376e-18 -9.85766e-13 0)
(-1.62176e-18 -9.85766e-13 0)
(-1.4154e-18 -9.85766e-13 0)
(-1.21886e-18 -9.85766e-13 0)
(-1.03218e-18 -9.85766e-13 0)
(-8.55059e-19 -9.85766e-13 0)
(-6.86826e-19 -9.85766e-13 0)
(-5.26379e-19 -9.85766e-13 0)
(-3.7217e-19 -9.85766e-13 0)
(-2.22194e-19 -9.85766e-13 0)
(-7.39924e-20 -9.85766e-13 0)
(-2.61757e-08 -0.000483733 0)
(-1.32053e-11 -3.94885e-06 0)
(-1.23231e-17 -1.94769e-12 0)
(-7.83396e-18 -9.85766e-13 0)
(-7.65879e-18 -9.85766e-13 0)
(-7.47843e-18 -9.85766e-13 0)
(-7.29273e-18 -9.85766e-13 0)
(-7.1015e-18 -9.85766e-13 0)
(-6.90459e-18 -9.85766e-13 0)
(-6.70189e-18 -9.85766e-13 0)
(-6.49336e-18 -9.85766e-13 0)
(-6.27901e-18 -9.85766e-13 0)
(-6.05895e-18 -9.85766e-13 0)
(-5.83337e-18 -9.85766e-13 0)
(-5.60256e-18 -9.85766e-13 0)
(-5.36691e-18 -9.85766e-13 0)
(-5.12689e-18 -9.85766e-13 0)
(-4.88309e-18 -9.85766e-13 0)
(-4.63615e-18 -9.85766e-13 0)
(-4.38682e-18 -9.85766e-13 0)
(-4.13589e-18 -9.85766e-13 0)
(-3.88423e-18 -9.85766e-13 0)
(-3.63274e-18 -9.85766e-13 0)
(-3.38238e-18 -9.85766e-13 0)
(-3.1341e-18 -9.85766e-13 0)
(-2.88886e-18 -9.85766e-13 0)
(-2.6476e-18 -9.85766e-13 0)
(-2.41121e-18 -9.85766e-13 0)
(-2.18051e-18 -9.85766e-13 0)
(-1.95623e-18 -9.85766e-13 0)
(-1.73895e-18 -9.85766e-13 0)
(-1.52909e-18 -9.85766e-13 0)
(-1.32685e-18 -9.85766e-13 0)
(-1.13222e-18 -9.85766e-13 0)
(-9.44886e-19 -9.85766e-13 0)
(-7.6422e-19 -9.85766e-13 0)
(-5.89269e-19 -9.85767e-13 0)
(-4.18716e-19 -9.85767e-13 0)
(-2.50875e-19 -9.85767e-13 0)
(-8.36994e-20 -9.85767e-13 0)
(-2.49235e-08 -0.000483456 0)
(-1.08255e-11 -3.37451e-06 0)
(-1.12902e-17 -1.77504e-12 0)
(-7.65966e-18 -9.85766e-13 0)
(-7.50492e-18 -9.85766e-13 0)
(-7.34451e-18 -9.85766e-13 0)
(-7.17805e-18 -9.85766e-13 0)
(-7.0052e-18 -9.85766e-13 0)
(-6.82568e-18 -9.85766e-13 0)
(-6.63929e-18 -9.85766e-13 0)
(-6.44592e-18 -9.85766e-13 0)
(-6.24559e-18 -9.85766e-13 0)
(-6.03842e-18 -9.85766e-13 0)
(-5.82468e-18 -9.85766e-13 0)
(-5.60472e-18 -9.85766e-13 0)
(-5.37903e-18 -9.85766e-13 0)
(-5.1482e-18 -9.85766e-13 0)
(-4.91289e-18 -9.85766e-13 0)
(-4.67385e-18 -9.85766e-13 0)
(-4.43188e-18 -9.85766e-13 0)
(-4.18783e-18 -9.85766e-13 0)
(-3.94258e-18 -9.85766e-13 0)
(-3.69703e-18 -9.85766e-13 0)
(-3.45208e-18 -9.85766e-13 0)
(-3.20864e-18 -9.85766e-13 0)
(-2.96756e-18 -9.85766e-13 0)
(-2.72968e-18 -9.85766e-13 0)
(-2.49574e-18 -9.85766e-13 0)
(-2.26644e-18 -9.85766e-13 0)
(-2.04236e-18 -9.85767e-13 0)
(-1.82393e-18 -9.85767e-13 0)
(-1.61146e-18 -9.85767e-13 0)
(-1.40507e-18 -9.85767e-13 0)
(-1.20466e-18 -9.85767e-13 0)
(-1.00992e-18 -9.85767e-13 0)
(-8.20249e-19 -9.85767e-13 0)
(-6.34798e-19 -9.85767e-13 0)
(-4.52412e-19 -9.85767e-13 0)
(-2.71638e-19 -9.85767e-13 0)
(-9.0727e-20 -9.85767e-13 0)
(-2.35118e-08 -0.000483175 0)
(-8.75211e-12 -2.83197e-06 0)
(-1.03927e-17 -1.62163e-12 0)
(-7.50489e-18 -9.85767e-13 0)
(-7.37186e-18 -9.85767e-13 0)
(-7.23251e-18 -9.85767e-13 0)
(-7.08609e-18 -9.85767e-13 0)
(-6.93193e-18 -9.85767e-13 0)
(-6.76952e-18 -9.85767e-13 0)
(-6.59852e-18 -9.85767e-13 0)
(-6.41877e-18 -9.85767e-13 0)
(-6.23032e-18 -9.85767e-13 0)
(-6.03339e-18 -9.85767e-13 0)
(-5.82839e-18 -9.85767e-13 0)
(-5.61588e-18 -9.85767e-13 0)
(-5.39653e-18 -9.85767e-13 0)
(-5.17113e-18 -9.85767e-13 0)
(-4.94054e-18 -9.85767e-13 0)
(-4.70567e-18 -9.85767e-13 0)
(-4.46747e-18 -9.85767e-13 0)
(-4.22689e-18 -9.85767e-13 0)
(-3.98489e-18 -9.85767e-13 0)
(-3.74239e-18 -9.85767e-13 0)
(-3.50031e-18 -9.85767e-13 0)
(-3.25949e-18 -9.85767e-13 0)
(-3.02074e-18 -9.85767e-13 0)
(-2.7848e-18 -9.85767e-13 0)
(-2.55233e-18 -9.85767e-13 0)
(-2.32389e-18 -9.85767e-13 0)
(-2.09993e-18 -9.85767e-13 0)
(-1.8808e-18 -9.85767e-13 0)
(-1.66668e-18 -9.85767e-13 0)
(-1.4576e-18 -9.85767e-13 0)
(-1.25341e-18 -9.85767e-13 0)
(-1.05377e-18 -9.85767e-13 0)
(-8.58097e-19 -9.85767e-13 0)
(-6.65602e-19 -9.85767e-13 0)
(-4.75239e-19 -9.85767e-13 0)
(-2.85716e-19 -9.85767e-13 0)
(-9.54938e-20 -9.85767e-13 0)
(-2.19784e-08 -0.000482885 0)
(-6.937e-12 -2.32246e-06 0)
(-9.62576e-18 -1.48652e-12 0)
(-7.37388e-18 -9.85767e-13 0)
(-7.26691e-18 -9.85767e-13 0)
(-7.15217e-18 -9.85767e-13 0)
(-7.02825e-18 -9.85767e-13 0)
(-6.89403e-18 -9.85767e-13 0)
(-6.74871e-18 -9.85767e-13 0)
(-6.59186e-18 -9.85767e-13 0)
(-6.4234e-18 -9.85767e-13 0)
(-6.24357e-18 -9.85767e-13 0)
(-6.0529e-18 -9.85767e-13 0)
(-5.85216e-18 -9.85767e-13 0)
(-5.64228e-18 -9.85767e-13 0)
(-5.42434e-18 -9.85767e-13 0)
(-5.19947e-18 -9.85767e-13 0)
(-4.96886e-18 -9.85767e-13 0)
(-4.73369e-18 -9.85767e-13 0)
(-4.49512e-18 -9.85767e-13 0)
(-4.25425e-18 -9.85767e-13 0)
(-4.01214e-18 -9.85767e-13 0)
(-3.76978e-18 -9.85767e-13 0)
(-3.52807e-18 -9.85767e-13 0)
(-3.28784e-18 -9.85767e-13 0)
(-3.04983e-18 -9.85767e-13 0)
(-2.81469e-18 -9.85767e-13 0)
(-2.58296e-18 -9.85767e-13 0)
(-2.3551e-18 -9.85767e-13 0)
(-2.13145e-18 -9.85767e-13 0)
(-1.91221e-18 -9.85767e-13 0)
(-1.69749e-18 -9.85767e-13 0)
(-1.48721e-18 -9.85767e-13 0)
(-1.28116e-18 -9.85767e-13 0)
(-1.07894e-18 -9.85767e-13 0)
(-8.79995e-19 -9.85767e-13 0)
(-6.83537e-19 -9.85767e-13 0)
(-4.88594e-19 -9.85767e-13 0)
(-2.9398e-19 -9.85767e-13 0)
(-9.82968e-20 -9.85767e-13 0)
(-2.03562e-08 -0.000482586 0)
(-5.3408e-12 -1.84755e-06 0)
(-8.97051e-18 -1.36861e-12 0)
(-7.27521e-18 -9.85767e-13 0)
(-7.2039e-18 -9.85767e-13 0)
(-7.12107e-18 -9.85767e-13 0)
(-7.02437e-18 -9.85767e-13 0)
(-6.91213e-18 -9.85767e-13 0)
(-6.78343e-18 -9.85767e-13 0)
(-6.63806e-18 -9.85767e-13 0)
(-6.47642e-18 -9.85767e-13 0)
(-6.29944e-18 -9.85767e-13 0)
(-6.10838e-18 -9.85768e-13 0)
(-5.9048e-18 -9.85768e-13 0)
(-5.69037e-18 -9.85768e-13 0)
(-5.46683e-18 -9.85768e-13 0)
(-5.23588e-18 -9.85768e-13 0)
(-4.99916e-18 -9.85768e-13 0)
(-4.75822e-18 -9.85768e-13 0)
(-4.51445e-18 -9.85768e-13 0)
(-4.26914e-18 -9.85768e-13 0)
(-4.02342e-18 -9.85768e-13 0)
(-3.77829e-18 -9.85768e-13 0)
(-3.53465e-18 -9.85768e-13 0)
(-3.29323e-18 -9.85768e-13 0)
(-3.05468e-18 -9.85768e-13 0)
(-2.81953e-18 -9.85768e-13 0)
(-2.58819e-18 -9.85768e-13 0)
(-2.36098e-18 -9.85768e-13 0)
(-2.13809e-18 -9.85768e-13 0)
(-1.9196e-18 -9.85768e-13 0)
(-1.7055e-18 -9.85768e-13 0)
(-1.4956e-18 -9.85768e-13 0)
(-1.28961e-18 -9.85768e-13 0)
(-1.08709e-18 -9.85768e-13 0)
(-8.87431e-19 -9.85768e-13 0)
(-6.8986e-19 -9.85768e-13 0)
(-4.93435e-19 -9.85768e-13 0)
(-2.9703e-19 -9.85768e-13 0)
(-9.93409e-20 -9.85768e-13 0)
(-1.86629e-08 -0.000482277 0)
(-3.94257e-12 -1.40927e-06 0)
(-8.4359e-18 -1.26761e-12 0)
(-7.23175e-18 -9.85767e-13 0)
(-7.21418e-18 -9.85767e-13 0)
(-7.17567e-18 -9.85768e-13 0)
(-7.11266e-18 -9.85768e-13 0)
(-7.02335e-18 -9.85768e-13 0)
(-6.90755e-18 -9.85768e-13 0)
(-6.76633e-18 -9.85768e-13 0)
(-6.60171e-18 -9.85768e-13 0)
(-6.41632e-18 -9.85768e-13 0)
(-6.21309e-18 -9.85768e-13 0)
(-5.99503e-18 -9.85768e-13 0)
(-5.76506e-18 -9.85768e-13 0)
(-5.52588e-18 -9.85768e-13 0)
(-5.27997e-18 -9.85768e-13 0)
(-5.02947e-18 -9.85768e-13 0)
(-4.77626e-18 -9.85768e-13 0)
(-4.52194e-18 -9.85768e-13 0)
(-4.26785e-18 -9.85768e-13 0)
(-4.0151e-18 -9.85768e-13 0)
(-3.76462e-18 -9.85768e-13 0)
(-3.51714e-18 -9.85768e-13 0)
(-3.27327e-18 -9.85768e-13 0)
(-3.03345e-18 -9.85768e-13 0)
(-2.79802e-18 -9.85768e-13 0)
(-2.56723e-18 -9.85768e-13 0)
(-2.34118e-18 -9.85768e-13 0)
(-2.11993e-18 -9.85768e-13 0)
(-1.90338e-18 -9.85768e-13 0)
(-1.69138e-18 -9.85768e-13 0)
(-1.48363e-18 -9.85768e-13 0)
(-1.27974e-18 -9.85768e-13 0)
(-1.07919e-18 -9.85768e-13 0)
(-8.81335e-19 -9.85768e-13 0)
(-6.85378e-19 -9.85768e-13 0)
(-4.90385e-19 -9.85768e-13 0)
(-2.95263e-19 -9.85768e-13 0)
(-9.87621e-20 -9.85768e-13 0)
(-1.68872e-08 -0.000481961 0)
(-2.7392e-12 -1.01044e-06 0)
(-8.05153e-18 -1.18184e-12 0)
(-7.30462e-18 -9.85767e-13 0)
(-7.37224e-18 -9.85767e-13 0)
(-7.39491e-18 -9.85768e-13 0)
(-7.36902e-18 -9.85768e-13 0)
(-7.29519e-18 -9.85768e-13 0)
(-7.17705e-18 -9.85768e-13 0)
(-7.02005e-18 -9.85768e-13 0)
(-6.83044e-18 -9.85768e-13 0)
(-6.61455e-18 -9.85768e-13 0)
(-6.37834e-18 -9.85769e-13 0)
(-6.12709e-18 -9.85769e-13 0)
(-5.86537e-18 -9.85769e-13 0)
(-5.59696e-18 -9.85769e-13 0)
(-5.32495e-18 -9.85769e-13 0)
(-5.05179e-18 -9.85769e-13 0)
(-4.77941e-18 -9.85769e-13 0)
(-4.50931e-18 -9.85769e-13 0)
(-4.24262e-18 -9.85769e-13 0)
(-3.98018e-18 -9.85769e-13 0)
(-3.7226e-18 -9.85769e-13 0)
(-3.47032e-18 -9.85769e-13 0)
(-3.22361e-18 -9.85769e-13 0)
(-2.98264e-18 -9.85769e-13 0)
(-2.74748e-18 -9.85769e-13 0)
(-2.51809e-18 -9.85768e-13 0)
(-2.29438e-18 -9.85768e-13 0)
(-2.07616e-18 -9.85768e-13 0)
(-1.86318e-18 -9.85768e-13 0)
(-1.65511e-18 -9.85768e-13 0)
(-1.45154e-18 -9.85768e-13 0)
(-1.25195e-18 -9.85768e-13 0)
(-1.05575e-18 -9.85768e-13 0)
(-8.62233e-19 -9.85768e-13 0)
(-6.70576e-19 -9.85768e-13 0)
(-4.79835e-19 -9.85768e-13 0)
(-2.88932e-19 -9.85768e-13 0)
(-9.66481e-20 -9.85768e-13 0)
(-1.4972e-08 -0.000481638 0)
(-1.7382e-12 -6.55082e-07 0)
(-7.92835e-18 -1.10897e-12 0)
(-7.66016e-18 -9.85767e-13 0)
(-7.86108e-18 -9.85767e-13 0)
(-7.95315e-18 -9.85768e-13 0)
(-7.94281e-18 -9.85768e-13 0)
(-7.84451e-18 -9.85768e-13 0)
(-7.67558e-18 -9.85768e-13 0)
(-7.45308e-18 -9.85769e-13 0)
(-7.1921e-18 -9.85769e-13 0)
(-6.90514e-18 -9.85769e-13 0)
(-6.60209e-18 -9.85769e-13 0)
(-6.29048e-18 -9.85769e-13 0)
(-5.97588e-18 -9.85769e-13 0)
(-5.6623e-18 -9.85769e-13 0)
(-5.35254e-18 -9.85769e-13 0)
(-5.04849e-18 -9.85769e-13 0)
(-4.75139e-18 -9.85769e-13 0)
(-4.462e-18 -9.85769e-13 0)
(-4.18073e-18 -9.85769e-13 0)
(-3.90775e-18 -9.85769e-13 0)
(-3.64309e-18 -9.85769e-13 0)
(-3.38661e-18 -9.85769e-13 0)
(-3.13814e-18 -9.85769e-13 0)
(-2.89741e-18 -9.85769e-13 0)
(-2.66413e-18 -9.85769e-13 0)
(-2.43795e-18 -9.85769e-13 0)
(-2.21851e-18 -9.85769e-13 0)
(-2.00538e-18 -9.85769e-13 0)
(-1.79812e-18 -9.85769e-13 0)
(-1.59624e-18 -9.85769e-13 0)
(-1.39917e-18 -9.85769e-13 0)
(-1.20631e-18 -9.85769e-13 0)
(-1.01698e-18 -9.85769e-13 0)
(-8.30408e-19 -9.85769e-13 0)
(-6.45744e-19 -9.85769e-13 0)
(-4.62031e-19 -9.85769e-13 0)
(-2.78199e-19 -9.85769e-13 0)
(-9.30564e-20 -9.85768e-13 0)
(-1.27825e-08 -0.000481311 0)
(-9.46545e-13 -3.49405e-07 0)
(-8.46295e-18 -1.04817e-12 0)
(-8.80249e-18 -9.85766e-13 0)
(-9.15683e-18 -9.85767e-13 0)
(-9.23262e-18 -9.85768e-13 0)
(-9.10417e-18 -9.85768e-13 0)
(-8.83895e-18 -9.85769e-13 0)
(-8.48963e-18 -9.85769e-13 0)
(-8.09404e-18 -9.8577e-13 0)
(-7.67777e-18 -9.8577e-13 0)
(-7.25738e-18 -9.8577e-13 0)
(-6.84301e-18 -9.8577e-13 0)
(-6.44055e-18 -9.8577e-13 0)
(-6.05308e-18 -9.8577e-13 0)
(-5.68194e-18 -9.8577e-13 0)
(-5.32742e-18 -9.8577e-13 0)
(-4.98918e-18 -9.8577e-13 0)
(-4.66653e-18 -9.8577e-13 0)
(-4.35865e-18 -9.8577e-13 0)
(-4.06464e-18 -9.8577e-13 0)
(-3.78358e-18 -9.8577e-13 0)
(-3.51461e-18 -9.8577e-13 0)
(-3.2569e-18 -9.8577e-13 0)
(-3.00966e-18 -9.8577e-13 0)
(-2.77217e-18 -9.85769e-13 0)
(-2.54371e-18 -9.85769e-13 0)
(-2.32363e-18 -9.85769e-13 0)
(-2.11127e-18 -9.85769e-13 0)
(-1.906e-18 -9.85769e-13 0)
(-1.70718e-18 -9.85769e-13 0)
(-1.51416e-18 -9.85769e-13 0)
(-1.32626e-18 -9.85769e-13 0)
(-1.14279e-18 -9.85769e-13 0)
(-9.62984e-19 -9.85769e-13 0)
(-7.86043e-19 -9.85769e-13 0)
(-6.11087e-19 -9.85769e-13 0)
(-4.37154e-19 -9.85769e-13 0)
(-2.6319e-19 -9.85769e-13 0)
(-8.8031e-20 -9.85769e-13 0)
(-9.75723e-09 -0.000240573 0)
(-2.12236e-13 -1.04973e-07 0)
(-1.14963e-17 -1.00335e-12 0)
(-1.25145e-17 -9.85765e-13 0)
(-1.25015e-17 -9.85767e-13 0)
(-1.19403e-17 -9.85769e-13 0)
(-1.11677e-17 -9.8577e-13 0)
(-1.03477e-17 -9.8577e-13 0)
(-9.55448e-18 -9.85771e-13 0)
(-8.8176e-18 -9.85771e-13 0)
(-8.1448e-18 -9.85771e-13 0)
(-7.53412e-18 -9.85771e-13 0)
(-6.97978e-18 -9.85771e-13 0)
(-6.47499e-18 -9.85771e-13 0)
(-6.01323e-18 -9.85771e-13 0)
(-5.58865e-18 -9.85771e-13 0)
(-5.19628e-18 -9.85771e-13 0)
(-4.83191e-18 -9.85771e-13 0)
(-4.49202e-18 -9.85771e-13 0)
(-4.17369e-18 -9.85771e-13 0)
(-3.87445e-18 -9.8577e-13 0)
(-3.59222e-18 -9.8577e-13 0)
(-3.32526e-18 -9.8577e-13 0)
(-3.07203e-18 -9.8577e-13 0)
(-2.83122e-18 -9.8577e-13 0)
(-2.60167e-18 -9.8577e-13 0)
(-2.38235e-18 -9.8577e-13 0)
(-2.17233e-18 -9.8577e-13 0)
(-1.97072e-18 -9.8577e-13 0)
(-1.77672e-18 -9.85769e-13 0)
(-1.58956e-18 -9.85769e-13 0)
(-1.40846e-18 -9.85769e-13 0)
(-1.23267e-18 -9.85769e-13 0)
(-1.06143e-18 -9.85769e-13 0)
(-8.93938e-19 -9.85769e-13 0)
(-7.29368e-19 -9.85769e-13 0)
(-5.66838e-19 -9.85769e-13 0)
(-4.05402e-19 -9.85769e-13 0)
(-2.44035e-19 -9.85769e-13 0)
(-8.16178e-20 -9.85769e-13 0)
(-2.81245e-17 -9.85771e-13 0)
(-4.34669e-17 -9.85773e-13 0)
(-3.43213e-17 -9.85773e-13 0)
(-2.54671e-17 -9.85773e-13 0)
(-1.98076e-17 -9.85774e-13 0)
(-1.60552e-17 -9.85774e-13 0)
(-1.34622e-17 -9.85773e-13 0)
(-1.15908e-17 -9.85773e-13 0)
(-1.01812e-17 -9.85773e-13 0)
(-9.077e-18 -9.85773e-13 0)
(-8.18158e-18 -9.85773e-13 0)
(-7.4341e-18 -9.85773e-13 0)
(-6.795e-18 -9.85772e-13 0)
(-6.23786e-18 -9.85772e-13 0)
(-5.74447e-18 -9.85772e-13 0)
(-5.30195e-18 -9.85772e-13 0)
(-4.9009e-18 -9.85772e-13 0)
(-4.53431e-18 -9.85772e-13 0)
(-4.19681e-18 -9.85771e-13 0)
(-3.88424e-18 -9.85771e-13 0)
(-3.59325e-18 -9.85771e-13 0)
(-3.32117e-18 -9.85771e-13 0)
(-3.06576e-18 -9.85771e-13 0)
(-2.82517e-18 -9.85771e-13 0)
(-2.59783e-18 -9.8577e-13 0)
(-2.38237e-18 -9.8577e-13 0)
(-2.17757e-18 -9.8577e-13 0)
(-1.98239e-18 -9.8577e-13 0)
(-1.79583e-18 -9.8577e-13 0)
(-1.61701e-18 -9.8577e-13 0)
(-1.44508e-18 -9.8577e-13 0)
(-1.27922e-18 -9.8577e-13 0)
(-1.11866e-18 -9.8577e-13 0)
(-9.62596e-19 -9.85769e-13 0)
(-8.10242e-19 -9.85769e-13 0)
(-6.60777e-19 -9.85769e-13 0)
(-5.13349e-19 -9.85769e-13 0)
(-3.6705e-19 -9.85769e-13 0)
(-2.2091e-19 -9.85769e-13 0)
(-7.38773e-20 -9.85769e-13 0)
(-6.75939e-18 -9.85801e-13 0)
(-1.15772e-17 -9.85794e-13 0)
(-1.33472e-17 -9.85788e-13 0)
(-1.33729e-17 -9.85784e-13 0)
(-1.26416e-17 -9.85781e-13 0)
(-1.16424e-17 -9.85779e-13 0)
(-1.0605e-17 -9.85778e-13 0)
(-9.62748e-18 -9.85777e-13 0)
(-8.74397e-18 -9.85776e-13 0)
(-7.95912e-18 -9.85775e-13 0)
(-7.26536e-18 -9.85775e-13 0)
(-6.65118e-18 -9.85774e-13 0)
(-6.10484e-18 -9.85774e-13 0)
(-5.61576e-18 -9.85773e-13 0)
(-5.17499e-18 -9.85773e-13 0)
(-4.77515e-18 -9.85773e-13 0)
(-4.41022e-18 -9.85772e-13 0)
(-4.07529e-18 -9.85772e-13 0)
(-3.76638e-18 -9.85772e-13 0)
(-3.48019e-18 -9.85772e-13 0)
(-3.214e-18 -9.85772e-13 0)
(-2.96551e-18 -9.85771e-13 0)
(-2.73279e-18 -9.85771e-13 0)
(-2.51417e-18 -9.85771e-13 0)
(-2.30819e-18 -9.85771e-13 0)
(-2.11358e-18 -9.85771e-13 0)
(-1.92919e-18 -9.8577e-13 0)
(-1.75399e-18 -9.8577e-13 0)
(-1.58706e-18 -9.8577e-13 0)
(-1.4275e-18 -9.8577e-13 0)
(-1.2745e-18 -9.8577e-13 0)
(-1.12727e-18 -9.8577e-13 0)
(-9.85051e-19 -9.8577e-13 0)
(-8.47093e-19 -9.8577e-13 0)
(-7.12641e-19 -9.8577e-13 0)
(-5.80928e-19 -9.8577e-13 0)
(-4.5116e-19 -9.8577e-13 0)
(-3.22501e-19 -9.85769e-13 0)
(-1.94065e-19 -9.85769e-13 0)
(-6.48941e-20 -9.85769e-13 0)
(-2.9134e-18 -9.85788e-13 0)
(-4.79665e-18 -9.85787e-13 0)
(-6.1458e-18 -9.85785e-13 0)
(-6.95352e-18 -9.85784e-13 0)
(-7.32383e-18 -9.85782e-13 0)
(-7.3794e-18 -9.8578e-13 0)
(-7.22644e-18 -9.85779e-13 0)
(-6.94566e-18 -9.85778e-13 0)
(-6.59388e-18 -9.85777e-13 0)
(-6.20898e-18 -9.85776e-13 0)
(-5.81504e-18 -9.85776e-13 0)
(-5.42665e-18 -9.85775e-13 0)
(-5.05215e-18 -9.85775e-13 0)
(-4.69588e-18 -9.85774e-13 0)
(-4.35968e-18 -9.85774e-13 0)
(-4.04394e-18 -9.85774e-13 0)
(-3.74817e-18 -9.85773e-13 0)
(-3.47143e-18 -9.85773e-13 0)
(-3.21255e-18 -9.85773e-13 0)
(-2.97027e-18 -9.85772e-13 0)
(-2.74333e-18 -9.85772e-13 0)
(-2.53051e-18 -9.85772e-13 0)
(-2.33065e-18 -9.85772e-13 0)
(-2.14263e-18 -9.85771e-13 0)
(-1.96544e-18 -9.85771e-13 0)
(-1.79811e-18 -9.85771e-13 0)
(-1.63974e-18 -9.85771e-13 0)
(-1.48948e-18 -9.85771e-13 0)
(-1.34654e-18 -9.8577e-13 0)
(-1.21017e-18 -9.8577e-13 0)
(-1.07965e-18 -9.8577e-13 0)
(-9.54271e-19 -9.8577e-13 0)
(-8.33368e-19 -9.8577e-13 0)
(-7.16269e-19 -9.8577e-13 0)
(-6.02306e-19 -9.8577e-13 0)
(-4.90798e-19 -9.8577e-13 0)
(-3.81046e-19 -9.8577e-13 0)
(-2.7232e-19 -9.8577e-13 0)
(-1.63843e-19 -9.8577e-13 0)
(-5.47838e-20 -9.8577e-13 0)
(-1.64533e-18 -9.85784e-13 0)
(-2.54191e-18 -9.85784e-13 0)
(-3.30725e-18 -9.85783e-13 0)
(-3.90218e-18 -9.85782e-13 0)
(-4.31943e-18 -9.85781e-13 0)
(-4.573e-18 -9.8578e-13 0)
(-4.68775e-18 -9.85779e-13 0)
(-4.69187e-18 -9.85779e-13 0)
(-4.61235e-18 -9.85778e-13 0)
(-4.47269e-18 -9.85777e-13 0)
(-4.29212e-18 -9.85777e-13 0)
(-4.08575e-18 -9.85776e-13 0)
(-3.86497e-18 -9.85775e-13 0)
(-3.63814e-18 -9.85775e-13 0)
(-3.41122e-18 -9.85775e-13 0)
(-3.18831e-18 -9.85774e-13 0)
(-2.97212e-18 -9.85774e-13 0)
(-2.76436e-18 -9.85773e-13 0)
(-2.56599e-18 -9.85773e-13 0)
(-2.37743e-18 -9.85773e-13 0)
(-2.19874e-18 -9.85772e-13 0)
(-2.02974e-18 -9.85772e-13 0)
(-1.87006e-18 -9.85772e-13 0)
(-1.71923e-18 -9.85772e-13 0)
(-1.57672e-18 -9.85771e-13 0)
(-1.44194e-18 -9.85771e-13 0)
(-1.31431e-18 -9.85771e-13 0)
(-1.19323e-18 -9.85771e-13 0)
(-1.07811e-18 -9.85771e-13 0)
(-9.68372e-19 -9.85771e-13 0)
(-8.63453e-19 -9.8577e-13 0)
(-7.6279e-19 -9.8577e-13 0)
(-6.65833e-19 -9.8577e-13 0)
(-5.72033e-19 -9.8577e-13 0)
(-4.80842e-19 -9.8577e-13 0)
(-3.917e-19 -9.8577e-13 0)
(-3.04032e-19 -9.8577e-13 0)
(-2.1724e-19 -9.8577e-13 0)
(-1.30687e-19 -9.8577e-13 0)
(-4.36946e-20 -9.8577e-13 0)
(-9.90088e-19 -9.85782e-13 0)
(-1.45887e-18 -9.85782e-13 0)
(-1.8858e-18 -9.85781e-13 0)
(-2.25147e-18 -9.85781e-13 0)
(-2.54443e-18 -9.8578e-13 0)
(-2.76101e-18 -9.8578e-13 0)
(-2.90375e-18 -9.85779e-13 0)
(-2.97949e-18 -9.85779e-13 0)
(-2.99748e-18 -9.85778e-13 0)
(-2.9679e-18 -9.85777e-13 0)
(-2.90076e-18 -9.85777e-13 0)
(-2.80525e-18 -9.85776e-13 0)
(-2.6894e-18 -9.85776e-13 0)
(-2.55992e-18 -9.85775e-13 0)
(-2.42227e-18 -9.85775e-13 0)
(-2.28072e-18 -9.85774e-13 0)
(-2.13852e-18 -9.85774e-13 0)
(-1.99808e-18 -9.85774e-13 0)
(-1.86112e-18 -9.85773e-13 0)
(-1.72878e-18 -9.85773e-13 0)
(-1.60178e-18 -9.85773e-13 0)
(-1.48052e-18 -9.85772e-13 0)
(-1.36513e-18 -9.85772e-13 0)
(-1.25558e-18 -9.85772e-13 0)
(-1.1517e-18 -9.85772e-13 0)
(-1.05323e-18 -9.85771e-13 0)
(-9.59841e-19 -9.85771e-13 0)
(-8.71188e-19 -9.85771e-13 0)
(-7.86887e-19 -9.85771e-13 0)
(-7.06546e-19 -9.85771e-13 0)
(-6.29768e-19 -9.85771e-13 0)
(-5.56153e-19 -9.8577e-13 0)
(-4.853e-19 -9.8577e-13 0)
(-4.16806e-19 -9.8577e-13 0)
(-3.50266e-19 -9.8577e-13 0)
(-2.85266e-19 -9.8577e-13 0)
(-2.21378e-19 -9.8577e-13 0)
(-1.58158e-19 -9.8577e-13 0)
(-9.51353e-20 -9.8577e-13 0)
(-3.18065e-20 -9.8577e-13 0)
(-5.41594e-19 -9.85781e-13 0)
(-7.75382e-19 -9.85781e-13 0)
(-9.9413e-19 -9.85781e-13 0)
(-1.18949e-18 -9.8578e-13 0)
(-1.3552e-18 -9.8578e-13 0)
(-1.48749e-18 -9.85779e-13 0)
(-1.58509e-18 -9.85779e-13 0)
(-1.64885e-18 -9.85778e-13 0)
(-1.6813e-18 -9.85778e-13 0)
(-1.68605e-18 -9.85778e-13 0)
(-1.66727e-18 -9.85777e-13 0)
(-1.62934e-18 -9.85777e-13 0)
(-1.57645e-18 -9.85776e-13 0)
(-1.51245e-18 -9.85776e-13 0)
(-1.44071e-18 -9.85775e-13 0)
(-1.36405e-18 -9.85775e-13 0)
(-1.2848e-18 -9.85774e-13 0)
(-1.20479e-18 -9.85774e-13 0)
(-1.1254e-18 -9.85774e-13 0)
(-1.04766e-18 -9.85773e-13 0)
(-9.72286e-19 -9.85773e-13 0)
(-8.9974e-19 -9.85773e-13 0)
(-8.30292e-19 -9.85772e-13 0)
(-7.64061e-19 -9.85772e-13 0)
(-7.01053e-19 -9.85772e-13 0)
(-6.41191e-19 -9.85772e-13 0)
(-5.84338e-19 -9.85771e-13 0)
(-5.30318e-19 -9.85771e-13 0)
(-4.78929e-19 -9.85771e-13 0)
(-4.29949e-19 -9.85771e-13 0)
(-3.83149e-19 -9.85771e-13 0)
(-3.38289e-19 -9.85771e-13 0)
(-2.95131e-19 -9.8577e-13 0)
(-2.53428e-19 -9.8577e-13 0)
(-2.12933e-19 -9.8577e-13 0)
(-1.73392e-19 -9.8577e-13 0)
(-1.34542e-19 -9.8577e-13 0)
(-9.61111e-20 -9.8577e-13 0)
(-5.78091e-20 -9.8577e-13 0)
(-1.93266e-20 -9.8577e-13 0)
(-1.7325e-19 -9.8578e-13 0)
(-2.44732e-19 -9.8578e-13 0)
(-3.12312e-19 -9.8578e-13 0)
(-3.7366e-19 -9.8578e-13 0)
(-4.26878e-19 -9.8578e-13 0)
(-4.70649e-19 -9.85779e-13 0)
(-5.0429e-19 -9.85779e-13 0)
(-5.27728e-19 -9.85778e-13 0)
(-5.41411e-19 -9.85778e-13 0)
(-5.46177e-19 -9.85778e-13 0)
(-5.4313e-19 -9.85777e-13 0)
(-5.33504e-19 -9.85777e-13 0)
(-5.18563e-19 -9.85776e-13 0)
(-4.99518e-19 -9.85776e-13 0)
(-4.77473e-19 -9.85775e-13 0)
(-4.53393e-19 -9.85775e-13 0)
(-4.28089e-19 -9.85774e-13 0)
(-4.02222e-19 -9.85774e-13 0)
(-3.76311e-19 -9.85774e-13 0)
(-3.50749e-19 -9.85773e-13 0)
(-3.2582e-19 -9.85773e-13 0)
(-3.01719e-19 -9.85773e-13 0)
(-2.78568e-19 -9.85772e-13 0)
(-2.56433e-19 -9.85772e-13 0)
(-2.35335e-19 -9.85772e-13 0)
(-2.15263e-19 -9.85772e-13 0)
(-1.96183e-19 -9.85771e-13 0)
(-1.78044e-19 -9.85771e-13 0)
(-1.60782e-19 -9.85771e-13 0)
(-1.44327e-19 -9.85771e-13 0)
(-1.28605e-19 -9.85771e-13 0)
(-1.13537e-19 -9.85771e-13 0)
(-9.9042e-20 -9.8577e-13 0)
(-8.50392e-20 -9.8577e-13 0)
(-7.14448e-20 -9.8577e-13 0)
(-5.81733e-20 -9.8577e-13 0)
(-4.51365e-20 -9.8577e-13 0)
(-3.2242e-20 -9.8577e-13 0)
(-1.93924e-20 -9.8577e-13 0)
(-6.4831e-21 -9.8577e-13 0)
)
;

boundaryField
{
    top
    {
        type            zeroGradient;
    }
    inlet
    {
        type            fixedValue;
        value           uniform (0 0 0);
    }
    axis
    {
        type            fixedValue;
        value           uniform (0 0 0);
    }
    frontAndBack
    {
        type            empty;
    }
}


// ************************************************************************* //
