/*--------------------------------*- C++ -*----------------------------------*\
  =========                 |
  \\      /  F ield         | OpenFOAM: The Open Source CFD Toolbox
   \\    /   O peration     | Website:  https://openfoam.org
    \\  /    A nd           | Version:  10
     \\/     M anipulation  |
\*---------------------------------------------------------------------------*/
FoamFile
{
    format      ascii;
    class       volScalarField;
    location    "18900";
    object      p;
}
// * * * * * * * * * * * * * * * * * * * * * * * * * * * * * * * * * * * * * //

dimensions      [1 -1 -2 0 0 0 0];

internalField   nonuniform List<scalar> 
6400
(
111.91
111.944
112.013
112.122
112.282
112.511
113.009
270.953
426.768
654.289
875.438
1072.04
1263.7
1449.63
1632.48
1810.46
1986.29
2162.8
2337.95
2511.22
2681.24
2848.96
3014.77
3178.04
3339.37
3499.27
3657.77
3814.78
3970.13
4123.12
4272.27
4416
4513.16
4569.87
4622.49
4669.77
4710.27
4742.48
4764.94
4776.5
4776.5
4764.94
4742.48
4710.27
4669.77
4622.49
4569.87
4513.16
4416
4272.27
4123.12
3970.13
3814.78
3657.77
3499.27
3339.37
3178.04
3014.77
2848.96
2681.24
2511.22
2337.95
2162.8
1986.29
1810.46
1632.48
1449.63
1263.7
1072.04
875.438
654.289
426.768
270.953
113.009
112.511
112.282
112.122
112.013
111.944
111.91
111.615
111.648
111.717
111.826
111.985
112.214
112.606
112.795
129.373
360.442
582.487
778.214
969.926
1155.75
1338.68
1516.54
1692.25
1868.85
2044.03
2217.36
2387.34
2555.05
2720.89
2884.13
3045.44
3205.34
3363.84
3520.85
3676.24
3829.3
3978.51
4122.42
4219.86
4276.8
4329.7
4377.3
4418.14
4450.67
4473.39
4485.09
4485.09
4473.39
4450.67
4418.14
4377.3
4329.7
4276.8
4219.86
4122.42
3978.51
3829.3
3676.24
3520.85
3363.84
3205.34
3045.44
2884.13
2720.89
2555.05
2387.34
2217.36
2044.03
1868.85
1692.25
1516.54
1338.68
1155.75
969.926
778.214
582.487
360.442
129.373
112.795
112.606
112.214
111.985
111.826
111.717
111.648
111.615
111.289
111.322
111.39
111.498
111.655
111.879
112.221
112.451
113.029
112.996
263.12
456.065
647.963
833.509
1016.67
1194.25
1369.67
1546.5
1721.74
1895.21
2065.1
2232.76
2398.68
2561.85
2723.11
2883.01
3041.53
3198.56
3354.01
3507.23
3656.6
3800.89
3898.98
3956.44
4009.99
4058.34
4099.98
4133.28
4156.61
4168.65
4168.65
4156.61
4133.28
4099.98
4058.34
4009.99
3956.44
3898.98
3800.89
3656.6
3507.23
3354.01
3198.56
3041.53
2883.01
2723.11
2561.85
2398.68
2232.76
2065.1
1895.21
1721.74
1546.5
1369.67
1194.25
1016.67
833.509
647.963
456.065
263.12
112.996
113.029
112.451
112.221
111.879
111.655
111.498
111.39
111.322
111.289
110.93
110.962
111.03
111.136
111.29
111.505
111.806
112.051
112.492
112.467
112.352
112.811
295.261
480.146
663.796
840.849
1015.72
1193
1368.32
1542.09
1711.78
1879.37
2045.44
2208.49
2369.66
2529.56
2688.1
2845.15
3000.73
3154.23
3303.84
3448.78
3547.99
3606.36
3661.04
3710.71
3753.77
3788.43
3812.87
3825.54
3825.54
3812.87
3788.43
3753.77
3710.71
3661.04
3606.36
3547.99
3448.78
3303.84
3154.23
3000.73
2845.15
2688.1
2529.56
2369.66
2208.49
2045.44
1879.37
1711.78
1542.09
1368.32
1193
1015.72
840.849
663.796
480.146
295.261
112.811
112.352
112.467
112.492
112.051
111.806
111.505
111.29
111.136
111.03
110.962
110.93
110.533
110.565
110.631
110.735
110.884
111.088
111.355
111.598
111.939
111.963
111.911
112.07
111.913
112.246
277.493
453.324
627.238
805.382
980.772
1155.06
1324.39
1491.86
1658.21
1821.04
1982.07
2141.98
2300.56
2457.64
2613.4
2767.34
2917.3
3063.18
3164.08
3223.86
3280.31
3332.06
3377.38
3414.27
3440.54
3454.25
3454.25
3440.54
3414.27
3377.38
3332.06
3280.31
3223.86
3164.08
3063.18
2917.3
2767.34
2613.4
2457.64
2300.56
2141.98
1982.07
1821.04
1658.21
1491.86
1324.39
1155.06
980.772
805.382
627.238
453.324
277.493
112.246
111.913
112.07
111.911
111.963
111.939
111.598
111.355
111.088
110.884
110.735
110.631
110.565
110.533
110.095
110.126
110.191
110.292
110.434
110.624
110.862
111.093
111.361
111.417
111.409
111.51
111.432
111.55
111.39
111.466
200.474
380.412
555.735
730.995
899.63
1066.91
1233.8
1396.24
1557.04
1716.99
1875.62
2032.72
2188.74
2343.37
2493.72
2640.83
2744.12
2805.94
2865
2919.85
2968.63
3009.01
3038.21
3053.6
3053.6
3038.21
3009.01
2968.63
2919.85
2865
2805.94
2744.12
2640.83
2493.72
2343.37
2188.74
2032.72
1875.62
1716.99
1557.04
1396.24
1233.8
1066.91
899.63
730.995
555.735
380.412
200.474
111.466
111.39
111.55
111.432
111.51
111.409
111.417
111.361
111.093
110.862
110.624
110.434
110.292
110.191
110.126
110.095
109.611
109.642
109.704
109.801
109.935
110.111
110.323
110.534
110.751
110.826
110.846
110.914
110.884
110.947
110.861
110.908
111.022
110.813
111.218
267.191
433.878
600.809
768.775
930.454
1090.93
1250.98
1409.69
1566.77
1723.11
1878.83
2029.5
2178.09
2284.55
2349.19
2411.97
2471.29
2525.21
2571.01
2604.93
2623.09
2623.09
2604.93
2571.01
2525.21
2471.29
2411.97
2349.19
2284.55
2178.09
2029.5
1878.83
1723.11
1566.77
1409.69
1250.98
1090.93
930.454
768.775
600.809
433.878
267.191
111.218
110.813
111.022
110.908
110.861
110.947
110.884
110.914
110.846
110.826
110.751
110.534
110.323
110.111
109.935
109.801
109.704
109.642
109.611
109.076
109.106
109.165
109.257
109.383
109.544
109.731
109.921
110.099
110.184
110.223
110.274
110.271
110.305
110.263
110.292
110.348
110.235
110.302
110.051
109.983
110.484
260.348
419.759
579.706
740.009
898.859
1055.8
1212.47
1370
1520.64
1670.74
1781.17
1849.59
1917.59
1983.16
2044.63
2098.96
2140.73
2163.58
2163.58
2140.73
2098.96
2044.63
1983.16
1917.59
1849.59
1781.17
1670.74
1520.64
1370
1212.47
1055.8
898.859
740.009
579.706
419.759
260.348
110.484
109.983
110.051
110.302
110.235
110.348
110.292
110.263
110.305
110.271
110.274
110.223
110.184
110.099
109.921
109.731
109.544
109.383
109.257
109.165
109.106
109.076
108.485
108.513
108.569
108.655
108.771
108.917
109.082
109.249
109.4
109.487
109.537
109.581
109.592
109.613
109.596
109.613
109.637
109.572
109.575
109.419
109.363
109.456
109.206
109.107
109.218
180.812
338.996
495.4
652.279
813.085
962.643
1113.88
1228.79
1302.14
1377.54
1451.42
1523.71
1591.9
1647.54
1678.78
1678.78
1647.54
1591.9
1523.71
1451.42
1377.54
1302.14
1228.79
1113.88
962.643
813.085
652.279
495.4
338.996
180.812
109.218
109.107
109.206
109.456
109.363
109.419
109.575
109.572
109.637
109.613
109.596
109.613
109.592
109.581
109.537
109.487
109.4
109.249
109.082
108.917
108.771
108.655
108.569
108.513
108.485
107.831
107.858
107.91
107.99
108.095
108.225
108.37
108.516
108.645
108.731
108.785
108.826
108.845
108.862
108.857
108.867
108.873
108.832
108.807
108.706
108.656
108.668
108.516
108.44
108.484
108.532
108.265
108.204
108.435
208.977
350.829
501.907
620.79
700.296
787.414
870.464
957.121
1048.86
1131.4
1178.64
1178.64
1131.4
1048.86
957.121
870.464
787.414
700.296
620.79
501.907
350.829
208.977
108.435
108.204
108.265
108.532
108.484
108.44
108.516
108.668
108.656
108.706
108.807
108.832
108.873
108.867
108.857
108.862
108.845
108.826
108.785
108.731
108.645
108.516
108.37
108.225
108.095
107.99
107.91
107.858
107.831
107.109
107.133
107.181
107.253
107.348
107.463
107.589
107.715
107.827
107.908
107.964
108.004
108.027
108.042
108.044
108.049
108.046
108.016
107.983
107.913
107.865
107.84
107.743
107.682
107.685
107.678
107.525
107.467
107.508
107.368
107.253
107.28
107.467
110.693
161.845
237.177
336.252
469.993
610.304
688.559
688.559
610.304
469.993
336.252
237.177
161.845
110.693
107.467
107.28
107.253
107.368
107.508
107.467
107.525
107.678
107.685
107.682
107.743
107.84
107.865
107.913
107.983
108.016
108.046
108.049
108.044
108.042
108.027
108.004
107.964
107.908
107.827
107.715
107.589
107.463
107.348
107.253
107.181
107.133
107.109
106.309
106.331
106.375
106.439
106.524
106.624
106.733
106.841
106.938
107.013
107.067
107.106
107.131
107.147
107.152
107.154
107.147
107.123
107.089
107.036
106.991
106.953
106.884
106.832
106.812
106.781
106.686
106.632
106.619
106.531
106.457
106.467
106.527
106.526
106.446
106.41
106.413
109.155
179.17
281.015
281.015
179.17
109.155
106.413
106.41
106.446
106.526
106.527
106.467
106.457
106.531
106.619
106.632
106.686
106.781
106.812
106.832
106.884
106.953
106.991
107.036
107.089
107.123
107.147
107.154
107.152
107.147
107.131
107.106
107.067
107.013
106.938
106.841
106.733
106.624
106.524
106.439
106.375
106.331
106.309
105.425
105.444
105.483
105.54
105.614
105.7
105.793
105.886
105.969
106.037
106.089
106.127
106.152
106.168
106.175
106.175
106.167
106.146
106.115
106.073
106.031
105.99
105.936
105.89
105.859
105.819
105.753
105.703
105.669
105.608
105.557
105.55
105.562
105.555
105.531
105.515
105.512
105.546
106.516
128.053
128.053
106.516
105.546
105.512
105.515
105.531
105.555
105.562
105.55
105.557
105.608
105.669
105.703
105.753
105.819
105.859
105.89
105.936
105.99
106.031
106.073
106.115
106.146
106.167
106.175
106.175
106.168
106.152
106.127
106.089
106.037
105.969
105.886
105.793
105.7
105.614
105.54
105.483
105.444
105.425
104.447
104.464
104.498
104.548
104.611
104.685
104.764
104.842
104.914
104.974
105.022
105.058
105.082
105.098
105.105
105.105
105.096
105.078
105.051
105.016
104.978
104.938
104.893
104.852
104.815
104.774
104.723
104.677
104.638
104.591
104.552
104.536
104.531
104.524
104.514
104.506
104.502
104.506
104.611
109.61
109.61
104.611
104.506
104.502
104.506
104.514
104.524
104.531
104.536
104.552
104.591
104.638
104.677
104.723
104.774
104.815
104.852
104.893
104.938
104.978
105.016
105.051
105.078
105.096
105.105
105.105
105.098
105.082
105.058
105.022
104.974
104.914
104.842
104.764
104.685
104.611
104.548
104.498
104.464
104.447
103.366
103.381
103.41
103.453
103.506
103.568
103.634
103.7
103.761
103.814
103.857
103.89
103.914
103.928
103.935
103.935
103.927
103.911
103.887
103.857
103.824
103.787
103.748
103.71
103.673
103.634
103.59
103.549
103.51
103.472
103.439
103.419
103.408
103.401
103.394
103.387
103.382
103.379
103.371
105.925
105.925
103.371
103.379
103.382
103.387
103.394
103.401
103.408
103.419
103.439
103.472
103.51
103.549
103.59
103.634
103.673
103.71
103.748
103.787
103.824
103.857
103.887
103.911
103.927
103.935
103.935
103.928
103.914
103.89
103.857
103.814
103.761
103.7
103.634
103.568
103.506
103.453
103.41
103.381
103.366
102.172
102.185
102.209
102.245
102.29
102.341
102.396
102.451
102.502
102.547
102.585
102.615
102.636
102.65
102.657
102.657
102.649
102.635
102.615
102.589
102.559
102.527
102.492
102.457
102.422
102.385
102.347
102.31
102.274
102.241
102.212
102.19
102.177
102.17
102.163
102.157
102.151
102.146
102.134
104.128
104.128
102.134
102.146
102.151
102.157
102.163
102.17
102.177
102.19
102.212
102.241
102.274
102.31
102.347
102.385
102.422
102.457
102.492
102.527
102.559
102.589
102.615
102.635
102.649
102.657
102.657
102.65
102.636
102.615
102.585
102.547
102.502
102.451
102.396
102.341
102.29
102.245
102.209
102.185
102.172
100.771
100.781
100.801
100.83
100.866
100.907
100.951
100.995
101.038
101.075
101.107
101.133
101.152
101.165
101.171
101.17
101.164
101.152
101.134
101.112
101.086
101.058
101.027
100.995
100.963
100.93
100.896
100.863
100.831
100.801
100.775
100.753
100.74
100.732
100.725
100.719
100.713
100.707
100.695
102.601
102.601
100.695
100.707
100.713
100.719
100.725
100.732
100.74
100.753
100.775
100.801
100.831
100.863
100.896
100.93
100.963
100.995
101.027
101.058
101.086
101.112
101.134
101.152
101.164
101.17
101.171
101.165
101.152
101.133
101.107
101.075
101.038
100.995
100.951
100.907
100.866
100.83
100.801
100.781
100.771
99.214
99.2222
99.2381
99.2609
99.2895
99.3222
99.3572
99.3926
99.4265
99.4573
99.4838
99.5053
99.5215
99.5321
99.5373
99.537
99.5315
99.5209
99.5058
99.4867
99.4643
99.4392
99.4122
99.3839
99.3546
99.3246
99.2945
99.2649
99.2364
99.2098
99.1858
99.1647
99.1516
99.144
99.137
99.1304
99.1243
99.1186
99.1065
101.046
101.046
99.1065
99.1186
99.1243
99.1304
99.137
99.144
99.1516
99.1647
99.1858
99.2098
99.2364
99.2649
99.2945
99.3246
99.3546
99.3839
99.4122
99.4392
99.4643
99.4867
99.5058
99.5209
99.5315
99.537
99.5373
99.5321
99.5215
99.5053
99.4838
99.4573
99.4265
99.3926
99.3572
99.3222
99.2895
99.2609
99.2381
99.2222
99.214
97.6493
97.6558
97.6684
97.6865
97.7092
97.7351
97.763
97.7912
97.8185
97.8435
97.8652
97.883
97.8964
97.9053
97.9094
97.9089
97.9039
97.8946
97.8814
97.8646
97.8449
97.8228
97.7987
97.7733
97.7469
97.7199
97.6928
97.6661
97.6403
97.6159
97.5936
97.5734
97.5606
97.5531
97.5461
97.5395
97.5333
97.5276
97.5155
99.5124
99.5124
97.5155
97.5276
97.5333
97.5395
97.5461
97.5531
97.5606
97.5734
97.5936
97.6159
97.6403
97.6661
97.6928
97.7199
97.7469
97.7733
97.7987
97.8228
97.8449
97.8646
97.8814
97.8946
97.9039
97.9089
97.9094
97.9053
97.8964
97.883
97.8652
97.8435
97.8185
97.7912
97.763
97.7351
97.7092
97.6865
97.6684
97.6558
97.6493
96.0781
96.0832
96.0933
96.1076
96.1256
96.1462
96.1684
96.1909
96.2128
96.2329
96.2505
96.265
96.2759
96.283
96.2862
96.2854
96.2807
96.2723
96.2605
96.2456
96.228
96.2082
96.1866
96.1637
96.1398
96.1153
96.0906
96.0663
96.0426
96.0201
95.9991
95.9798
95.9673
95.9599
95.953
95.9464
95.9402
95.9344
95.9222
97.9843
97.9843
95.9222
95.9344
95.9402
95.9464
95.953
95.9599
95.9673
95.9798
95.9991
96.0201
96.0426
96.0663
96.0906
96.1153
96.1398
96.1637
96.1866
96.2082
96.228
96.2456
96.2605
96.2723
96.2807
96.2854
96.2862
96.283
96.2759
96.265
96.2505
96.2329
96.2128
96.1909
96.1684
96.1462
96.1256
96.1076
96.0933
96.0832
96.0781
94.5017
94.5058
94.5138
94.5252
94.5394
94.5558
94.5734
94.5913
94.6087
94.6249
94.639
94.6506
94.6593
94.6648
94.6669
94.6657
94.6611
94.6534
94.6426
94.6292
94.6133
94.5954
94.5759
94.555
94.5332
94.5108
94.4882
94.4658
94.4439
94.4228
94.4029
94.3844
94.3721
94.3649
94.3579
94.3514
94.3451
94.3392
94.327
96.4603
96.4603
94.327
94.3392
94.3451
94.3514
94.3579
94.3649
94.3721
94.3844
94.4029
94.4228
94.4439
94.4658
94.4882
94.5108
94.5332
94.555
94.5759
94.5954
94.6133
94.6292
94.6426
94.6534
94.6611
94.6657
94.6669
94.6648
94.6593
94.6506
94.639
94.6249
94.6087
94.5913
94.5734
94.5558
94.5394
94.5252
94.5138
94.5058
94.5017
92.9213
92.9245
92.9308
92.9398
92.9511
92.964
92.978
92.9922
93.006
93.0188
93.03
93.0391
93.0458
93.0498
93.051
93.0493
93.0448
93.0374
93.0275
93.0151
93.0007
92.9843
92.9664
92.9473
92.9273
92.9066
92.8857
92.8648
92.8442
92.8243
92.8053
92.7874
92.7753
92.7681
92.7613
92.7547
92.7483
92.7423
92.7301
94.941
94.941
92.7301
92.7423
92.7483
92.7547
92.7613
92.7681
92.7753
92.7874
92.8053
92.8243
92.8442
92.8648
92.8857
92.9066
92.9273
92.9473
92.9664
92.9843
93.0007
93.0151
93.0275
93.0374
93.0448
93.0493
93.051
93.0498
93.0458
93.0391
93.03
93.0188
93.006
92.9922
92.978
92.964
92.9511
92.9398
92.9308
92.9245
92.9213
91.3377
91.3402
91.3452
91.3523
91.3611
91.3713
91.3823
91.3935
91.4044
91.4144
91.4231
91.4301
91.435
91.4377
91.438
91.4359
91.4312
91.4241
91.4148
91.4033
91.3899
91.3747
91.3582
91.3405
91.3219
91.3027
91.2831
91.2634
91.244
91.225
91.2066
91.1891
91.1772
91.1701
91.1632
91.1565
91.1501
91.144
91.1316
93.4275
93.4275
91.1316
91.144
91.1501
91.1565
91.1632
91.1701
91.1772
91.1891
91.2066
91.225
91.244
91.2634
91.2831
91.3027
91.3219
91.3405
91.3582
91.3747
91.3899
91.4033
91.4148
91.4241
91.4312
91.4359
91.438
91.4377
91.435
91.4301
91.4231
91.4144
91.4044
91.3935
91.3823
91.3713
91.3611
91.3523
91.3452
91.3402
91.3377
89.7515
89.7535
89.7573
89.7629
89.7699
89.7778
89.7864
89.7951
89.8036
89.8113
89.8179
89.823
89.8265
89.828
89.8275
89.8248
89.82
89.8131
89.8042
89.7933
89.7807
89.7666
89.7512
89.7346
89.7172
89.6991
89.6806
89.6619
89.6433
89.6249
89.607
89.5898
89.578
89.5708
89.5639
89.5571
89.5506
89.5443
89.5318
91.9211
91.9211
89.5318
89.5443
89.5506
89.5571
89.5639
89.5708
89.578
89.5898
89.607
89.6249
89.6433
89.6619
89.6806
89.6991
89.7172
89.7346
89.7512
89.7666
89.7807
89.7933
89.8042
89.8131
89.82
89.8248
89.8275
89.828
89.8265
89.823
89.8179
89.8113
89.8036
89.7951
89.7864
89.7778
89.7699
89.7629
89.7573
89.7535
89.7515
88.1633
88.1648
88.1678
88.1722
88.1776
88.1837
88.1904
88.1971
88.2035
88.2093
88.2141
88.2177
88.2199
88.2204
88.2191
88.216
88.211
88.2041
88.1955
88.1851
88.1732
88.1598
88.1452
88.1296
88.1131
88.0959
88.0782
88.0603
88.0423
88.0244
88.0069
87.9897
87.9778
87.9706
87.9636
87.9567
87.95
87.9435
87.9308
90.4234
90.4234
87.9308
87.9435
87.95
87.9567
87.9636
87.9706
87.9778
87.9897
88.0069
88.0244
88.0423
88.0603
88.0782
88.0959
88.1131
88.1296
88.1452
88.1598
88.1732
88.1851
88.1955
88.2041
88.211
88.216
88.2191
88.2204
88.2199
88.2177
88.2141
88.2093
88.2035
88.1971
88.1904
88.1837
88.1776
88.1722
88.1678
88.1648
88.1633
86.5735
86.5747
86.577
86.5804
86.5845
86.5892
86.5942
86.5993
86.604
86.6082
86.6116
86.6139
86.6149
86.6145
86.6126
86.609
86.6038
86.5969
86.5884
86.5784
86.567
86.5543
86.5404
86.5254
86.5096
86.4931
86.4761
86.4588
86.4412
86.4236
86.4062
86.3891
86.377
86.3697
86.3625
86.3554
86.3485
86.3418
86.3288
88.9363
88.9363
86.3288
86.3418
86.3485
86.3554
86.3625
86.3697
86.377
86.3891
86.4062
86.4236
86.4412
86.4588
86.4761
86.4931
86.5096
86.5254
86.5404
86.5543
86.567
86.5784
86.5884
86.5969
86.6038
86.609
86.6126
86.6145
86.6149
86.6139
86.6116
86.6082
86.604
86.5993
86.5942
86.5892
86.5845
86.5804
86.577
86.5747
86.5735
84.9826
84.9835
84.9852
84.9877
84.9909
84.9944
84.9981
85.0017
85.0051
85.008
85.0101
85.0113
85.0114
85.0102
85.0076
85.0037
84.9982
84.9913
84.983
84.9732
84.9622
84.9499
84.9365
84.9221
84.9069
84.8909
84.8744
84.8574
84.8401
84.8227
84.8052
84.7879
84.7756
84.7681
84.7607
84.7534
84.7462
84.7392
84.7259
87.4618
87.4618
84.7259
84.7392
84.7462
84.7534
84.7607
84.7681
84.7756
84.7879
84.8052
84.8227
84.8401
84.8574
84.8744
84.8909
84.9069
84.9221
84.9365
84.9499
84.9622
84.9732
84.983
84.9913
84.9982
85.0037
85.0076
85.0102
85.0114
85.0113
85.0101
85.008
85.0051
85.0017
84.9981
84.9944
84.9909
84.9877
84.9852
84.9835
84.9826
83.3907
83.3914
83.3927
83.3945
83.3968
83.3993
83.402
83.4045
83.4068
83.4085
83.4096
83.4098
83.4091
83.4072
83.4041
83.3998
83.3941
83.3872
83.3789
83.3693
83.3586
83.3466
83.3337
83.3197
83.3049
83.2893
83.2731
83.2564
83.2392
83.2218
83.2042
83.1865
83.1738
83.1661
83.1584
83.1508
83.1433
83.1359
83.1221
86.0029
86.0029
83.1221
83.1359
83.1433
83.1508
83.1584
83.1661
83.1738
83.1865
83.2042
83.2218
83.2392
83.2564
83.2731
83.2893
83.3049
83.3197
83.3337
83.3466
83.3586
83.3693
83.3789
83.3872
83.3941
83.3998
83.4041
83.4072
83.4091
83.4098
83.4096
83.4085
83.4068
83.4045
83.402
83.3993
83.3968
83.3945
83.3927
83.3914
83.3907
81.7982
81.7987
81.7996
81.8009
81.8025
81.8042
81.806
81.8076
81.8089
81.8097
81.8099
81.8094
81.8079
81.8055
81.8019
81.7972
81.7914
81.7843
81.7761
81.7666
81.7561
81.7444
81.7318
81.7181
81.7036
81.6884
81.6724
81.6557
81.6386
81.621
81.6031
81.585
81.5718
81.5638
81.5557
81.5477
81.5398
81.5319
81.5177
84.5628
84.5628
81.5177
81.5319
81.5398
81.5477
81.5557
81.5638
81.5718
81.585
81.6031
81.621
81.6386
81.6557
81.6724
81.6884
81.7036
81.7181
81.7318
81.7444
81.7561
81.7666
81.7761
81.7843
81.7914
81.7972
81.8019
81.8055
81.8079
81.8094
81.8099
81.8097
81.8089
81.8076
81.806
81.8042
81.8025
81.8009
81.7996
81.7987
81.7982
80.2052
80.2055
80.2061
80.207
80.208
80.2091
80.2101
80.2109
80.2115
80.2115
80.211
80.2098
80.2077
80.2048
80.2008
80.1959
80.1898
80.1827
80.1744
80.1651
80.1547
80.1432
80.1308
80.1174
80.1032
80.0881
80.0722
80.0557
80.0384
80.0206
80.0022
79.9835
79.9698
79.9613
79.9528
79.9443
79.9359
79.9275
79.9125
83.1454
83.1454
79.9125
79.9275
79.9359
79.9443
79.9528
79.9613
79.9698
79.9835
80.0022
80.0206
80.0384
80.0557
80.0722
80.0881
80.1032
80.1174
80.1308
80.1432
80.1547
80.1651
80.1744
80.1827
80.1898
80.1959
80.2008
80.2048
80.2077
80.2098
80.211
80.2115
80.2115
80.2109
80.2101
80.2091
80.208
80.207
80.2061
80.2055
80.2052
78.6118
78.612
78.6124
78.6129
78.6134
78.614
78.6144
78.6146
78.6145
78.6139
78.6128
78.611
78.6085
78.6051
78.6008
78.5956
78.5894
78.5821
78.5739
78.5646
78.5543
78.5431
78.5308
78.5176
78.5036
78.4886
78.4728
78.4562
78.4388
78.4207
78.4018
78.3823
78.3678
78.3588
78.3498
78.3407
78.3316
78.3226
78.3068
81.7549
81.7549
78.3068
78.3226
78.3316
78.3407
78.3498
78.3588
78.3678
78.3823
78.4018
78.4207
78.4388
78.4562
78.4728
78.4886
78.5036
78.5176
78.5308
78.5431
78.5543
78.5646
78.5739
78.5821
78.5894
78.5956
78.6008
78.6051
78.6085
78.611
78.6128
78.6139
78.6145
78.6146
78.6144
78.614
78.6134
78.6129
78.6124
78.612
78.6118
77.0183
77.0184
77.0185
77.0187
77.0189
77.019
77.019
77.0186
77.018
77.0169
77.0152
77.013
77.01
77.0063
77.0017
76.9963
76.9899
76.9826
76.9744
76.9651
76.955
76.9438
76.9317
76.9187
76.9048
76.89
76.8742
76.8576
76.84
76.8215
76.802
76.7816
76.7663
76.7567
76.7469
76.7371
76.7272
76.7173
76.7004
80.3947
80.3947
76.7004
76.7173
76.7272
76.7371
76.7469
76.7567
76.7663
76.7816
76.802
76.8215
76.84
76.8576
76.8742
76.89
76.9048
76.9187
76.9317
76.9438
76.955
76.9651
76.9744
76.9826
76.9899
76.9963
77.0017
77.0063
77.01
77.013
77.0152
77.0169
77.018
77.0186
77.019
77.019
77.0189
77.0187
77.0185
77.0184
77.0183
75.4247
75.4247
75.4247
75.4246
75.4245
75.4242
75.4238
75.423
75.4219
75.4203
75.4183
75.4156
75.4123
75.4083
75.4035
75.3979
75.3914
75.3841
75.3758
75.3666
75.3565
75.3455
75.3336
75.3207
75.3069
75.2922
75.2765
75.2598
75.2421
75.2232
75.2032
75.1819
75.1655
75.1552
75.1446
75.1338
75.1229
75.1118
75.0935
79.0604
79.0604
75.0935
75.1118
75.1229
75.1338
75.1446
75.1552
75.1655
75.1819
75.2032
75.2232
75.2421
75.2598
75.2765
75.2922
75.3069
75.3207
75.3336
75.3455
75.3565
75.3666
75.3758
75.3841
75.3914
75.3979
75.4035
75.4083
75.4123
75.4156
75.4183
75.4203
75.4219
75.423
75.4238
75.4242
75.4245
75.4246
75.4247
75.4247
75.4247
73.831
73.831
73.8308
73.8306
73.8302
73.8296
73.8288
73.8277
73.8263
73.8243
73.8219
73.819
73.8154
73.8111
73.8061
73.8004
73.7938
73.7864
73.7782
73.7691
73.7591
73.7482
73.7364
73.7237
73.71
73.6954
73.6798
73.6631
73.6453
73.6262
73.6056
73.5834
73.566
73.5549
73.5433
73.5314
73.519
73.5064
73.4859
77.7098
77.7098
73.4859
73.5064
73.519
73.5314
73.5433
73.5549
73.566
73.5834
73.6056
73.6262
73.6453
73.6631
73.6798
73.6954
73.71
73.7237
73.7364
73.7482
73.7591
73.7691
73.7782
73.7864
73.7938
73.8004
73.8061
73.8111
73.8154
73.819
73.8219
73.8243
73.8263
73.8277
73.8288
73.8296
73.8302
73.8306
73.8308
73.831
73.831
72.2375
72.2373
72.2371
72.2367
72.2361
72.2353
72.2342
72.2328
72.231
72.2288
72.2262
72.2229
72.2191
72.2147
72.2095
72.2036
72.197
72.1896
72.1814
72.1723
72.1625
72.1517
72.1401
72.1276
72.1141
72.0997
72.0842
72.0676
72.0498
72.0306
72.0097
71.9869
71.9686
71.9567
71.9442
71.9309
71.9168
71.9019
71.8782
76.1425
76.1425
71.8782
71.9019
71.9168
71.9309
71.9442
71.9567
71.9686
71.9869
72.0097
72.0306
72.0498
72.0676
72.0842
72.0997
72.1141
72.1276
72.1401
72.1517
72.1625
72.1723
72.1814
72.1896
72.197
72.2036
72.2095
72.2147
72.2191
72.2229
72.2262
72.2288
72.231
72.2328
72.2342
72.2353
72.2361
72.2367
72.2371
72.2373
72.2375
70.644
70.6438
70.6435
70.643
70.6422
70.6412
70.6399
70.6383
70.6363
70.6338
70.6309
70.6275
70.6235
70.6189
70.6136
70.6077
70.601
70.5936
70.5854
70.5765
70.5667
70.5561
70.5447
70.5324
70.5191
70.5049
70.4897
70.4733
70.4557
70.4366
70.4158
70.3929
70.3742
70.3619
70.3487
70.3344
70.3186
70.3011
70.273
73.6321
73.6321
70.273
70.3011
70.3186
70.3344
70.3487
70.3619
70.3742
70.3929
70.4158
70.4366
70.4557
70.4733
70.4897
70.5049
70.5191
70.5324
70.5447
70.5561
70.5667
70.5765
70.5854
70.5936
70.601
70.6077
70.6136
70.6189
70.6235
70.6275
70.6309
70.6338
70.6363
70.6383
70.6399
70.6412
70.6422
70.643
70.6435
70.6438
70.644
69.0507
69.0505
69.0501
69.0495
69.0486
69.0474
69.0459
69.0441
69.0419
69.0393
69.0362
69.0326
69.0285
69.0237
69.0184
69.0124
69.0057
68.9984
68.9903
68.9814
68.9718
68.9614
68.9502
68.9381
68.9251
68.9112
68.8963
68.8803
68.863
68.8444
68.8241
68.8017
68.7836
68.7718
68.7591
68.7451
68.7296
68.7114
68.6824
68.6865
68.6865
68.6824
68.7114
68.7296
68.7451
68.7591
68.7718
68.7836
68.8017
68.8241
68.8444
68.863
68.8803
68.8963
68.9112
68.9251
68.9381
68.9502
68.9614
68.9718
68.9814
68.9903
68.9984
69.0057
69.0124
69.0184
69.0237
69.0285
69.0326
69.0362
69.0393
69.0419
69.0441
69.0459
69.0474
69.0486
69.0495
69.0501
69.0505
69.0507
67.4576
67.4574
67.4569
67.4562
67.4552
67.4539
67.4523
67.4503
67.448
67.4452
67.442
67.4383
67.434
67.4292
67.4238
67.4178
67.4112
67.4039
67.3959
67.3871
67.3777
67.3675
67.3565
67.3447
67.332
67.3185
67.304
67.2885
67.2718
67.2538
67.2344
67.2133
67.1967
67.1862
67.1754
67.1643
67.1533
67.1428
67.1325
67.1274
67.1274
67.1325
67.1428
67.1533
67.1643
67.1754
67.1862
67.1967
67.2133
67.2344
67.2538
67.2718
67.2885
67.304
67.3185
67.332
67.3447
67.3565
67.3675
67.3777
67.3871
67.3959
67.4039
67.4112
67.4178
67.4238
67.4292
67.434
67.4383
67.442
67.4452
67.448
67.4503
67.4523
67.4539
67.4552
67.4562
67.4569
67.4574
67.4576
65.8648
65.8645
65.864
65.8632
65.8621
65.8607
65.859
65.8569
65.8545
65.8516
65.8483
65.8445
65.8401
65.8353
65.8299
65.8239
65.8173
65.8101
65.8022
65.7936
65.7843
65.7744
65.7636
65.7522
65.7399
65.7268
65.7128
65.6978
65.6818
65.6647
65.6463
65.6267
65.6116
65.6022
65.5927
65.5833
65.5743
65.566
65.5601
65.5559
65.5559
65.5601
65.566
65.5743
65.5833
65.5927
65.6022
65.6116
65.6267
65.6463
65.6647
65.6818
65.6978
65.7128
65.7268
65.7399
65.7522
65.7636
65.7744
65.7843
65.7936
65.8022
65.8101
65.8173
65.8239
65.8299
65.8353
65.8401
65.8445
65.8483
65.8516
65.8545
65.8569
65.859
65.8607
65.8621
65.8632
65.864
65.8645
65.8648
64.2722
64.2719
64.2714
64.2705
64.2694
64.2679
64.2661
64.2639
64.2614
64.2584
64.255
64.2512
64.2468
64.2419
64.2365
64.2306
64.224
64.2169
64.2091
64.2007
64.1917
64.182
64.1715
64.1604
64.1485
64.1359
64.1225
64.1082
64.093
64.0768
64.0596
64.0413
64.0273
64.0185
64.0095
64.0004
63.9913
63.9825
63.9772
63.9731
63.9731
63.9772
63.9825
63.9913
64.0004
64.0095
64.0185
64.0273
64.0413
64.0596
64.0768
64.093
64.1082
64.1225
64.1359
64.1485
64.1604
64.1715
64.182
64.1917
64.2007
64.2091
64.2169
64.224
64.2306
64.2365
64.2419
64.2468
64.2512
64.255
64.2584
64.2614
64.2639
64.2661
64.2679
64.2694
64.2705
64.2714
64.2719
64.2722
62.6799
62.6796
62.679
62.6781
62.6769
62.6754
62.6735
62.6713
62.6687
62.6657
62.6622
62.6583
62.654
62.6491
62.6437
62.6378
62.6314
62.6244
62.6168
62.6085
62.5997
62.5903
62.5802
62.5694
62.558
62.5459
62.533
62.5194
62.5051
62.4899
62.4739
62.4571
62.4441
62.4358
62.427
62.4175
62.4067
62.3937
62.3817
62.3791
62.3791
62.3817
62.3937
62.4067
62.4175
62.427
62.4358
62.4441
62.4571
62.4739
62.4899
62.5051
62.5194
62.533
62.5459
62.558
62.5694
62.5802
62.5903
62.5997
62.6085
62.6168
62.6244
62.6314
62.6378
62.6437
62.6491
62.654
62.6583
62.6622
62.6657
62.6687
62.6713
62.6735
62.6754
62.6769
62.6781
62.679
62.6796
62.6799
61.0881
61.0878
61.0872
61.0863
61.085
61.0835
61.0816
61.0793
61.0766
61.0736
61.0701
61.0662
61.0618
61.057
61.0517
61.0459
61.0395
61.0326
61.0252
61.0172
61.0086
60.9994
60.9897
60.9793
60.9683
60.9567
60.9445
60.9317
60.9182
60.9041
60.8894
60.8741
60.8627
60.8555
60.8483
60.8411
60.834
60.8274
60.8222
60.8198
60.8198
60.8222
60.8274
60.834
60.8411
60.8483
60.8555
60.8627
60.8741
60.8894
60.9041
60.9182
60.9317
60.9445
60.9567
60.9683
60.9793
60.9897
60.9994
61.0086
61.0172
61.0252
61.0326
61.0395
61.0459
61.0517
61.057
61.0618
61.0662
61.0701
61.0736
61.0766
61.0793
61.0816
61.0835
61.085
61.0863
61.0872
61.0878
61.0881
59.4966
59.4963
59.4957
59.4947
59.4935
59.4919
59.4899
59.4876
59.485
59.4819
59.4784
59.4745
59.4702
59.4654
59.4601
59.4544
59.4482
59.4414
59.4342
59.4264
59.418
59.4092
59.3998
59.3898
59.3793
59.3682
59.3566
59.3445
59.3319
59.3189
59.3054
59.2917
59.2817
59.2757
59.2697
59.264
59.2585
59.2536
59.2494
59.2471
59.2471
59.2494
59.2536
59.2585
59.264
59.2697
59.2757
59.2817
59.2917
59.3054
59.3189
59.3319
59.3445
59.3566
59.3682
59.3793
59.3898
59.3998
59.4092
59.418
59.4264
59.4342
59.4414
59.4482
59.4544
59.4601
59.4654
59.4702
59.4745
59.4784
59.4819
59.485
59.4876
59.4899
59.4919
59.4935
59.4947
59.4957
59.4963
59.4966
57.9054
57.9051
57.9045
57.9035
57.9022
57.9006
57.8987
57.8964
57.8937
57.8906
57.8872
57.8833
57.879
57.8743
57.8691
57.8634
57.8573
57.8508
57.8437
57.8361
57.828
57.8195
57.8104
57.8009
57.7908
57.7803
57.7693
57.7579
57.7461
57.734
57.7217
57.7093
57.7006
57.6953
57.6901
57.6852
57.6805
57.6762
57.6722
57.6699
57.6699
57.6722
57.6762
57.6805
57.6852
57.6901
57.6953
57.7006
57.7093
57.7217
57.734
57.7461
57.7579
57.7693
57.7803
57.7908
57.8009
57.8104
57.8195
57.828
57.8361
57.8437
57.8508
57.8573
57.8634
57.8691
57.8743
57.879
57.8833
57.8872
57.8906
57.8937
57.8964
57.8987
57.9006
57.9022
57.9035
57.9045
57.9051
57.9054
56.3145
56.3142
56.3136
56.3126
56.3113
56.3097
56.3078
56.3055
56.3028
56.2997
56.2963
56.2925
56.2882
56.2836
56.2785
56.273
56.267
56.2606
56.2537
56.2463
56.2385
56.2303
56.2216
56.2124
56.2028
56.1928
56.1824
56.1716
56.1606
56.1494
56.1381
56.1268
56.1189
56.1141
56.1095
56.105
56.1007
56.0967
56.0929
56.0906
56.0906
56.0929
56.0967
56.1007
56.105
56.1095
56.1141
56.1189
56.1268
56.1381
56.1494
56.1606
56.1716
56.1824
56.1928
56.2028
56.2124
56.2216
56.2303
56.2385
56.2463
56.2537
56.2606
56.267
56.273
56.2785
56.2836
56.2882
56.2925
56.2963
56.2997
56.3028
56.3055
56.3078
56.3097
56.3113
56.3126
56.3136
56.3142
56.3145
54.724
54.7237
54.723
54.7221
54.7208
54.7192
54.7172
54.7149
54.7123
54.7092
54.7058
54.7021
54.6979
54.6933
54.6883
54.6829
54.6771
54.6708
54.6642
54.657
54.6495
54.6415
54.6331
54.6244
54.6152
54.6057
54.5958
54.5857
54.5753
54.5648
54.5543
54.5439
54.5366
54.5322
54.528
54.5238
54.5198
54.5159
54.5122
54.51
54.51
54.5122
54.5159
54.5198
54.5238
54.528
54.5322
54.5366
54.5439
54.5543
54.5648
54.5753
54.5857
54.5958
54.6057
54.6152
54.6244
54.6331
54.6415
54.6495
54.657
54.6642
54.6708
54.6771
54.6829
54.6883
54.6933
54.6979
54.7021
54.7058
54.7092
54.7123
54.7149
54.7172
54.7192
54.7208
54.7221
54.723
54.7237
54.724
53.1337
53.1334
53.1328
53.1318
53.1305
53.1289
53.127
53.1247
53.1221
53.1191
53.1158
53.112
53.1079
53.1035
53.0986
53.0933
53.0876
53.0815
53.0751
53.0682
53.0609
53.0532
53.0451
53.0367
53.028
53.0189
53.0095
52.9999
52.9902
52.9803
52.9705
52.9608
52.954
52.9498
52.9458
52.9418
52.938
52.9343
52.9307
52.9285
52.9285
52.9307
52.9343
52.938
52.9418
52.9458
52.9498
52.954
52.9608
52.9705
52.9803
52.9902
52.9999
53.0095
53.0189
53.028
53.0367
53.0451
53.0532
53.0609
53.0682
53.0751
53.0815
53.0876
53.0933
53.0986
53.1035
53.1079
53.112
53.1158
53.1191
53.1221
53.1247
53.127
53.1289
53.1305
53.1318
53.1328
53.1334
53.1337
51.5438
51.5435
51.5428
51.5419
51.5406
51.5391
51.5371
51.5349
51.5323
51.5294
51.5261
51.5224
51.5184
51.514
51.5092
51.5041
51.4986
51.4926
51.4864
51.4797
51.4726
51.4652
51.4575
51.4494
51.441
51.4324
51.4235
51.4144
51.4051
51.3958
51.3865
51.3774
51.3709
51.367
51.3631
51.3593
51.3556
51.352
51.3485
51.3463
51.3463
51.3485
51.352
51.3556
51.3593
51.3631
51.367
51.3709
51.3774
51.3865
51.3958
51.4051
51.4144
51.4235
51.4324
51.441
51.4494
51.4575
51.4652
51.4726
51.4797
51.4864
51.4926
51.4986
51.5041
51.5092
51.514
51.5184
51.5224
51.5261
51.5294
51.5323
51.5349
51.5371
51.5391
51.5406
51.5419
51.5428
51.5435
51.5438
49.9542
49.9539
49.9532
49.9523
49.9511
49.9495
49.9476
49.9454
49.9428
49.9399
49.9367
49.9331
49.9292
49.9249
49.9203
49.9152
49.9099
49.9041
49.898
49.8916
49.8848
49.8776
49.8702
49.8624
49.8544
49.8461
49.8376
49.8289
49.8201
49.8113
49.8025
49.7937
49.7875
49.7838
49.7801
49.7764
49.7728
49.7693
49.7658
49.7637
49.7637
49.7658
49.7693
49.7728
49.7764
49.7801
49.7838
49.7875
49.7937
49.8025
49.8113
49.8201
49.8289
49.8376
49.8461
49.8544
49.8624
49.8702
49.8776
49.8848
49.8916
49.898
49.9041
49.9099
49.9152
49.9203
49.9249
49.9292
49.9331
49.9367
49.9399
49.9428
49.9454
49.9476
49.9495
49.9511
49.9523
49.9532
49.9539
49.9542
48.3649
48.3646
48.3639
48.363
48.3618
48.3603
48.3584
48.3562
48.3537
48.3509
48.3477
48.3442
48.3404
48.3362
48.3317
48.3268
48.3216
48.316
48.3101
48.3038
48.2973
48.2904
48.2832
48.2757
48.268
48.26
48.2519
48.2436
48.2352
48.2267
48.2183
48.2099
48.204
48.2003
48.1968
48.1932
48.1897
48.1863
48.1828
48.1807
48.1807
48.1828
48.1863
48.1897
48.1932
48.1968
48.2003
48.204
48.2099
48.2183
48.2267
48.2352
48.2436
48.2519
48.26
48.268
48.2757
48.2832
48.2904
48.2973
48.3038
48.3101
48.316
48.3216
48.3268
48.3317
48.3362
48.3404
48.3442
48.3477
48.3509
48.3537
48.3562
48.3584
48.3603
48.3618
48.363
48.3639
48.3646
48.3649
46.7759
46.7756
46.775
46.7741
46.7729
46.7713
46.7695
46.7674
46.7649
46.7622
46.7591
46.7556
46.7519
46.7478
46.7434
46.7387
46.7336
46.7282
46.7224
46.7164
46.71
46.7034
46.6964
46.6892
46.6818
46.6742
46.6663
46.6584
46.6503
46.6422
46.6341
46.626
46.6202
46.6167
46.6132
46.6098
46.6063
46.603
46.5996
46.5975
46.5975
46.5996
46.603
46.6063
46.6098
46.6132
46.6167
46.6202
46.626
46.6341
46.6422
46.6503
46.6584
46.6663
46.6742
46.6818
46.6892
46.6964
46.7034
46.71
46.7164
46.7224
46.7282
46.7336
46.7387
46.7434
46.7478
46.7519
46.7556
46.7591
46.7622
46.7649
46.7674
46.7695
46.7713
46.7729
46.7741
46.775
46.7756
46.7759
45.1872
45.1869
45.1863
45.1854
45.1842
45.1827
45.1809
45.1789
45.1765
45.1737
45.1707
45.1674
45.1637
45.1598
45.1555
45.1509
45.1459
45.1407
45.1351
45.1293
45.1231
45.1167
45.11
45.103
45.0958
45.0885
45.0809
45.0732
45.0655
45.0576
45.0498
45.0419
45.0363
45.0329
45.0295
45.0261
45.0228
45.0195
45.0161
45.0141
45.0141
45.0161
45.0195
45.0228
45.0261
45.0295
45.0329
45.0363
45.0419
45.0498
45.0576
45.0655
45.0732
45.0809
45.0885
45.0958
45.103
45.11
45.1167
45.1231
45.1293
45.1351
45.1407
45.1459
45.1509
45.1555
45.1598
45.1637
45.1674
45.1707
45.1737
45.1765
45.1789
45.1809
45.1827
45.1842
45.1854
45.1863
45.1869
45.1872
43.5988
43.5985
43.5979
43.597
43.5959
43.5944
43.5927
43.5906
43.5883
43.5857
43.5827
43.5795
43.5759
43.572
43.5679
43.5634
43.5586
43.5535
43.5481
43.5424
43.5365
43.5302
43.5238
43.517
43.5101
43.5029
43.4956
43.4882
43.4807
43.4731
43.4654
43.4578
43.4524
43.449
43.4457
43.4424
43.4391
43.4358
43.4325
43.4306
43.4306
43.4325
43.4358
43.4391
43.4424
43.4457
43.449
43.4524
43.4578
43.4654
43.4731
43.4807
43.4882
43.4956
43.5029
43.5101
43.517
43.5238
43.5302
43.5365
43.5424
43.5481
43.5535
43.5586
43.5634
43.5679
43.572
43.5759
43.5795
43.5827
43.5857
43.5883
43.5906
43.5927
43.5944
43.5959
43.597
43.5979
43.5985
43.5988
42.0106
42.0104
42.0098
42.0089
42.0078
42.0064
42.0047
42.0027
42.0004
41.9979
41.995
41.9918
41.9884
41.9846
41.9806
41.9762
41.9716
41.9666
41.9614
41.9559
41.9501
41.9441
41.9378
41.9313
41.9245
41.9176
41.9105
41.9033
41.8959
41.8885
41.8811
41.8737
41.8683
41.865
41.8618
41.8585
41.8553
41.8521
41.8488
41.8469
41.8469
41.8488
41.8521
41.8553
41.8585
41.8618
41.865
41.8683
41.8737
41.8811
41.8885
41.8959
41.9033
41.9105
41.9176
41.9245
41.9313
41.9378
41.9441
41.9501
41.9559
41.9614
41.9666
41.9716
41.9762
41.9806
41.9846
41.9884
41.9918
41.995
41.9979
42.0004
42.0027
42.0047
42.0064
42.0078
42.0089
42.0098
42.0104
42.0106
40.4228
40.4225
40.422
40.4212
40.4201
40.4187
40.417
40.4151
40.4129
40.4104
40.4076
40.4045
40.4012
40.3975
40.3936
40.3893
40.3848
40.38
40.375
40.3696
40.364
40.3581
40.352
40.3457
40.3391
40.3324
40.3255
40.3184
40.3113
40.3041
40.2968
40.2895
40.2842
40.281
40.2778
40.2746
40.2714
40.2682
40.265
40.2631
40.2631
40.265
40.2682
40.2714
40.2746
40.2778
40.281
40.2842
40.2895
40.2968
40.3041
40.3113
40.3184
40.3255
40.3324
40.3391
40.3457
40.352
40.3581
40.364
40.3696
40.375
40.38
40.3848
40.3893
40.3936
40.3975
40.4012
40.4045
40.4076
40.4104
40.4129
40.4151
40.417
40.4187
40.4201
40.4212
40.422
40.4225
40.4228
38.8352
38.835
38.8344
38.8336
38.8326
38.8312
38.8296
38.8277
38.8256
38.8232
38.8205
38.8175
38.8142
38.8107
38.8069
38.8028
38.7984
38.7937
38.7888
38.7836
38.7782
38.7725
38.7665
38.7603
38.754
38.7474
38.7406
38.7337
38.7267
38.7196
38.7125
38.7053
38.7001
38.6969
38.6937
38.6906
38.6874
38.6843
38.6812
38.6793
38.6793
38.6812
38.6843
38.6874
38.6906
38.6937
38.6969
38.7001
38.7053
38.7125
38.7196
38.7267
38.7337
38.7406
38.7474
38.754
38.7603
38.7665
38.7725
38.7782
38.7836
38.7888
38.7937
38.7984
38.8028
38.8069
38.8107
38.8142
38.8175
38.8205
38.8232
38.8256
38.8277
38.8296
38.8312
38.8326
38.8336
38.8344
38.835
38.8352
37.2479
37.2477
37.2472
37.2464
37.2453
37.244
37.2425
37.2407
37.2386
37.2362
37.2336
37.2307
37.2276
37.2241
37.2204
37.2164
37.2122
37.2077
37.2029
37.1979
37.1926
37.187
37.1812
37.1752
37.169
37.1625
37.1559
37.1491
37.1422
37.1352
37.1282
37.121
37.1159
37.1128
37.1096
37.1065
37.1034
37.1003
37.0972
37.0954
37.0954
37.0972
37.1003
37.1034
37.1065
37.1096
37.1128
37.1159
37.121
37.1282
37.1352
37.1422
37.1491
37.1559
37.1625
37.169
37.1752
37.1812
37.187
37.1926
37.1979
37.2029
37.2077
37.2122
37.2164
37.2204
37.2241
37.2276
37.2307
37.2336
37.2362
37.2386
37.2407
37.2425
37.244
37.2453
37.2464
37.2472
37.2477
37.2479
35.6609
35.6606
35.6601
35.6594
35.6584
35.6571
35.6556
35.6539
35.6518
35.6496
35.647
35.6442
35.6412
35.6378
35.6343
35.6304
35.6263
35.6219
35.6173
35.6124
35.6072
35.6018
35.5962
35.5903
35.5842
35.5779
35.5713
35.5647
35.5578
35.5509
35.5439
35.5368
35.5317
35.5286
35.5255
35.5224
35.5193
35.5162
35.5131
35.5113
35.5113
35.5131
35.5162
35.5193
35.5224
35.5255
35.5286
35.5317
35.5368
35.5439
35.5509
35.5578
35.5647
35.5713
35.5779
35.5842
35.5903
35.5962
35.6018
35.6072
35.6124
35.6173
35.6219
35.6263
35.6304
35.6343
35.6378
35.6412
35.6442
35.647
35.6496
35.6518
35.6539
35.6556
35.6571
35.6584
35.6594
35.6601
35.6606
35.6609
34.0741
34.0739
34.0734
34.0727
34.0717
34.0705
34.069
34.0673
34.0654
34.0632
34.0607
34.058
34.055
34.0518
34.0484
34.0446
34.0406
34.0364
34.0319
34.0271
34.0221
34.0169
34.0113
34.0056
33.9996
33.9934
33.987
33.9803
33.9736
33.9667
33.9596
33.9526
33.9475
33.9444
33.9413
33.9382
33.9351
33.932
33.929
33.9272
33.9272
33.929
33.932
33.9351
33.9382
33.9413
33.9444
33.9475
33.9526
33.9596
33.9667
33.9736
33.9803
33.987
33.9934
33.9996
34.0056
34.0113
34.0169
34.0221
34.0271
34.0319
34.0364
34.0406
34.0446
34.0484
34.0518
34.055
34.058
34.0607
34.0632
34.0654
34.0673
34.069
34.0705
34.0717
34.0727
34.0734
34.0739
34.0741
32.4876
32.4873
32.4869
32.4862
32.4852
32.4841
32.4826
32.481
32.4791
32.477
32.4746
32.472
32.4692
32.4661
32.4627
32.4591
32.4553
32.4511
32.4468
32.4422
32.4373
32.4322
32.4268
32.4211
32.4152
32.4091
32.4028
32.3962
32.3894
32.3825
32.3755
32.3684
32.3632
32.3601
32.357
32.3538
32.3508
32.3477
32.3447
32.3429
32.3429
32.3447
32.3477
32.3508
32.3538
32.357
32.3601
32.3632
32.3684
32.3755
32.3825
32.3894
32.3962
32.4028
32.4091
32.4152
32.4211
32.4268
32.4322
32.4373
32.4422
32.4468
32.4511
32.4553
32.4591
32.4627
32.4661
32.4692
32.472
32.4746
32.477
32.4791
32.481
32.4826
32.4841
32.4852
32.4862
32.4869
32.4873
32.4876
30.9012
30.901
30.9006
30.8999
30.899
30.8979
30.8965
30.8949
30.8931
30.8911
30.8888
30.8863
30.8836
30.8806
30.8773
30.8739
30.8701
30.8662
30.8619
30.8574
30.8527
30.8477
30.8424
30.8369
30.8311
30.8251
30.8188
30.8122
30.8054
30.7985
30.7913
30.7841
30.7789
30.7757
30.7725
30.7694
30.7663
30.7632
30.7602
30.7585
30.7585
30.7602
30.7632
30.7663
30.7694
30.7725
30.7757
30.7789
30.7841
30.7913
30.7985
30.8054
30.8122
30.8188
30.8251
30.8311
30.8369
30.8424
30.8477
30.8527
30.8574
30.8619
30.8662
30.8701
30.8739
30.8773
30.8806
30.8836
30.8863
30.8888
30.8911
30.8931
30.8949
30.8965
30.8979
30.899
30.8999
30.9006
30.901
30.9012
29.3151
29.3149
29.3145
29.3139
29.313
29.3119
29.3106
29.3091
29.3074
29.3054
29.3032
29.3008
29.2982
29.2953
29.2922
29.2888
29.2852
29.2814
29.2773
29.273
29.2684
29.2635
29.2584
29.253
29.2473
29.2413
29.235
29.2285
29.2217
29.2146
29.2073
29.1999
29.1945
29.1912
29.188
29.1848
29.1816
29.1785
29.1755
29.1738
29.1738
29.1755
29.1785
29.1816
29.1848
29.188
29.1912
29.1945
29.1999
29.2073
29.2146
29.2217
29.2285
29.235
29.2413
29.2473
29.253
29.2584
29.2635
29.2684
29.273
29.2773
29.2814
29.2852
29.2888
29.2922
29.2953
29.2982
29.3008
29.3032
29.3054
29.3074
29.3091
29.3106
29.3119
29.313
29.3139
29.3145
29.3149
29.3151
27.7293
27.7291
27.7286
27.728
27.7272
27.7262
27.7249
27.7235
27.7218
27.72
27.7179
27.7156
27.713
27.7103
27.7073
27.7041
27.7006
27.6969
27.693
27.6888
27.6843
27.6796
27.6746
27.6693
27.6637
27.6578
27.6516
27.645
27.6381
27.6309
27.6234
27.6157
27.6101
27.6066
27.6032
27.5999
27.5966
27.5934
27.5904
27.5887
27.5887
27.5904
27.5934
27.5966
27.5999
27.6032
27.6066
27.6101
27.6157
27.6234
27.6309
27.6381
27.645
27.6516
27.6578
27.6637
27.6693
27.6746
27.6796
27.6843
27.6888
27.693
27.6969
27.7006
27.7041
27.7073
27.7103
27.713
27.7156
27.7179
27.72
27.7218
27.7235
27.7249
27.7262
27.7272
27.728
27.7286
27.7291
27.7293
26.1436
26.1434
26.143
26.1424
26.1416
26.1407
26.1395
26.1381
26.1365
26.1347
26.1327
26.1305
26.1281
26.1255
26.1226
26.1195
26.1162
26.1127
26.1089
26.1048
26.1005
26.0959
26.0911
26.0859
26.0804
26.0746
26.0684
26.0619
26.0549
26.0475
26.0397
26.0316
26.0255
26.0218
26.0181
26.0145
26.011
26.0077
26.0046
26.003
26.003
26.0046
26.0077
26.011
26.0145
26.0181
26.0218
26.0255
26.0316
26.0397
26.0475
26.0549
26.0619
26.0684
26.0746
26.0804
26.0859
26.0911
26.0959
26.1005
26.1048
26.1089
26.1127
26.1162
26.1195
26.1226
26.1255
26.1281
26.1305
26.1327
26.1347
26.1365
26.1381
26.1395
26.1407
26.1416
26.1424
26.143
26.1434
26.1436
24.5581
24.5579
24.5576
24.557
24.5563
24.5553
24.5542
24.5529
24.5514
24.5497
24.5478
24.5457
24.5434
24.5409
24.5382
24.5352
24.5321
24.5287
24.525
24.5211
24.517
24.5126
24.5079
24.5029
24.4975
24.4918
24.4857
24.4791
24.4721
24.4646
24.4564
24.4477
24.441
24.4369
24.4327
24.4286
24.4247
24.421
24.4177
24.4162
24.4162
24.4177
24.421
24.4247
24.4286
24.4327
24.4369
24.441
24.4477
24.4564
24.4646
24.4721
24.4791
24.4857
24.4918
24.4975
24.5029
24.5079
24.5126
24.517
24.5211
24.525
24.5287
24.5321
24.5352
24.5382
24.5409
24.5434
24.5457
24.5478
24.5497
24.5514
24.5529
24.5542
24.5553
24.5563
24.557
24.5576
24.5579
24.5581
22.9728
22.9726
22.9723
22.9718
22.9711
22.9702
22.9691
22.9679
22.9665
22.9649
22.9631
22.9611
22.9589
22.9565
22.9539
22.9511
22.9481
22.9449
22.9414
22.9377
22.9337
22.9295
22.925
22.9201
22.9149
22.9094
22.9034
22.8969
22.8899
22.8822
22.8737
22.8643
22.8567
22.8519
22.847
22.842
22.837
22.8324
22.8285
22.8271
22.8271
22.8285
22.8324
22.837
22.842
22.847
22.8519
22.8567
22.8643
22.8737
22.8822
22.8899
22.8969
22.9034
22.9094
22.9149
22.9201
22.925
22.9295
22.9337
22.9377
22.9414
22.9449
22.9481
22.9511
22.9539
22.9565
22.9589
22.9611
22.9631
22.9649
22.9665
22.9679
22.9691
22.9702
22.9711
22.9718
22.9723
22.9726
22.9728
21.3877
21.3875
21.3872
21.3867
21.3861
21.3852
21.3842
21.3831
21.3817
21.3802
21.3785
21.3767
21.3746
21.3723
21.3699
21.3673
21.3644
21.3614
21.3581
21.3545
21.3508
21.3467
21.3424
21.3377
21.3328
21.3274
21.3216
21.3152
21.3083
21.3005
21.2919
21.2819
21.2734
21.2677
21.2615
21.2549
21.2477
21.2405
21.2344
21.2333
21.2333
21.2344
21.2405
21.2477
21.2549
21.2615
21.2677
21.2734
21.2819
21.2919
21.3005
21.3083
21.3152
21.3216
21.3274
21.3328
21.3377
21.3424
21.3467
21.3508
21.3545
21.3581
21.3614
21.3644
21.3673
21.3699
21.3723
21.3746
21.3767
21.3785
21.3802
21.3817
21.3831
21.3842
21.3852
21.3861
21.3867
21.3872
21.3875
21.3877
19.8027
19.8026
19.8023
19.8018
19.8012
19.8004
19.7995
19.7984
19.7972
19.7957
19.7942
19.7924
19.7905
19.7884
19.7861
19.7836
19.7809
19.778
19.775
19.7716
19.7681
19.7642
19.7601
19.7557
19.751
19.7458
19.7402
19.7341
19.7274
19.7199
19.7113
19.7013
19.6923
19.686
19.6787
19.6699
19.6588
19.6438
19.622
19.5933
19.5933
19.622
19.6438
19.6588
19.6699
19.6787
19.686
19.6923
19.7013
19.7113
19.7199
19.7274
19.7341
19.7402
19.7458
19.751
19.7557
19.7601
19.7642
19.7681
19.7716
19.775
19.778
19.7809
19.7836
19.7861
19.7884
19.7905
19.7924
19.7942
19.7957
19.7972
19.7984
19.7995
19.8004
19.8012
19.8018
19.8023
19.8026
19.8027
18.218
18.2178
18.2175
18.2171
18.2165
18.2158
18.2149
18.2139
18.2128
18.2114
18.21
18.2083
18.2066
18.2046
18.2025
18.2001
18.1976
18.195
18.1921
18.1889
18.1856
18.182
18.1782
18.174
18.1695
18.1647
18.1595
18.1537
18.1474
18.1403
18.1323
18.123
18.115
18.1095
18.1035
18.0969
18.0895
18.0817
18.0739
18.0682
18.0682
18.0739
18.0817
18.0895
18.0969
18.1035
18.1095
18.115
18.123
18.1323
18.1403
18.1474
18.1537
18.1595
18.1647
18.1695
18.174
18.1782
18.182
18.1856
18.1889
18.1921
18.195
18.1976
18.2001
18.2025
18.2046
18.2066
18.2083
18.21
18.2114
18.2128
18.2139
18.2149
18.2158
18.2165
18.2171
18.2175
18.2178
18.218
16.6333
16.6332
16.6329
16.6325
16.632
16.6313
16.6305
16.6296
16.6285
16.6273
16.6259
16.6244
16.6228
16.621
16.619
16.6169
16.6146
16.6121
16.6094
16.6065
16.6034
16.6001
16.5965
16.5926
16.5885
16.584
16.5792
16.5739
16.5681
16.5617
16.5546
16.5466
16.5401
16.536
16.5317
16.5273
16.5229
16.519
16.5157
16.5138
16.5138
16.5157
16.519
16.5229
16.5273
16.5317
16.536
16.5401
16.5466
16.5546
16.5617
16.5681
16.5739
16.5792
16.584
16.5885
16.5926
16.5965
16.6001
16.6034
16.6065
16.6094
16.6121
16.6146
16.6169
16.619
16.621
16.6228
16.6244
16.6259
16.6273
16.6285
16.6296
16.6305
16.6313
16.632
16.6325
16.6329
16.6332
16.6333
15.0488
15.0486
15.0484
15.048
15.0476
15.047
15.0462
15.0454
15.0444
15.0433
15.0421
15.0407
15.0392
15.0375
15.0357
15.0338
15.0317
15.0294
15.0269
15.0243
15.0214
15.0184
15.0151
15.0116
15.0078
15.0037
14.9993
14.9945
14.9894
14.9837
14.9777
14.9712
14.9662
14.9632
14.9602
14.9573
14.9547
14.9524
14.9508
14.9499
14.9499
14.9508
14.9524
14.9547
14.9573
14.9602
14.9632
14.9662
14.9712
14.9777
14.9837
14.9894
14.9945
14.9993
15.0037
15.0078
15.0116
15.0151
15.0184
15.0214
15.0243
15.0269
15.0294
15.0317
15.0338
15.0357
15.0375
15.0392
15.0407
15.0421
15.0433
15.0444
15.0454
15.0462
15.047
15.0476
15.048
15.0484
15.0486
15.0488
13.4644
13.4643
13.464
13.4637
13.4633
13.4627
13.4621
13.4613
13.4604
13.4594
13.4583
13.4571
13.4557
13.4542
13.4526
13.4508
13.4489
13.4469
13.4446
13.4422
13.4397
13.4369
13.434
13.4308
13.4274
13.4237
13.4198
13.4156
13.4111
13.4063
13.4012
13.396
13.3923
13.3901
13.388
13.3861
13.3844
13.383
13.382
13.3815
13.3815
13.382
13.383
13.3844
13.3861
13.388
13.3901
13.3923
13.396
13.4012
13.4063
13.4111
13.4156
13.4198
13.4237
13.4274
13.4308
13.434
13.4369
13.4397
13.4422
13.4446
13.4469
13.4489
13.4508
13.4526
13.4542
13.4557
13.4571
13.4583
13.4594
13.4604
13.4613
13.4621
13.4627
13.4633
13.4637
13.464
13.4643
13.4644
11.8801
11.88
11.8798
11.8795
11.8791
11.8786
11.878
11.8774
11.8766
11.8757
11.8747
11.8736
11.8724
11.871
11.8696
11.868
11.8663
11.8645
11.8625
11.8604
11.8581
11.8556
11.853
11.8502
11.8472
11.844
11.8406
11.8369
11.8331
11.8291
11.825
11.8209
11.8181
11.8164
11.8149
11.8136
11.8124
11.8115
11.8109
11.8106
11.8106
11.8109
11.8115
11.8124
11.8136
11.8149
11.8164
11.8181
11.8209
11.825
11.8291
11.8331
11.8369
11.8406
11.844
11.8472
11.8502
11.853
11.8556
11.8581
11.8604
11.8625
11.8645
11.8663
11.868
11.8696
11.871
11.8724
11.8736
11.8747
11.8757
11.8766
11.8774
11.878
11.8786
11.8791
11.8795
11.8798
11.88
11.8801
10.2959
10.2958
10.2956
10.2954
10.295
10.2946
10.2941
10.2935
10.2928
10.292
10.2912
10.2902
10.2892
10.288
10.2867
10.2854
10.2839
10.2823
10.2805
10.2787
10.2767
10.2746
10.2723
10.2698
10.2672
10.2645
10.2615
10.2585
10.2553
10.252
10.2487
10.2455
10.2434
10.2422
10.2411
10.2401
10.2393
10.2387
10.2382
10.238
10.238
10.2382
10.2387
10.2393
10.2401
10.2411
10.2422
10.2434
10.2455
10.2487
10.252
10.2553
10.2585
10.2615
10.2645
10.2672
10.2698
10.2723
10.2746
10.2767
10.2787
10.2805
10.2823
10.2839
10.2854
10.2867
10.288
10.2892
10.2902
10.2912
10.292
10.2928
10.2935
10.2941
10.2946
10.295
10.2954
10.2956
10.2958
10.2959
8.71174
8.71167
8.71152
8.71131
8.71103
8.71067
8.71024
8.70973
8.70915
8.70849
8.70776
8.70694
8.70604
8.70505
8.70397
8.7028
8.70154
8.70017
8.6987
8.69712
8.69543
8.69361
8.69168
8.68961
8.68742
8.68511
8.68267
8.68014
8.67753
8.67488
8.67228
8.66982
8.66824
8.66734
8.66653
8.66583
8.66525
8.6648
8.66449
8.66434
8.66434
8.66449
8.6648
8.66525
8.66583
8.66653
8.66734
8.66824
8.66982
8.67228
8.67488
8.67753
8.68014
8.68267
8.68511
8.68742
8.68961
8.69168
8.69361
8.69543
8.69712
8.6987
8.70017
8.70154
8.7028
8.70397
8.70505
8.70604
8.70694
8.70776
8.70849
8.70915
8.70973
8.71024
8.71067
8.71103
8.71131
8.71152
8.71167
8.71174
7.12769
7.12763
7.12751
7.12734
7.1271
7.12681
7.12646
7.12604
7.12556
7.12502
7.12442
7.12374
7.123
7.12219
7.1213
7.12034
7.1193
7.11818
7.11697
7.11567
7.11428
7.1128
7.11121
7.10953
7.10774
7.10587
7.10391
7.10188
7.09982
7.09775
7.09575
7.09389
7.09271
7.09205
7.09146
7.09095
7.09053
7.09021
7.08999
7.08988
7.08988
7.08999
7.09021
7.09053
7.09095
7.09146
7.09205
7.09271
7.09389
7.09575
7.09775
7.09982
7.10188
7.10391
7.10587
7.10774
7.10953
7.11121
7.1128
7.11428
7.11567
7.11697
7.11818
7.1193
7.12034
7.1213
7.12219
7.123
7.12374
7.12442
7.12502
7.12556
7.12604
7.12646
7.12681
7.1271
7.12734
7.12751
7.12763
7.12769
5.5437
5.54365
5.54356
5.54342
5.54324
5.54301
5.54274
5.54241
5.54204
5.54162
5.54114
5.54062
5.54004
5.5394
5.53871
5.53796
5.53715
5.53627
5.53533
5.53432
5.53323
5.53208
5.53084
5.52954
5.52816
5.52671
5.52521
5.52367
5.52211
5.52056
5.51908
5.51772
5.51687
5.51639
5.51597
5.51561
5.51531
5.51508
5.51493
5.51485
5.51485
5.51493
5.51508
5.51531
5.51561
5.51597
5.51639
5.51687
5.51772
5.51908
5.52056
5.52211
5.52367
5.52521
5.52671
5.52816
5.52954
5.53084
5.53208
5.53323
5.53432
5.53533
5.53627
5.53715
5.53796
5.53871
5.5394
5.54004
5.54062
5.54114
5.54162
5.54204
5.54241
5.54274
5.54301
5.54324
5.54342
5.54356
5.54365
5.5437
3.95975
3.95972
3.95965
3.95956
3.95942
3.95926
3.95906
3.95883
3.95856
3.95826
3.95792
3.95755
3.95713
3.95668
3.95618
3.95564
3.95506
3.95443
3.95376
3.95303
3.95226
3.95143
3.95055
3.94962
3.94864
3.94762
3.94656
3.94547
3.94438
3.94331
3.94229
3.94136
3.94079
3.94047
3.94018
3.93994
3.93974
3.93959
3.93949
3.93944
3.93944
3.93949
3.93959
3.93974
3.93994
3.94018
3.94047
3.94079
3.94136
3.94229
3.94331
3.94438
3.94547
3.94656
3.94762
3.94864
3.94962
3.95055
3.95143
3.95226
3.95303
3.95376
3.95443
3.95506
3.95564
3.95618
3.95668
3.95713
3.95755
3.95792
3.95826
3.95856
3.95883
3.95906
3.95926
3.95942
3.95956
3.95965
3.95972
3.95975
2.37584
2.37582
2.37578
2.37572
2.37564
2.37554
2.37542
2.37528
2.37512
2.37494
2.37474
2.37451
2.37426
2.37399
2.37369
2.37337
2.37302
2.37264
2.37224
2.3718
2.37133
2.37084
2.37031
2.36975
2.36917
2.36856
2.36793
2.36728
2.36664
2.36601
2.36541
2.36487
2.36454
2.36435
2.36419
2.36405
2.36394
2.36385
2.36379
2.36376
2.36376
2.36379
2.36385
2.36394
2.36405
2.36419
2.36435
2.36454
2.36487
2.36541
2.36601
2.36664
2.36728
2.36793
2.36856
2.36917
2.36975
2.37031
2.37084
2.37133
2.3718
2.37224
2.37264
2.37302
2.37337
2.37369
2.37399
2.37426
2.37451
2.37474
2.37494
2.37512
2.37528
2.37542
2.37554
2.37564
2.37572
2.37578
2.37582
2.37584
0.791944
0.791937
0.791924
0.791904
0.791878
0.791845
0.791806
0.791759
0.791706
0.791645
0.791577
0.791501
0.791418
0.791327
0.791228
0.79112
0.791003
0.790877
0.790742
0.790597
0.790441
0.790276
0.7901
0.789915
0.78972
0.789517
0.789308
0.789095
0.788882
0.788674
0.788477
0.788299
0.788191
0.78813
0.788077
0.788031
0.787994
0.787966
0.787947
0.787937
0.787937
0.787947
0.787966
0.787994
0.788031
0.788077
0.78813
0.788191
0.788299
0.788477
0.788674
0.788882
0.789095
0.789308
0.789517
0.78972
0.789915
0.7901
0.790276
0.790441
0.790597
0.790742
0.790877
0.791003
0.79112
0.791228
0.791327
0.791418
0.791501
0.791577
0.791645
0.791706
0.791759
0.791806
0.791845
0.791878
0.791904
0.791924
0.791937
0.791944
)
;

boundaryField
{
    top
    {
        type            fixedValue;
        value           uniform 0;
    }
    inlet
    {
        type            darcyGradPressure;
        gradient        nonuniform List<scalar> 
80
(
9.81
9.81
9.81
9.81
9.81
9.81
9.8632
9723.56
9804.62
9807.97
9808.83
9809.2
9809.4
9809.53
9809.61
9809.67
9809.72
9809.75
9809.78
9809.8
9809.82
9809.83
9809.84
9809.85
9809.86
9809.87
9809.88
9809.88
9809.89
9809.89
9809.89
9809.9
9809.9
9809.9
9809.9
9809.9
9809.9
9809.91
9809.91
9809.91
9809.91
9809.91
9809.91
9809.9
9809.9
9809.9
9809.9
9809.9
9809.9
9809.89
9809.89
9809.89
9809.88
9809.88
9809.87
9809.86
9809.85
9809.84
9809.83
9809.82
9809.8
9809.78
9809.75
9809.72
9809.67
9809.61
9809.53
9809.4
9809.2
9808.83
9807.97
9804.62
9723.56
9.8632
9.81
9.81
9.81
9.81
9.81
9.81
)
;
        value           nonuniform List<scalar> 
80
(
112.05
112.084
112.153
112.262
112.422
112.651
113.15
409.926
566.899
794.468
1015.63
1212.24
1403.9
1589.83
1772.68
1950.66
2126.49
2303
2478.16
2651.42
2821.45
2989.17
3154.98
3318.24
3479.57
3639.48
3797.98
3954.98
4110.33
4263.33
4412.47
4556.21
4653.37
4710.08
4762.7
4809.98
4850.48
4882.69
4905.15
4916.7
4916.7
4905.15
4882.69
4850.48
4809.98
4762.7
4710.08
4653.37
4556.21
4412.47
4263.33
4110.33
3954.98
3797.98
3639.48
3479.57
3318.24
3154.98
2989.17
2821.45
2651.42
2478.16
2303
2126.49
1950.66
1772.68
1589.83
1403.9
1212.24
1015.63
794.468
566.899
409.926
113.15
112.651
112.422
112.262
112.153
112.084
112.05
)
;
    }
    axis
    {
        type            darcyGradPressure;
        gradient        uniform -0;
        value           nonuniform List<scalar> 
160
(
111.91
111.615
111.289
110.93
110.533
110.095
109.611
109.076
108.485
107.831
107.109
106.309
105.425
104.447
103.366
102.172
100.771
99.214
97.6493
96.0781
94.5017
92.9213
91.3377
89.7515
88.1633
86.5735
84.9826
83.3907
81.7982
80.2052
78.6118
77.0183
75.4247
73.831
72.2375
70.644
69.0507
67.4576
65.8648
64.2722
62.6799
61.0881
59.4966
57.9054
56.3145
54.724
53.1337
51.5438
49.9542
48.3649
46.7759
45.1872
43.5988
42.0106
40.4228
38.8352
37.2479
35.6609
34.0741
32.4876
30.9012
29.3151
27.7293
26.1436
24.5581
22.9728
21.3877
19.8027
18.218
16.6333
15.0488
13.4644
11.8801
10.2959
8.71174
7.12769
5.5437
3.95975
2.37584
0.791944
111.91
111.615
111.289
110.93
110.533
110.095
109.611
109.076
108.485
107.831
107.109
106.309
105.425
104.447
103.366
102.172
100.771
99.214
97.6493
96.0781
94.5017
92.9213
91.3377
89.7515
88.1633
86.5735
84.9826
83.3907
81.7982
80.2052
78.6118
77.0183
75.4247
73.831
72.2375
70.644
69.0507
67.4576
65.8648
64.2722
62.6799
61.0881
59.4966
57.9054
56.3145
54.724
53.1337
51.5438
49.9542
48.3649
46.7759
45.1872
43.5988
42.0106
40.4228
38.8352
37.2479
35.6609
34.0741
32.4876
30.9012
29.3151
27.7293
26.1436
24.5581
22.9728
21.3877
19.8027
18.218
16.6333
15.0488
13.4644
11.8801
10.2959
8.71174
7.12769
5.5437
3.95975
2.37584
0.791944
)
;
    }
    frontAndBack
    {
        type            empty;
    }
}


// ************************************************************************* //
