/*--------------------------------*- C++ -*----------------------------------*\
  =========                 |
  \\      /  F ield         | OpenFOAM: The Open Source CFD Toolbox
   \\    /   O peration     | Website:  https://openfoam.org
    \\  /    A nd           | Version:  10
     \\/     M anipulation  |
\*---------------------------------------------------------------------------*/
FoamFile
{
    format      ascii;
    class       surfaceScalarField;
    location    "23750";
    object      phi;
}
// * * * * * * * * * * * * * * * * * * * * * * * * * * * * * * * * * * * * * //

dimensions      [0 3 -1 0 0 0 0];

internalField   nonuniform List<scalar> 
6280
(
-4.89006e-07
4.89006e-07
-1.04039e-06
5.51386e-07
-1.7461e-06
7.05708e-07
-2.75883e-06
1.01273e-06
-4.36981e-06
1.61098e-06
-7.17948e-06
2.80967e-06
-1.24599e-05
5.28043e-06
-1.6956e-05
4.49607e-06
-1.73179e-05
3.61901e-07
-1.75533e-05
2.3546e-07
-1.77295e-05
1.76132e-07
-1.78678e-05
1.38309e-07
-1.79797e-05
1.1189e-07
-1.80722e-05
9.25485e-08
-1.81501e-05
7.79205e-08
-1.82167e-05
6.65738e-08
-1.82743e-05
5.75865e-08
-1.83246e-05
5.03415e-08
-1.83691e-05
4.4412e-08
-1.84086e-05
3.94948e-08
-1.84439e-05
3.53693e-08
-1.84758e-05
3.18725e-08
-1.85047e-05
2.88814e-08
-1.8531e-05
2.62989e-08
-1.66724e-05
-1.85854e-06
-1.39077e-05
-2.76478e-06
-1.21001e-05
-1.80751e-06
-1.09789e-05
-1.12127e-06
-1.02816e-05
-6.97219e-07
-9.83439e-06
-4.47258e-07
-9.52682e-06
-3.07571e-07
-9.28633e-06
-2.40488e-07
-9.05871e-06
-2.27624e-07
-8.79371e-06
-2.64993e-07
-8.43255e-06
-3.61161e-07
-7.89425e-06
-5.383e-07
-7.05795e-06
-8.36306e-07
-5.73683e-06
-1.32111e-06
-3.63616e-06
-2.10067e-06
-3.09464e-06
-5.41519e-07
-3.36945e-07
8.25951e-07
-6.76334e-07
8.90775e-07
-1.01145e-06
1.04083e-06
-1.29076e-06
1.29205e-06
-1.34002e-06
1.66023e-06
-6.5562e-07
2.12527e-06
2.1078e-06
2.51701e-06
4.41621e-06
2.18766e-06
3.47752e-06
1.30059e-06
2.87641e-06
8.36573e-07
2.47532e-06
5.77224e-07
2.19232e-06
4.21302e-07
1.98313e-06
3.21084e-07
1.82286e-06
2.52819e-07
1.69683e-06
2.0395e-07
1.59599e-06
1.67413e-07
1.5146e-06
1.38975e-07
1.44904e-06
1.15903e-07
1.3972e-06
9.62558e-08
1.35826e-06
7.84372e-08
1.33278e-06
6.08409e-08
1.32321e-06
4.14513e-08
1.33483e-06
1.72528e-08
1.37791e-06
-1.67789e-08
-3.87516e-07
-9.31134e-08
-3.15646e-06
4.16781e-09
-4.97843e-06
1.44542e-08
-6.11917e-06
1.94664e-08
-6.83789e-06
2.1502e-08
-7.30702e-06
2.18752e-08
-7.63595e-06
2.13583e-08
-7.89683e-06
2.03899e-08
-8.14366e-06
1.92076e-08
-8.42658e-06
1.79284e-08
-8.80433e-06
1.659e-08
-9.3578e-06
1.51657e-08
-1.02077e-05
1.35524e-08
-1.15381e-05
9.33493e-09
-1.15989e-05
-2.0399e-06
-1.42029e-05
-4.90605e-07
-1.66937e-07
9.92888e-07
-3.08489e-07
1.03233e-06
-3.91559e-07
1.1239e-06
-3.59182e-07
1.25967e-06
-1.1955e-07
1.4206e-06
4.42433e-07
1.56329e-06
1.35221e-06
1.60723e-06
2.08529e-06
1.45458e-06
2.22197e-06
1.16391e-06
2.15496e-06
9.03585e-07
2.02988e-06
7.02303e-07
1.89847e-06
5.52715e-07
1.77769e-06
4.41855e-07
1.67185e-06
3.58665e-07
1.58077e-06
2.95027e-07
1.50294e-06
2.45242e-07
1.43659e-06
2.05326e-07
1.38004e-06
1.72457e-07
1.33172e-06
1.44575e-07
1.29002e-06
1.20134e-07
1.25291e-06
9.79535e-08
1.21717e-06
7.71919e-08
1.17693e-06
5.74948e-08
1.12069e-06
3.9457e-08
1.00185e-06
2.57264e-08
9.77913e-07
2.81047e-08
9.63272e-07
2.90956e-08
9.54196e-07
2.85422e-08
9.49119e-07
2.6579e-08
9.47657e-07
2.33368e-08
9.50192e-07
1.88236e-08
9.57724e-07
1.28584e-08
9.71926e-07
5.00536e-09
9.95382e-07
-5.52739e-09
1.03203e-06
-2.00573e-08
1.08791e-06
-4.07109e-08
1.17235e-06
-7.08895e-08
1.29768e-06
-1.16e-07
9.3689e-07
-1.67911e-06
-1.32829e-05
1.68756e-08
-4.50001e-08
1.03789e-06
-6.49037e-08
1.05223e-06
-3.37908e-08
1.09278e-06
7.71676e-08
1.14871e-06
2.94567e-07
1.2032e-06
6.25326e-07
1.23253e-06
1.02259e-06
1.20997e-06
1.35721e-06
1.11996e-06
1.53934e-06
9.81777e-07
1.60825e-06
8.3468e-07
1.61053e-06
7.00017e-07
1.57824e-06
5.85007e-07
1.53027e-06
4.89827e-07
1.47696e-06
4.11968e-07
1.42368e-06
3.48304e-07
1.373e-06
2.95925e-07
1.32594e-06
2.52387e-07
1.28266e-06
2.15734e-07
1.2428e-06
1.8444e-07
1.20558e-06
1.57351e-07
1.1699e-06
1.33636e-07
1.13431e-06
1.12779e-07
1.09722e-06
9.4591e-08
1.05745e-06
7.92227e-08
1.01608e-06
6.70948e-08
9.85654e-07
5.8534e-08
9.63051e-07
5.16982e-08
9.46028e-07
4.55649e-08
9.33044e-07
3.95632e-08
9.23026e-07
3.33544e-08
9.15141e-07
2.67088e-08
9.08555e-07
1.94442e-08
9.02153e-07
1.14073e-08
8.94132e-07
2.49383e-09
8.81357e-07
-7.28251e-09
8.58289e-07
-1.76421e-08
8.15156e-07
-2.77574e-08
7.34881e-07
-3.57241e-08
6.48241e-07
-1.59247e-06
-1.27041e-05
6.94156e-08
2.48807e-08
1.01301e-06
6.62343e-08
1.01088e-06
1.39097e-07
1.01992e-06
2.55221e-07
1.03259e-06
4.19329e-07
1.03909e-06
6.23165e-07
1.02869e-06
8.40476e-07
9.92662e-07
1.0318e-06
9.28635e-07
1.16987e-06
8.43707e-07
1.25444e-06
7.50114e-07
1.29673e-06
6.57724e-07
1.30947e-06
5.72274e-07
1.3031e-06
4.96195e-07
1.28518e-06
4.2989e-07
1.26077e-06
3.72715e-07
1.2331e-06
3.23596e-07
1.20411e-06
2.81369e-07
1.1749e-06
2.44942e-07
1.14597e-06
2.1337e-07
1.11745e-06
1.85879e-07
1.08922e-06
1.61865e-07
1.06111e-06
1.40886e-07
1.03307e-06
1.22636e-07
1.00539e-06
1.06903e-07
9.78991e-07
9.349e-08
9.55419e-07
8.21059e-08
9.34863e-07
7.22538e-08
9.16953e-07
6.34754e-08
9.01104e-07
5.54125e-08
8.8665e-07
4.78077e-08
8.72869e-07
4.04899e-08
8.5895e-07
3.33632e-08
8.43951e-07
2.64062e-08
8.26765e-07
1.96806e-08
8.06134e-07
1.33482e-08
7.80802e-07
7.69017e-09
7.4993e-07
3.11392e-09
7.14089e-07
1.17503e-10
6.26461e-07
-1.50484e-06
-1.21413e-05
6.37084e-08
5.85399e-08
9.54468e-07
1.25825e-07
9.43592e-07
2.09545e-07
9.362e-07
3.14057e-07
9.28074e-07
4.38862e-07
9.14282e-07
5.77343e-07
8.90213e-07
7.17094e-07
8.52911e-07
8.43445e-07
8.02285e-07
9.45777e-07
7.41374e-07
1.02092e-06
6.74969e-07
1.071e-06
6.0765e-07
1.10047e-06
5.42797e-07
1.11422e-06
4.82452e-07
1.11653e-06
4.27574e-07
1.11085e-06
3.78392e-07
1.09975e-06
3.34695e-07
1.08507e-06
2.96052e-07
1.06807e-06
2.61944e-07
1.04959e-06
2.31853e-07
1.03017e-06
2.05298e-07
1.01017e-06
1.81863e-07
9.89866e-07
1.61191e-07
9.6952e-07
1.42981e-07
9.49454e-07
1.26969e-07
9.30044e-07
1.129e-07
9.11636e-07
1.00513e-07
8.94354e-07
8.95359e-08
8.78115e-07
7.97147e-08
8.62692e-07
7.08355e-08
8.47767e-07
6.27327e-08
8.32966e-07
5.52905e-08
8.17888e-07
4.84416e-08
8.0213e-07
4.21643e-08
7.85332e-07
3.64788e-08
7.67239e-07
3.1441e-08
7.47798e-07
2.71311e-08
7.27278e-07
2.36337e-08
7.064e-07
2.09955e-08
6.17098e-07
-1.41554e-06
-1.15845e-05
6.02867e-08
7.12585e-08
8.83209e-07
1.46311e-07
8.68539e-07
2.28786e-07
8.53725e-07
3.20149e-07
8.36711e-07
4.19201e-07
8.15229e-07
5.22027e-07
7.87387e-07
6.22714e-07
7.52224e-07
7.14948e-07
7.1005e-07
7.93936e-07
6.62387e-07
8.57441e-07
6.11464e-07
9.05513e-07
5.59578e-07
9.39656e-07
5.08655e-07
9.62033e-07
4.60075e-07
9.74918e-07
4.1469e-07
9.80391e-07
3.72919e-07
9.80209e-07
3.34877e-07
9.75784e-07
3.00476e-07
9.68213e-07
2.69515e-07
9.58329e-07
2.41736e-07
9.46764e-07
2.16864e-07
9.33999e-07
1.94627e-07
9.2042e-07
1.7477e-07
9.06345e-07
1.57056e-07
8.92052e-07
1.41262e-07
8.77774e-07
1.27178e-07
8.63682e-07
1.14606e-07
8.4986e-07
1.03357e-07
8.36312e-07
9.32633e-08
8.22968e-07
8.41788e-08
8.09716e-07
7.59854e-08
7.96414e-07
6.85925e-08
7.8292e-07
6.19355e-08
7.69111e-07
5.5973e-08
7.54908e-07
5.06816e-08
7.40299e-07
4.60503e-08
7.25358e-07
4.20725e-08
7.10254e-07
3.87373e-08
6.95252e-07
3.5998e-08
6.08645e-07
-1.32893e-06
-1.10337e-05
5.78548e-08
7.31616e-08
8.10047e-07
1.47391e-07
7.9431e-07
2.24245e-07
7.76872e-07
3.04082e-07
7.56874e-07
3.85916e-07
7.33395e-07
4.6755e-07
7.05753e-07
5.46039e-07
6.73735e-07
6.18378e-07
6.37711e-07
6.82202e-07
5.98563e-07
7.36179e-07
5.57487e-07
7.80012e-07
5.15745e-07
8.14194e-07
4.74472e-07
8.39705e-07
4.34565e-07
8.57736e-07
3.96658e-07
8.6951e-07
3.61145e-07
8.76163e-07
3.28224e-07
8.78692e-07
2.97947e-07
8.77942e-07
2.70266e-07
8.74609e-07
2.45069e-07
8.69262e-07
2.22211e-07
8.62363e-07
2.01526e-07
8.5429e-07
1.82843e-07
8.45353e-07
1.65993e-07
8.35802e-07
1.50812e-07
8.25837e-07
1.37143e-07
8.15607e-07
1.24836e-07
8.05208e-07
1.13756e-07
7.94694e-07
1.03777e-07
7.84082e-07
9.47913e-08
7.73362e-07
8.67052e-08
7.62513e-07
7.94411e-08
7.51514e-07
7.29353e-08
7.4035e-07
6.71363e-08
7.29031e-07
6.20015e-08
7.17587e-07
5.74942e-08
7.06079e-07
5.35805e-08
6.9459e-07
5.02256e-08
6.83233e-07
4.73556e-08
6.003e-07
-1.246e-06
-1.04891e-05
5.57248e-08
7.00169e-08
7.40031e-07
1.39745e-07
7.24582e-07
2.09729e-07
7.06888e-07
2.79906e-07
6.86697e-07
3.49562e-07
6.63739e-07
4.17444e-07
6.37871e-07
4.82001e-07
6.09178e-07
5.41697e-07
5.78015e-07
5.95296e-07
5.44964e-07
6.42032e-07
5.10751e-07
6.81642e-07
4.76136e-07
7.14288e-07
4.41825e-07
7.40442e-07
4.08411e-07
7.60751e-07
3.76349e-07
7.75941e-07
3.45955e-07
7.86742e-07
3.17423e-07
7.93838e-07
2.90851e-07
7.97846e-07
2.66258e-07
7.99307e-07
2.43609e-07
7.98685e-07
2.22833e-07
7.96376e-07
2.03835e-07
7.92711e-07
1.86508e-07
7.87968e-07
1.70737e-07
7.82375e-07
1.56405e-07
7.76119e-07
1.43399e-07
7.69346e-07
1.3161e-07
7.62167e-07
1.20935e-07
7.54665e-07
1.11278e-07
7.46901e-07
1.02556e-07
7.38916e-07
9.46903e-08
7.30743e-07
8.76139e-08
7.22411e-07
8.12674e-08
7.13949e-07
7.5598e-08
7.05392e-07
7.05586e-08
6.9678e-07
6.61062e-08
6.8816e-07
6.22005e-08
6.79583e-07
5.88026e-08
6.71116e-07
5.58224e-08
5.91831e-07
-1.16671e-06
-9.95099e-06
5.36725e-08
6.48497e-08
6.75181e-07
1.28804e-07
6.60628e-07
1.91934e-07
6.43757e-07
2.54025e-07
6.24607e-07
3.14558e-07
6.03206e-07
3.72783e-07
5.79646e-07
4.27834e-07
5.54127e-07
4.78878e-07
5.26971e-07
5.25238e-07
4.98604e-07
5.66477e-07
4.69512e-07
6.02418e-07
4.40195e-07
6.33124e-07
4.11119e-07
6.58843e-07
3.82693e-07
6.79951e-07
3.55241e-07
6.96895e-07
3.2901e-07
7.10152e-07
3.04167e-07
7.20191e-07
2.80812e-07
7.27457e-07
2.58991e-07
7.32358e-07
2.38708e-07
7.35258e-07
2.19933e-07
7.36477e-07
2.02616e-07
7.36295e-07
1.8669e-07
7.3495e-07
1.72081e-07
7.32647e-07
1.58709e-07
7.29555e-07
1.46491e-07
7.25817e-07
1.35348e-07
7.21549e-07
1.25202e-07
7.16847e-07
1.1598e-07
7.1179e-07
1.07613e-07
7.06442e-07
1.00038e-07
7.00859e-07
9.31971e-08
6.9509e-07
8.70362e-08
6.89181e-07
8.15066e-08
6.83177e-07
7.65632e-08
6.77119e-07
7.21639e-08
6.7105e-07
6.82691e-08
6.65011e-07
6.48415e-08
6.59056e-07
6.17779e-08
5.83171e-07
-1.09083e-06
-9.41945e-06
5.16362e-08
5.91539e-08
6.16027e-07
1.1719e-07
6.02591e-07
1.73974e-07
5.86973e-07
2.29247e-07
5.69334e-07
2.82622e-07
5.49831e-07
3.33618e-07
5.28649e-07
3.81722e-07
5.06023e-07
4.26455e-07
4.82238e-07
4.67432e-07
4.57627e-07
5.04402e-07
4.32542e-07
5.3726e-07
4.07337e-07
5.66039e-07
3.8234e-07
5.90888e-07
3.57844e-07
6.12041e-07
3.34088e-07
6.2979e-07
3.11261e-07
6.44455e-07
2.89502e-07
6.56363e-07
2.68903e-07
6.65839e-07
2.49516e-07
6.73186e-07
2.31361e-07
6.78687e-07
2.14432e-07
6.82597e-07
1.98705e-07
6.85146e-07
1.84142e-07
6.86534e-07
1.70693e-07
6.86939e-07
1.58304e-07
6.86513e-07
1.46917e-07
6.85389e-07
1.36472e-07
6.8368e-07
1.26912e-07
6.81482e-07
1.18178e-07
6.78879e-07
1.10216e-07
6.75944e-07
1.02973e-07
6.72741e-07
9.64006e-08
6.69326e-07
9.04516e-08
6.6575e-07
8.50825e-08
6.6206e-07
8.02524e-08
6.58302e-07
7.59226e-08
6.54514e-07
7.20567e-08
6.50736e-07
6.86199e-08
6.47015e-07
6.54989e-08
5.74285e-07
-1.0181e-06
-8.89476e-06
4.9591e-08
5.362e-08
5.62407e-07
1.06087e-07
5.50124e-07
1.5719e-07
5.35871e-07
2.06673e-07
5.19851e-07
2.54236e-07
5.02268e-07
2.99554e-07
4.83332e-07
3.423e-07
4.63276e-07
3.82184e-07
4.42354e-07
4.18978e-07
4.20833e-07
4.52535e-07
3.98985e-07
4.82798e-07
3.77074e-07
5.09794e-07
3.55345e-07
5.33622e-07
3.34015e-07
5.54441e-07
3.13268e-07
5.7245e-07
2.93252e-07
5.87874e-07
2.74079e-07
6.00947e-07
2.5583e-07
6.11908e-07
2.38555e-07
6.20986e-07
2.22282e-07
6.28401e-07
2.07017e-07
6.34355e-07
1.92751e-07
6.39035e-07
1.79462e-07
6.42608e-07
1.6712e-07
6.45226e-07
1.55686e-07
6.47021e-07
1.45121e-07
6.48114e-07
1.35379e-07
6.48608e-07
1.26417e-07
6.48597e-07
1.1819e-07
6.4816e-07
1.10653e-07
6.47371e-07
1.03763e-07
6.46293e-07
9.74784e-08
6.44984e-07
9.17604e-08
6.43496e-07
8.65706e-08
6.41876e-07
8.18727e-08
6.40166e-07
7.76323e-08
6.38406e-07
7.38163e-08
6.36633e-07
7.03936e-08
6.34889e-07
6.7243e-08
5.65155e-07
-9.48366e-07
-8.37714e-06
4.7535e-08
4.85323e-08
5.13875e-07
9.59609e-08
5.02696e-07
1.42059e-07
4.89773e-07
1.86594e-07
4.75316e-07
2.29328e-07
4.59533e-07
2.70026e-07
4.42634e-07
3.08469e-07
4.24833e-07
3.44471e-07
4.06353e-07
3.7789e-07
3.87414e-07
4.08641e-07
3.68234e-07
4.36693e-07
3.49021e-07
4.62072e-07
3.29965e-07
4.84853e-07
3.11234e-07
5.05149e-07
2.92972e-07
5.23103e-07
2.75298e-07
5.38879e-07
2.58304e-07
5.52651e-07
2.42058e-07
5.64597e-07
2.26609e-07
5.74893e-07
2.11985e-07
5.83712e-07
1.98199e-07
5.91214e-07
1.85249e-07
5.97551e-07
1.73125e-07
6.02862e-07
1.61809e-07
6.07275e-07
1.51274e-07
6.10904e-07
1.41491e-07
6.13855e-07
1.32428e-07
6.16222e-07
1.24051e-07
6.18088e-07
1.16324e-07
6.19529e-07
1.09211e-07
6.20613e-07
1.02679e-07
6.21401e-07
9.66908e-08
6.21947e-07
9.12145e-08
6.223e-07
8.62169e-08
6.22506e-07
8.16667e-08
6.22605e-07
7.75336e-08
6.22633e-07
7.37886e-08
6.22623e-07
7.04039e-08
6.22612e-07
6.7254e-08
5.55757e-07
-8.81512e-07
-7.86685e-06
4.54648e-08
4.39771e-08
4.69898e-07
8.69337e-08
4.59739e-07
1.28655e-07
4.48051e-07
1.68937e-07
4.35034e-07
2.07589e-07
4.20881e-07
2.44434e-07
4.05789e-07
2.79316e-07
3.89951e-07
3.1211e-07
3.73559e-07
3.42724e-07
3.56799e-07
3.71107e-07
3.39852e-07
3.97245e-07
3.22883e-07
4.21164e-07
3.06047e-07
4.42921e-07
2.89477e-07
4.62603e-07
2.73291e-07
4.80317e-07
2.57584e-07
4.96186e-07
2.42435e-07
5.10342e-07
2.27902e-07
5.22924e-07
2.14028e-07
5.34068e-07
2.00841e-07
5.43909e-07
1.88357e-07
5.52579e-07
1.7658e-07
5.60198e-07
1.65506e-07
5.66885e-07
1.55123e-07
5.72744e-07
1.45414e-07
5.77876e-07
1.36359e-07
5.82371e-07
1.27933e-07
5.86311e-07
1.20111e-07
5.89772e-07
1.12863e-07
5.92821e-07
1.06162e-07
5.9552e-07
9.99793e-08
5.97925e-07
9.42857e-08
6.00087e-07
8.90531e-08
6.0205e-07
8.42539e-08
6.03856e-07
7.9861e-08
6.05541e-07
7.58485e-08
6.07138e-07
7.21912e-08
6.08677e-07
6.88651e-08
6.10187e-07
6.57441e-08
5.46057e-07
-8.17382e-07
-7.36416e-06
4.3367e-08
3.99486e-08
4.29949e-07
7.89689e-08
4.20719e-07
1.16869e-07
4.10151e-07
1.53476e-07
3.98427e-07
1.88632e-07
3.85725e-07
2.22202e-07
3.7222e-07
2.5407e-07
3.58083e-07
2.84148e-07
3.43481e-07
3.12375e-07
3.28573e-07
3.38718e-07
3.13509e-07
3.63173e-07
2.98427e-07
3.85766e-07
2.83454e-07
4.06542e-07
2.68701e-07
4.25569e-07
2.54263e-07
4.42931e-07
2.40222e-07
4.58723e-07
2.26642e-07
4.73049e-07
2.13576e-07
4.86017e-07
2.0106e-07
4.97735e-07
1.89123e-07
5.08311e-07
1.7778e-07
5.17852e-07
1.67039e-07
5.26458e-07
1.569e-07
5.34225e-07
1.47356e-07
5.41243e-07
1.38396e-07
5.47597e-07
1.30006e-07
5.53363e-07
1.22167e-07
5.58614e-07
1.14859e-07
5.63416e-07
1.08061e-07
5.67829e-07
1.01749e-07
5.71908e-07
9.59003e-08
5.75703e-07
9.04906e-08
5.7926e-07
8.54965e-08
5.82619e-07
8.08944e-08
5.85819e-07
7.66614e-08
5.88892e-07
7.27751e-08
5.9187e-07
6.92137e-08
5.94779e-07
6.59562e-08
5.97645e-07
6.28778e-08
5.36011e-07
-7.55748e-07
-6.86937e-06
4.1225e-08
3.64013e-08
3.93548e-07
7.19642e-08
3.85156e-07
1.06523e-07
3.75592e-07
1.39932e-07
3.65018e-07
1.72063e-07
3.53594e-07
2.02809e-07
3.41474e-07
2.32082e-07
3.2881e-07
2.59817e-07
3.15746e-07
2.85971e-07
3.02418e-07
3.10525e-07
2.88955e-07
3.33481e-07
2.75472e-07
3.54859e-07
2.62076e-07
3.74699e-07
2.48861e-07
3.93057e-07
2.35906e-07
4.09998e-07
2.23281e-07
4.25598e-07
2.11042e-07
4.39941e-07
1.99233e-07
4.53111e-07
1.8789e-07
4.65198e-07
1.77037e-07
4.76288e-07
1.6669e-07
4.86469e-07
1.56859e-07
4.95823e-07
1.47545e-07
5.04431e-07
1.38748e-07
5.12367e-07
1.30459e-07
5.19705e-07
1.22668e-07
5.26509e-07
1.15362e-07
5.32843e-07
1.08526e-07
5.38763e-07
1.02141e-07
5.44323e-07
9.61899e-08
5.4957e-07
9.06532e-08
5.54549e-07
8.55115e-08
5.593e-07
8.07447e-08
5.63862e-07
7.63332e-08
5.68266e-07
7.22572e-08
5.72544e-07
6.84974e-08
5.76722e-07
6.5035e-08
5.80827e-07
6.18516e-08
5.84879e-07
5.88256e-08
5.25589e-07
-6.96458e-07
-6.38282e-06
3.90348e-08
3.32761e-08
3.60272e-07
6.5797e-08
3.52635e-07
9.74228e-08
3.43966e-07
1.28031e-07
3.3441e-07
1.57519e-07
3.24107e-07
1.85798e-07
3.13194e-07
2.12804e-07
3.01805e-07
2.38485e-07
2.90065e-07
2.62812e-07
2.78091e-07
2.85773e-07
2.65994e-07
3.07372e-07
2.53873e-07
3.27629e-07
2.4182e-07
3.46577e-07
2.29913e-07
3.64261e-07
2.18222e-07
3.80736e-07
2.06806e-07
3.96063e-07
1.95714e-07
4.10309e-07
1.84987e-07
4.23545e-07
1.74654e-07
4.35842e-07
1.6474e-07
4.47273e-07
1.55259e-07
4.57908e-07
1.46224e-07
4.67817e-07
1.37636e-07
4.77067e-07
1.29498e-07
4.85722e-07
1.21804e-07
4.93842e-07
1.14548e-07
5.01484e-07
1.0772e-07
5.08702e-07
1.01308e-07
5.15544e-07
9.52982e-08
5.22058e-07
8.96763e-08
5.28285e-07
8.44266e-08
5.34263e-07
7.95328e-08
5.40029e-07
7.49784e-08
5.45616e-07
7.07467e-08
5.51052e-07
6.68211e-08
5.56365e-07
6.31849e-08
5.61578e-07
5.9822e-08
5.66712e-07
5.67167e-08
5.71784e-07
5.37542e-08
5.14756e-07
-6.3943e-07
-5.90485e-06
3.67897e-08
3.05126e-08
3.29759e-07
6.0345e-08
3.22802e-07
8.93804e-08
3.14931e-07
1.17518e-07
3.06272e-07
1.44672e-07
2.96952e-07
1.70775e-07
2.87092e-07
1.95773e-07
2.76807e-07
2.1963e-07
2.66208e-07
2.42323e-07
2.55398e-07
2.63845e-07
2.44471e-07
2.84203e-07
2.33516e-07
3.03413e-07
2.22609e-07
3.21505e-07
2.1182e-07
3.38517e-07
2.0121e-07
3.54494e-07
1.90829e-07
3.69487e-07
1.80721e-07
3.83551e-07
1.70923e-07
3.96745e-07
1.61461e-07
4.09126e-07
1.52358e-07
4.20757e-07
1.43629e-07
4.31695e-07
1.35285e-07
4.42e-07
1.27332e-07
4.51727e-07
1.19771e-07
4.6093e-07
1.12601e-07
4.69661e-07
1.05817e-07
4.77969e-07
9.94126e-08
4.85898e-07
9.33784e-08
4.93492e-07
8.77041e-08
5.00791e-07
8.2378e-08
5.0783e-07
7.73874e-08
5.14644e-07
7.2719e-08
5.21263e-07
6.83589e-08
5.27717e-07
6.42931e-08
5.34031e-07
6.05073e-08
5.40228e-07
5.69873e-08
5.46331e-07
5.3719e-08
5.52359e-07
5.06886e-08
5.58324e-07
4.77894e-08
5.03458e-07
-5.84564e-07
-5.43587e-06
3.44752e-08
2.80546e-08
3.01704e-07
5.54958e-08
2.95361e-07
8.22269e-08
2.882e-07
1.08165e-07
2.80334e-07
1.33241e-07
2.71876e-07
1.57401e-07
2.62932e-07
1.80602e-07
2.53606e-07
2.02817e-07
2.43993e-07
2.24029e-07
2.34185e-07
2.44235e-07
2.24265e-07
2.63442e-07
2.14309e-07
2.81666e-07
2.04385e-07
2.98933e-07
1.94554e-07
3.15274e-07
1.84868e-07
3.30728e-07
1.75375e-07
3.45338e-07
1.66111e-07
3.5915e-07
1.5711e-07
3.72213e-07
1.48398e-07
3.84577e-07
1.39994e-07
3.96291e-07
1.31915e-07
4.07407e-07
1.2417e-07
4.17972e-07
1.16766e-07
4.28035e-07
1.09708e-07
4.37642e-07
1.02994e-07
4.46837e-07
9.66228e-08
4.5566e-07
9.05894e-08
4.64151e-07
8.48873e-08
4.72347e-07
7.95086e-08
4.8028e-07
7.44442e-08
4.87984e-07
6.96838e-08
4.95487e-07
6.52165e-08
5.02815e-07
6.10309e-08
5.09993e-07
5.7115e-08
5.17043e-07
5.34567e-08
5.23987e-07
5.00438e-08
5.30842e-07
4.68638e-08
5.37626e-07
4.39047e-08
5.44346e-07
4.10697e-08
4.91656e-07
-5.31874e-07
-4.9763e-06
3.20882e-08
2.5852e-08
2.75852e-07
5.11498e-08
2.70063e-07
7.58139e-08
2.63536e-07
9.9777e-08
2.56371e-07
1.22984e-07
2.48669e-07
1.4539e-07
2.40526e-07
1.66963e-07
2.32032e-07
1.87682e-07
2.23274e-07
2.07535e-07
2.14332e-07
2.26522e-07
2.05278e-07
2.4465e-07
1.96181e-07
2.61935e-07
1.87101e-07
2.78398e-07
1.78091e-07
2.94068e-07
1.69199e-07
3.08977e-07
1.60465e-07
3.23162e-07
1.51926e-07
3.36663e-07
1.43609e-07
3.49521e-07
1.3554e-07
3.61779e-07
1.27737e-07
3.73478e-07
1.20215e-07
3.84662e-07
1.12986e-07
3.95373e-07
1.06056e-07
4.05651e-07
9.94298e-08
4.15536e-07
9.31095e-08
4.25064e-07
8.70944e-08
4.34272e-07
8.13815e-08
4.43192e-07
7.59668e-08
4.51857e-07
7.08442e-08
4.60294e-07
6.60069e-08
4.68531e-07
6.14468e-08
4.76592e-07
5.71553e-08
4.845e-07
5.31228e-08
4.92276e-07
4.93396e-08
4.99937e-07
4.57952e-08
5.07502e-07
4.24792e-08
5.14985e-07
3.93804e-08
5.22402e-07
3.64877e-08
5.29755e-07
3.37168e-08
4.79291e-07
-4.8141e-07
-4.52662e-06
2.96155e-08
2.38614e-08
2.51991e-07
4.72208e-08
2.46704e-07
7.00139e-08
2.40743e-07
9.21861e-08
2.34199e-07
1.13693e-07
2.27163e-07
1.34499e-07
2.19719e-07
1.54581e-07
2.11951e-07
1.73921e-07
2.03934e-07
1.92513e-07
1.9574e-07
2.10357e-07
1.87434e-07
2.27461e-07
1.79077e-07
2.43841e-07
1.70721e-07
2.59515e-07
1.62417e-07
2.74508e-07
1.54205e-07
2.8885e-07
1.46123e-07
3.02573e-07
1.38204e-07
3.15709e-07
1.30473e-07
3.28296e-07
1.22953e-07
3.40369e-07
1.15664e-07
3.51966e-07
1.08618e-07
3.63123e-07
1.01829e-07
3.73876e-07
9.53023e-08
3.84261e-07
8.90448e-08
3.94311e-07
8.30593e-08
4.04059e-07
7.73466e-08
4.13535e-07
7.19057e-08
4.22768e-07
6.67342e-08
4.31783e-07
6.18283e-08
4.40607e-07
5.7183e-08
4.49262e-07
5.27923e-08
4.57768e-07
4.86495e-08
4.66143e-07
4.47473e-08
4.74405e-07
4.10777e-08
4.82568e-07
3.76326e-08
4.90643e-07
3.44033e-08
4.98642e-07
3.13814e-08
5.06572e-07
2.85581e-08
5.14422e-07
2.58666e-08
4.6629e-07
-4.33278e-07
-4.08737e-06
2.70372e-08
2.20454e-08
2.29945e-07
4.36355e-08
2.25114e-07
6.47184e-08
2.1966e-07
8.52501e-08
2.13667e-07
1.05195e-07
2.07217e-07
1.24527e-07
2.00388e-07
1.43226e-07
1.93252e-07
1.6128e-07
1.8588e-07
1.78686e-07
1.78334e-07
1.95446e-07
1.70674e-07
2.11568e-07
1.62955e-07
2.27066e-07
1.55224e-07
2.41958e-07
1.47525e-07
2.56267e-07
1.39896e-07
2.70017e-07
1.32372e-07
2.83239e-07
1.24982e-07
2.9596e-07
1.17751e-07
3.08214e-07
1.107e-07
3.20031e-07
1.03847e-07
3.31444e-07
9.72049e-08
3.42486e-07
9.07865e-08
3.53189e-07
8.46e-08
3.63582e-07
7.86516e-08
3.73696e-07
7.29455e-08
3.83558e-07
6.7484e-08
3.93196e-07
6.22678e-08
4.02634e-07
5.72961e-08
4.11895e-07
5.2567e-08
4.21001e-07
4.80773e-08
4.29971e-07
4.38229e-08
4.38821e-07
3.97992e-08
4.47568e-07
3.60005e-08
4.56225e-07
3.24208e-08
4.64804e-07
2.90534e-08
4.73315e-07
2.58917e-08
4.81768e-07
2.29285e-08
4.90169e-07
2.0157e-08
4.98506e-07
1.75296e-08
4.52507e-07
-3.87279e-07
-3.65915e-06
2.42843e-08
2.03729e-08
2.09573e-07
4.03321e-08
2.05155e-07
5.98361e-08
2.00156e-07
7.88498e-08
1.94654e-07
9.73455e-08
1.88722e-07
1.15302e-07
1.82431e-07
1.32705e-07
1.75849e-07
1.49547e-07
1.69038e-07
1.65826e-07
1.62055e-07
1.81545e-07
1.54955e-07
1.96714e-07
1.47786e-07
2.11344e-07
1.40593e-07
2.25454e-07
1.33414e-07
2.39064e-07
1.26286e-07
2.52197e-07
1.1924e-07
2.64878e-07
1.12301e-07
2.77135e-07
1.05495e-07
2.88995e-07
9.88402e-08
3.00487e-07
9.23545e-08
3.1164e-07
8.60517e-08
3.22483e-07
7.99431e-08
3.33045e-07
7.4038e-08
3.43354e-07
6.83434e-08
3.53434e-07
6.28646e-08
3.63313e-07
5.76052e-08
3.73014e-07
5.25674e-08
3.82558e-07
4.77521e-08
3.91966e-07
4.3159e-08
4.01256e-07
3.87869e-08
4.10445e-07
3.46337e-08
4.19548e-07
3.06963e-08
4.28578e-07
2.6971e-08
4.37545e-07
2.34532e-08
4.46461e-07
2.01378e-08
4.55334e-07
1.70188e-08
4.64173e-07
1.40894e-08
4.72988e-07
1.13419e-08
4.81771e-07
8.74608e-09
4.37842e-07
-3.4335e-07
-3.2427e-06
2.13959e-08
1.88175e-08
1.90755e-07
3.72589e-08
1.86713e-07
5.52909e-08
1.82124e-07
7.2886e-08
1.77058e-07
9.00224e-08
1.71585e-07
1.06684e-07
1.6577e-07
1.2286e-07
1.59673e-07
1.38546e-07
1.53352e-07
1.53742e-07
1.46859e-07
1.68452e-07
1.40245e-07
1.82686e-07
1.33553e-07
1.96455e-07
1.26823e-07
2.09777e-07
1.20093e-07
2.22669e-07
1.13394e-07
2.35153e-07
1.06755e-07
2.47253e-07
1.00201e-07
2.58993e-07
9.3755e-08
2.70398e-07
8.74347e-08
2.81496e-07
8.12568e-08
2.92313e-07
7.52352e-08
3.02875e-07
6.93811e-08
3.13208e-07
6.37043e-08
3.23339e-07
5.82125e-08
3.33292e-07
5.29119e-08
3.4309e-07
4.78072e-08
3.52755e-07
4.29022e-08
3.62308e-07
3.81994e-08
3.71767e-07
3.37003e-08
3.81148e-07
2.94056e-08
3.90466e-07
2.53152e-08
3.99734e-07
2.14283e-08
4.08962e-07
1.77433e-08
4.18157e-07
1.42578e-08
4.27327e-07
1.09688e-08
4.36473e-07
7.87244e-09
4.45598e-07
4.96412e-09
4.54702e-07
2.23822e-09
4.63759e-07
-3.11228e-10
4.22337e-07
-3.01928e-07
-2.83877e-06
1.84063e-08
1.73576e-08
1.73398e-07
3.43731e-08
1.69698e-07
5.102e-08
1.65477e-07
6.72767e-08
1.60802e-07
8.31261e-08
1.55736e-07
9.85562e-08
1.5034e-07
1.1356e-07
1.44669e-07
1.28133e-07
1.38778e-07
1.42279e-07
1.32714e-07
1.56001e-07
1.26522e-07
1.6931e-07
1.20244e-07
1.82217e-07
1.13917e-07
1.94737e-07
1.07573e-07
2.06888e-07
1.01243e-07
2.1869e-07
9.49533e-08
2.30164e-07
8.87274e-08
2.41333e-07
8.25858e-08
2.52221e-07
7.65464e-08
2.62854e-07
7.06247e-08
2.73255e-07
6.4834e-08
2.8345e-07
5.91857e-08
2.93465e-07
5.36896e-08
3.03323e-07
4.83539e-08
3.1305e-07
4.31855e-08
3.22667e-07
3.81903e-08
3.32196e-07
3.33731e-08
3.41657e-07
2.87382e-08
3.51069e-07
2.42888e-08
3.60447e-07
2.00276e-08
3.69805e-07
1.59568e-08
3.79155e-07
1.2078e-08
3.88506e-07
8.39229e-09
3.97864e-07
4.90008e-09
4.07231e-07
1.60144e-09
4.16608e-07
-1.50409e-09
4.25989e-07
-4.41726e-09
4.35366e-07
-7.13888e-09
4.447e-07
-9.6449e-09
4.05704e-07
-2.62932e-07
-2.44828e-06
1.52108e-08
1.59756e-08
1.57422e-07
3.164e-08
1.54033e-07
4.69723e-08
1.50145e-07
6.19553e-08
1.45819e-07
7.65758e-08
1.41115e-07
9.08248e-08
1.36091e-07
1.04697e-07
1.30797e-07
1.18191e-07
1.25284e-07
1.3131e-07
1.19595e-07
1.44058e-07
1.13774e-07
1.56445e-07
1.07857e-07
1.68483e-07
1.01879e-07
1.80185e-07
9.58712e-08
1.91567e-07
8.98604e-08
2.02649e-07
8.38716e-08
2.1345e-07
7.79264e-08
2.23991e-07
7.20441e-08
2.34296e-07
6.62413e-08
2.44388e-07
6.05327e-08
2.54292e-07
5.49309e-08
2.6403e-07
4.9447e-08
2.7363e-07
4.40904e-08
2.83114e-07
3.88696e-08
2.92507e-07
3.37919e-08
3.01834e-07
2.88637e-08
3.11116e-07
2.4091e-08
3.20375e-07
1.94791e-08
3.29631e-07
1.50329e-08
3.38902e-07
1.0757e-08
3.48203e-07
6.65587e-09
3.57547e-07
2.7336e-09
3.66945e-07
-1.00599e-09
3.76405e-07
-4.55947e-09
3.8593e-07
-7.92392e-09
3.95523e-07
-1.10971e-08
4.05184e-07
-1.40779e-08
4.14911e-07
-1.68661e-08
4.24682e-07
-1.9416e-08
3.87685e-07
-2.25934e-07
-2.07236e-06
1.17646e-08
1.46572e-08
1.42765e-07
2.90318e-08
1.39659e-07
4.31068e-08
1.3607e-07
5.68686e-08
1.32057e-07
7.03069e-08
1.27677e-07
8.34149e-08
1.22983e-07
9.6189e-08
1.18023e-07
1.08629e-07
1.12844e-07
1.20737e-07
1.07487e-07
1.32519e-07
1.01992e-07
1.43983e-07
9.63931e-08
1.5514e-07
9.07222e-08
1.66003e-07
8.50082e-08
1.76587e-07
7.92764e-08
1.86909e-07
7.35496e-08
1.96987e-07
6.7848e-08
2.06842e-07
6.21891e-08
2.16495e-07
5.65885e-08
2.25969e-07
5.10594e-08
2.35286e-07
4.56137e-08
2.44471e-07
4.02616e-08
2.53549e-07
3.5012e-08
2.62546e-07
2.98727e-08
2.71488e-07
2.48508e-08
2.80398e-07
1.99529e-08
2.89304e-07
1.51851e-08
2.9823e-07
1.05533e-08
3.07199e-07
6.0636e-09
3.16234e-07
1.72202e-09
3.25355e-07
-2.46501e-09
3.3458e-07
-6.4908e-09
3.43922e-07
-1.03484e-08
3.53393e-07
-1.40305e-08
3.62999e-07
-1.753e-08
3.72742e-07
-2.08401e-08
3.82618e-07
-2.39543e-08
3.9262e-07
-2.68675e-08
4.02711e-07
-2.95075e-08
3.68252e-07
-1.91475e-07
-1.71233e-06
8.22625e-09
1.33914e-08
1.29373e-07
2.65263e-08
1.26524e-07
3.93912e-08
1.23205e-07
5.19749e-08
1.19473e-07
6.42692e-08
1.15383e-07
7.62687e-08
1.10983e-07
8.79706e-08
1.06321e-07
9.93751e-08
1.01439e-07
1.10485e-07
9.63777e-08
1.21304e-07
9.11722e-08
1.31842e-07
8.58557e-08
1.42106e-07
8.04578e-08
1.52109e-07
7.50051e-08
1.61864e-07
6.95213e-08
1.71387e-07
6.40274e-08
1.80693e-07
5.85419e-08
1.89801e-07
5.30808e-08
1.98731e-07
4.76581e-08
2.07505e-07
4.2286e-08
2.16144e-07
3.69747e-08
2.24672e-07
3.17332e-08
2.33115e-07
2.65691e-08
2.41499e-07
2.14891e-08
2.4985e-07
1.64992e-08
2.58198e-07
1.16049e-08
2.66572e-07
6.81133e-09
2.75001e-07
2.12399e-09
2.83516e-07
-2.45138e-09
2.92147e-07
-6.90836e-09
3.00921e-07
-1.12396e-08
3.09867e-07
-1.54365e-08
3.19008e-07
-1.94893e-08
3.28364e-07
-2.33865e-08
3.3795e-07
-2.71157e-08
3.47772e-07
-3.06628e-08
3.57831e-07
-3.40133e-08
3.68116e-07
-3.71524e-08
3.78589e-07
-3.99802e-08
3.46971e-07
-1.59858e-07
-1.36993e-06
4.56505e-09
1.21694e-08
1.17204e-07
2.41069e-08
1.14586e-07
3.58011e-08
1.11511e-07
4.72427e-08
1.08032e-07
5.84248e-08
1.04201e-07
6.93428e-08
1.00065e-07
7.99944e-08
9.56694e-08
9.03796e-08
9.10542e-08
1.005e-07
8.62569e-08
1.10361e-07
8.13117e-08
1.19967e-07
7.62493e-08
1.29328e-07
7.10977e-08
1.38451e-07
6.58817e-08
1.47349e-07
6.06233e-08
1.56034e-07
5.5342e-08
1.64521e-07
5.00548e-08
1.72826e-07
4.47761e-08
1.80966e-07
3.95185e-08
1.88959e-07
3.42925e-08
1.96827e-07
2.91069e-08
2.04592e-07
2.39687e-08
2.12277e-07
1.88839e-08
2.19909e-07
1.3857e-08
2.27516e-07
8.89183e-09
2.3513e-07
3.99155e-09
2.42782e-07
-8.41059e-10
2.50509e-07
-5.60315e-09
2.58349e-07
-1.02915e-08
2.66343e-07
-1.49018e-08
2.74532e-07
-1.94287e-08
2.8296e-07
-2.38644e-08
2.91669e-07
-2.81987e-08
3.00701e-07
-3.24181e-08
3.1009e-07
-3.65053e-08
3.19867e-07
-4.04392e-08
3.30048e-07
-4.41949e-08
3.40641e-07
-4.77451e-08
3.51627e-07
-5.09662e-08
3.23328e-07
-1.31559e-07
-1.04749e-06
8.941e-10
1.09847e-08
1.06219e-07
2.17607e-08
1.0381e-07
3.2318e-08
1.00953e-07
4.26485e-08
9.77012e-08
5.2746e-08
9.41031e-08
6.26064e-08
9.02048e-08
7.22271e-08
8.60487e-08
8.16077e-08
8.16736e-08
9.07494e-08
7.71153e-08
9.96548e-08
7.24062e-08
1.08328e-07
6.75757e-08
1.16776e-07
6.265e-08
1.25005e-07
5.76528e-08
1.33024e-07
5.26047e-08
1.40842e-07
4.75239e-08
1.4847e-07
4.2426e-08
1.55922e-07
3.73242e-08
1.63211e-07
3.22298e-08
1.70352e-07
2.71516e-08
1.77362e-07
2.20969e-08
1.8426e-07
1.70708e-08
1.91067e-07
1.20771e-08
1.97806e-07
7.11789e-09
2.04504e-07
2.19387e-09
2.11191e-07
-2.69533e-09
2.17901e-07
-7.55107e-09
2.24673e-07
-1.23754e-08
2.31552e-07
-1.71706e-08
2.38589e-07
-2.1939e-08
2.45842e-07
-2.66819e-08
2.53377e-07
-3.13987e-08
2.61264e-07
-3.60861e-08
2.69582e-07
-4.07357e-08
2.78409e-07
-4.53322e-08
2.8782e-07
-4.98506e-08
2.97878e-07
-5.42527e-08
3.08617e-07
-5.84847e-08
3.2003e-07
-6.23784e-08
2.95595e-07
-1.07124e-07
-7.48109e-07
-3.78735e-09
9.83278e-09
9.63865e-08
1.94787e-08
9.41643e-08
2.89289e-08
9.15032e-08
3.81758e-08
8.84542e-08
4.72138e-08
8.50651e-08
5.60385e-08
8.13801e-08
6.46471e-08
7.744e-08
7.30384e-08
7.32824e-08
8.12122e-08
6.89415e-08
8.91697e-08
6.44487e-08
9.69133e-08
5.98321e-08
1.04446e-07
5.5117e-08
1.11773e-07
5.03259e-08
1.18899e-07
4.54786e-08
1.25831e-07
4.05924e-08
1.32575e-07
3.56821e-08
1.39139e-07
3.07599e-08
1.45533e-07
2.58361e-08
1.51766e-07
2.09187e-08
1.57849e-07
1.60134e-08
1.63796e-07
1.11241e-08
1.6962e-07
6.2527e-09
1.75339e-07
1.39894e-09
1.80972e-07
-3.43926e-09
1.86543e-07
-8.26598e-09
1.92079e-07
-1.30873e-08
1.97615e-07
-1.79115e-08
2.03193e-07
-2.27486e-08
2.08866e-07
-2.76113e-08
2.14698e-07
-3.25138e-08
2.20771e-07
-3.74725e-08
2.2719e-07
-4.25048e-08
2.34082e-07
-4.76277e-08
2.41605e-07
-5.28553e-08
2.49947e-07
-5.8193e-08
2.59323e-07
-6.36281e-08
2.6995e-07
-6.91114e-08
2.82013e-07
-7.44419e-08
2.62898e-07
-8.80086e-08
-4.77066e-07
-8.14516e-09
8.71e-09
8.76765e-08
1.72542e-08
8.56202e-08
2.56242e-08
8.31332e-08
3.3813e-08
8.02654e-08
4.1815e-08
7.70631e-08
4.96256e-08
7.35695e-08
5.72415e-08
6.98241e-08
6.46603e-08
6.58635e-08
7.18807e-08
6.17211e-08
7.8902e-08
5.74273e-08
8.57246e-08
5.30095e-08
9.23491e-08
4.84924e-08
9.87771e-08
4.3898e-08
1.0501e-07
3.92455e-08
1.11051e-07
3.4552e-08
1.16901e-07
2.98317e-08
1.22564e-07
2.50969e-08
1.28043e-07
2.03574e-08
1.3334e-07
1.56209e-08
1.38461e-07
1.0893e-08
1.43408e-07
6.17686e-09
1.48187e-07
1.47387e-09
1.52803e-07
-3.21701e-09
1.57263e-07
-7.89911e-09
1.61575e-07
-1.25783e-08
1.65751e-07
-1.72632e-08
1.69805e-07
-2.19657e-08
1.73758e-07
-2.67014e-08
1.77637e-07
-3.14907e-08
1.81484e-07
-3.636e-08
1.85354e-07
-4.13433e-08
1.89336e-07
-4.64859e-08
1.93556e-07
-5.18479e-08
1.98212e-07
-5.75117e-08
2.03612e-07
-6.35928e-08
2.10241e-07
-7.02572e-08
2.18879e-07
-7.77496e-08
2.3083e-07
-8.63921e-08
2.20904e-07
-7.80829e-08
-2.46025e-07
-1.01373e-08
7.61379e-09
8.00627e-08
1.5082e-08
7.81519e-08
2.23969e-08
7.58183e-08
2.95517e-08
7.31106e-08
3.65406e-08
7.00742e-08
4.33589e-08
6.67512e-08
5.00026e-08
6.31804e-08
5.64684e-08
5.93978e-08
6.27536e-08
5.54359e-08
6.8856e-08
5.13249e-08
7.47737e-08
4.70918e-08
8.05051e-08
4.2761e-08
8.60486e-08
3.83545e-08
9.14026e-08
3.38915e-08
9.65653e-08
2.93892e-08
1.01535e-07
2.48623e-08
1.06309e-07
2.03232e-08
1.10883e-07
1.57825e-08
1.15256e-07
1.12484e-08
1.19422e-07
6.72734e-09
1.23375e-07
2.22362e-09
1.27109e-07
-2.26041e-09
1.30617e-07
-6.72443e-09
1.33888e-07
-1.11702e-08
1.36911e-07
-1.56017e-08
1.39673e-07
-2.00252e-08
1.42157e-07
-2.44498e-08
1.44343e-07
-2.88875e-08
1.46206e-07
-3.33538e-08
1.47715e-07
-3.78683e-08
1.48827e-07
-4.24557e-08
1.49488e-07
-4.71465e-08
1.49619e-07
-5.19789e-08
1.49106e-07
-5.69992e-08
1.47777e-07
-6.22639e-08
1.45359e-07
-6.78396e-08
1.41411e-07
-7.38014e-08
1.35246e-07
-8.02269e-08
1.44359e-07
-8.71958e-08
-1.09174e-07
7.50813e-09
6.54202e-09
7.35207e-08
1.29583e-08
7.17356e-08
1.92416e-08
6.95351e-08
2.53852e-08
6.69669e-08
3.13836e-08
6.40758e-08
3.72318e-08
6.09031e-08
4.29251e-08
5.74871e-08
4.84597e-08
5.38632e-08
5.38317e-08
5.00639e-08
5.90375e-08
4.61191e-08
6.40736e-08
4.20557e-08
6.89363e-08
3.78984e-08
7.36214e-08
3.36694e-08
7.81245e-08
2.93884e-08
8.24406e-08
2.50731e-08
8.65637e-08
2.07392e-08
9.04868e-08
1.64001e-08
9.42019e-08
1.20674e-08
9.76992e-08
7.75109e-09
1.00967e-07
3.45921e-09
1.03993e-07
-8.01756e-10
1.06759e-07
-5.0269e-09
1.09248e-07
-9.21278e-09
1.11435e-07
-1.33574e-08
1.13293e-07
-1.746e-08
1.14789e-07
-2.15211e-08
1.15881e-07
-2.55422e-08
1.1652e-07
-2.95258e-08
1.16641e-07
-3.34747e-08
1.16164e-07
-3.73918e-08
1.14988e-07
-4.12795e-08
1.12979e-07
-4.5138e-08
1.09965e-07
-4.89641e-08
1.05713e-07
-5.2748e-08
9.99187e-08
-5.64692e-08
9.21697e-08
-6.00907e-08
8.19177e-08
-6.35494e-08
6.84343e-08
-6.67435e-08
5.07535e-08
-6.9515e-08
-7.16235e-08
1.32029e-08
5.49267e-09
6.8028e-08
1.08792e-08
6.63491e-08
1.61526e-08
6.42616e-08
2.1307e-08
6.18126e-08
2.63368e-08
5.9046e-08
3.12369e-08
5.60029e-08
3.60027e-08
5.27213e-08
4.06297e-08
4.92362e-08
4.51134e-08
4.55802e-08
4.94493e-08
4.17832e-08
5.36326e-08
3.78724e-08
5.76583e-08
3.38728e-08
6.15205e-08
2.98071e-08
6.52129e-08
2.5696e-08
6.8728e-08
2.1558e-08
7.20573e-08
1.74099e-08
7.51909e-08
1.32664e-08
7.81173e-08
9.14102e-09
8.0823e-08
5.04535e-09
8.32924e-08
9.89821e-10
8.55071e-08
-3.01648e-09
8.74458e-08
-6.96554e-09
8.90833e-08
-1.08503e-08
9.03904e-08
-1.46645e-08
9.13326e-08
-1.84022e-08
9.18693e-08
-2.20579e-08
9.19529e-08
-2.56258e-08
9.15267e-08
-2.90997e-08
9.0524e-08
-3.24719e-08
8.88652e-08
-3.57331e-08
8.64564e-08
-3.88707e-08
8.31865e-08
-4.18682e-08
7.89256e-08
-4.47032e-08
7.35231e-08
-4.73455e-08
6.6809e-08
-4.97551e-08
5.85977e-08
-5.18793e-08
4.86986e-08
-5.36503e-08
3.69375e-08
-5.49824e-08
2.31939e-08
-5.57713e-08
-5.58948e-08
7.46512e-09
4.46351e-09
6.35645e-08
8.84018e-09
6.19724e-08
1.3124e-08
5.99778e-08
1.73093e-08
5.76272e-08
2.13912e-08
5.49641e-08
2.53649e-08
5.20292e-08
2.92258e-08
4.88604e-08
3.29694e-08
4.54927e-08
3.65909e-08
4.19587e-08
4.00857e-08
3.82884e-08
4.34484e-08
3.45097e-08
4.66732e-08
3.06479e-08
4.97538e-08
2.67266e-08
5.26827e-08
2.27671e-08
5.54517e-08
1.87891e-08
5.80511e-08
1.48105e-08
6.04699e-08
1.08476e-08
6.26955e-08
6.91548e-09
6.47131e-08
3.02771e-09
6.65061e-08
-8.03171e-10
6.80553e-08
-4.56562e-09
6.93386e-08
-8.24888e-09
7.03311e-08
-1.18428e-08
7.10045e-08
-1.53378e-08
7.13265e-08
-1.87242e-08
7.1261e-08
-2.19923e-08
7.07674e-08
-2.51322e-08
6.98007e-08
-2.81329e-08
6.83112e-08
-3.09825e-08
6.62454e-08
-3.36672e-08
6.35461e-08
-3.61714e-08
6.01547e-08
-3.84768e-08
5.60135e-08
-4.0562e-08
5.10707e-08
-4.24026e-08
4.52866e-08
-4.3971e-08
3.8644e-08
-4.52368e-08
3.11619e-08
-4.61681e-08
2.29133e-08
-4.67339e-08
1.40498e-08
-4.69078e-08
-4.66741e-08
4.82913e-09
3.45192e-09
6.01126e-08
6.83629e-09
5.85881e-08
1.0148e-08
5.66661e-08
1.33825e-08
5.43927e-08
1.65353e-08
5.18113e-08
1.96024e-08
4.89622e-08
2.25797e-08
4.58831e-08
2.54629e-08
4.26094e-08
2.82479e-08
3.91737e-08
3.093e-08
3.56063e-08
3.35043e-08
3.19354e-08
3.59652e-08
2.8187e-08
3.83064e-08
2.43853e-08
4.0521e-08
2.05525e-08
4.26009e-08
1.67091e-08
4.45371e-08
1.28743e-08
4.6319e-08
9.06569e-09
4.79349e-08
5.2996e-09
4.93713e-08
1.59128e-09
5.06131e-08
-2.04502e-09
5.16434e-08
-5.5959e-09
5.24432e-08
-9.04868e-09
5.29916e-08
-1.23912e-08
5.32655e-08
-1.56117e-08
5.324e-08
-1.86987e-08
5.28884e-08
-2.16407e-08
5.21824e-08
-2.44262e-08
5.1093e-08
-2.70435e-08
4.95908e-08
-2.94803e-08
4.76477e-08
-3.17242e-08
4.52382e-08
-3.37619e-08
4.23415e-08
-3.558e-08
3.89442e-08
-3.71647e-08
3.50438e-08
-3.85022e-08
3.06522e-08
-3.95794e-08
2.58002e-08
-4.03849e-08
2.05417e-08
-4.09095e-08
1.49561e-08
-4.11483e-08
9.1501e-09
-4.11018e-08
-4.07776e-08
3.25359e-09
2.45477e-09
5.76578e-08
4.86127e-09
5.61816e-08
7.21565e-09
5.43117e-08
9.51437e-09
5.2094e-08
1.17541e-08
4.95715e-08
1.39316e-08
4.67847e-08
1.60436e-08
4.37711e-08
1.80869e-08
4.05661e-08
2.0058e-08
3.72026e-08
2.19531e-08
3.37112e-08
2.37682e-08
3.01204e-08
2.54986e-08
2.64566e-08
2.71393e-08
2.27446e-08
2.86846e-08
1.90073e-08
3.01277e-08
1.5266e-08
3.14615e-08
1.15406e-08
3.26774e-08
7.8498e-09
3.3766e-08
4.21094e-09
3.47169e-08
6.40387e-10
3.55184e-08
-2.84646e-09
3.61575e-08
-6.23503e-09
3.66203e-08
-9.51146e-09
3.68916e-08
-1.26625e-08
3.69555e-08
-1.56756e-08
3.67952e-08
-1.85384e-08
3.63937e-08
-2.12392e-08
3.57342e-08
-2.37667e-08
3.48007e-08
-2.61099e-08
3.35786e-08
-2.82583e-08
3.20563e-08
-3.02019e-08
3.02259e-08
-3.19315e-08
2.80844e-08
-3.34386e-08
2.56359e-08
-3.47162e-08
2.28922e-08
-3.57584e-08
1.98743e-08
-3.65616e-08
1.66139e-08
-3.71245e-08
1.31529e-08
-3.74485e-08
9.54309e-09
-3.75385e-08
5.84436e-09
-3.74031e-08
-3.70545e-08
2.12131e-09
1.46841e-09
5.61894e-08
2.90784e-09
5.47421e-08
4.31589e-09
5.29037e-08
5.69033e-09
5.07196e-08
7.02908e-09
4.82328e-08
8.33007e-09
4.54837e-08
9.59123e-09
4.25099e-08
1.08104e-08
3.93469e-08
1.19855e-08
3.60276e-08
1.31138e-08
3.25828e-08
1.41929e-08
2.90413e-08
1.52197e-08
2.54298e-08
1.61908e-08
2.17735e-08
1.71025e-08
1.80955e-08
1.79506e-08
1.44179e-08
1.87302e-08
1.0761e-08
1.9436e-08
7.14401e-09
2.0062e-08
3.58497e-09
2.06015e-08
1.00868e-10
2.10473e-08
-3.29225e-09
2.13914e-08
-6.57919e-09
2.16255e-08
-9.74554e-09
2.17406e-08
-1.27776e-08
2.17275e-08
-1.56625e-08
2.1577e-08
-1.83879e-08
2.128e-08
-2.09422e-08
2.0828e-08
-2.33148e-08
2.02137e-08
-2.54955e-08
1.9431e-08
-2.74756e-08
1.84764e-08
-2.92472e-08
1.73488e-08
-3.08038e-08
1.60505e-08
-3.21404e-08
1.4588e-08
-3.32537e-08
1.2972e-08
-3.41424e-08
1.12179e-08
-3.48075e-08
9.34556e-09
-3.52522e-08
7.37937e-09
-3.54823e-08
5.347e-09
-3.55061e-08
3.27846e-09
-3.53345e-08
-3.49806e-08
1.2045e-09
4.88717e-10
9.6777e-10
1.43634e-09
1.89368e-09
2.33906e-09
2.77179e-09
3.19114e-09
3.59639e-09
3.98676e-09
4.36139e-09
4.71937e-09
5.05965e-09
5.38108e-09
5.68234e-09
5.96197e-09
6.21832e-09
6.44953e-09
6.65355e-09
6.82814e-09
6.97082e-09
7.07895e-09
7.14972e-09
7.18022e-09
7.16746e-09
7.10853e-09
7.00061e-09
6.8412e-09
6.62819e-09
6.36008e-09
6.03617e-09
5.65669e-09
5.22303e-09
4.73785e-09
4.20516e-09
3.63035e-09
3.02009e-09
2.3822e-09
1.72531e-09
1.05856e-09
3.91131e-10
3.09107e-06
-3.63258e-06
5.48447e-06
-2.39341e-06
6.97156e-06
-1.48708e-06
7.89193e-06
-9.20374e-07
8.46153e-06
-5.69604e-07
8.8178e-06
-3.56269e-07
9.04895e-06
-2.31148e-07
9.21351e-06
-1.64555e-07
9.3541e-06
-1.40589e-07
9.50847e-06
-1.54378e-07
9.72058e-06
-2.12107e-07
1.00549e-05
-3.34367e-07
1.06192e-05
-5.64244e-07
1.16017e-05
-9.82554e-07
1.33328e-05
-1.73106e-06
1.63488e-05
-3.01602e-06
2.04643e-05
-4.11548e-06
2.05758e-05
-1.11508e-07
2.05642e-05
1.16055e-08
2.05513e-05
1.29292e-08
2.05368e-05
1.44886e-08
2.05204e-05
1.63427e-08
2.05019e-05
1.85697e-08
2.04806e-05
2.12757e-08
2.0456e-05
2.46069e-08
2.04272e-05
2.87693e-08
2.03932e-05
3.40613e-08
2.03522e-05
4.09276e-08
2.03022e-05
5.0055e-08
2.02396e-05
6.25547e-08
2.01593e-05
8.03385e-08
2.00523e-05
1.07007e-07
1.99018e-05
1.50496e-07
1.96666e-05
2.35157e-07
1.91143e-05
5.52359e-07
1.22881e-05
6.82621e-06
6.58809e-06
5.69996e-06
3.48433e-06
3.10376e-06
1.52539e-06
1.95894e-06
1.52539e-06
1.35174e-05
-1.76405e-05
1.27548e-05
-1.63088e-06
1.12636e-05
4.18006e-09
1.03376e-05
5.56027e-09
9.7616e-06
6.42441e-09
9.39809e-06
7.24718e-09
9.15886e-06
8.08363e-09
8.98533e-06
8.96761e-09
8.83483e-06
9.91691e-09
8.66952e-06
1.09309e-08
8.44543e-06
1.19796e-08
8.09809e-06
1.29774e-08
7.52011e-06
1.37301e-08
6.52373e-06
1.38283e-08
4.78023e-06
1.24377e-08
1.75634e-06
7.87986e-09
-1.74148e-06
-6.17662e-07
-1.72115e-06
-1.31845e-07
-1.64347e-06
-6.60677e-08
-1.60746e-06
-2.30837e-08
-1.6002e-06
7.23116e-09
-1.61459e-06
3.07323e-08
-1.64701e-06
5.09828e-08
-1.69608e-06
7.03476e-08
-1.76211e-06
9.06343e-08
-1.84685e-06
1.13516e-07
-1.95367e-06
1.40877e-07
-2.08795e-06
1.75211e-07
-2.2581e-06
2.20203e-07
-2.4773e-06
2.81752e-07
-2.76691e-06
3.69952e-07
-3.16307e-06
5.03169e-07
-3.72949e-06
7.16916e-07
-4.57831e-06
1.08398e-06
-5.78594e-06
1.75998e-06
-2.00022e-06
3.0405e-06
4.89647e-07
3.2101e-06
8.66961e-07
2.72645e-06
5.39212e-07
2.28669e-06
2.0646e-06
-1.213e-06
-1.64107e-05
-1.60299e-06
-1.24089e-06
-1.41995e-06
-1.78861e-07
-1.29295e-06
-1.21444e-07
-1.20419e-06
-8.23297e-08
-1.14121e-06
-5.57356e-08
-1.09579e-06
-3.73313e-08
-1.06242e-06
-2.44061e-08
-1.03721e-06
-1.52937e-08
-1.01725e-06
-9.03356e-09
-1.00007e-06
-5.19446e-09
-9.83267e-07
-3.8275e-09
-9.63983e-07
-5.55359e-09
-9.38314e-07
-1.18411e-08
-9.0026e-07
-2.56165e-08
-8.39851e-07
-5.25285e-08
-1.35394e-06
-1.03569e-07
-1.41875e-06
-6.70404e-08
-1.45427e-06
-3.05495e-08
-1.48042e-06
3.07342e-09
-1.50696e-06
3.37644e-08
-1.53874e-06
6.25173e-08
-1.57844e-06
9.06854e-08
-1.62785e-06
1.19752e-07
-1.68854e-06
1.51324e-07
-1.76226e-06
1.87237e-07
-1.85113e-06
2.29751e-07
-1.95776e-06
2.81836e-07
-2.08517e-06
3.47608e-07
-2.23638e-06
4.32967e-07
-2.41295e-06
5.46525e-07
-2.6106e-06
7.00817e-07
-2.80701e-06
9.13325e-07
-2.9281e-06
1.20507e-06
-2.75643e-06
1.58832e-06
-1.73082e-06
2.01488e-06
-7.33053e-07
2.21233e-06
-1.98422e-07
2.19181e-06
-1.43805e-08
2.10265e-06
2.05022e-06
-7.37419e-07
-1.56038e-05
-8.70297e-07
-1.10802e-06
-9.52779e-07
-9.63792e-08
-9.91474e-07
-8.2749e-08
-1.00641e-06
-6.73979e-08
-1.00926e-06
-5.28781e-08
-1.00658e-06
-4.00155e-08
-1.00194e-06
-2.90482e-08
-9.97271e-07
-1.99599e-08
-9.93644e-07
-1.266e-08
-9.9176e-07
-7.07901e-09
-9.92373e-07
-3.2144e-09
-9.96792e-07
-1.13435e-09
-1.00772e-06
-9.17428e-10
-1.03089e-06
-2.44259e-09
-1.07861e-06
-4.80505e-09
-1.17739e-06
-4.79125e-09
-1.25144e-06
7.00542e-09
-1.30789e-06
2.59007e-08
-1.35377e-06
4.8956e-08
-1.39465e-06
7.46486e-08
-1.4346e-06
1.02461e-07
-1.47647e-06
1.32562e-07
-1.52233e-06
1.65604e-07
-1.57364e-06
2.02634e-07
-1.63148e-06
2.45077e-07
-1.69652e-06
2.94793e-07
-1.76887e-06
3.54186e-07
-1.84761e-06
4.26348e-07
-1.92985e-06
5.15209e-07
-2.00892e-06
6.25593e-07
-2.07104e-06
7.62941e-07
-2.08986e-06
9.32143e-07
-2.01915e-06
1.13435e-06
-1.79082e-06
1.35999e-06
-1.3532e-06
1.57727e-06
-8.69018e-07
1.72814e-06
-4.78516e-07
1.80131e-06
-2.04039e-07
1.82817e-06
1.84618e-06
-7.08533e-07
-1.48316e-05
-7.87021e-07
-1.02953e-06
-8.32474e-07
-5.09269e-08
-8.68561e-07
-4.66613e-08
-8.95582e-07
-4.0377e-08
-9.15349e-07
-3.31115e-08
-9.29896e-07
-2.5468e-08
-9.41078e-07
-1.78666e-08
-9.50464e-07
-1.05738e-08
-9.59384e-07
-3.73963e-09
-9.69037e-07
2.57324e-09
-9.80628e-07
8.3773e-09
-9.95534e-07
1.37713e-08
-1.01544e-06
1.89842e-08
-1.04234e-06
2.44615e-08
-1.07814e-06
3.09919e-08
-1.12274e-06
3.98107e-08
-1.16812e-06
5.23899e-08
-1.21111e-06
6.88909e-08
-1.25118e-06
8.90244e-08
-1.28903e-06
1.12496e-07
-1.32577e-06
1.39204e-07
-1.36252e-06
1.69311e-07
-1.40018e-06
2.03261e-07
-1.43932e-06
2.41774e-07
-1.4801e-06
2.85856e-07
-1.52211e-06
3.36804e-07
-1.56414e-06
3.96217e-07
-1.60378e-06
4.65987e-07
-1.63679e-06
5.4822e-07
-1.65623e-06
6.45033e-07
-1.65135e-06
7.58065e-07
-1.60676e-06
8.87551e-07
-1.50315e-06
1.03074e-06
-1.32296e-06
1.17981e-06
-1.06622e-06
1.32053e-06
-7.73722e-07
1.43564e-06
-4.90377e-07
1.51797e-06
-2.35126e-07
1.57292e-06
1.61106e-06
-6.97999e-07
-1.40733e-05
-7.64287e-07
-9.6324e-07
-7.91288e-07
-2.39256e-08
-8.1657e-07
-2.13791e-08
-8.39287e-07
-1.76602e-08
-8.59336e-07
-1.3063e-08
-8.77015e-07
-7.78892e-09
-8.92861e-07
-2.02057e-09
-9.07533e-07
4.09904e-09
-9.21751e-07
1.04777e-08
-9.36258e-07
1.70807e-08
-9.51819e-07
2.39383e-08
-9.69204e-07
3.11561e-08
-9.89151e-07
3.89307e-08
-1.01226e-06
4.75679e-08
-1.03876e-06
5.74915e-08
-1.06817e-06
6.92201e-08
-1.09905e-06
8.32729e-08
-1.13016e-06
1.00001e-07
-1.16075e-06
1.19613e-07
-1.19052e-06
1.42266e-07
-1.21945e-06
1.68141e-07
-1.24765e-06
1.97504e-07
-1.27513e-06
2.30745e-07
-1.30176e-06
2.68398e-07
-1.32705e-06
3.11146e-07
-1.35006e-06
3.59817e-07
-1.3692e-06
4.15355e-07
-1.38198e-06
4.78768e-07
-1.38477e-06
5.51008e-07
-1.3725e-06
6.32772e-07
-1.33861e-06
7.24169e-07
-1.2753e-06
8.24242e-07
-1.17493e-06
9.3037e-07
-1.03292e-06
1.0378e-06
-8.52198e-07
1.13981e-06
-6.45886e-07
1.22933e-06
-4.29908e-07
1.30199e-06
-2.14238e-07
1.35725e-06
1.39682e-06
-6.87725e-07
-1.33277e-05
-7.49028e-07
-9.01937e-07
-7.67928e-07
-5.02527e-09
-7.86619e-07
-2.68818e-09
-8.04664e-07
3.84637e-10
-8.21879e-07
4.15214e-09
-8.38243e-07
8.57514e-09
-8.53873e-07
1.36099e-08
-8.68995e-07
1.92209e-08
-8.83909e-07
2.53917e-08
-8.98963e-07
3.21346e-08
-9.14523e-07
3.94986e-08
-9.30944e-07
4.75768e-08
-9.48527e-07
5.65132e-08
-9.67464e-07
6.65052e-08
-9.87774e-07
7.78012e-08
-1.00924e-06
9.06869e-08
-1.03143e-06
1.0546e-07
-1.05382e-06
1.22397e-07
-1.07596e-06
1.41753e-07
-1.09746e-06
1.63765e-07
-1.118e-06
1.88682e-07
-1.13728e-06
2.16784e-07
-1.15494e-06
2.484e-07
-1.17046e-06
2.83922e-07
-1.18312e-06
3.238e-07
-1.19183e-06
3.68529e-07
-1.19509e-06
4.1862e-07
-1.19087e-06
4.74542e-07
-1.17649e-06
5.3663e-07
-1.14866e-06
6.04946e-07
-1.1036e-06
6.79104e-07
-1.0374e-06
7.58041e-07
-9.46853e-07
8.39826e-07
-8.30627e-07
9.21572e-07
-6.90483e-07
9.99663e-07
-5.31532e-07
1.07038e-06
-3.60319e-07
1.13078e-06
-1.82202e-07
1.17914e-06
1.21461e-06
-6.77048e-07
-1.2595e-05
-7.3511e-07
-8.43874e-07
-7.49411e-07
9.27492e-09
-7.63832e-07
1.17332e-08
-7.78166e-07
1.47186e-08
-7.92309e-07
1.82947e-08
-8.06211e-07
2.24776e-08
-8.19882e-07
2.72813e-08
-8.33384e-07
3.27228e-08
-8.4682e-07
3.88277e-08
-8.60322e-07
4.56365e-08
-8.74033e-07
5.32091e-08
-8.88086e-07
6.163e-08
-9.02584e-07
7.10109e-08
-9.17571e-07
8.14922e-08
-9.33011e-07
9.32419e-08
-9.48775e-07
1.0645e-07
-9.64638e-07
1.21323e-07
-9.80312e-07
1.38072e-07
-9.95471e-07
1.56911e-07
-1.00977e-06
1.7806e-07
-1.02283e-06
2.01743e-07
-1.03424e-06
2.28198e-07
-1.04352e-06
2.57682e-07
-1.05007e-06
2.90468e-07
-1.05311e-06
3.26841e-07
-1.05166e-06
3.67081e-07
-1.04448e-06
4.11436e-07
-1.03001e-06
4.60078e-07
-1.00643e-06
5.13045e-07
-9.71635e-07
5.70153e-07
-9.23439e-07
6.30908e-07
-8.59803e-07
6.94405e-07
-7.79241e-07
7.59264e-07
-6.81294e-07
8.23625e-07
-5.66909e-07
8.85278e-07
-4.38443e-07
9.41911e-07
-2.99087e-07
9.9142e-07
-1.52043e-07
1.03209e-06
1.06257e-06
-6.65916e-07
-1.18754e-05
-7.21364e-07
-7.88425e-07
-7.32381e-07
2.02917e-08
-7.43571e-07
2.29236e-08
-7.54828e-07
2.59757e-08
-7.66095e-07
2.95613e-08
-7.77331e-07
3.3714e-08
-7.88518e-07
3.8468e-08
-7.99656e-07
4.38609e-08
-8.10764e-07
4.99356e-08
-8.21871e-07
5.67438e-08
-8.33011e-07
6.43485e-08
-8.44207e-07
7.28265e-08
-8.55467e-07
8.22704e-08
-8.66764e-07
9.27894e-08
-8.78031e-07
1.04509e-07
-8.8915e-07
1.17569e-07
-8.99951e-07
1.32124e-07
-9.10213e-07
1.48334e-07
-9.19671e-07
1.66369e-07
-9.28015e-07
1.86404e-07
-9.3489e-07
2.08618e-07
-9.39885e-07
2.33193e-07
-9.42516e-07
2.60314e-07
-9.42211e-07
2.90163e-07
-9.38281e-07
3.22911e-07
-9.29904e-07
3.58704e-07
-9.16106e-07
3.97638e-07
-8.95763e-07
4.39735e-07
-8.67618e-07
4.84899e-07
-8.30338e-07
5.32873e-07
-7.82615e-07
5.83185e-07
-7.23319e-07
6.3511e-07
-6.51696e-07
6.8764e-07
-5.67571e-07
7.395e-07
-4.71496e-07
7.89203e-07
-3.64752e-07
8.35167e-07
-2.49168e-07
8.75836e-07
-1.26854e-07
9.09779e-07
9.35718e-07
-6.54436e-07
-1.11693e-05
-7.07533e-07
-7.35328e-07
-7.1583e-07
2.85881e-08
-7.24289e-07
3.13825e-08
-7.32846e-07
3.45329e-08
-7.41461e-07
3.81769e-08
-7.501e-07
4.23525e-08
-7.58732e-07
4.70999e-08
-7.67334e-07
5.24626e-08
-7.75886e-07
5.8488e-08
-7.84372e-07
6.52298e-08
-7.92772e-07
7.27484e-08
-8.01059e-07
8.11131e-08
-8.09191e-07
9.04025e-08
-8.17107e-07
1.00705e-07
-8.24718e-07
1.12121e-07
-8.31906e-07
1.24757e-07
-8.38514e-07
1.38732e-07
-8.44349e-07
1.54169e-07
-8.49177e-07
1.71198e-07
-8.52724e-07
1.89951e-07
-8.5467e-07
2.10563e-07
-8.54641e-07
2.33164e-07
-8.5221e-07
2.57882e-07
-8.46877e-07
2.84831e-07
-8.38071e-07
3.14105e-07
-8.25134e-07
3.45767e-07
-8.07328e-07
3.79832e-07
-7.83841e-07
4.16248e-07
-7.53812e-07
4.5487e-07
-7.16371e-07
4.95432e-07
-6.70711e-07
5.37525e-07
-6.16172e-07
5.8057e-07
-5.52344e-07
6.23813e-07
-4.79173e-07
6.66329e-07
-3.97026e-07
7.07056e-07
-3.06707e-07
7.44848e-07
-2.09405e-07
7.78533e-07
-1.06602e-07
8.06977e-07
8.29115e-07
-6.42549e-07
-1.04772e-05
-6.93416e-07
-6.84461e-07
-6.99342e-07
3.45144e-08
-7.05396e-07
3.7436e-08
-7.11534e-07
4.06709e-08
-7.17723e-07
4.43658e-08
-7.23928e-07
4.85584e-08
-7.30117e-07
5.32888e-08
-7.36255e-07
5.85999e-08
-7.42305e-07
6.45381e-08
-7.48229e-07
7.1154e-08
-7.53984e-07
7.85032e-08
-7.59517e-07
8.66467e-08
-7.64766e-07
9.56516e-08
-7.69652e-07
1.05591e-07
-7.74077e-07
1.16546e-07
-7.77921e-07
1.286e-07
-7.81035e-07
1.41846e-07
-7.83244e-07
1.56378e-07
-7.84339e-07
1.72293e-07
-7.84079e-07
1.8969e-07
-7.82182e-07
2.08666e-07
-7.78327e-07
2.2931e-07
-7.7215e-07
2.51705e-07
-7.63238e-07
2.75918e-07
-7.51128e-07
3.01995e-07
-7.3531e-07
3.29949e-07
-7.1523e-07
3.59751e-07
-6.90299e-07
3.91317e-07
-6.59919e-07
4.2449e-07
-6.23512e-07
4.59025e-07
-5.80561e-07
4.94574e-07
-5.30666e-07
5.30675e-07
-4.736e-07
5.66747e-07
-4.09366e-07
6.02095e-07
-3.38239e-07
6.35929e-07
-2.6078e-07
6.67388e-07
-1.77827e-07
6.95581e-07
-9.04678e-08
7.19617e-07
7.38648e-07
-6.3025e-07
-9.79937e-06
-6.78963e-07
-6.35748e-07
-6.82777e-07
3.83286e-08
-6.86679e-07
4.13377e-08
-6.90638e-07
4.46297e-08
-6.94622e-07
4.83505e-08
-6.98599e-07
5.25353e-08
-7.02532e-07
5.72217e-08
-7.06382e-07
6.24495e-08
-7.10105e-07
6.82616e-08
-7.13655e-07
7.47038e-08
-7.16977e-07
8.18255e-08
-7.2001e-07
8.96796e-08
-7.22682e-07
9.83232e-08
-7.24908e-07
1.07817e-07
-7.26588e-07
1.18226e-07
-7.27605e-07
1.29618e-07
-7.27822e-07
1.42063e-07
-7.27078e-07
1.55634e-07
-7.25189e-07
1.70404e-07
-7.21943e-07
1.86444e-07
-7.17099e-07
2.03822e-07
-7.10387e-07
2.22597e-07
-7.01502e-07
2.42821e-07
-6.90111e-07
2.64527e-07
-6.75847e-07
2.87731e-07
-6.58315e-07
3.12417e-07
-6.37099e-07
3.38535e-07
-6.11772e-07
3.6599e-07
-5.81912e-07
3.9463e-07
-5.47125e-07
4.24238e-07
-5.07072e-07
4.54521e-07
-4.61505e-07
4.85108e-07
-4.10299e-07
5.15541e-07
-3.53487e-07
5.45284e-07
-2.91289e-07
5.73731e-07
-2.24125e-07
6.00224e-07
-1.52616e-07
6.24072e-07
-7.75771e-08
6.44578e-07
6.61071e-07
-6.17533e-07
-9.13637e-06
-6.64153e-07
-5.89128e-07
-6.66079e-07
4.02546e-08
-6.68055e-07
4.33142e-08
-6.7006e-07
4.66338e-08
-6.72061e-07
5.03522e-08
-6.74027e-07
5.45014e-08
-6.75921e-07
5.91154e-08
-6.77702e-07
6.42303e-08
-6.79325e-07
6.98843e-08
-6.80739e-07
7.61181e-08
-6.81888e-07
8.29745e-08
-6.82707e-07
9.04991e-08
-6.83124e-07
9.87398e-08
-6.83054e-07
1.07747e-07
-6.82401e-07
1.17573e-07
-6.81055e-07
1.28271e-07
-6.78889e-07
1.39898e-07
-6.75762e-07
1.52507e-07
-6.71509e-07
1.66152e-07
-6.6595e-07
1.80884e-07
-6.58878e-07
1.9675e-07
-6.50069e-07
2.13788e-07
-6.39273e-07
2.32025e-07
-6.26222e-07
2.51476e-07
-6.10626e-07
2.72135e-07
-5.92181e-07
2.93972e-07
-5.70574e-07
3.16928e-07
-5.4549e-07
3.40907e-07
-5.16629e-07
3.65769e-07
-4.83717e-07
3.91325e-07
-4.46527e-07
4.17331e-07
-4.04902e-07
4.43483e-07
-3.58777e-07
4.69416e-07
-3.08202e-07
4.94708e-07
-2.53356e-07
5.18885e-07
-1.94565e-07
5.41433e-07
-1.32304e-07
5.61811e-07
-6.71961e-08
5.7947e-07
5.93874e-07
-6.04405e-07
-8.4886e-06
-6.48984e-07
-5.44549e-07
-6.49227e-07
4.04983e-08
-6.49489e-07
4.35758e-08
-6.49752e-07
4.68965e-08
-6.49987e-07
5.05871e-08
-6.50161e-07
5.46762e-08
-6.5024e-07
5.91942e-08
-6.50183e-07
6.41731e-08
-6.49945e-07
6.96465e-08
-6.49477e-07
7.56498e-08
-6.48722e-07
8.22198e-08
-6.47619e-07
8.93954e-08
-6.46095e-07
9.72164e-08
-6.44073e-07
1.05724e-07
-6.41461e-07
1.14961e-07
-6.3816e-07
1.2497e-07
-6.34057e-07
1.35794e-07
-6.29024e-07
1.47473e-07
-6.2292e-07
1.60048e-07
-6.15589e-07
1.73554e-07
-6.0686e-07
1.88021e-07
-5.96544e-07
2.03472e-07
-5.8444e-07
2.19921e-07
-5.7033e-07
2.37366e-07
-5.53987e-07
2.55792e-07
-5.35175e-07
2.7516e-07
-5.13657e-07
2.9541e-07
-4.892e-07
3.1645e-07
-4.61585e-07
3.38154e-07
-4.3062e-07
3.6036e-07
-3.96149e-07
3.82861e-07
-3.58074e-07
4.05408e-07
-3.16365e-07
4.27706e-07
-2.71074e-07
4.49418e-07
-2.22354e-07
4.70165e-07
-1.70462e-07
4.89542e-07
-1.15768e-07
5.07117e-07
-5.87515e-08
5.22454e-07
5.35123e-07
-5.90867e-07
-7.8565e-06
-6.33451e-07
-5.01965e-07
-6.32204e-07
3.92511e-08
-6.30949e-07
4.23206e-08
-6.29673e-07
4.56207e-08
-6.28349e-07
4.9263e-08
-6.26946e-07
5.32732e-08
-6.2543e-07
5.7678e-08
-6.23762e-07
6.25055e-08
-6.21901e-07
6.7785e-08
-6.19798e-07
7.35468e-08
-6.174e-07
7.98227e-08
-6.1465e-07
8.6645e-08
-6.11481e-07
9.40472e-08
-6.0782e-07
1.02063e-07
-6.03585e-07
1.10727e-07
-5.98686e-07
1.20072e-07
-5.93023e-07
1.30131e-07
-5.86485e-07
1.40935e-07
-5.7895e-07
1.52513e-07
-5.70285e-07
1.6489e-07
-5.60347e-07
1.78083e-07
-5.48981e-07
1.92106e-07
-5.3602e-07
2.0696e-07
-5.21291e-07
2.22637e-07
-5.04614e-07
2.39115e-07
-4.85806e-07
2.56352e-07
-4.64684e-07
2.74289e-07
-4.41074e-07
2.9284e-07
-4.14816e-07
3.11896e-07
-3.8577e-07
3.31314e-07
-3.53831e-07
3.50922e-07
-3.18935e-07
3.70512e-07
-2.81072e-07
3.89843e-07
-2.40295e-07
4.08641e-07
-1.96732e-07
4.26602e-07
-1.50589e-07
4.43398e-07
-1.02155e-07
4.58683e-07
-5.18069e-08
4.72106e-07
4.83316e-07
-5.76905e-07
-7.24056e-06
-6.17537e-07
-4.61333e-07
-6.1498e-07
3.66941e-08
-6.12395e-07
3.97358e-08
-6.09773e-07
4.2998e-08
-6.07086e-07
4.65768e-08
-6.04308e-07
5.04949e-08
-6.01406e-07
5.47757e-08
-5.98344e-07
5.94435e-08
-5.95083e-07
6.45239e-08
-5.91578e-07
7.00427e-08
-5.87783e-07
7.60267e-08
-5.83641e-07
8.25033e-08
-5.79093e-07
8.94998e-08
-5.74074e-07
9.7044e-08
-5.68511e-07
1.05163e-07
-5.62323e-07
1.13883e-07
-5.55422e-07
1.2323e-07
-5.47713e-07
1.33226e-07
-5.39091e-07
1.43891e-07
-5.29444e-07
1.55242e-07
-5.1865e-07
1.6729e-07
-5.06583e-07
1.80038e-07
-4.93106e-07
1.93483e-07
-4.7808e-07
2.07611e-07
-4.61361e-07
2.22396e-07
-4.42805e-07
2.37797e-07
-4.22273e-07
2.53756e-07
-3.9963e-07
2.70198e-07
-3.74758e-07
2.87023e-07
-3.47554e-07
3.04111e-07
-3.17946e-07
3.21314e-07
-2.85893e-07
3.38458e-07
-2.51395e-07
3.55345e-07
-2.14503e-07
3.71749e-07
-1.75322e-07
3.87421e-07
-1.34019e-07
4.02095e-07
-9.08239e-08
4.15488e-07
-4.60318e-08
4.27313e-07
4.37284e-07
-5.62503e-07
-6.64127e-06
-6.01219e-07
-4.22617e-07
-5.97521e-07
3.29961e-08
-5.9378e-07
3.59945e-08
-5.89988e-07
3.92063e-08
-5.86123e-07
4.27113e-08
-5.82158e-07
4.65295e-08
-5.78063e-07
5.06812e-08
-5.73807e-07
5.51876e-08
-5.69354e-07
6.00704e-08
-5.64663e-07
6.53519e-08
-5.59691e-07
7.10545e-08
-5.54388e-07
7.7201e-08
-5.48702e-07
8.38139e-08
-5.42574e-07
9.09157e-08
-5.35939e-07
9.85279e-08
-5.28727e-07
1.06671e-07
-5.20861e-07
1.15364e-07
-5.12259e-07
1.24624e-07
-5.02831e-07
1.34464e-07
-4.92484e-07
1.44895e-07
-4.81115e-07
1.55921e-07
-4.68618e-07
1.67541e-07
-4.54882e-07
1.79748e-07
-4.39795e-07
1.92524e-07
-4.23241e-07
2.05842e-07
-4.05106e-07
2.19662e-07
-3.8528e-07
2.3393e-07
-3.63662e-07
2.48579e-07
-3.4016e-07
2.63521e-07
-3.147e-07
2.7865e-07
-2.87228e-07
2.93842e-07
-2.5772e-07
3.0895e-07
-2.26181e-07
3.23807e-07
-1.92657e-07
3.38225e-07
-1.57235e-07
3.52e-07
-1.2005e-07
3.6491e-07
-8.12859e-08
3.76724e-07
-4.11752e-08
3.87203e-07
3.96109e-07
-5.47642e-07
-6.05915e-06
-5.8447e-07
-3.85789e-07
-5.79783e-07
2.83095e-08
-5.75043e-07
3.12548e-08
-5.70245e-07
3.44081e-08
-5.65368e-07
3.78338e-08
-5.60387e-07
4.15491e-08
-5.55278e-07
4.55719e-08
-5.50011e-07
4.99203e-08
-5.44553e-07
5.4613e-08
-5.3887e-07
5.96687e-08
-5.32922e-07
6.51063e-08
-5.26666e-07
7.09444e-08
-5.20053e-07
7.72017e-08
-5.13034e-07
8.3896e-08
-5.0555e-07
9.10443e-08
-4.97541e-07
9.86623e-08
-4.88941e-07
1.06764e-07
-4.79679e-07
1.15362e-07
-4.69678e-07
1.24464e-07
-4.58859e-07
1.34075e-07
-4.47136e-07
1.44198e-07
-4.34422e-07
1.54827e-07
-4.20624e-07
1.6595e-07
-4.05651e-07
1.7755e-07
-3.89409e-07
1.896e-07
-3.71807e-07
2.0206e-07
-3.52759e-07
2.14883e-07
-3.32185e-07
2.28005e-07
-3.10015e-07
2.4135e-07
-2.86192e-07
2.54828e-07
-2.60678e-07
2.68328e-07
-2.33456e-07
2.81728e-07
-2.04536e-07
2.94886e-07
-1.73956e-07
3.07645e-07
-1.41789e-07
3.19833e-07
-1.08144e-07
3.31265e-07
-7.31674e-08
3.41747e-07
-3.70449e-08
3.5108e-07
3.59064e-07
-5.32285e-07
-5.49478e-06
-5.67245e-07
-3.50829e-07
-5.61708e-07
2.27733e-08
-5.56113e-07
2.56594e-08
-5.50455e-07
2.87503e-08
-5.44717e-07
3.20953e-08
-5.38877e-07
3.57094e-08
-5.32913e-07
3.96081e-08
-5.268e-07
4.38068e-08
-5.20508e-07
4.83214e-08
-5.14007e-07
5.31675e-08
-5.07261e-07
5.8361e-08
-5.00234e-07
6.3917e-08
-4.92883e-07
6.98506e-08
-4.85163e-07
7.61758e-08
-4.77024e-07
8.2906e-08
-4.68415e-07
9.00528e-08
-4.59277e-07
9.76263e-08
-4.4955e-07
1.05634e-07
-4.39169e-07
1.14082e-07
-4.28065e-07
1.22972e-07
-4.16168e-07
1.32301e-07
-4.03403e-07
1.42062e-07
-3.89695e-07
1.52242e-07
-3.74968e-07
1.62823e-07
-3.59145e-07
1.73777e-07
-3.42154e-07
1.85069e-07
-3.23925e-07
1.96653e-07
-3.04393e-07
2.08473e-07
-2.83505e-07
2.20462e-07
-2.61217e-07
2.3254e-07
-2.37501e-07
2.44612e-07
-2.12345e-07
2.56572e-07
-1.85759e-07
2.683e-07
-1.57775e-07
2.79662e-07
-1.28454e-07
2.90511e-07
-9.78825e-08
3.00694e-07
-6.61795e-08
3.10044e-07
-3.34927e-08
3.18394e-07
3.25571e-07
-5.16395e-07
-4.94877e-06
-5.49494e-07
-3.1773e-07
-5.4323e-07
1.65091e-08
-5.36905e-07
1.93347e-08
-5.30518e-07
2.23634e-08
-5.24054e-07
2.56308e-08
-5.17494e-07
2.91496e-08
-5.10819e-07
3.29331e-08
-5.04007e-07
3.69946e-08
-4.97033e-07
4.13472e-08
-4.89869e-07
4.6004e-08
-4.82486e-07
5.09779e-08
-4.74851e-07
5.62813e-08
-4.66926e-07
6.1926e-08
-4.58673e-07
6.7923e-08
-4.50049e-07
7.42821e-08
-4.41008e-07
8.10119e-08
-4.31501e-07
8.81191e-08
-4.21475e-07
9.56086e-08
-4.10875e-07
1.03482e-07
-3.99643e-07
1.1174e-07
-3.87718e-07
1.20376e-07
-3.75038e-07
1.29382e-07
-3.61541e-07
1.38745e-07
-3.47161e-07
1.48444e-07
-3.31838e-07
1.58454e-07
-3.15511e-07
1.68741e-07
-2.98122e-07
1.79265e-07
-2.79622e-07
1.89973e-07
-2.59966e-07
2.00806e-07
-2.3912e-07
2.11694e-07
-2.17062e-07
2.22554e-07
-1.93784e-07
2.33294e-07
-1.69295e-07
2.43811e-07
-1.43621e-07
2.53988e-07
-1.16813e-07
2.63703e-07
-8.89397e-08
2.72821e-07
-6.0097e-08
2.81201e-07
-3.04031e-08
2.887e-07
2.95168e-07
-4.99925e-07
-4.42181e-06
-5.31157e-07
-2.86498e-07
-5.24268e-07
9.62033e-09
-5.17323e-07
1.23902e-08
-5.10322e-07
1.53623e-08
-5.03251e-07
1.85596e-08
-4.96095e-07
2.19934e-08
-4.88837e-07
2.5675e-08
-4.81458e-07
2.96156e-08
-4.73937e-07
3.38261e-08
-4.6625e-07
3.83174e-08
-4.58372e-07
4.30996e-08
-4.50273e-07
4.81825e-08
-4.41922e-07
5.35753e-08
-4.33285e-07
5.92859e-08
-4.24325e-07
6.53217e-08
-4.15001e-07
7.16881e-08
-4.05271e-07
7.83894e-08
-3.9509e-07
8.54275e-08
-3.8441e-07
9.28023e-08
-3.73181e-07
1.00511e-07
-3.61351e-07
1.08546e-07
-3.48869e-07
1.16899e-07
-3.35679e-07
1.25555e-07
-3.2173e-07
1.34494e-07
-3.06968e-07
1.43692e-07
-2.91343e-07
1.53117e-07
-2.7481e-07
1.62731e-07
-2.57325e-07
1.72488e-07
-2.38853e-07
1.82335e-07
-2.19367e-07
1.92208e-07
-1.98848e-07
2.02036e-07
-1.77291e-07
2.11737e-07
-1.54703e-07
2.21222e-07
-1.31105e-07
2.30391e-07
-1.06538e-07
2.39136e-07
-8.10586e-08
2.47341e-07
-5.47426e-08
2.54885e-07
-2.76852e-08
2.61642e-07
2.67483e-07
-4.82775e-07
-3.91475e-06
-5.12123e-07
-2.5715e-07
-5.04709e-07
2.20631e-09
-4.97246e-07
4.92751e-09
-4.89735e-07
7.85087e-09
-4.82164e-07
1.09889e-08
-4.74522e-07
1.43515e-08
-4.66795e-07
1.79482e-08
-4.58968e-07
2.17881e-08
-4.51022e-07
2.58802e-08
-4.42938e-07
3.02329e-08
-4.34692e-07
3.48542e-08
-4.26261e-07
3.97513e-08
-4.17617e-07
4.49308e-08
-4.08729e-07
5.03983e-08
-3.99566e-07
5.61584e-08
-3.90092e-07
6.22142e-08
-3.8027e-07
6.85675e-08
-3.7006e-07
7.52181e-08
-3.59422e-07
8.21638e-08
-3.48311e-07
8.93999e-08
-3.36683e-07
9.69187e-08
-3.24493e-07
1.04709e-07
-3.11695e-07
1.12757e-07
-2.98243e-07
1.21043e-07
-2.84094e-07
1.29542e-07
-2.69203e-07
1.38227e-07
-2.53534e-07
1.47061e-07
-2.37049e-07
1.56004e-07
-2.1972e-07
1.65006e-07
-2.01523e-07
1.74011e-07
-1.82444e-07
1.82956e-07
-1.62477e-07
1.9177e-07
-1.41628e-07
2.00373e-07
-1.19914e-07
2.08677e-07
-9.73682e-08
2.16589e-07
-7.4035e-08
2.24008e-07
-4.99759e-08
2.30826e-07
-2.52672e-08
2.36933e-07
2.42216e-07
-4.64947e-07
-3.42841e-06
-4.92292e-07
-2.29804e-07
-4.84441e-07
-5.64513e-09
-4.76548e-07
-2.96568e-09
-4.68616e-07
-8.12114e-11
-4.60638e-07
3.01177e-09
-4.52608e-07
6.32108e-09
-4.44514e-07
9.85419e-09
-4.36344e-07
1.36182e-08
-4.28084e-07
1.76198e-08
-4.19716e-07
2.18651e-08
-4.11221e-07
2.63596e-08
-4.02578e-07
3.11082e-08
-3.93762e-07
3.6115e-08
-3.84747e-07
4.13833e-08
-3.75504e-07
4.69153e-08
-3.66002e-07
5.27119e-08
-3.56207e-07
5.87727e-08
-3.46085e-07
6.50958e-08
-3.35598e-07
7.16771e-08
-3.24709e-07
7.85107e-08
-3.13378e-07
8.55878e-08
-3.01566e-07
9.2897e-08
-2.89232e-07
1.00423e-07
-2.76338e-07
1.08148e-07
-2.62845e-07
1.16049e-07
-2.48716e-07
1.24098e-07
-2.33918e-07
1.32264e-07
-2.18422e-07
1.40507e-07
-2.02201e-07
1.48784e-07
-1.85235e-07
1.57046e-07
-1.67513e-07
1.65234e-07
-1.49028e-07
1.73286e-07
-1.29786e-07
1.8113e-07
-1.09799e-07
1.88691e-07
-8.90939e-08
1.95884e-07
-6.77061e-08
2.0262e-07
-4.56851e-08
2.08805e-07
-2.3092e-08
2.1434e-07
2.19124e-07
-4.46259e-07
-2.96374e-06
-4.71617e-07
-2.04447e-07
-4.63369e-07
-1.38927e-08
-4.551e-07
-1.12351e-08
-4.46812e-07
-8.36906e-09
-4.38502e-07
-5.29784e-09
-4.30166e-07
-2.01568e-09
-4.21794e-07
1.48278e-09
-4.13378e-07
5.20232e-09
-4.04906e-07
9.14721e-09
-3.96362e-07
1.33211e-08
-3.87729e-07
1.77272e-08
-3.78989e-07
2.23677e-08
-3.70118e-07
2.72446e-08
-3.61094e-07
3.23586e-08
-3.51888e-07
3.77097e-08
-3.42473e-07
4.32969e-08
-3.32818e-07
4.91181e-08
-3.22892e-07
5.51694e-08
-3.12661e-07
6.14457e-08
-3.0209e-07
6.79397e-08
-2.91144e-07
7.46422e-08
-2.79788e-07
8.15412e-08
-2.67987e-07
8.8622e-08
-2.55705e-07
9.58666e-08
-2.4291e-07
1.03254e-07
-2.29569e-07
1.10757e-07
-2.15652e-07
1.18347e-07
-2.01135e-07
1.2599e-07
-1.85995e-07
1.33644e-07
-1.70214e-07
1.41265e-07
-1.53781e-07
1.48801e-07
-1.36691e-07
1.56196e-07
-1.18947e-07
1.63386e-07
-1.00559e-07
1.70303e-07
-8.15474e-08
1.76873e-07
-6.19416e-08
1.83014e-07
-4.17807e-08
1.88644e-07
-2.11138e-08
1.93673e-07
1.9801e-07
-4.26628e-07
-2.5219e-06
-4.49913e-07
-1.81162e-07
-4.41305e-07
-2.25006e-08
-4.32703e-07
-1.98364e-08
-4.24114e-07
-1.6958e-08
-4.15537e-07
-1.38748e-08
-4.06969e-07
-1.05836e-08
-3.98405e-07
-7.08152e-09
-3.89836e-07
-3.3665e-09
-3.81252e-07
5.62986e-10
-3.72639e-07
4.70793e-09
-3.63981e-07
9.06873e-09
-3.55258e-07
1.36453e-08
-3.4645e-07
1.84368e-08
-3.37534e-07
2.3442e-08
-3.28483e-07
2.86589e-08
-3.19271e-07
3.40845e-08
-3.09868e-07
3.97151e-08
-3.00244e-07
4.55458e-08
-2.90368e-07
5.15701e-08
-2.80209e-07
5.77803e-08
-2.69733e-07
6.41666e-08
-2.58909e-07
7.07172e-08
-2.47705e-07
7.74175e-08
-2.36089e-07
8.42505e-08
-2.24031e-07
9.11958e-08
-2.11503e-07
9.82295e-08
-1.9848e-07
1.05324e-07
-1.84938e-07
1.12448e-07
-1.70858e-07
1.19564e-07
-1.56224e-07
1.26631e-07
-1.41026e-07
1.33603e-07
-1.25259e-07
1.40429e-07
-1.08925e-07
1.47052e-07
-9.20314e-08
1.5341e-07
-7.45943e-08
1.59436e-07
-5.66371e-08
1.65057e-07
-3.81911e-08
1.70198e-07
-1.92962e-08
1.74778e-07
1.78714e-07
-4.05873e-07
-2.10427e-06
-4.26952e-07
-1.60083e-07
-4.17994e-07
-3.14582e-08
-4.09091e-07
-2.87396e-08
-4.00247e-07
-2.58014e-08
-3.91465e-07
-2.26574e-08
-3.82741e-07
-1.9307e-08
-3.74072e-07
-1.57506e-08
-3.65449e-07
-1.19894e-08
-3.56862e-07
-8.02484e-09
-3.48294e-07
-3.85926e-09
-3.39731e-07
5.04863e-10
-3.3115e-07
5.06472e-09
-3.2253e-07
9.81721e-09
-3.13847e-07
1.47589e-08
-3.05075e-07
1.98861e-08
-2.96184e-07
2.51943e-08
-2.87148e-07
3.06787e-08
-2.77936e-07
3.63336e-08
-2.68518e-07
4.21519e-08
-2.58863e-07
4.81257e-08
-2.48942e-07
5.42453e-08
-2.38723e-07
6.0499e-08
-2.28179e-07
6.68731e-08
-2.1728e-07
7.33515e-08
-2.06e-07
7.99153e-08
-1.94312e-07
8.65423e-08
-1.82195e-07
9.3207e-08
-1.69628e-07
9.98802e-08
-1.56593e-07
1.06529e-07
-1.43077e-07
1.13115e-07
-1.2907e-07
1.19597e-07
-1.14569e-07
1.25927e-07
-9.95725e-08
1.32056e-07
-8.40878e-08
1.37925e-07
-6.8127e-08
1.43475e-07
-5.1709e-08
1.48639e-07
-3.48593e-08
1.53349e-07
-1.761e-08
1.57529e-07
1.61104e-07
-3.83588e-07
-1.71245e-06
-4.02321e-07
-1.4135e-07
-3.93041e-07
-4.07382e-08
-3.83876e-07
-3.79048e-08
-3.74834e-07
-3.48433e-08
-3.65919e-07
-3.15724e-08
-3.5713e-07
-2.8096e-08
-3.48462e-07
-2.44193e-08
-3.39903e-07
-2.05477e-08
-3.31441e-07
-1.64872e-08
-3.23057e-07
-1.22438e-08
-3.14729e-07
-7.82306e-09
-3.06433e-07
-3.23052e-09
-2.98145e-07
1.52862e-09
-2.89835e-07
6.44935e-09
-2.81476e-07
1.15267e-08
-2.73037e-07
1.67557e-08
-2.64489e-07
2.21309e-08
-2.55802e-07
2.76464e-08
-2.46946e-07
3.32955e-08
-2.3789e-07
3.90705e-08
-2.28607e-07
4.49622e-08
-2.19068e-07
5.096e-08
-2.09246e-07
5.7051e-08
-1.99115e-07
6.32205e-08
-1.88651e-07
6.9451e-08
-1.77831e-07
7.57222e-08
-1.66635e-07
8.20108e-08
-1.55044e-07
8.82898e-08
-1.43045e-07
9.4529e-08
-1.30624e-07
1.00694e-07
-1.17774e-07
1.06746e-07
-1.0449e-07
1.12643e-07
-9.0772e-08
1.18338e-07
-7.66254e-08
1.23778e-07
-6.20601e-08
1.28909e-07
-4.70913e-08
1.3367e-07
-3.17398e-08
1.37997e-07
-1.60321e-08
1.41821e-07
1.45072e-07
-3.59387e-07
-1.3485e-06
-3.75558e-07
-1.25179e-07
-3.65957e-07
-5.03391e-08
-3.56562e-07
-4.72996e-08
-3.47385e-07
-4.40205e-08
-3.3843e-07
-4.0527e-08
-3.29695e-07
-3.68313e-08
-3.21168e-07
-3.29459e-08
-3.12833e-07
-2.88831e-08
-3.04666e-07
-2.46543e-08
-2.9664e-07
-2.02693e-08
-2.88727e-07
-1.57369e-08
-2.80893e-07
-1.10644e-08
-2.73106e-07
-6.2582e-09
-2.65333e-07
-1.3236e-09
-2.57541e-07
3.73454e-09
-2.49697e-07
8.91163e-09
-2.41769e-07
1.42031e-08
-2.33726e-07
1.96039e-08
-2.25539e-07
2.51084e-08
-2.17179e-07
3.07101e-08
-2.08618e-07
3.64011e-08
-1.9983e-07
4.21719e-08
-1.9079e-07
4.80113e-08
-1.81475e-07
5.39059e-08
-1.71864e-07
5.984e-08
-1.61937e-07
6.57951e-08
-1.51676e-07
7.17498e-08
-1.41066e-07
7.76797e-08
-1.30094e-07
8.35568e-08
-1.18749e-07
8.93496e-08
-1.07026e-07
9.50228e-08
-9.49196e-08
1.00537e-07
-8.24308e-08
1.05849e-07
-6.95636e-08
1.10911e-07
-5.63262e-08
1.15672e-07
-4.27315e-08
1.20076e-07
-2.87969e-08
1.24062e-07
-1.45442e-08
1.27569e-07
1.30528e-07
-3.32627e-07
-1.01498e-06
-3.4595e-07
-1.11855e-07
-3.36017e-07
-6.02725e-08
-3.26428e-07
-5.68884e-08
-3.17207e-07
-5.32412e-08
-3.08357e-07
-4.93771e-08
-2.99863e-07
-4.53258e-08
-2.91696e-07
-4.11129e-08
-2.8382e-07
-3.67593e-08
-2.76192e-07
-3.22816e-08
-2.68769e-07
-2.76922e-08
-2.61506e-07
-2.30004e-08
-2.54358e-07
-1.82128e-08
-2.47281e-07
-1.33342e-08
-2.40237e-07
-8.36775e-09
-2.33187e-07
-3.31593e-09
-2.26094e-07
1.81913e-09
-2.18926e-07
7.03519e-09
-2.11652e-07
1.23295e-08
-2.04242e-07
1.76987e-08
-1.9667e-07
2.31381e-08
-1.88911e-07
2.86416e-08
-1.80941e-07
3.42016e-08
-1.72738e-07
3.98086e-08
-1.64283e-07
4.5451e-08
-1.55558e-07
5.11145e-08
-1.46545e-07
5.67826e-08
-1.37231e-07
6.24359e-08
-1.27603e-07
6.80517e-08
-1.17651e-07
7.36044e-08
-1.07366e-07
7.90648e-08
-9.67434e-08
8.44002e-08
-8.57806e-08
8.95742e-08
-7.44781e-08
9.45465e-08
-6.28398e-08
9.92729e-08
-5.08731e-08
1.03705e-07
-3.85891e-08
1.07792e-07
-2.60025e-08
1.11476e-07
-1.3132e-08
1.14698e-07
1.17396e-07
-3.02938e-07
-7.15828e-07
-3.12631e-07
-1.02162e-07
-3.02136e-07
-7.07682e-08
-2.92351e-07
-6.66727e-08
-2.83253e-07
-6.2339e-08
-2.74788e-07
-5.78427e-08
-2.66882e-07
-5.3232e-08
-2.59454e-07
-4.85409e-08
-2.52421e-07
-4.37916e-08
-2.45706e-07
-3.89972e-08
-2.39233e-07
-3.41646e-08
-2.32937e-07
-2.92962e-08
-2.26759e-07
-2.43915e-08
-2.20645e-07
-1.94482e-08
-2.14549e-07
-1.44635e-08
-2.08431e-07
-9.43426e-09
-2.02254e-07
-4.3579e-09
-1.95986e-07
7.67465e-10
-1.89599e-07
5.94262e-09
-1.83067e-07
1.1167e-08
-1.76368e-07
1.64386e-08
-1.6948e-07
2.17534e-08
-1.62384e-07
2.71059e-08
-1.55063e-07
3.24881e-08
-1.47502e-07
3.78899e-08
-1.39687e-07
4.3299e-08
-1.31604e-07
4.87001e-08
-1.23244e-07
5.40754e-08
-1.14596e-07
5.9404e-08
-1.05654e-07
6.4662e-08
-9.64112e-08
6.98222e-08
-8.6865e-08
7.4854e-08
-7.70141e-08
7.97233e-08
-6.68599e-08
8.43923e-08
-5.64064e-08
8.88195e-08
-4.56606e-08
9.29595e-08
-3.46324e-08
9.67635e-08
-2.3335e-08
1.00178e-07
-1.17843e-08
1.03148e-07
1.05611e-07
-2.67228e-07
-4.56746e-07
-2.72377e-07
-9.7013e-08
-2.61469e-07
-8.16754e-08
-2.51982e-07
-7.61604e-08
-2.43695e-07
-7.06258e-08
-2.36382e-07
-6.51558e-08
-2.29832e-07
-5.97822e-08
-2.23861e-07
-5.45113e-08
-2.18317e-07
-4.93354e-08
-2.13075e-07
-4.42401e-08
-2.08031e-07
-3.92083e-08
-2.03105e-07
-3.42225e-08
-1.9823e-07
-2.92661e-08
-1.93354e-07
-2.43244e-08
-1.88433e-07
-1.93845e-08
-1.83432e-07
-1.44354e-08
-1.78321e-07
-9.46865e-09
-1.73076e-07
-4.47752e-09
-1.67676e-07
5.42363e-10
-1.62102e-07
5.59332e-09
-1.56339e-07
1.06755e-08
-1.50372e-07
1.5787e-08
-1.4419e-07
2.09234e-08
-1.3778e-07
2.60784e-08
-1.31133e-07
3.12429e-08
-1.2424e-07
3.64056e-08
-1.17092e-07
4.15525e-08
-1.09684e-07
4.66667e-08
-1.02008e-07
5.17286e-08
-9.40621e-08
5.67157e-08
-8.58421e-08
6.16022e-08
-7.73471e-08
6.6359e-08
-6.85776e-08
7.09539e-08
-5.95362e-08
7.53509e-08
-5.02274e-08
7.95106e-08
-4.06581e-08
8.33902e-08
-3.08375e-08
8.6943e-08
-2.07776e-08
9.01185e-08
-1.04927e-08
9.28629e-08
9.51185e-08
-2.18571e-07
-2.48312e-07
-2.18151e-07
-9.74325e-08
-2.08611e-07
-9.12159e-08
-2.01602e-07
-8.31689e-08
-1.96229e-07
-7.59989e-08
-1.91897e-07
-6.94885e-08
-1.88206e-07
-6.34729e-08
-1.8489e-07
-5.78276e-08
-1.81767e-07
-5.24585e-08
-1.78713e-07
-4.72934e-08
-1.75645e-07
-4.22765e-08
-1.72503e-07
-3.73644e-08
-1.69246e-07
-3.25233e-08
-1.65844e-07
-2.77262e-08
-1.62277e-07
-2.29522e-08
-1.58527e-07
-1.8185e-08
-1.54584e-07
-1.34119e-08
-1.50437e-07
-8.62396e-09
-1.4608e-07
-3.81482e-09
-1.41506e-07
1.01904e-09
-1.36709e-07
5.87864e-09
-1.31685e-07
1.07626e-08
-1.26428e-07
1.56672e-08
-1.20936e-07
2.05862e-08
-1.15204e-07
2.5511e-08
-1.09229e-07
3.04308e-08
-1.03009e-07
3.53317e-08
-9.65396e-08
4.01977e-08
-8.98206e-08
4.50096e-08
-8.28506e-08
4.97458e-08
-7.56296e-08
5.43812e-08
-6.81586e-08
5.8888e-08
-6.04399e-08
6.32351e-08
-5.2477e-08
6.7388e-08
-4.42753e-08
7.1309e-08
-3.58419e-08
7.49568e-08
-2.71856e-08
7.82866e-08
-1.83174e-08
8.12503e-08
-9.25042e-09
8.37959e-08
8.58681e-08
-1.30667e-07
-1.10137e-07
-1.31711e-07
-9.63883e-08
-1.35335e-07
-8.75922e-08
-1.38365e-07
-8.01384e-08
-1.40755e-07
-7.36093e-08
-1.42517e-07
-6.77264e-08
-1.43689e-07
-6.23004e-08
-1.44317e-07
-5.71994e-08
-1.44446e-07
-5.23295e-08
-1.44117e-07
-4.76224e-08
-1.43366e-07
-4.30273e-08
-1.42225e-07
-3.8506e-08
-1.40719e-07
-3.40289e-08
-1.38872e-07
-2.95734e-08
-1.36702e-07
-2.51221e-08
-1.34226e-07
-2.06614e-08
-1.31456e-07
-1.61816e-08
-1.28404e-07
-1.16756e-08
-1.2508e-07
-7.13903e-09
-1.21491e-07
-2.56998e-09
-1.17644e-07
2.0312e-09
-1.13543e-07
6.66197e-09
-1.09193e-07
1.13176e-08
-1.04598e-07
1.5991e-08
-9.97605e-08
2.06732e-08
-9.46822e-08
2.53525e-08
-8.93656e-08
3.00151e-08
-8.38124e-08
3.46445e-08
-7.80247e-08
3.92219e-08
-7.20044e-08
4.37255e-08
-6.57543e-08
4.8131e-08
-5.92773e-08
5.2411e-08
-5.25773e-08
5.65351e-08
-4.56592e-08
6.04699e-08
-3.85288e-08
6.41786e-08
-3.11934e-08
6.76214e-08
-2.36617e-08
7.07549e-08
-1.59439e-08
7.35325e-08
-8.05203e-09
7.59041e-08
7.7816e-08
-2.45503e-08
-7.23839e-08
-4.9214e-08
-7.17246e-08
-6.70621e-08
-6.97442e-08
-8.02031e-08
-6.69974e-08
-9.00031e-08
-6.38093e-08
-9.73615e-08
-6.0368e-08
-1.02882e-07
-5.67799e-08
-1.06978e-07
-5.31031e-08
-1.0994e-07
-4.93678e-08
-1.11975e-07
-4.55875e-08
-1.13235e-07
-4.17672e-08
-1.13835e-07
-3.79065e-08
-1.13861e-07
-3.40029e-08
-1.13381e-07
-3.00529e-08
-1.1245e-07
-2.60534e-08
-1.1111e-07
-2.20013e-08
-1.09396e-07
-1.7895e-08
-1.07338e-07
-1.37338e-08
-1.04959e-07
-9.51826e-09
-1.02279e-07
-5.25051e-09
-9.93132e-08
-9.34142e-10
-9.60768e-08
3.42559e-09
-9.2581e-08
7.82174e-09
-8.88355e-08
1.22455e-08
-8.48485e-08
1.66862e-08
-8.06272e-08
2.11312e-08
-7.61776e-08
2.55655e-08
-7.15052e-08
2.99722e-08
-6.6615e-08
3.43317e-08
-6.15117e-08
3.86222e-08
-5.61998e-08
4.28192e-08
-5.06842e-08
4.68954e-08
-4.497e-08
5.08209e-08
-3.9063e-08
5.45628e-08
-3.29694e-08
5.8085e-08
-2.66966e-08
6.13486e-08
-2.02529e-08
6.43113e-08
-1.36481e-08
6.69276e-08
-6.89292e-09
6.91489e-08
7.09231e-08
-8.65159e-09
-5.62672e-08
-2.36076e-08
-5.67685e-08
-3.68203e-08
-5.65316e-08
-4.81555e-08
-5.56621e-08
-5.76931e-08
-5.42717e-08
-6.56009e-08
-5.24602e-08
-7.20711e-08
-5.03097e-08
-7.72897e-08
-4.78846e-08
-8.14237e-08
-4.52338e-08
-8.46174e-08
-4.23938e-08
-8.69932e-08
-3.93914e-08
-8.86538e-08
-3.62459e-08
-8.96848e-08
-3.29719e-08
-9.01578e-08
-2.95799e-08
-9.01327e-08
-2.60784e-08
-8.96599e-08
-2.24742e-08
-8.87815e-08
-1.87734e-08
-8.75334e-08
-1.49819e-08
-8.59459e-08
-1.11057e-08
-8.40448e-08
-7.15163e-09
-8.1852e-08
-3.12696e-09
-7.93862e-08
9.59815e-10
-7.66635e-08
5.09902e-09
-7.36975e-08
9.27958e-09
-7.05002e-08
1.34889e-08
-6.70816e-08
1.77126e-08
-6.34506e-08
2.19346e-08
-5.96151e-08
2.61367e-08
-5.55821e-08
3.02986e-08
-5.13579e-08
3.4398e-08
-4.69486e-08
3.84099e-08
-4.23601e-08
4.23069e-08
-3.75983e-08
4.60591e-08
-3.26693e-08
4.96338e-08
-2.75796e-08
5.29953e-08
-2.23364e-08
5.61054e-08
-1.69475e-08
5.89224e-08
-1.14217e-08
6.14018e-08
-5.76881e-09
6.34961e-08
6.51543e-08
-4.52806e-09
-4.691e-08
-1.37702e-08
-4.75264e-08
-2.25736e-08
-4.77282e-08
-3.0717e-08
-4.75186e-08
-3.80718e-08
-4.6917e-08
-4.45804e-08
-4.59516e-08
-5.02357e-08
-4.46543e-08
-5.50632e-08
-4.30571e-08
-5.91073e-08
-4.11897e-08
-6.24222e-08
-3.90789e-08
-6.50658e-08
-3.67478e-08
-6.70953e-08
-3.42164e-08
-6.85654e-08
-3.15018e-08
-6.95265e-08
-2.86188e-08
-7.00249e-08
-2.55801e-08
-7.01019e-08
-2.23972e-08
-6.97945e-08
-1.90807e-08
-6.91357e-08
-1.56407e-08
-6.81544e-08
-1.20871e-08
-6.6876e-08
-8.43003e-09
-6.53229e-08
-4.68005e-09
-6.35147e-08
-8.48426e-10
-6.14683e-08
3.05269e-09
-5.91988e-08
7.01006e-09
-5.67191e-08
1.10092e-08
-5.40406e-08
1.5034e-08
-5.11731e-08
1.90671e-08
-4.81256e-08
2.30891e-08
-4.49059e-08
2.70789e-08
-4.1521e-08
3.10131e-08
-3.79775e-08
3.48664e-08
-3.42817e-08
3.86111e-08
-3.04396e-08
4.2217e-08
-2.64573e-08
4.56514e-08
-2.23409e-08
4.8879e-08
-1.80972e-08
5.18616e-08
-1.3733e-08
5.45582e-08
-9.25621e-09
5.6925e-08
-4.67537e-09
5.89152e-08
6.04789e-08
-2.70202e-09
-4.09544e-08
-8.67144e-09
-4.1557e-08
-1.45133e-08
-4.18863e-08
-2.01032e-08
-4.19288e-08
-2.53415e-08
-4.16787e-08
-3.01557e-08
-4.11374e-08
-3.4499e-08
-4.03111e-08
-3.83463e-08
-3.92097e-08
-4.16906e-08
-3.78455e-08
-4.45379e-08
-3.62316e-08
-4.69039e-08
-3.43817e-08
-4.88107e-08
-3.23096e-08
-5.02841e-08
-3.00285e-08
-5.13517e-08
-2.75511e-08
-5.20418e-08
-2.489e-08
-5.23821e-08
-2.20569e-08
-5.23989e-08
-1.90639e-08
-5.21172e-08
-1.59224e-08
-5.15599e-08
-1.26444e-08
-5.07481e-08
-9.24187e-09
-4.97007e-08
-5.7274e-09
-4.8435e-08
-2.11415e-09
-4.69662e-08
1.58391e-09
-4.5308e-08
5.35182e-09
-4.34723e-08
9.17353e-09
-4.147e-08
1.30317e-08
-3.93104e-08
1.69075e-08
-3.70019e-08
2.07807e-08
-3.45521e-08
2.4629e-08
-3.19676e-08
2.84287e-08
-2.92548e-08
3.21536e-08
-2.64193e-08
3.57757e-08
-2.34668e-08
3.92645e-08
-2.04027e-08
4.25873e-08
-1.72323e-08
4.57087e-08
-1.39615e-08
4.85907e-08
-1.05961e-08
5.11928e-08
-7.14262e-09
5.34715e-08
-3.60799e-09
5.53806e-08
5.6871e-08
-1.63133e-09
-3.72018e-08
-5.41145e-09
-3.77769e-08
-9.15212e-09
-3.81456e-08
-1.27883e-08
-3.82926e-08
-1.62612e-08
-3.82059e-08
-1.95207e-08
-3.78779e-08
-2.25275e-08
-3.73043e-08
-2.52528e-08
-3.64845e-08
-2.7678e-08
-3.54202e-08
-2.97938e-08
-3.41158e-08
-3.15981e-08
-3.25774e-08
-3.30952e-08
-3.08125e-08
-3.42939e-08
-2.88297e-08
-3.52066e-08
-2.66384e-08
-3.58477e-08
-2.42489e-08
-3.62327e-08
-2.16719e-08
-3.63779e-08
-1.89187e-08
-3.62995e-08
-1.60009e-08
-3.6013e-08
-1.29308e-08
-3.55335e-08
-9.72139e-09
-3.48748e-08
-6.38609e-09
-3.40498e-08
-2.93917e-09
-3.30702e-08
6.04298e-10
-3.19466e-08
4.22824e-09
-3.06886e-08
7.91554e-09
-2.93048e-08
1.16478e-08
-2.78027e-08
1.54054e-08
-2.61892e-08
1.91672e-08
-2.44705e-08
2.29103e-08
-2.2652e-08
2.66102e-08
-2.07388e-08
3.02404e-08
-1.87356e-08
3.37725e-08
-1.66468e-08
3.71757e-08
-1.44767e-08
4.04172e-08
-1.22297e-08
4.34616e-08
-9.90993e-09
4.6271e-08
-7.52206e-09
4.88049e-08
-5.07087e-09
5.10203e-08
-2.5616e-09
5.28713e-08
5.43094e-08
-8.83947e-10
-3.51133e-08
-2.9921e-09
-3.56687e-08
-5.08873e-09
-3.6049e-08
-7.14225e-09
-3.6239e-08
-9.12246e-09
-3.62257e-08
-1.10019e-08
-3.59984e-08
-1.27571e-08
-3.55492e-08
-1.43689e-08
-3.48726e-08
-1.58232e-08
-3.39659e-08
-1.71104e-08
-3.28287e-08
-1.82251e-08
-3.14627e-08
-1.9166e-08
-2.98716e-08
-1.99347e-08
-2.8061e-08
-2.05355e-08
-2.60377e-08
-2.09744e-08
-2.381e-08
-2.1259e-08
-2.13873e-08
-2.13975e-08
-1.87801e-08
-2.13987e-08
-1.59997e-08
-2.12714e-08
-1.30581e-08
-2.10242e-08
-9.96858e-09
-2.06654e-08
-6.74485e-09
-2.02029e-08
-3.40168e-09
-1.96439e-08
4.52873e-11
-1.89951e-08
3.5794e-09
-1.82625e-08
7.18292e-09
-1.74515e-08
1.08369e-08
-1.65673e-08
1.45212e-08
-1.5614e-08
1.8214e-08
-1.45958e-08
2.18921e-08
-1.35162e-08
2.55306e-08
-1.23786e-08
2.91027e-08
-1.11858e-08
3.25798e-08
-9.94093e-09
3.59308e-08
-8.64659e-09
3.91229e-08
-7.30552e-09
4.21205e-08
-5.92047e-09
4.48859e-08
-4.49427e-09
4.73787e-08
-3.02992e-09
4.9556e-08
-1.53065e-09
5.1372e-08
5.27787e-08
-2.80703e-10
-9.59434e-10
-1.63582e-09
-2.30037e-09
-2.94382e-09
-3.5575e-09
-4.13374e-09
-4.66609e-09
-5.14945e-09
-5.58015e-09
-5.95586e-09
-6.27549e-09
-6.53905e-09
-6.74743e-09
-6.90227e-09
-7.00568e-09
-7.06019e-09
-7.0685e-09
-7.03344e-09
-6.95781e-09
-6.84435e-09
-6.69566e-09
-6.5142e-09
-6.30223e-09
-6.06181e-09
-5.79482e-09
-5.50296e-09
-5.18775e-09
-4.85058e-09
-4.49269e-09
-4.11522e-09
-3.71922e-09
-3.30567e-09
-2.87553e-09
-2.42973e-09
-1.96919e-09
-1.4949e-09
-1.00785e-09
-5.09154e-10
)
;

boundaryField
{
    top
    {
        type            calculated;
        value           nonuniform List<scalar> 
80
(
5.57007e-08
5.42631e-08
5.24351e-08
5.02622e-08
4.77874e-08
4.50509e-08
4.20906e-08
3.89417e-08
3.56372e-08
3.22082e-08
2.86833e-08
2.50895e-08
2.1452e-08
1.77943e-08
1.41383e-08
1.05047e-08
6.9128e-09
3.38094e-09
-7.37156e-11
-3.43493e-09
-6.68732e-09
-9.81631e-09
-1.28081e-08
-1.56498e-08
-1.8329e-08
-2.08343e-08
-2.31553e-08
-2.52825e-08
-2.72075e-08
-2.89233e-08
-3.04244e-08
-3.17067e-08
-3.27685e-08
-3.36097e-08
-3.42327e-08
-3.46419e-08
-3.48444e-08
-3.48493e-08
-3.46678e-08
-3.43131e-08
-3.44415e-08
-3.499e-08
-3.53726e-08
-3.55745e-08
-3.55822e-08
-3.53847e-08
-3.49729e-08
-3.43402e-08
-3.34825e-08
-3.2398e-08
-3.1087e-08
-2.9552e-08
-2.77974e-08
-2.58293e-08
-2.36552e-08
-2.12839e-08
-1.87256e-08
-1.59913e-08
-1.30932e-08
-1.00442e-08
-6.85831e-09
-3.55036e-09
-1.36171e-10
3.36743e-09
6.9425e-09
1.05699e-08
1.42293e-08
1.78988e-08
2.15549e-08
2.51727e-08
2.87253e-08
3.21838e-08
3.55173e-08
3.86927e-08
4.16747e-08
4.44254e-08
4.69045e-08
4.90689e-08
5.08733e-08
5.22696e-08
)
;
    }
    inlet
    {
        type            calculated;
        value           nonuniform List<scalar> 
80
(
-5.0822e-21
3.38813e-21
-2.20229e-20
5.0822e-21
1.18585e-20
-8.47033e-21
-1.69407e-21
3.38813e-21
2.71051e-20
-2.71051e-20
-1.35525e-20
1.35525e-20
-5.42101e-20
-2.71051e-20
-9.48677e-20
1.76183e-19
-1.6263e-19
-6.77626e-20
-1.49078e-19
-2.03288e-19
-1.6263e-19
-8.13152e-20
-2.03288e-19
-1.76183e-19
1.35525e-19
2.30393e-19
-5.42101e-20
1.35525e-20
1.35525e-19
1.49078e-19
-5.42101e-20
-9.48677e-20
-1.6263e-19
2.1684e-19
0
2.71051e-19
-6.77626e-20
-1.49078e-19
2.71051e-20
1.6263e-19
2.30393e-19
-2.43945e-19
6.77626e-20
8.13152e-20
2.1684e-19
1.76183e-19
4.06576e-20
-1.0842e-19
1.49078e-19
1.21973e-19
1.0842e-19
3.11708e-19
1.35525e-19
-2.30393e-19
-1.49078e-19
9.48677e-20
-3.25261e-19
1.35525e-20
3.25261e-19
2.1684e-19
-1.49078e-19
2.30393e-19
1.89735e-19
1.35525e-20
1.6263e-19
5.42101e-20
3.25261e-19
8.13152e-20
-3.25261e-19
-1.0842e-19
-1.35525e-19
-1.0842e-19
0
-8.13152e-20
4.06576e-20
3.38813e-20
-2.20229e-20
1.69407e-21
8.47033e-21
-1.01644e-20
)
;
    }
    axis
    {
        type            calculated;
        value           uniform 0;
    }
    frontAndBack
    {
        type            empty;
        value           nonuniform List<scalar> 0();
    }
}


// ************************************************************************* //
