/*--------------------------------*- C++ -*----------------------------------*\
  =========                 |
  \\      /  F ield         | OpenFOAM: The Open Source CFD Toolbox
   \\    /   O peration     | Website:  https://openfoam.org
    \\  /    A nd           | Version:  10
     \\/     M anipulation  |
\*---------------------------------------------------------------------------*/
FoamFile
{
    format      ascii;
    class       volScalarField;
    location    "3500";
    object      p;
}
// * * * * * * * * * * * * * * * * * * * * * * * * * * * * * * * * * * * * * //

dimensions      [1 -1 -2 0 0 0 0];

internalField   nonuniform List<scalar> 
6400
(
108.077
108.08
108.086
108.095
108.106
108.121
108.138
108.159
108.181
108.206
108.234
108.264
108.295
108.329
108.364
108.401
108.438
108.477
108.516
108.556
108.595
108.635
108.673
108.711
108.748
108.782
108.815
108.846
108.873
108.898
108.92
108.938
108.948
108.953
108.958
108.962
108.966
108.968
108.97
108.97
108.97
108.97
108.968
108.966
108.962
108.958
108.953
108.948
108.938
108.92
108.898
108.873
108.846
108.815
108.782
108.748
108.711
108.673
108.635
108.595
108.556
108.516
108.477
108.438
108.401
108.364
108.329
108.295
108.264
108.234
108.206
108.181
108.159
108.138
108.121
108.106
108.095
108.086
108.08
108.077
107.783
107.786
107.792
107.801
107.812
107.827
107.844
107.864
107.887
107.912
107.94
107.97
108.001
108.035
108.07
108.107
108.144
108.183
108.222
108.262
108.301
108.341
108.38
108.417
108.454
108.489
108.521
108.552
108.579
108.604
108.626
108.644
108.654
108.66
108.664
108.668
108.672
108.674
108.676
108.677
108.677
108.676
108.674
108.672
108.668
108.664
108.66
108.654
108.644
108.626
108.604
108.579
108.552
108.521
108.489
108.454
108.417
108.38
108.341
108.301
108.262
108.222
108.183
108.144
108.107
108.07
108.035
108.001
107.97
107.94
107.912
107.887
107.864
107.844
107.827
107.812
107.801
107.792
107.786
107.783
107.46
107.463
107.469
107.478
107.49
107.504
107.522
107.542
107.564
107.59
107.617
107.647
107.679
107.712
107.747
107.784
107.822
107.86
107.9
107.939
107.979
108.018
108.057
108.095
108.131
108.166
108.199
108.23
108.257
108.282
108.304
108.322
108.332
108.338
108.342
108.346
108.35
108.352
108.354
108.355
108.355
108.354
108.352
108.35
108.346
108.342
108.338
108.332
108.322
108.304
108.282
108.257
108.23
108.199
108.166
108.131
108.095
108.057
108.018
107.979
107.939
107.9
107.86
107.822
107.784
107.747
107.712
107.679
107.647
107.617
107.59
107.564
107.542
107.522
107.504
107.49
107.478
107.469
107.463
107.46
107.106
107.109
107.115
107.124
107.135
107.15
107.168
107.188
107.21
107.236
107.263
107.293
107.325
107.358
107.393
107.43
107.468
107.507
107.546
107.586
107.625
107.665
107.704
107.742
107.778
107.813
107.846
107.876
107.904
107.929
107.951
107.969
107.979
107.985
107.989
107.993
107.997
107.999
108.001
108.002
108.002
108.001
107.999
107.997
107.993
107.989
107.985
107.979
107.969
107.951
107.929
107.904
107.876
107.846
107.813
107.778
107.742
107.704
107.665
107.625
107.586
107.546
107.507
107.468
107.43
107.393
107.358
107.325
107.293
107.263
107.236
107.21
107.188
107.168
107.15
107.135
107.124
107.115
107.109
107.106
106.717
106.72
106.726
106.735
106.747
106.761
106.779
106.799
106.822
106.847
106.875
106.904
106.936
106.97
107.005
107.042
107.08
107.118
107.158
107.198
107.238
107.277
107.316
107.354
107.391
107.426
107.459
107.489
107.517
107.542
107.564
107.582
107.592
107.598
107.603
107.607
107.61
107.612
107.614
107.615
107.615
107.614
107.612
107.61
107.607
107.603
107.598
107.592
107.582
107.564
107.542
107.517
107.489
107.459
107.426
107.391
107.354
107.316
107.277
107.238
107.198
107.158
107.118
107.08
107.042
107.005
106.97
106.936
106.904
106.875
106.847
106.822
106.799
106.779
106.761
106.747
106.735
106.726
106.72
106.717
106.29
106.293
106.299
106.308
106.32
106.335
106.352
106.373
106.395
106.421
106.448
106.478
106.51
106.544
106.579
106.616
106.654
106.693
106.732
106.772
106.812
106.852
106.891
106.929
106.966
107.001
107.034
107.065
107.093
107.118
107.139
107.158
107.168
107.174
107.179
107.183
107.186
107.188
107.19
107.191
107.191
107.19
107.188
107.186
107.183
107.179
107.174
107.168
107.158
107.139
107.118
107.093
107.065
107.034
107.001
106.966
106.929
106.891
106.852
106.812
106.772
106.732
106.693
106.654
106.616
106.579
106.544
106.51
106.478
106.448
106.421
106.395
106.373
106.352
106.335
106.32
106.308
106.299
106.293
106.29
105.822
105.825
105.831
105.84
105.852
105.867
105.884
105.905
105.927
105.953
105.98
106.01
106.042
106.076
106.112
106.149
106.187
106.226
106.265
106.306
106.346
106.385
106.425
106.463
106.5
106.535
106.568
106.599
106.628
106.653
106.675
106.693
106.703
106.709
106.714
106.718
106.721
106.724
106.725
106.726
106.726
106.725
106.724
106.721
106.718
106.714
106.709
106.703
106.693
106.675
106.653
106.628
106.599
106.568
106.535
106.5
106.463
106.425
106.385
106.346
106.306
106.265
106.226
106.187
106.149
106.112
106.076
106.042
106.01
105.98
105.953
105.927
105.905
105.884
105.867
105.852
105.84
105.831
105.825
105.822
105.308
105.311
105.317
105.326
105.338
105.353
105.37
105.391
105.414
105.439
105.467
105.497
105.529
105.563
105.599
105.636
105.674
105.713
105.753
105.794
105.834
105.874
105.914
105.952
105.989
106.025
106.058
106.089
106.118
106.143
106.165
106.184
106.194
106.2
106.205
106.209
106.212
106.215
106.217
106.217
106.217
106.217
106.215
106.212
106.209
106.205
106.2
106.194
106.184
106.165
106.143
106.118
106.089
106.058
106.025
105.989
105.952
105.914
105.874
105.834
105.794
105.753
105.713
105.674
105.636
105.599
105.563
105.529
105.497
105.467
105.439
105.414
105.391
105.37
105.353
105.338
105.326
105.317
105.311
105.308
104.744
104.747
104.753
104.762
104.774
104.789
104.807
104.827
104.85
104.876
104.904
104.934
104.966
105
105.036
105.073
105.112
105.151
105.192
105.232
105.273
105.313
105.353
105.392
105.429
105.465
105.499
105.53
105.559
105.585
105.607
105.626
105.636
105.642
105.647
105.651
105.655
105.657
105.659
105.66
105.66
105.659
105.657
105.655
105.651
105.647
105.642
105.636
105.626
105.607
105.585
105.559
105.53
105.499
105.465
105.429
105.392
105.353
105.313
105.273
105.232
105.192
105.151
105.112
105.073
105.036
105
104.966
104.934
104.904
104.876
104.85
104.827
104.807
104.789
104.774
104.762
104.753
104.747
104.744
104.125
104.128
104.134
104.143
104.155
104.17
104.187
104.208
104.231
104.257
104.285
104.315
104.348
104.382
104.419
104.456
104.495
104.535
104.575
104.616
104.657
104.698
104.738
104.778
104.816
104.852
104.886
104.918
104.947
104.973
104.996
105.015
105.025
105.031
105.036
105.041
105.044
105.047
105.048
105.049
105.049
105.048
105.047
105.044
105.041
105.036
105.031
105.025
105.015
104.996
104.973
104.947
104.918
104.886
104.852
104.816
104.778
104.738
104.698
104.657
104.616
104.575
104.535
104.495
104.456
104.419
104.382
104.348
104.315
104.285
104.257
104.231
104.208
104.187
104.17
104.155
104.143
104.134
104.128
104.125
103.444
103.447
103.454
103.463
103.475
103.49
103.508
103.528
103.552
103.578
103.606
103.637
103.67
103.704
103.741
103.779
103.818
103.858
103.899
103.941
103.982
104.024
104.064
104.104
104.143
104.18
104.214
104.247
104.276
104.303
104.326
104.345
104.356
104.362
104.367
104.372
104.375
104.378
104.379
104.38
104.38
104.379
104.378
104.375
104.372
104.367
104.362
104.356
104.345
104.326
104.303
104.276
104.247
104.214
104.18
104.143
104.104
104.064
104.024
103.982
103.941
103.899
103.858
103.818
103.779
103.741
103.704
103.67
103.637
103.606
103.578
103.552
103.528
103.508
103.49
103.475
103.463
103.454
103.447
103.444
102.698
102.701
102.707
102.716
102.728
102.743
102.762
102.782
102.806
102.832
102.861
102.892
102.925
102.96
102.997
103.036
103.075
103.116
103.158
103.2
103.242
103.284
103.326
103.366
103.405
103.443
103.478
103.511
103.542
103.569
103.592
103.612
103.623
103.629
103.635
103.639
103.643
103.645
103.647
103.648
103.648
103.647
103.645
103.643
103.639
103.635
103.629
103.623
103.612
103.592
103.569
103.542
103.511
103.478
103.443
103.405
103.366
103.326
103.284
103.242
103.2
103.158
103.116
103.075
103.036
102.997
102.96
102.925
102.892
102.861
102.832
102.806
102.782
102.762
102.743
102.728
102.716
102.707
102.701
102.698
101.877
101.881
101.887
101.896
101.909
101.924
101.942
101.963
101.987
102.014
102.043
102.074
102.108
102.143
102.181
102.22
102.26
102.302
102.344
102.387
102.43
102.473
102.515
102.557
102.597
102.635
102.672
102.706
102.737
102.764
102.789
102.809
102.821
102.827
102.832
102.837
102.841
102.843
102.845
102.846
102.846
102.845
102.843
102.841
102.837
102.832
102.827
102.821
102.809
102.789
102.764
102.737
102.706
102.672
102.635
102.597
102.557
102.515
102.473
102.43
102.387
102.344
102.302
102.26
102.22
102.181
102.143
102.108
102.074
102.043
102.014
101.987
101.963
101.942
101.924
101.909
101.896
101.887
101.881
101.877
100.977
100.98
100.986
100.996
101.008
101.024
101.042
101.064
101.088
101.115
101.144
101.176
101.211
101.247
101.285
101.325
101.366
101.409
101.452
101.496
101.54
101.584
101.627
101.67
101.711
101.751
101.788
101.823
101.855
101.884
101.909
101.93
101.942
101.949
101.954
101.959
101.963
101.966
101.968
101.968
101.968
101.968
101.966
101.963
101.959
101.954
101.949
101.942
101.93
101.909
101.884
101.855
101.823
101.788
101.751
101.711
101.67
101.627
101.584
101.54
101.496
101.452
101.409
101.366
101.325
101.285
101.247
101.211
101.176
101.144
101.115
101.088
101.064
101.042
101.024
101.008
100.996
100.986
100.98
100.977
99.9871
99.9903
99.9968
100.006
100.019
100.035
100.054
100.076
100.1
100.128
100.158
100.191
100.226
100.263
100.302
100.342
100.385
100.428
100.473
100.518
100.563
100.608
100.653
100.697
100.74
100.781
100.82
100.857
100.89
100.92
100.946
100.968
100.981
100.987
100.993
100.998
101.002
101.005
101.007
101.008
101.008
101.007
101.005
101.002
100.998
100.993
100.987
100.981
100.968
100.946
100.92
100.89
100.857
100.82
100.781
100.74
100.697
100.653
100.608
100.563
100.518
100.473
100.428
100.385
100.342
100.302
100.263
100.226
100.191
100.158
100.128
100.1
100.076
100.054
100.035
100.019
100.006
99.9968
99.9903
99.9871
98.8999
98.9032
98.9098
98.9196
98.9326
98.9488
98.9681
98.9904
99.0157
99.0438
99.0746
99.108
99.1438
99.1819
99.222
99.2639
99.3075
99.3524
99.3983
99.445
99.492
99.5391
99.5857
99.6316
99.6762
99.7192
99.7599
99.7981
99.8332
99.8647
99.8922
99.9154
99.9287
99.9359
99.9422
99.9474
99.9516
99.9548
99.9569
99.958
99.958
99.9569
99.9548
99.9516
99.9474
99.9422
99.9359
99.9287
99.9154
99.8922
99.8647
99.8332
99.7981
99.7599
99.7192
99.6762
99.6316
99.5857
99.5391
99.492
99.445
99.3983
99.3524
99.3075
99.2639
99.222
99.1819
99.1438
99.108
99.0746
99.0438
99.0157
98.9904
98.9681
98.9488
98.9326
98.9196
98.9098
98.9032
98.8999
97.6294
97.6327
97.6395
97.6495
97.6629
97.6795
97.6993
97.7223
97.7483
97.7772
97.8089
97.8434
97.8804
97.9198
97.9613
98.0048
98.0501
98.0968
98.1446
98.1934
98.2426
98.2919
98.341
98.3893
98.4365
98.4819
98.5252
98.5658
98.6031
98.6368
98.6662
98.6911
98.7054
98.7131
98.7199
98.7255
98.73
98.7334
98.7357
98.7368
98.7368
98.7357
98.7334
98.73
98.7255
98.7199
98.7131
98.7054
98.6911
98.6662
98.6368
98.6031
98.5658
98.5252
98.4819
98.4365
98.3893
98.341
98.2919
98.2426
98.1934
98.1446
98.0968
98.0501
98.0048
97.9613
97.9198
97.8804
97.8434
97.8089
97.7772
97.7483
97.7223
97.6993
97.6795
97.6629
97.6495
97.6395
97.6327
97.6294
96.2244
96.2279
96.2349
96.2452
96.259
96.2762
96.2966
96.3204
96.3472
96.3772
96.4101
96.4459
96.4843
96.5253
96.5687
96.6141
96.6615
96.7105
96.7609
96.8122
96.8643
96.9166
96.9687
97.0202
97.0706
97.1193
97.1658
97.2096
97.25
97.2865
97.3185
97.3456
97.3612
97.3697
97.377
97.3832
97.3881
97.3918
97.3943
97.3956
97.3956
97.3943
97.3918
97.3881
97.3832
97.377
97.3697
97.3612
97.3456
97.3185
97.2865
97.25
97.2096
97.1658
97.1193
97.0706
97.0202
96.9687
96.9166
96.8643
96.8122
96.7609
96.7105
96.6615
96.6141
96.5687
96.5253
96.4843
96.4459
96.4101
96.3772
96.3472
96.3204
96.2966
96.2762
96.259
96.2452
96.2349
96.2279
96.2244
94.816
94.8196
94.8268
94.8375
94.8518
94.8695
94.8907
94.9153
94.9432
94.9743
95.0085
95.0457
95.0858
95.1286
95.1739
95.2216
95.2713
95.3229
95.3761
95.4304
95.4857
95.5413
95.597
95.6522
95.7063
95.7589
95.8092
95.8568
95.9008
95.9407
95.9758
96.0055
96.0227
96.032
96.0401
96.0469
96.0524
96.0565
96.0592
96.0606
96.0606
96.0592
96.0565
96.0524
96.0469
96.0401
96.032
96.0227
96.0055
95.9758
95.9407
95.9008
95.8568
95.8092
95.7589
95.7063
95.6522
95.597
95.5413
95.4857
95.4304
95.3761
95.3229
95.2713
95.2216
95.1739
95.1286
95.0858
95.0457
95.0085
94.9743
94.9432
94.9153
94.8907
94.8695
94.8518
94.8375
94.8268
94.8196
94.816
93.4041
93.4078
93.4152
93.4263
93.441
93.4594
93.4814
93.5069
93.5358
93.5682
93.6038
93.6426
93.6845
93.7293
93.7768
93.8269
93.8793
93.9338
93.99
94.0478
94.1066
94.1661
94.2258
94.2852
94.3437
94.4007
94.4555
94.5074
94.5557
94.5996
94.6384
94.6713
94.6904
94.7008
94.7098
94.7174
94.7235
94.728
94.7311
94.7327
94.7327
94.7311
94.728
94.7235
94.7174
94.7098
94.7008
94.6904
94.6713
94.6384
94.5996
94.5557
94.5074
94.4555
94.4007
94.3437
94.2852
94.2258
94.1661
94.1066
94.0478
93.99
93.9338
93.8793
93.8269
93.7768
93.7293
93.6845
93.6426
93.6038
93.5682
93.5358
93.5069
93.4814
93.4594
93.441
93.4263
93.4152
93.4078
93.4041
91.9884
91.9922
91.9999
92.0114
92.0267
92.0458
92.0686
92.095
92.1252
92.1588
92.196
92.2365
92.2803
92.3273
92.3772
92.4299
92.4852
92.5428
92.6026
92.664
92.7269
92.7906
92.8549
92.9191
92.9825
93.0447
93.1046
93.1617
93.215
93.2637
93.3069
93.3436
93.365
93.3767
93.3868
93.3953
93.4021
93.4073
93.4108
93.4125
93.4125
93.4108
93.4073
93.4021
93.3953
93.3868
93.3767
93.365
93.3436
93.3069
93.2637
93.215
93.1617
93.1046
93.0447
92.9825
92.9191
92.8549
92.7906
92.7269
92.664
92.6026
92.5428
92.4852
92.4299
92.3772
92.3273
92.2803
92.2365
92.196
92.1588
92.1252
92.095
92.0686
92.0458
92.0267
92.0114
91.9999
91.9922
91.9884
90.5688
90.5728
90.5808
90.5927
90.6086
90.6283
90.652
90.6796
90.7109
90.746
90.7848
90.8271
90.873
90.9222
90.9747
91.0303
91.0887
91.1498
91.2133
91.2789
91.3462
91.4147
91.4841
91.5537
91.6228
91.6907
91.7567
91.8198
91.879
91.9333
91.9817
92.0231
92.0473
92.0605
92.0719
92.0816
92.0893
92.0952
92.0991
92.1011
92.1011
92.0991
92.0952
92.0893
92.0816
92.0719
92.0605
92.0473
92.0231
91.9817
91.9333
91.879
91.8198
91.7567
91.6907
91.6228
91.5537
91.4841
91.4147
91.3462
91.2789
91.2133
91.1498
91.0887
91.0303
90.9747
90.9222
90.873
90.8271
90.7848
90.746
90.7109
90.6796
90.652
90.6283
90.6086
90.5927
90.5808
90.5728
90.5688
89.1453
89.1494
89.1577
89.1701
89.1865
89.207
89.2316
89.2603
89.2929
89.3295
89.3699
89.4142
89.4623
89.514
89.5692
89.6278
89.6896
89.7545
89.822
89.8921
89.9642
90.0381
90.1131
90.1887
90.2642
90.3388
90.4117
90.4817
90.5478
90.6089
90.6635
90.7105
90.7381
90.7531
90.7662
90.7772
90.7861
90.7929
90.7974
90.7996
90.7996
90.7974
90.7929
90.7861
90.7772
90.7662
90.7531
90.7381
90.7105
90.6635
90.6089
90.5478
90.4817
90.4117
90.3388
90.2642
90.1887
90.1131
90.0381
89.9642
89.8921
89.822
89.7545
89.6896
89.6278
89.5692
89.514
89.4623
89.4142
89.3699
89.3295
89.2929
89.2603
89.2316
89.207
89.1865
89.1701
89.1577
89.1494
89.1453
87.7177
87.722
87.7305
87.7433
87.7604
87.7817
87.8072
87.837
87.871
87.9091
87.9513
87.9976
88.0479
88.1022
88.1603
88.2221
88.2875
88.3563
88.4283
88.5032
88.5806
88.6602
88.7414
88.8238
88.9065
88.9887
89.0694
89.1476
89.2218
89.2908
89.3529
89.4067
89.4384
89.4558
89.4709
89.4837
89.494
89.5018
89.507
89.5097
89.5097
89.507
89.5018
89.494
89.4837
89.4709
89.4558
89.4384
89.4067
89.3529
89.2908
89.2218
89.1476
89.0694
88.9887
88.9065
88.8238
88.7414
88.6602
88.5806
88.5032
88.4283
88.3563
88.2875
88.2221
88.1603
88.1022
88.0479
87.9976
87.9513
87.9091
87.871
87.837
87.8072
87.7817
87.7604
87.7433
87.7305
87.722
87.7177
86.2858
86.2902
86.299
86.3123
86.33
86.3521
86.3786
86.4095
86.4448
86.4845
86.5286
86.577
86.6296
86.6866
86.7477
86.8128
86.882
86.955
87.0316
87.1117
87.1948
87.2806
87.3688
87.4585
87.5492
87.64
87.7298
87.8173
87.9011
87.9795
88.0508
88.1128
88.1497
88.1699
88.1876
88.2025
88.2146
88.2237
88.2299
88.233
88.233
88.2299
88.2237
88.2146
88.2025
88.1876
88.1699
88.1497
88.1128
88.0508
87.9795
87.9011
87.8173
87.7298
87.64
87.5492
87.4585
87.3688
87.2806
87.1948
87.1117
87.0316
86.955
86.882
86.8128
86.7477
86.6866
86.6296
86.577
86.5286
86.4845
86.4448
86.4095
86.3786
86.3521
86.33
86.3123
86.299
86.2902
86.2858
84.8494
84.854
84.8632
84.8769
84.8952
84.9181
84.9456
84.9777
85.0143
85.0556
85.1015
85.152
85.2071
85.2668
85.3309
85.3996
85.4727
85.55
85.6316
85.7171
85.8063
85.8989
85.9944
86.0923
86.1919
86.2923
86.3924
86.4907
86.5857
86.6755
86.7577
86.83
86.8733
86.8971
86.918
86.9356
86.95
86.9609
86.9682
86.9719
86.9719
86.9682
86.9609
86.95
86.9356
86.918
86.8971
86.8733
86.83
86.7577
86.6755
86.5857
86.4907
86.3924
86.2923
86.1919
86.0923
85.9944
85.8989
85.8063
85.7171
85.6316
85.55
85.4727
85.3996
85.3309
85.2668
85.2071
85.152
85.1015
85.0556
85.0143
84.9777
84.9456
84.9181
84.8952
84.8769
84.8632
84.854
84.8494
83.4085
83.4133
83.4227
83.4369
83.4558
83.4795
83.5079
83.5412
83.5793
83.6221
83.6699
83.7225
83.78
83.8424
83.9097
83.982
84.059
84.1409
84.2275
84.3188
84.4144
84.5141
84.6177
84.7245
84.8338
84.945
85.0567
85.1675
85.2757
85.3789
85.4746
85.5596
85.611
85.6395
85.6644
85.6857
85.703
85.7161
85.725
85.7294
85.7294
85.725
85.7161
85.703
85.6857
85.6644
85.6395
85.611
85.5596
85.4746
85.3789
85.2757
85.1675
85.0567
84.945
84.8338
84.7245
84.6177
84.5141
84.4144
84.3188
84.2275
84.1409
84.059
83.982
83.9097
83.8424
83.78
83.7225
83.6699
83.6221
83.5793
83.5412
83.5079
83.4795
83.4558
83.4369
83.4227
83.4133
83.4085
81.9629
81.9678
81.9775
81.9921
82.0117
82.0361
82.0655
82.0999
82.1393
82.1838
82.2334
82.2881
82.348
82.4132
82.4837
82.5594
82.6406
82.7271
82.8189
82.916
83.0183
83.1256
83.2376
83.354
83.474
83.597
83.7218
83.847
83.9705
84.0899
84.202
84.3031
84.365
84.3994
84.4297
84.4557
84.4769
84.4931
84.504
84.5095
84.5095
84.504
84.4931
84.4769
84.4557
84.4297
84.3994
84.365
84.3031
84.202
84.0899
83.9705
83.847
83.7218
83.597
83.474
83.354
83.2376
83.1256
83.0183
82.916
82.8189
82.7271
82.6406
82.5594
82.4837
82.4132
82.348
82.2881
82.2334
82.1838
82.1393
82.0999
82.0655
82.0361
82.0117
81.9921
81.9775
81.9678
81.9629
80.5124
80.5174
80.5274
80.5425
80.5626
80.5878
80.6181
80.6536
80.6943
80.7403
80.7917
80.8485
80.9108
80.9787
81.0522
81.1316
81.2168
81.3079
81.405
81.5081
81.6173
81.7324
81.8533
81.9798
82.1113
82.2473
82.3867
82.5281
82.6695
82.8082
82.9405
83.0619
83.1375
83.1798
83.2174
83.2497
83.2763
83.2967
83.3104
83.3174
83.3174
83.3104
83.2967
83.2763
83.2497
83.2174
83.1798
83.1375
83.0619
82.9405
82.8082
82.6695
82.5281
82.3867
82.2473
82.1113
81.9798
81.8533
81.7324
81.6173
81.5081
81.405
81.3079
81.2168
81.1316
81.0522
80.9787
80.9108
80.8485
80.7917
80.7403
80.6943
80.6536
80.6181
80.5878
80.5626
80.5425
80.5274
80.5174
80.5124
79.0569
79.062
79.0723
79.0878
79.1085
79.1344
79.1656
79.2021
79.2441
79.2915
79.3446
79.4034
79.4679
79.5384
79.615
79.6979
79.787
79.8827
79.9851
80.0942
80.2103
80.3334
80.4635
80.6005
80.7441
80.8941
81.0495
81.2092
81.3712
81.5329
81.6901
81.8373
81.9311
81.9842
82.0318
82.073
82.1072
82.1335
82.1514
82.1605
82.1605
82.1514
82.1335
82.1072
82.073
82.0318
81.9842
81.9311
81.8373
81.6901
81.5329
81.3712
81.2092
81.0495
80.8941
80.7441
80.6005
80.4635
80.3334
80.2103
80.0942
79.9851
79.8827
79.787
79.6979
79.615
79.5384
79.4679
79.4034
79.3446
79.2915
79.2441
79.2021
79.1656
79.1344
79.1085
79.0878
79.0723
79.062
79.0569
77.5962
77.6015
77.6121
77.6279
77.6491
77.6756
77.7076
77.7451
77.7883
77.8371
77.8918
77.9524
78.0191
78.0922
78.1716
78.2578
78.3508
78.4509
78.5583
78.6734
78.7963
78.9273
79.0667
79.2145
79.3707
79.5354
79.7081
79.8879
80.0734
80.262
80.4496
80.63
80.7485
80.8164
80.8781
80.9322
80.9776
81.013
81.0372
81.0496
81.0496
81.0372
81.013
80.9776
80.9322
80.8781
80.8164
80.7485
80.63
80.4496
80.262
80.0734
79.8879
79.7081
79.5354
79.3707
79.2145
79.0667
78.9273
78.7963
78.6734
78.5583
78.4509
78.3508
78.2578
78.1716
78.0922
78.0191
77.9524
77.8918
77.8371
77.7883
77.7451
77.7076
77.6756
77.6491
77.6279
77.6121
77.6015
77.5962
76.1303
76.1357
76.1465
76.1627
76.1843
76.2114
76.2442
76.2826
76.3268
76.3769
76.433
76.4954
76.5641
76.6394
76.7216
76.8108
76.9074
77.0117
77.124
77.2447
77.3743
77.513
77.6614
77.8199
77.9889
78.1688
78.3595
78.5609
78.7724
78.992
79.2164
79.4392
79.5913
79.6801
79.7623
79.8359
79.8988
79.9486
79.9833
80.0011
80.0011
79.9833
79.9486
79.8988
79.8359
79.7623
79.6801
79.5913
79.4392
79.2164
78.992
78.7724
78.5609
78.3595
78.1688
77.9889
77.8199
77.6614
77.513
77.3743
77.2447
77.124
77.0117
76.9074
76.8108
76.7216
76.6394
76.5641
76.4954
76.433
76.3769
76.3268
76.2826
76.2442
76.2114
76.1843
76.1627
76.1465
76.1357
76.1303
74.659
74.6645
74.6755
74.692
74.714
74.7417
74.7751
74.8143
74.8594
74.9106
74.9681
75.0319
75.1024
75.1798
75.2644
75.3565
75.4564
75.5645
75.6813
75.8072
75.943
76.089
76.2461
76.4149
76.5964
76.7912
77.0002
77.224
77.4632
77.7173
77.9847
78.2605
78.4585
78.5771
78.69
78.7942
78.886
78.961
79.0147
79.0428
79.0428
79.0147
78.961
78.886
78.7942
78.69
78.5771
78.4585
78.2605
77.9847
77.7173
77.4632
77.224
77.0002
76.7912
76.5964
76.4149
76.2461
76.089
75.943
75.8072
75.6813
75.5645
75.4564
75.3565
75.2644
75.1798
75.1024
75.0319
74.9681
74.9106
74.8594
74.8143
74.7751
74.7417
74.714
74.692
74.6755
74.6645
74.659
73.1823
73.1878
73.199
73.2157
73.2381
73.2662
73.3001
73.34
73.3859
73.4381
73.4967
73.5618
73.6339
73.7131
73.7998
73.8943
73.9971
74.1086
74.2294
74.36
74.5013
74.654
74.819
74.9974
75.1904
75.3994
75.6259
75.8719
76.1391
76.4294
76.7444
77.0836
77.3422
77.5026
77.6616
77.8154
77.9582
78.0817
78.1754
78.2268
78.2268
78.1754
78.0817
77.9582
77.8154
77.6616
77.5026
77.3422
77.0836
76.7444
76.4294
76.1391
75.8719
75.6259
75.3994
75.1904
74.9974
74.819
74.654
74.5013
74.36
74.2294
74.1086
73.9971
73.8943
73.7998
73.7131
73.6339
73.5618
73.4967
73.4381
73.3859
73.34
73.3001
73.2662
73.2381
73.2157
73.199
73.1878
73.1823
71.7
71.7056
71.7168
71.7338
71.7564
71.7849
71.8193
71.8597
71.9062
71.9592
72.0186
72.0849
72.1582
72.2389
72.3273
72.4239
72.5291
72.6434
72.7675
72.9022
73.0482
73.2066
73.3785
73.5652
73.7684
73.99
74.2324
74.4984
74.7917
75.117
75.48
75.8878
76.2199
76.4348
76.6598
76.8924
77.1275
77.354
77.5497
77.6711
77.6711
77.5497
77.354
77.1275
76.8924
76.6598
76.4348
76.2199
75.8878
75.48
75.117
74.7917
74.4984
74.2324
73.99
73.7684
73.5652
73.3785
73.2066
73.0482
72.9022
72.7675
72.6434
72.5291
72.4239
72.3273
72.2389
72.1582
72.0849
72.0186
71.9592
71.9062
71.8597
71.8193
71.7849
71.7564
71.7338
71.7168
71.7056
71.7
70.212
70.2177
70.2291
70.2461
70.269
70.2977
70.3324
70.3732
70.4202
70.4737
70.5338
70.6009
70.6752
70.757
70.8467
70.9448
71.0519
71.1684
71.2952
71.433
71.5828
71.7458
71.9232
72.1166
72.328
72.5599
72.8151
73.0976
73.4125
73.7668
74.1707
74.6398
75.044
75.3168
75.6188
75.9569
76.3404
76.7822
77.2999
78.0574
78.0574
77.2999
76.7822
76.3404
75.9569
75.6188
75.3168
75.044
74.6398
74.1707
73.7668
73.4125
73.0976
72.8151
72.5599
72.328
72.1166
71.9232
71.7458
71.5828
71.433
71.2952
71.1684
71.0519
70.9448
70.8467
70.757
70.6752
70.6009
70.5338
70.4737
70.4202
70.3732
70.3324
70.2977
70.269
70.2461
70.2291
70.2177
70.212
68.7185
68.7241
68.7355
68.7527
68.7757
68.8045
68.8394
68.8804
68.9277
68.9816
69.0421
69.1097
69.1845
69.2671
69.3577
69.4569
69.5652
69.6832
69.8118
69.9519
70.1043
70.2704
70.4517
70.65
70.8673
71.1064
71.3706
71.6645
71.9938
72.3669
72.7962
73.3015
73.7461
74.0509
74.3952
74.7914
75.2583
75.826
76.5563
115.962
115.962
76.5563
75.826
75.2583
74.7914
74.3952
74.0509
73.7461
73.3015
72.7962
72.3669
71.9938
71.6645
71.3706
71.1064
70.8673
70.65
70.4517
70.2704
70.1043
69.9519
69.8118
69.6832
69.5652
69.4569
69.3577
69.2671
69.1845
69.1097
69.0421
68.9816
68.9277
68.8804
68.8394
68.8045
68.7757
68.7527
68.7355
68.7241
68.7185
67.2192
67.2249
67.2363
67.2534
67.2764
67.3053
67.3403
67.3813
67.4288
67.4827
67.5434
67.6112
67.6863
67.7691
67.8601
67.9598
68.0687
68.1875
68.3171
68.4582
68.6121
68.78
68.9634
69.1642
69.3847
69.6277
69.8966
70.1958
70.5313
70.9108
71.3458
71.8528
72.2902
72.5848
72.9092
73.2681
73.6656
74.1024
74.8412
112.896
112.896
74.8412
74.1024
73.6656
73.2681
72.9092
72.5848
72.2902
71.8528
71.3458
70.9108
70.5313
70.1958
69.8966
69.6277
69.3847
69.1642
68.9634
68.78
68.6121
68.4582
68.3171
68.1875
68.0687
67.9598
67.8601
67.7691
67.6863
67.6112
67.5434
67.4827
67.4288
67.3813
67.3403
67.3053
67.2764
67.2534
67.2363
67.2249
67.2192
65.7142
65.7199
65.7313
65.7484
65.7713
65.8001
65.835
65.8759
65.9232
65.9771
66.0377
66.1053
66.1803
66.263
66.3539
66.4535
66.5623
66.6811
66.8107
66.9519
67.1059
67.274
67.4577
67.6589
67.8798
68.1231
68.3921
68.691
69.0247
69.3994
69.8232
70.3057
70.7055
70.9679
71.2484
71.5492
71.8738
72.2287
73.9426
109.611
109.611
73.9426
72.2287
71.8738
71.5492
71.2484
70.9679
70.7055
70.3057
69.8232
69.3994
69.0247
68.691
68.3921
68.1231
67.8798
67.6589
67.4577
67.274
67.1059
66.9519
66.8107
66.6811
66.5623
66.4535
66.3539
66.263
66.1803
66.1053
66.0377
65.9771
65.9232
65.8759
65.835
65.8001
65.7713
65.7484
65.7313
65.7199
65.7142
64.2036
64.2092
64.2205
64.2375
64.2603
64.2889
64.3235
64.3642
64.4112
64.4647
64.5249
64.592
64.6665
64.7487
64.839
64.9379
65.046
65.164
65.2926
65.4328
65.5856
65.7523
65.9344
66.1338
66.3524
66.5928
66.8579
67.1513
67.477
67.8391
68.2418
68.6873
69.0381
69.2596
69.4847
69.7098
69.9293
70.1351
71.8744
107.722
107.722
71.8744
70.1351
69.9293
69.7098
69.4847
69.2596
69.0381
68.6873
68.2418
67.8391
67.477
67.1513
66.8579
66.5928
66.3524
66.1338
65.9344
65.7523
65.5856
65.4328
65.2926
65.164
65.046
64.9379
64.839
64.7487
64.6665
64.592
64.5249
64.4647
64.4112
64.3642
64.3235
64.2889
64.2603
64.2375
64.2205
64.2092
64.2036
62.6873
62.6928
62.704
62.7209
62.7434
62.7717
62.8059
62.8462
62.8927
62.9456
63.0051
63.0715
63.1451
63.2263
63.3155
63.4131
63.5198
63.6361
63.7629
63.901
64.0514
64.2153
64.394
64.5894
64.8032
65.0377
65.2954
65.5794
65.8927
66.2382
66.6176
67.0289
67.3415
67.5336
67.7213
67.8982
68.0552
68.1788
68.298
72.5449
72.5449
68.298
68.1788
68.0552
67.8982
67.7213
67.5336
67.3415
67.0289
66.6176
66.2382
65.8927
65.5794
65.2954
65.0377
64.8032
64.5894
64.394
64.2153
64.0514
63.901
63.7629
63.6361
63.5198
63.4131
63.3155
63.2263
63.1451
63.0715
63.0051
62.9456
62.8927
62.8462
62.8059
62.7717
62.7434
62.7209
62.704
62.6928
62.6873
61.1655
61.171
61.1821
61.1986
61.2208
61.2488
61.2825
61.3221
61.3679
61.42
61.4785
61.5439
61.6163
61.696
61.7836
61.8795
61.9841
62.0981
62.2221
62.3571
62.5038
62.6635
62.8373
63.0267
63.2334
63.4594
63.7069
63.9784
64.2765
64.6037
64.9616
65.3495
65.6462
65.8303
66.0126
66.1884
66.3503
66.4879
66.6491
69.8773
69.8773
66.6491
66.4879
66.3503
66.1884
66.0126
65.8303
65.6462
65.3495
64.9616
64.6037
64.2765
63.9784
63.7069
63.4594
63.2334
63.0267
62.8373
62.6635
62.5038
62.3571
62.2221
62.0981
61.9841
61.8795
61.7836
61.696
61.6163
61.5439
61.4785
61.42
61.3679
61.3221
61.2825
61.2488
61.2208
61.1986
61.1821
61.171
61.1655
59.6383
59.6437
59.6545
59.6708
59.6926
59.72
59.7531
59.792
59.8368
59.8879
59.9452
60.0092
60.08
60.158
60.2435
60.337
60.439
60.5499
60.6704
60.8013
60.9434
61.0975
61.2649
61.4467
61.6444
61.8597
62.0945
62.3508
62.6312
62.9384
63.2756
63.647
63.9439
64.1356
64.337
64.5484
64.7688
64.9935
65.3736
68.2944
68.2944
65.3736
64.9935
64.7688
64.5484
64.337
64.1356
63.9439
63.647
63.2756
62.9384
62.6312
62.3508
62.0945
61.8597
61.6444
61.4467
61.2649
61.0975
60.9434
60.8013
60.6704
60.5499
60.439
60.337
60.2435
60.158
60.08
60.0092
59.9452
59.8879
59.8368
59.792
59.7531
59.72
59.6926
59.6708
59.6545
59.6437
59.6383
58.1057
58.1109
58.1215
58.1374
58.1587
58.1855
58.2178
58.2558
58.2996
58.3494
58.4053
58.4676
58.5366
58.6124
58.6955
58.7862
58.8849
58.9921
59.1084
59.2344
59.3708
59.5184
59.678
59.8508
60.0379
60.2406
60.4604
60.6992
60.9591
61.243
61.5556
61.9048
62.1961
62.3921
62.611
62.8629
63.1653
63.5485
65.0906
67.5431
67.5431
65.0906
63.5485
63.1653
62.8629
62.611
62.3921
62.1961
61.9048
61.5556
61.243
60.9591
60.6992
60.4604
60.2406
60.0379
59.8508
59.678
59.5184
59.3708
59.2344
59.1084
58.9921
58.8849
58.7862
58.6955
58.6124
58.5366
58.4676
58.4053
58.3494
58.2996
58.2558
58.2178
58.1855
58.1587
58.1374
58.1215
58.1109
58.1057
56.5677
56.5729
56.5832
56.5987
56.6194
56.6455
56.6769
56.7139
56.7565
56.8048
56.8591
56.9195
56.9862
57.0596
57.1398
57.2273
57.3223
57.4253
57.5367
57.6571
57.787
57.9271
58.078
58.2406
58.4157
58.6043
58.8074
59.0264
59.2629
59.5191
59.7988
60.1085
60.3633
60.5326
60.7174
60.9224
61.153
61.4169
64.099
66.178
66.178
64.099
61.4169
61.153
60.9224
60.7174
60.5326
60.3633
60.1085
59.7988
59.5191
59.2629
59.0264
58.8074
58.6043
58.4157
58.2406
58.078
57.9271
57.787
57.6571
57.5367
57.4253
57.3223
57.2273
57.1398
57.0596
56.9862
56.9195
56.8591
56.8048
56.7565
56.7139
56.6769
56.6455
56.6194
56.5987
56.5832
56.5729
56.5677
55.0247
55.0297
55.0397
55.0547
55.0748
55.1001
55.1306
55.1663
55.2075
55.2543
55.3067
55.3649
55.4293
55.4998
55.5769
55.6608
55.7517
55.85
55.9561
56.0703
56.1931
56.325
56.4664
56.6179
56.78
56.9534
57.1385
57.3362
57.547
57.7718
58.012
58.269
58.468
58.5938
58.7222
58.8515
58.9778
59.095
60.378
62.8479
62.8479
60.378
59.095
58.9778
58.8515
58.7222
58.5938
58.468
58.269
58.012
57.7718
57.547
57.3362
57.1385
56.9534
56.78
56.6179
56.4664
56.325
56.1931
56.0703
55.9561
55.85
55.7517
55.6608
55.5769
55.4998
55.4293
55.3649
55.3067
55.2543
55.2075
55.1663
55.1306
55.1001
55.0748
55.0547
55.0397
55.0297
55.0247
53.4766
53.4814
53.4911
53.5056
53.5251
53.5495
53.5789
53.6134
53.653
53.698
53.7484
53.8044
53.8661
53.9336
54.0073
54.0872
54.1737
54.267
54.3673
54.4749
54.5902
54.7133
54.8447
54.9846
55.1332
55.2907
55.4572
55.6327
55.8169
56.0092
56.2083
56.4111
56.5556
56.6416
56.7228
56.7959
56.8563
56.8982
57.0953
59.694
59.694
57.0953
56.8982
56.8563
56.7959
56.7228
56.6416
56.5556
56.4111
56.2083
56.0092
55.8169
55.6327
55.4572
55.2907
55.1332
54.9846
54.8447
54.7133
54.5902
54.4749
54.3673
54.267
54.1737
54.0872
54.0073
53.9336
53.8661
53.8044
53.7484
53.698
53.653
53.6134
53.5789
53.5495
53.5251
53.5056
53.4911
53.4814
53.4766
51.9237
51.9284
51.9377
51.9517
51.9704
51.9938
52.0221
52.0552
52.0933
52.1364
52.1846
52.2381
52.297
52.3613
52.4313
52.5072
52.5889
52.6769
52.7711
52.8719
52.9793
53.0934
53.2145
53.3425
53.4774
53.619
53.7669
53.9206
54.0788
54.2399
54.4007
54.556
54.6574
54.7144
54.7642
54.8043
54.8316
54.843
54.8343
57.3522
57.3522
54.8343
54.843
54.8316
54.8043
54.7642
54.7144
54.6574
54.556
54.4007
54.2399
54.0788
53.9206
53.7669
53.619
53.4774
53.3425
53.2145
53.0934
52.9793
52.8719
52.7711
52.6769
52.5889
52.5072
52.4313
52.3613
52.297
52.2381
52.1846
52.1364
52.0933
52.0552
52.0221
51.9938
51.9704
51.9517
51.9377
51.9284
51.9237
50.3662
50.3707
50.3796
50.393
50.4109
50.4334
50.4604
50.4921
50.5284
50.5696
50.6155
50.6664
50.7223
50.7834
50.8496
50.9211
50.998
51.0805
51.1685
51.2622
51.3616
51.4667
51.5774
51.6935
51.8149
51.9409
52.0709
52.2038
52.3379
52.4709
52.5988
52.7159
52.7864
52.824
52.8547
52.8768
52.8889
52.8894
52.8771
55.3657
55.3657
52.8771
52.8894
52.8889
52.8768
52.8547
52.824
52.7864
52.7159
52.5988
52.4709
52.3379
52.2038
52.0709
51.9409
51.8149
51.6935
51.5774
51.4667
51.3616
51.2622
51.1685
51.0805
50.998
50.9211
50.8496
50.7834
50.7223
50.6664
50.6155
50.5696
50.5284
50.4921
50.4604
50.4334
50.4109
50.393
50.3796
50.3707
50.3662
48.8042
48.8085
48.817
48.8298
48.8469
48.8683
48.8941
48.9243
48.9589
48.9979
49.0416
49.0898
49.1426
49.2002
49.2625
49.3296
49.4016
49.4785
49.5603
49.6469
49.7383
49.8343
49.9348
50.0394
50.1476
50.2588
50.372
50.4858
50.5983
50.7068
50.8075
50.8953
50.9443
50.9692
50.9881
51.0002
51.0047
51.0009
50.9885
53.4964
53.4964
50.9885
51.0009
51.0047
51.0002
50.9881
50.9692
50.9443
50.8953
50.8075
50.7068
50.5983
50.4858
50.372
50.2588
50.1476
50.0394
49.9348
49.8343
49.7383
49.6469
49.5603
49.4785
49.4016
49.3296
49.2625
49.2002
49.1426
49.0898
49.0416
48.9979
48.9589
48.9243
48.8941
48.8683
48.8469
48.8298
48.817
48.8085
48.8042
47.238
47.242
47.2501
47.2623
47.2786
47.2989
47.3234
47.352
47.3848
47.4218
47.463
47.5085
47.5582
47.6123
47.6706
47.7333
47.8003
47.8716
47.9471
48.0267
48.1102
48.1975
48.2881
48.3816
48.4775
48.5748
48.6725
48.7691
48.8626
48.9505
49.0293
49.0947
49.1286
49.1449
49.1562
49.1621
49.1621
49.156
49.1435
51.69
51.69
49.1435
49.156
49.1621
49.1621
49.1562
49.1449
49.1286
49.0947
49.0293
48.9505
48.8626
48.7691
48.6725
48.5748
48.4775
48.3816
48.2881
48.1975
48.1102
48.0267
47.9471
47.8716
47.8003
47.7333
47.6706
47.6123
47.5582
47.5085
47.463
47.4218
47.3848
47.352
47.3234
47.2989
47.2786
47.2623
47.2501
47.242
47.238
45.6677
45.6715
45.6792
45.6908
45.7062
45.7254
45.7486
45.7756
45.8065
45.8414
45.8802
45.9229
45.9695
46.02
46.0744
46.1327
46.1948
46.2605
46.3299
46.4026
46.4785
46.5573
46.6385
46.7215
46.8058
46.8904
46.9741
47.0555
47.1326
47.2032
47.2644
47.3127
47.3356
47.3459
47.352
47.3537
47.3508
47.3431
47.3304
49.9286
49.9286
47.3304
47.3431
47.3508
47.3537
47.352
47.3459
47.3356
47.3127
47.2644
47.2032
47.1326
47.0555
46.9741
46.8904
46.8058
46.7215
46.6385
46.5573
46.4785
46.4026
46.3299
46.2605
46.1948
46.1327
46.0744
46.02
45.9695
45.9229
45.8802
45.8414
45.8065
45.7756
45.7486
45.7254
45.7062
45.6908
45.6792
45.6715
45.6677
44.0935
44.0972
44.1044
44.1153
44.1299
44.148
44.1698
44.1953
44.2244
44.2571
44.2934
44.3333
44.3768
44.4239
44.4744
44.5283
44.5855
44.6459
44.7093
44.7754
44.844
44.9146
44.9869
45.0603
45.1339
45.2069
45.2781
45.3461
45.4092
45.4654
45.5123
45.5473
45.562
45.5678
45.5701
45.5688
45.5637
45.5548
45.5419
48.2036
48.2036
45.5419
45.5548
45.5637
45.5688
45.5701
45.5678
45.562
45.5473
45.5123
45.4654
45.4092
45.3461
45.2781
45.2069
45.1339
45.0603
44.9869
44.9146
44.844
44.7754
44.7093
44.6459
44.5855
44.5283
44.4744
44.4239
44.3768
44.3333
44.2934
44.2571
44.2244
44.1953
44.1698
44.148
44.1299
44.1153
44.1044
44.0972
44.0935
42.5158
42.5192
42.526
42.5363
42.5499
42.567
42.5875
42.6113
42.6386
42.6691
42.7031
42.7402
42.7807
42.8243
42.8709
42.9206
42.9731
43.0283
43.0859
43.1457
43.2073
43.2704
43.3344
43.3987
43.4626
43.5251
43.5852
43.6415
43.6927
43.7368
43.7721
43.7965
43.8048
43.8072
43.8066
43.803
43.7962
43.7863
43.7731
46.5094
46.5094
43.7731
43.7863
43.7962
43.803
43.8066
43.8072
43.8048
43.7965
43.7721
43.7368
43.6927
43.6415
43.5852
43.5251
43.4626
43.3987
43.3344
43.2704
43.2073
43.1457
43.0859
43.0283
42.9731
42.9206
42.8709
42.8243
42.7807
42.7402
42.7031
42.6691
42.6386
42.6113
42.5875
42.567
42.5499
42.5363
42.526
42.5192
42.5158
40.9346
40.9378
40.9442
40.9538
40.9666
40.9826
41.0017
41.024
41.0494
41.0779
41.1094
41.1439
41.1813
41.2216
41.2645
41.31
41.358
41.4082
41.4603
41.5141
41.5692
41.6252
41.6815
41.7376
41.7926
41.8458
41.8961
41.9423
41.9831
42.0171
42.0428
42.0586
42.0618
42.0614
42.0584
42.0529
42.0448
42.034
42.0205
44.8422
44.8422
42.0205
42.034
42.0448
42.0529
42.0584
42.0614
42.0618
42.0586
42.0428
42.0171
41.9831
41.9423
41.8961
41.8458
41.7926
41.7376
41.6815
41.6252
41.5692
41.5141
41.4603
41.4082
41.358
41.31
41.2645
41.2216
41.1813
41.1439
41.1094
41.0779
41.0494
41.024
41.0017
40.9826
40.9666
40.9538
40.9442
40.9378
40.9346
39.3502
39.3532
39.3592
39.3681
39.3801
39.395
39.4128
39.4336
39.4572
39.4836
39.5128
39.5447
39.5792
39.6161
39.6555
39.6971
39.7407
39.7861
39.8331
39.8812
39.9302
39.9797
40.0289
40.0775
40.1246
40.1694
40.211
40.2484
40.2804
40.3058
40.3234
40.332
40.3309
40.3282
40.3233
40.3162
40.3068
40.2952
40.2812
43.199
43.199
40.2812
40.2952
40.3068
40.3162
40.3233
40.3282
40.3309
40.332
40.3234
40.3058
40.2804
40.2484
40.211
40.1694
40.1246
40.0775
40.0289
39.9797
39.9302
39.8812
39.8331
39.7861
39.7407
39.6971
39.6555
39.6161
39.5792
39.5447
39.5128
39.4836
39.4572
39.4336
39.4128
39.395
39.3801
39.3681
39.3592
39.3532
39.3502
37.7628
37.7656
37.7712
37.7795
37.7906
37.8045
37.821
37.8403
37.8621
37.8866
37.9135
37.9428
37.9745
38.0084
38.0443
38.0821
38.1216
38.1625
38.2046
38.2475
38.2909
38.3343
38.3771
38.4188
38.4588
38.4962
38.5302
38.5598
38.5842
38.6022
38.613
38.6155
38.6107
38.606
38.5993
38.5907
38.5802
38.5677
38.5532
41.5765
41.5765
38.5532
38.5677
38.5802
38.5907
38.5993
38.606
38.6107
38.6155
38.613
38.6022
38.5842
38.5598
38.5302
38.4962
38.4588
38.4188
38.3771
38.3343
38.2909
38.2475
38.2046
38.1625
38.1216
38.0821
38.0443
38.0084
37.9745
37.9428
37.9135
37.8866
37.8621
37.8403
37.821
37.8045
37.7906
37.7795
37.7712
37.7656
37.7628
36.1726
36.1752
36.1804
36.1881
36.1984
36.2112
36.2266
36.2443
36.2645
36.287
36.3118
36.3387
36.3676
36.3985
36.4312
36.4654
36.501
36.5377
36.5753
36.6133
36.6515
36.6894
36.7264
36.762
36.7955
36.8264
36.8536
36.8766
36.8943
36.906
36.9108
36.908
36.9
36.8934
36.8851
36.8751
36.8634
36.85
36.8349
39.9705
39.9705
36.8349
36.85
36.8634
36.8751
36.8851
36.8934
36.9
36.908
36.9108
36.906
36.8943
36.8766
36.8536
36.8264
36.7955
36.762
36.7264
36.6894
36.6515
36.6133
36.5753
36.5377
36.501
36.4654
36.4312
36.3985
36.3676
36.3387
36.3118
36.287
36.2645
36.2443
36.2266
36.2112
36.1984
36.1881
36.1804
36.1752
36.1726
34.5798
34.5822
34.587
34.5942
34.6037
34.6155
34.6296
34.646
34.6645
34.6852
34.7079
34.7325
34.7588
34.7869
34.8165
34.8474
34.8793
34.9121
34.9455
34.9791
35.0125
35.0453
35.077
35.1072
35.1351
35.1601
35.1815
35.1986
35.2106
35.2167
35.2163
35.2087
35.1977
35.1894
35.1795
35.1681
35.1552
35.1408
35.1248
38.3737
38.3737
35.1248
35.1408
35.1552
35.1681
35.1795
35.1894
35.1977
35.2087
35.2163
35.2167
35.2106
35.1986
35.1815
35.1601
35.1351
35.1072
35.077
35.0453
35.0125
34.9791
34.9455
34.9121
34.8793
34.8474
34.8165
34.7869
34.7588
34.7325
34.7079
34.6852
34.6645
34.646
34.6296
34.6155
34.6037
34.5942
34.587
34.5822
34.5798
32.9846
32.9869
32.9913
32.9979
33.0066
33.0175
33.0305
33.0455
33.0625
33.0814
33.102
33.1244
33.1484
33.1738
33.2005
33.2282
33.2568
33.286
33.3155
33.345
33.3741
33.4023
33.4293
33.4546
33.4774
33.4974
33.5136
33.5256
33.5326
33.5339
33.5289
33.517
33.5032
33.4932
33.4818
33.4689
33.4546
33.4389
33.4218
36.7719
36.7719
33.4218
33.4389
33.4546
33.4689
33.4818
33.4932
33.5032
33.517
33.5289
33.5339
33.5326
33.5256
33.5136
33.4974
33.4774
33.4546
33.4293
33.4023
33.3741
33.345
33.3155
33.286
33.2568
33.2282
33.2005
33.1738
33.1484
33.1244
33.102
33.0814
33.0625
33.0455
33.0305
33.0175
33.0066
32.9979
32.9913
32.9869
32.9846
31.3873
31.3893
31.3933
31.3994
31.4074
31.4174
31.4293
31.443
31.4585
31.4757
31.4945
31.5148
31.5365
31.5594
31.5834
31.6082
31.6337
31.6595
31.6855
31.7112
31.7364
31.7606
31.7834
31.8043
31.8228
31.8383
31.8501
31.8577
31.8604
31.8575
31.8484
31.8326
31.816
31.8044
31.7913
31.7768
31.7609
31.7437
31.7252
35.1371
35.1371
31.7252
31.7437
31.7609
31.7768
31.7913
31.8044
31.816
31.8326
31.8484
31.8575
31.8604
31.8577
31.8501
31.8383
31.8228
31.8043
31.7834
31.7606
31.7364
31.7112
31.6855
31.6595
31.6337
31.6082
31.5834
31.5594
31.5365
31.5148
31.4945
31.4757
31.4585
31.443
31.4293
31.4174
31.4074
31.3994
31.3933
31.3893
31.3873
29.7879
29.7897
29.7934
29.799
29.8063
29.8154
29.8262
29.8387
29.8529
29.8685
29.8855
29.9039
29.9234
29.944
29.9654
29.9876
30.0102
30.033
30.0557
30.0781
30.0998
30.1203
30.1394
30.1565
30.1712
30.1828
30.1908
30.1947
30.1937
30.1873
30.1747
30.1554
30.1362
30.1229
30.108
30.0917
30.074
30.0548
30.0342
33.4118
33.4118
30.0342
30.0548
30.074
30.0917
30.108
30.1229
30.1362
30.1554
30.1747
30.1873
30.1937
30.1947
30.1908
30.1828
30.1712
30.1565
30.1394
30.1203
30.0998
30.0781
30.0557
30.033
30.0102
29.9876
29.9654
29.944
29.9234
29.9039
29.8855
29.8685
29.8529
29.8387
29.8262
29.8154
29.8063
29.799
29.7934
29.7897
29.7879
28.1866
28.1883
28.1917
28.1967
28.2034
28.2117
28.2215
28.2329
28.2457
28.2598
28.2752
28.2917
28.3093
28.3277
28.3468
28.3665
28.3864
28.4065
28.4263
28.4457
28.4642
28.4816
28.4974
28.5112
28.5225
28.5309
28.5357
28.5365
28.5325
28.5232
28.5077
28.4854
28.4638
28.4489
28.4324
28.4141
28.3941
28.3723
28.3489
31.4769
31.4769
28.3489
28.3723
28.3941
28.4141
28.4324
28.4489
28.4638
28.4854
28.5077
28.5232
28.5325
28.5365
28.5357
28.5309
28.5225
28.5112
28.4974
28.4816
28.4642
28.4457
28.4263
28.4065
28.3864
28.3665
28.3468
28.3277
28.3093
28.2917
28.2752
28.2598
28.2457
28.2329
28.2215
28.2117
28.2034
28.1967
28.1917
28.1883
28.1866
26.5836
26.5852
26.5882
26.5928
26.5989
26.6064
26.6153
26.6256
26.6371
26.6499
26.6637
26.6786
26.6943
26.7107
26.7277
26.7451
26.7626
26.7801
26.7974
26.814
26.8298
26.8444
26.8573
26.8683
26.8769
26.8825
26.8848
26.883
26.8767
26.8651
26.8475
26.8231
26.7996
26.7835
26.7654
26.7453
26.7229
26.6981
26.6706
29.0914
29.0914
26.6706
26.6981
26.7229
26.7453
26.7654
26.7835
26.7996
26.8231
26.8475
26.8651
26.8767
26.883
26.8848
26.8825
26.8769
26.8683
26.8573
26.8444
26.8298
26.814
26.7974
26.7801
26.7626
26.7451
26.7277
26.7107
26.6943
26.6786
26.6637
26.6499
26.6371
26.6256
26.6153
26.6064
26.5989
26.5928
26.5882
26.5852
26.5836
24.9791
24.9805
24.9833
24.9874
24.9929
24.9997
25.0078
25.017
25.0274
25.0389
25.0513
25.0645
25.0785
25.0931
25.1082
25.1235
25.1389
25.1541
25.169
25.1833
25.1966
25.2087
25.2193
25.2279
25.2341
25.2376
25.2377
25.2341
25.2262
25.2131
25.1943
25.1686
25.1444
25.1276
25.1088
25.0878
25.0641
25.0372
25.006
25.9236
25.9236
25.006
25.0372
25.0641
25.0878
25.1088
25.1276
25.1444
25.1686
25.1943
25.2131
25.2262
25.2341
25.2377
25.2376
25.2341
25.2279
25.2193
25.2087
25.1966
25.1833
25.169
25.1541
25.1389
25.1235
25.1082
25.0931
25.0785
25.0645
25.0513
25.0389
25.0274
25.017
25.0078
24.9997
24.9929
24.9874
24.9833
24.9805
24.9791
23.3732
23.3745
23.377
23.3807
23.3857
23.3918
23.399
23.4073
23.4166
23.4269
23.4379
23.4497
23.4622
23.4751
23.4884
23.5018
23.5152
23.5285
23.5413
23.5534
23.5647
23.5747
23.5831
23.5898
23.5941
23.5959
23.5945
23.5896
23.5806
23.5669
23.5478
23.5222
23.4983
23.4819
23.4637
23.4436
23.4216
23.3975
23.3713
23.3689
23.3689
23.3713
23.3975
23.4216
23.4436
23.4637
23.4819
23.4983
23.5222
23.5478
23.5669
23.5806
23.5896
23.5945
23.5959
23.5941
23.5898
23.5831
23.5747
23.5647
23.5534
23.5413
23.5285
23.5152
23.5018
23.4884
23.4751
23.4622
23.4497
23.4379
23.4269
23.4166
23.4073
23.399
23.3918
23.3857
23.3807
23.377
23.3745
23.3732
21.7661
21.7672
21.7695
21.7728
21.7772
21.7827
21.7892
21.7966
21.8049
21.814
21.8239
21.8344
21.8453
21.8567
21.8684
21.8801
21.8918
21.9033
21.9142
21.9245
21.9339
21.9421
21.9489
21.9539
21.9568
21.9572
21.9549
21.9492
21.9399
21.9262
21.9077
21.8833
21.8607
21.8453
21.8283
21.8096
21.7894
21.7682
21.7477
21.747
21.747
21.7477
21.7682
21.7894
21.8096
21.8283
21.8453
21.8607
21.8833
21.9077
21.9262
21.9399
21.9492
21.9549
21.9572
21.9568
21.9539
21.9489
21.9421
21.9339
21.9245
21.9142
21.9033
21.8918
21.8801
21.8684
21.8567
21.8453
21.8344
21.8239
21.814
21.8049
21.7966
21.7892
21.7827
21.7772
21.7728
21.7695
21.7672
21.7661
20.1578
20.1588
20.1608
20.1638
20.1678
20.1726
20.1784
20.185
20.1924
20.2005
20.2092
20.2184
20.2281
20.2381
20.2483
20.2585
20.2686
20.2785
20.2879
20.2966
20.3044
20.3111
20.3164
20.3201
20.3219
20.3214
20.3184
20.3125
20.3034
20.2905
20.2733
20.2512
20.231
20.217
20.2013
20.1833
20.162
20.1358
20.101
20.0689
20.0689
20.101
20.1358
20.162
20.1833
20.2013
20.217
20.231
20.2512
20.2733
20.2905
20.3034
20.3125
20.3184
20.3214
20.3219
20.3201
20.3164
20.3111
20.3044
20.2966
20.2879
20.2785
20.2686
20.2585
20.2483
20.2381
20.2281
20.2184
20.2092
20.2005
20.1924
20.185
20.1784
20.1726
20.1678
20.1638
20.1608
20.1588
20.1578
18.5485
18.5494
18.5512
18.5539
18.5574
18.5617
18.5668
18.5726
18.5792
18.5863
18.594
18.6021
18.6106
18.6193
18.6282
18.637
18.6458
18.6542
18.6621
18.6695
18.6759
18.6814
18.6856
18.6883
18.6892
18.6882
18.6849
18.6792
18.6706
18.6589
18.6439
18.6252
18.6087
18.5977
18.5859
18.5733
18.56
18.5466
18.5344
18.5264
18.5264
18.5344
18.5466
18.56
18.5733
18.5859
18.5977
18.6087
18.6252
18.6439
18.6589
18.6706
18.6792
18.6849
18.6882
18.6892
18.6883
18.6856
18.6814
18.6759
18.6695
18.6621
18.6542
18.6458
18.637
18.6282
18.6193
18.6106
18.6021
18.594
18.5863
18.5792
18.5726
18.5668
18.5617
18.5574
18.5539
18.5512
18.5494
18.5485
16.9383
16.9391
16.9407
16.943
16.9461
16.95
16.9545
16.9596
16.9653
16.9716
16.9783
16.9854
16.9928
17.0004
17.008
17.0157
17.0232
17.0303
17.0371
17.0432
17.0486
17.0529
17.0562
17.0581
17.0585
17.0572
17.0539
17.0486
17.0409
17.0308
17.0182
17.0031
16.9907
16.9827
16.9746
16.9665
16.9587
16.9518
16.9464
16.9433
16.9433
16.9464
16.9518
16.9587
16.9665
16.9746
16.9827
16.9907
17.0031
17.0182
17.0308
17.0409
17.0486
17.0539
17.0572
17.0585
17.0581
17.0562
17.0529
17.0486
17.0432
17.0371
17.0303
17.0232
17.0157
17.008
17.0004
16.9928
16.9854
16.9783
16.9716
16.9653
16.9596
16.9545
16.95
16.9461
16.943
16.9407
16.9391
16.9383
15.3274
15.3281
15.3294
15.3315
15.3342
15.3375
15.3415
15.346
15.351
15.3564
15.3623
15.3684
15.3748
15.3813
15.3879
15.3945
15.4009
15.4069
15.4126
15.4177
15.4221
15.4257
15.4282
15.4295
15.4296
15.4281
15.425
15.4202
15.4136
15.4052
15.395
15.3833
15.3742
15.3686
15.3631
15.3578
15.3531
15.3492
15.3463
15.3448
15.3448
15.3463
15.3492
15.3531
15.3578
15.3631
15.3686
15.3742
15.3833
15.395
15.4052
15.4136
15.4202
15.425
15.4281
15.4296
15.4295
15.4282
15.4257
15.4221
15.4177
15.4126
15.4069
15.4009
15.3945
15.3879
15.3813
15.3748
15.3684
15.3623
15.3564
15.351
15.346
15.3415
15.3375
15.3342
15.3315
15.3294
15.3281
15.3274
13.7157
13.7163
13.7175
13.7193
13.7216
13.7245
13.7279
13.7318
13.7361
13.7409
13.7459
13.7512
13.7567
13.7623
13.7679
13.7735
13.7789
13.784
13.7887
13.7929
13.7965
13.7994
13.8013
13.8023
13.8021
13.8006
13.7979
13.7937
13.7882
13.7813
13.7733
13.7644
13.7578
13.7539
13.7501
13.7467
13.7437
13.7412
13.7395
13.7386
13.7386
13.7395
13.7412
13.7437
13.7467
13.7501
13.7539
13.7578
13.7644
13.7733
13.7813
13.7882
13.7937
13.7979
13.8006
13.8021
13.8023
13.8013
13.7994
13.7965
13.7929
13.7887
13.784
13.7789
13.7735
13.7679
13.7623
13.7567
13.7512
13.7459
13.7409
13.7361
13.7318
13.7279
13.7245
13.7216
13.7193
13.7175
13.7163
13.7157
12.1034
12.1039
12.105
12.1065
12.1085
12.111
12.1139
12.1172
12.1209
12.125
12.1293
12.1338
12.1384
12.1432
12.1479
12.1526
12.1571
12.1614
12.1653
12.1688
12.1717
12.174
12.1755
12.1761
12.1758
12.1745
12.1721
12.1686
12.1641
12.1586
12.1524
12.1457
12.141
12.1382
12.1356
12.1332
12.1312
12.1297
12.1286
12.128
12.128
12.1286
12.1297
12.1312
12.1332
12.1356
12.1382
12.141
12.1457
12.1524
12.1586
12.1641
12.1686
12.1721
12.1745
12.1758
12.1761
12.1755
12.174
12.1717
12.1688
12.1653
12.1614
12.1571
12.1526
12.1479
12.1432
12.1384
12.1338
12.1293
12.125
12.1209
12.1172
12.1139
12.111
12.1085
12.1065
12.105
12.1039
12.1034
10.4906
10.4911
10.4919
10.4932
10.4949
10.497
10.4995
10.5023
10.5054
10.5088
10.5124
10.5162
10.5201
10.524
10.528
10.5319
10.5356
10.5392
10.5424
10.5452
10.5475
10.5493
10.5505
10.5509
10.5506
10.5494
10.5474
10.5446
10.5409
10.5366
10.5319
10.5269
10.5235
10.5215
10.5197
10.518
10.5167
10.5156
10.5149
10.5145
10.5145
10.5149
10.5156
10.5167
10.518
10.5197
10.5215
10.5235
10.5269
10.5319
10.5366
10.5409
10.5446
10.5474
10.5494
10.5506
10.5509
10.5505
10.5493
10.5475
10.5452
10.5424
10.5392
10.5356
10.5319
10.528
10.524
10.5201
10.5162
10.5124
10.5088
10.5054
10.5023
10.4995
10.497
10.4949
10.4932
10.4919
10.4911
10.4906
8.8774
8.87776
8.87848
8.87955
8.88096
8.8827
8.88474
8.88705
8.88962
8.89241
8.89538
8.89848
8.90169
8.90493
8.90817
8.91134
8.91438
8.91723
8.91982
8.92208
8.92394
8.92534
8.92622
8.92652
8.92619
8.92522
8.92358
8.92131
8.91847
8.91516
8.91156
8.9079
8.90543
8.90401
8.90272
8.90158
8.90064
8.8999
8.8994
8.89914
8.89914
8.8994
8.8999
8.90064
8.90158
8.90272
8.90401
8.90543
8.9079
8.91156
8.91516
8.91847
8.92131
8.92358
8.92522
8.92619
8.92652
8.92622
8.92534
8.92394
8.92208
8.91982
8.91723
8.91438
8.91134
8.90817
8.90493
8.90169
8.89848
8.89538
8.89241
8.88962
8.88705
8.88474
8.8827
8.88096
8.87955
8.87848
8.87776
8.8774
7.2638
7.2641
7.26468
7.26554
7.26667
7.26806
7.2697
7.27155
7.27361
7.27584
7.27821
7.28069
7.28325
7.28583
7.2884
7.29091
7.29332
7.29556
7.29759
7.29935
7.3008
7.30187
7.30253
7.30273
7.30244
7.30166
7.30037
7.29862
7.29645
7.29397
7.29131
7.28865
7.28689
7.28588
7.28497
7.28417
7.28351
7.283
7.28265
7.28248
7.28248
7.28265
7.283
7.28351
7.28417
7.28497
7.28588
7.28689
7.28865
7.29131
7.29397
7.29645
7.29862
7.30037
7.30166
7.30244
7.30273
7.30253
7.30187
7.3008
7.29935
7.29759
7.29556
7.29332
7.29091
7.2884
7.28583
7.28325
7.28069
7.27821
7.27584
7.27361
7.27155
7.2697
7.26806
7.26667
7.26554
7.26468
7.2641
7.2638
5.64992
5.65014
5.65059
5.65125
5.65212
5.65318
5.65443
5.65585
5.65742
5.65913
5.66094
5.66283
5.66477
5.66674
5.66869
5.67059
5.67241
5.6741
5.67563
5.67695
5.67802
5.67882
5.67929
5.67943
5.6792
5.6786
5.67764
5.67634
5.67475
5.67296
5.67106
5.66918
5.66795
5.66725
5.66662
5.66608
5.66563
5.66528
5.66504
5.66492
5.66492
5.66504
5.66528
5.66563
5.66608
5.66662
5.66725
5.66795
5.66918
5.67106
5.67296
5.67475
5.67634
5.67764
5.6786
5.6792
5.67943
5.67929
5.67882
5.67802
5.67695
5.67563
5.6741
5.67241
5.67059
5.66869
5.66674
5.66477
5.66283
5.66094
5.65913
5.65742
5.65585
5.65443
5.65318
5.65212
5.65125
5.65059
5.65014
5.64992
4.03582
4.03597
4.03629
4.03675
4.03737
4.03812
4.039
4.04
4.04111
4.04231
4.04358
4.04491
4.04628
4.04766
4.04903
4.05036
4.05163
4.05281
4.05388
4.05479
4.05553
4.05608
4.0564
4.05648
4.05632
4.0559
4.05523
4.05434
4.05327
4.05206
4.05079
4.04954
4.04873
4.04827
4.04786
4.04751
4.04721
4.04699
4.04683
4.04676
4.04676
4.04683
4.04699
4.04721
4.04751
4.04786
4.04827
4.04873
4.04954
4.05079
4.05206
4.05327
4.05434
4.05523
4.0559
4.05632
4.05648
4.0564
4.05608
4.05553
4.05479
4.05388
4.05281
4.05163
4.05036
4.04903
4.04766
4.04628
4.04491
4.04358
4.04231
4.04111
4.04
4.039
4.03812
4.03737
4.03675
4.03629
4.03597
4.03582
2.42155
2.42165
2.42183
2.42211
2.42247
2.42292
2.42345
2.42404
2.4247
2.42541
2.42617
2.42696
2.42777
2.42859
2.4294
2.43019
2.43094
2.43164
2.43227
2.43281
2.43324
2.43356
2.43375
2.43379
2.43369
2.43344
2.43305
2.43254
2.43191
2.43121
2.43048
2.42977
2.42932
2.42906
2.42882
2.42862
2.42846
2.42833
2.42824
2.4282
2.4282
2.42824
2.42833
2.42846
2.42862
2.42882
2.42906
2.42932
2.42977
2.43048
2.43121
2.43191
2.43254
2.43305
2.43344
2.43369
2.43379
2.43375
2.43356
2.43324
2.43281
2.43227
2.43164
2.43094
2.43019
2.4294
2.42859
2.42777
2.42696
2.42617
2.42541
2.4247
2.42404
2.42345
2.42292
2.42247
2.42211
2.42183
2.42165
2.42155
0.807194
0.807226
0.807288
0.80738
0.807501
0.807649
0.807823
0.808021
0.80824
0.808476
0.808728
0.80899
0.809258
0.80953
0.809798
0.81006
0.810308
0.810539
0.810746
0.810924
0.811068
0.811172
0.811233
0.811248
0.811215
0.811133
0.811004
0.810834
0.810629
0.810401
0.810164
0.809933
0.809785
0.8097
0.809625
0.80956
0.809507
0.809466
0.809438
0.809424
0.809424
0.809438
0.809466
0.809507
0.80956
0.809625
0.8097
0.809785
0.809933
0.810164
0.810401
0.810629
0.810834
0.811004
0.811133
0.811215
0.811248
0.811233
0.811172
0.811068
0.810924
0.810746
0.810539
0.810308
0.81006
0.809798
0.80953
0.809258
0.80899
0.808728
0.808476
0.80824
0.808021
0.807823
0.807649
0.807501
0.80738
0.807288
0.807226
0.807194
)
;

boundaryField
{
    top
    {
        type            fixedValue;
        value           uniform 0;
    }
    inlet
    {
        type            darcyGradPressure;
        gradient        nonuniform List<scalar> 
80
(
9.81
9.81
9.81
9.81
9.81
9.81
9.81
9.81
9.81
9.81
9.81
9.81
9.81
9.81
9.81
9.81
9.81
9.81
9.81
9.81
9.81
9.81
9.81
9.81
9.81
9.81
9.81
9.81
9.81
9.81
9.81
9.81
9.81
9.81
9.81
9.81
9.81
9.81
9.81
9.81
9.81
9.81
9.81
9.81
9.81
9.81
9.81
9.81
9.81
9.81
9.81
9.81
9.81
9.81
9.81
9.81
9.81
9.81
9.81
9.81
9.81
9.81
9.81
9.81
9.81
9.81
9.81
9.81
9.81
9.81
9.81
9.81
9.81
9.81
9.81
9.81
9.81
9.81
9.81
9.81
)
;
        value           nonuniform List<scalar> 
80
(
108.217
108.22
108.226
108.235
108.247
108.261
108.279
108.299
108.321
108.347
108.374
108.404
108.436
108.469
108.504
108.541
108.578
108.617
108.656
108.696
108.736
108.775
108.814
108.851
108.888
108.923
108.955
108.986
109.014
109.038
109.06
109.078
109.088
109.094
109.098
109.103
109.106
109.108
109.11
109.111
109.111
109.11
109.108
109.106
109.103
109.098
109.094
109.088
109.078
109.06
109.038
109.014
108.986
108.955
108.923
108.888
108.851
108.814
108.775
108.736
108.696
108.656
108.617
108.578
108.541
108.504
108.469
108.436
108.404
108.374
108.347
108.321
108.299
108.279
108.261
108.247
108.235
108.226
108.22
108.217
)
;
    }
    axis
    {
        type            darcyGradPressure;
        gradient        uniform -0;
        value           nonuniform List<scalar> 
160
(
108.077
107.783
107.46
107.106
106.717
106.29
105.822
105.308
104.744
104.125
103.444
102.698
101.877
100.977
99.9871
98.8999
97.6294
96.2244
94.816
93.4041
91.9884
90.5688
89.1453
87.7177
86.2858
84.8494
83.4085
81.9629
80.5124
79.0569
77.5962
76.1303
74.659
73.1823
71.7
70.212
68.7185
67.2192
65.7142
64.2036
62.6873
61.1655
59.6383
58.1057
56.5677
55.0247
53.4766
51.9237
50.3662
48.8042
47.238
45.6677
44.0935
42.5158
40.9346
39.3502
37.7628
36.1726
34.5798
32.9846
31.3873
29.7879
28.1866
26.5836
24.9791
23.3732
21.7661
20.1578
18.5485
16.9383
15.3274
13.7157
12.1034
10.4906
8.8774
7.2638
5.64992
4.03582
2.42155
0.807194
108.077
107.783
107.46
107.106
106.717
106.29
105.822
105.308
104.744
104.125
103.444
102.698
101.877
100.977
99.9871
98.8999
97.6294
96.2244
94.816
93.4041
91.9884
90.5688
89.1453
87.7177
86.2858
84.8494
83.4085
81.9629
80.5124
79.0569
77.5962
76.1303
74.659
73.1823
71.7
70.212
68.7185
67.2192
65.7142
64.2036
62.6873
61.1655
59.6383
58.1057
56.5677
55.0247
53.4766
51.9237
50.3662
48.8042
47.238
45.6677
44.0935
42.5158
40.9346
39.3502
37.7628
36.1726
34.5798
32.9846
31.3873
29.7879
28.1866
26.5836
24.9791
23.3732
21.7661
20.1578
18.5485
16.9383
15.3274
13.7157
12.1034
10.4906
8.8774
7.2638
5.64992
4.03582
2.42155
0.807194
)
;
    }
    frontAndBack
    {
        type            empty;
    }
}


// ************************************************************************* //
