/*--------------------------------*- C++ -*----------------------------------*\
  =========                 |
  \\      /  F ield         | OpenFOAM: The Open Source CFD Toolbox
   \\    /   O peration     | Website:  https://openfoam.org
    \\  /    A nd           | Version:  10
     \\/     M anipulation  |
\*---------------------------------------------------------------------------*/
FoamFile
{
    format      ascii;
    class       volScalarField;
    location    "13000";
    object      p;
}
// * * * * * * * * * * * * * * * * * * * * * * * * * * * * * * * * * * * * * //

dimensions      [1 -1 -2 0 0 0 0];

internalField   nonuniform List<scalar> 
6400
(
111.258
111.272
111.3
111.343
111.401
111.474
111.563
111.669
111.794
111.939
112.105
112.296
112.515
112.768
113.061
113.406
113.821
114.324
116.951
410.684
695.291
969.51
1225.18
1462.01
1692.97
1919.74
2152.34
2384.6
2616.42
2845.74
3071.11
3289.7
3439.25
3527.16
3609.51
3684.44
3749.55
3802.01
3838.99
3858.14
3858.14
3838.99
3802.01
3749.55
3684.44
3609.51
3527.16
3439.25
3289.7
3071.11
2845.74
2616.42
2384.6
2152.34
1919.74
1692.97
1462.01
1225.18
969.51
695.291
410.684
116.951
114.324
113.821
113.406
113.061
112.768
112.515
112.296
112.105
111.939
111.794
111.669
111.563
111.474
111.401
111.343
111.3
111.272
111.258
110.963
110.977
111.005
111.048
111.106
111.179
111.268
111.375
111.499
111.644
111.81
112.001
112.22
112.472
112.765
113.109
113.523
114.041
114.981
116.538
401.539
676.236
931.961
1168.22
1399.12
1625.47
1858.33
2090.61
2322.52
2551.92
2777.41
2996.21
3146.18
3234.42
3317.19
3392.66
3458.4
3511.51
3549.01
3568.46
3568.46
3549.01
3511.51
3458.4
3392.66
3317.19
3234.42
3146.18
2996.21
2777.41
2551.92
2322.52
2090.61
1858.33
1625.47
1399.12
1168.22
931.961
676.236
401.539
116.538
114.981
114.041
113.523
113.109
112.765
112.472
112.22
112.001
111.81
111.644
111.499
111.375
111.268
111.179
111.106
111.048
111.005
110.977
110.963
110.639
110.653
110.682
110.724
110.782
110.855
110.944
111.05
111.175
111.319
111.485
111.676
111.894
112.146
112.437
112.78
113.191
113.709
114.521
115.095
115.628
355.581
611.331
846.202
1077.01
1302.3
1535.85
1768.14
2000.28
2229.83
2455.62
2674.91
2825.84
2914.82
2998.57
3075.31
3142.55
3197.17
3235.93
3256.09
3256.09
3235.93
3197.17
3142.55
3075.31
2998.57
2914.82
2825.84
2674.91
2455.62
2229.83
2000.28
1768.14
1535.85
1302.3
1077.01
846.202
611.331
355.581
115.628
115.095
114.521
113.709
113.191
112.78
112.437
112.146
111.894
111.676
111.485
111.319
111.175
111.05
110.944
110.855
110.782
110.724
110.682
110.653
110.639
110.283
110.297
110.325
110.368
110.426
110.499
110.587
110.693
110.818
110.962
111.127
111.317
111.535
111.785
112.075
112.414
112.82
113.326
114.031
114.561
114.843
114.926
262.147
493.131
723.971
947.218
1182.17
1414.41
1646.97
1876.77
2103.08
2323.16
2475.78
2566.03
2651.44
2730.39
2800.32
2857.69
2898.73
2920.19
2920.19
2898.73
2857.69
2800.32
2730.39
2651.44
2566.03
2475.78
2323.16
2103.08
1876.77
1646.97
1414.41
1182.17
947.218
723.971
493.131
262.147
114.926
114.843
114.561
114.031
113.326
112.82
112.414
112.075
111.785
111.535
111.317
111.127
110.962
110.818
110.693
110.587
110.499
110.426
110.368
110.325
110.297
110.283
109.891
109.905
109.934
109.976
110.034
110.106
110.195
110.301
110.424
110.568
110.733
110.922
111.138
111.387
111.673
112.008
112.405
112.891
113.507
113.993
114.279
114.392
114.512
115.712
337.287
556.685
794.355
1026.33
1259.62
1489.77
1716.87
1938.04
2093.3
2185.42
2273.33
2355.76
2430.05
2491.96
2536.82
2560.45
2560.45
2536.82
2491.96
2430.05
2355.76
2273.33
2185.42
2093.3
1938.04
1716.87
1489.77
1259.62
1026.33
794.355
556.685
337.287
115.712
114.512
114.392
114.279
113.993
113.507
112.891
112.405
112.008
111.673
111.387
111.138
110.922
110.733
110.568
110.424
110.301
110.195
110.106
110.034
109.976
109.934
109.905
109.891
109.461
109.475
109.503
109.545
109.602
109.675
109.763
109.868
109.991
110.134
110.298
110.486
110.7
110.946
111.229
111.557
111.942
112.402
112.944
113.389
113.675
113.828
113.982
114.306
114.24
126.036
369.344
600.419
834.988
1065.55
1293.82
1516.24
1675.46
1770.04
1861.35
1948.9
2030.04
2099.18
2150.26
2177.45
2177.45
2150.26
2099.18
2030.04
1948.9
1861.35
1770.04
1675.46
1516.24
1293.82
1065.55
834.988
600.419
369.344
126.036
114.24
114.306
113.982
113.828
113.675
113.389
112.944
112.402
111.942
111.557
111.229
110.946
110.7
110.486
110.298
110.134
109.991
109.868
109.763
109.675
109.602
109.545
109.503
109.475
109.461
108.986
109
109.028
109.071
109.128
109.2
109.287
109.392
109.514
109.656
109.819
110.005
110.217
110.459
110.736
111.056
111.427
111.857
112.336
112.744
113.028
113.209
113.383
113.639
113.7
114.169
113.881
132.369
369.635
600.454
830.448
1053.86
1219.2
1316.46
1411.83
1506.59
1598.52
1679.15
1740.42
1773.45
1773.45
1740.42
1679.15
1598.52
1506.59
1411.83
1316.46
1219.2
1053.86
830.448
600.454
369.635
132.369
113.881
114.169
113.7
113.639
113.383
113.209
113.028
112.744
112.336
111.857
111.427
111.056
110.736
110.459
110.217
110.005
109.819
109.656
109.514
109.392
109.287
109.2
109.128
109.071
109.028
109
108.986
108.465
108.479
108.506
108.548
108.605
108.676
108.764
108.867
108.989
109.129
109.29
109.473
109.682
109.92
110.191
110.5
110.853
111.253
111.68
112.053
112.332
112.531
112.715
112.932
113.053
113.355
113.26
113.506
113.165
116.005
323.776
546.187
722.237
820.621
919.645
1023.94
1133.61
1232.48
1311.13
1353.94
1353.94
1311.13
1232.48
1133.61
1023.94
919.645
820.621
722.237
546.187
323.776
116.005
113.165
113.506
113.26
113.355
113.053
112.932
112.715
112.531
112.332
112.053
111.68
111.253
110.853
110.5
110.191
109.92
109.682
109.473
109.29
109.129
108.989
108.867
108.764
108.676
108.605
108.548
108.506
108.479
108.465
107.89
107.904
107.931
107.973
108.029
108.1
108.186
108.289
108.409
108.547
108.706
108.886
109.091
109.323
109.586
109.883
110.217
110.585
110.968
111.31
111.58
111.789
111.978
112.171
112.316
112.524
112.526
112.649
112.481
112.564
112.202
112.34
198.31
280.033
377.921
492.649
635.078
761.113
871.641
931.071
931.071
871.641
761.113
635.078
492.649
377.921
280.033
198.31
112.34
112.202
112.564
112.481
112.649
112.526
112.524
112.316
112.171
111.978
111.789
111.58
111.31
110.968
110.585
110.217
109.883
109.586
109.323
109.091
108.886
108.706
108.547
108.409
108.289
108.186
108.1
108.029
107.973
107.931
107.904
107.89
107.257
107.271
107.298
107.339
107.395
107.465
107.55
107.651
107.77
107.906
108.062
108.238
108.438
108.663
108.916
109.199
109.512
109.851
110.195
110.508
110.768
110.98
111.168
111.347
111.495
111.652
111.697
111.764
111.683
111.68
111.472
111.435
111.296
111.261
111.308
111.894
153.602
277.327
448.174
532.887
532.887
448.174
277.327
153.602
111.894
111.308
111.261
111.296
111.435
111.472
111.68
111.683
111.764
111.697
111.652
111.495
111.347
111.168
110.98
110.768
110.508
110.195
109.851
109.512
109.199
108.916
108.663
108.438
108.238
108.062
107.906
107.77
107.651
107.55
107.465
107.395
107.339
107.298
107.271
107.257
106.56
106.574
106.601
106.641
106.696
106.765
106.849
106.948
107.064
107.198
107.35
107.522
107.716
107.933
108.175
108.442
108.734
109.043
109.354
109.641
109.888
110.097
110.281
110.45
110.593
110.722
110.783
110.827
110.789
110.759
110.632
110.569
110.492
110.466
110.464
110.457
110.402
110.978
165.637
234.704
234.704
165.637
110.978
110.402
110.457
110.464
110.466
110.492
110.569
110.632
110.759
110.789
110.827
110.783
110.722
110.593
110.45
110.281
110.097
109.888
109.641
109.354
109.043
108.734
108.442
108.175
107.933
107.716
107.522
107.35
107.198
107.064
106.948
106.849
106.765
106.696
106.641
106.601
106.574
106.56
105.792
105.805
105.832
105.871
105.925
105.993
106.075
106.173
106.286
106.416
106.564
106.731
106.917
107.125
107.355
107.606
107.876
108.158
108.439
108.702
108.934
109.136
109.314
109.472
109.607
109.719
109.786
109.822
109.807
109.774
109.693
109.632
109.582
109.559
109.544
109.529
109.508
109.502
111.825
130.054
130.054
111.825
109.502
109.508
109.529
109.544
109.559
109.582
109.632
109.693
109.774
109.807
109.822
109.786
109.719
109.607
109.472
109.314
109.136
108.934
108.702
108.439
108.158
107.876
107.606
107.355
107.125
106.917
106.731
106.564
106.416
106.286
106.173
106.075
105.993
105.925
105.871
105.832
105.805
105.792
104.945
104.958
104.984
105.023
105.075
105.141
105.222
105.316
105.427
105.553
105.695
105.856
106.034
106.232
106.448
106.682
106.93
107.186
107.441
107.681
107.898
108.089
108.259
108.408
108.534
108.635
108.702
108.737
108.735
108.71
108.657
108.607
108.57
108.551
108.535
108.52
108.507
108.498
108.492
114.457
114.457
108.492
108.498
108.507
108.52
108.535
108.551
108.57
108.607
108.657
108.71
108.735
108.737
108.702
108.635
108.534
108.408
108.259
108.089
107.898
107.681
107.441
107.186
106.93
106.682
106.448
106.232
106.034
105.856
105.695
105.553
105.427
105.316
105.222
105.141
105.075
105.023
104.984
104.958
104.945
104.011
104.023
104.048
104.086
104.137
104.202
104.279
104.371
104.478
104.599
104.736
104.889
105.058
105.244
105.446
105.662
105.889
106.122
106.352
106.57
106.771
106.95
107.11
107.249
107.367
107.46
107.525
107.561
107.569
107.554
107.52
107.482
107.454
107.439
107.425
107.412
107.401
107.392
107.37
110.459
110.459
107.37
107.392
107.401
107.412
107.425
107.439
107.454
107.482
107.52
107.554
107.569
107.561
107.525
107.46
107.367
107.249
107.11
106.95
106.771
106.57
106.352
106.122
105.889
105.662
105.446
105.244
105.058
104.889
104.736
104.599
104.478
104.371
104.279
104.202
104.137
104.086
104.048
104.023
104.011
102.98
102.992
103.016
103.053
103.103
103.165
103.24
103.328
103.43
103.546
103.676
103.821
103.98
104.154
104.341
104.539
104.746
104.955
105.163
105.361
105.544
105.711
105.859
105.989
106.098
106.185
106.248
106.286
106.3
106.295
106.275
106.248
106.227
106.215
106.204
106.193
106.183
106.175
106.153
108.507
108.507
106.153
106.175
106.183
106.193
106.204
106.215
106.227
106.248
106.275
106.295
106.3
106.286
106.248
106.185
106.098
105.989
105.859
105.711
105.544
105.361
105.163
104.955
104.746
104.539
104.341
104.154
103.98
103.821
103.676
103.546
103.43
103.328
103.24
103.165
103.103
103.053
103.016
102.992
102.98
101.842
101.854
101.878
101.913
101.96
102.019
102.091
102.175
102.272
102.382
102.505
102.641
102.789
102.95
103.122
103.302
103.489
103.678
103.864
104.042
104.209
104.362
104.499
104.618
104.719
104.8
104.861
104.9
104.92
104.923
104.913
104.896
104.881
104.871
104.862
104.853
104.844
104.835
104.814
107.022
107.022
104.814
104.835
104.844
104.853
104.862
104.871
104.881
104.896
104.913
104.923
104.92
104.9
104.861
104.8
104.719
104.618
104.499
104.362
104.209
104.042
103.864
103.678
103.489
103.302
103.122
102.95
102.789
102.641
102.505
102.382
102.272
102.175
102.091
102.019
101.96
101.913
101.878
101.854
101.842
100.507
100.518
100.54
100.574
100.619
100.675
100.742
100.822
100.913
101.015
101.129
101.255
101.391
101.538
101.693
101.855
102.022
102.189
102.354
102.513
102.663
102.8
102.924
103.033
103.125
103.201
103.259
103.299
103.323
103.332
103.331
103.321
103.31
103.303
103.296
103.288
103.28
103.272
103.251
105.466
105.466
103.251
103.272
103.28
103.288
103.296
103.303
103.31
103.321
103.331
103.332
103.323
103.299
103.259
103.201
103.125
103.033
102.924
102.8
102.663
102.513
102.354
102.189
102.022
101.855
101.693
101.538
101.391
101.255
101.129
101.015
100.913
100.822
100.742
100.675
100.619
100.574
100.54
100.518
100.507
99.0226
99.033
99.054
99.0854
99.1274
99.18
99.2431
99.3169
99.4012
99.4959
99.6008
99.7155
99.8393
99.9714
100.111
100.255
100.402
100.55
100.696
100.836
100.968
101.091
101.202
101.3
101.385
101.454
101.509
101.549
101.575
101.589
101.593
101.588
101.581
101.576
101.569
101.563
101.555
101.547
101.527
103.796
103.796
101.527
101.547
101.555
101.563
101.569
101.576
101.581
101.588
101.593
101.589
101.575
101.549
101.509
101.454
101.385
101.3
101.202
101.091
100.968
100.836
100.696
100.55
100.402
100.255
100.111
99.9714
99.8393
99.7155
99.6008
99.4959
99.4012
99.3169
99.2431
99.18
99.1274
99.0854
99.054
99.033
99.0226
97.5278
97.5376
97.5571
97.5865
97.6257
97.6746
97.7332
97.8015
97.8792
97.9663
98.0623
98.1667
98.2789
98.398
98.5226
98.6513
98.7821
98.9131
99.0419
99.1662
99.284
99.3935
99.4931
99.5817
99.6583
99.7225
99.7739
99.8127
99.8397
99.8559
99.8627
99.8617
99.8564
99.8521
99.8467
99.8405
99.8334
99.8254
99.8056
102.141
102.141
99.8056
99.8254
99.8334
99.8405
99.8467
99.8521
99.8564
99.8617
99.8627
99.8559
99.8397
99.8127
99.7739
99.7225
99.6583
99.5817
99.4931
99.3935
99.284
99.1662
99.0419
98.9131
98.7821
98.6513
98.5226
98.398
98.2789
98.1667
98.0623
97.9663
97.8792
97.8015
97.7332
97.6746
97.6257
97.5865
97.5571
97.5376
97.5278
96.0232
96.0323
96.0505
96.0778
96.1141
96.1595
96.2136
96.2766
96.3481
96.4278
96.5153
96.6102
96.7117
96.8189
96.9306
97.0455
97.162
97.2783
97.3926
97.5031
97.608
97.7058
97.7951
97.875
97.9446
98.0034
98.0513
98.0883
98.115
98.1321
98.1405
98.1414
98.1373
98.1336
98.1288
98.1229
98.116
98.1081
98.0889
100.497
100.497
98.0889
98.1081
98.116
98.1229
98.1288
98.1336
98.1373
98.1414
98.1405
98.1321
98.115
98.0883
98.0513
98.0034
97.9446
97.875
97.7951
97.7058
97.608
97.5031
97.3926
97.2783
97.162
97.0455
96.9306
96.8189
96.7117
96.6102
96.5153
96.4278
96.3481
96.2766
96.2136
96.1595
96.1141
96.0778
96.0505
96.0323
96.0232
94.5095
94.518
94.5348
94.5601
94.5937
94.6355
94.6853
94.7432
94.8086
94.8814
94.9611
95.0471
95.1388
95.2353
95.3354
95.4381
95.542
95.6456
95.7473
95.8456
95.9391
96.0265
96.1066
96.1785
96.2416
96.2954
96.3396
96.3743
96.3999
96.4169
96.4258
96.4276
96.4241
96.4207
96.4162
96.4106
96.4038
96.3959
96.3772
98.8637
98.8637
96.3772
96.3959
96.4038
96.4106
96.4162
96.4207
96.4241
96.4276
96.4258
96.4169
96.3999
96.3743
96.3396
96.2954
96.2416
96.1785
96.1066
96.0265
95.9391
95.8456
95.7473
95.6456
95.542
95.4381
95.3354
95.2353
95.1388
95.0471
94.9611
94.8814
94.8086
94.7432
94.6853
94.6355
94.5937
94.5601
94.5348
94.518
94.5095
92.9874
92.9952
93.0108
93.034
93.0649
93.1034
93.1491
93.2021
93.2618
93.3281
93.4005
93.4784
93.5611
93.6479
93.7377
93.8296
93.9224
94.0147
94.1053
94.1929
94.2763
94.3544
94.4262
94.491
94.548
94.5968
94.6374
94.6695
94.6935
94.7097
94.7184
94.7203
94.7171
94.7138
94.7094
94.7039
94.6972
94.6893
94.6711
97.2436
97.2436
94.6711
94.6893
94.6972
94.7039
94.7094
94.7138
94.7171
94.7203
94.7184
94.7097
94.6935
94.6695
94.6374
94.5968
94.548
94.491
94.4262
94.3544
94.2763
94.1929
94.1053
94.0147
93.9224
93.8296
93.7377
93.6479
93.5611
93.4784
93.4005
93.3281
93.2618
93.2021
93.1491
93.1034
93.0649
93.034
93.0108
92.9952
92.9874
91.4575
91.4647
91.479
91.5003
91.5287
91.5639
91.6058
91.6541
91.7086
91.7688
91.8344
91.9048
91.9794
92.0574
92.138
92.2203
92.3031
92.3855
92.4663
92.5444
92.6189
92.6887
92.753
92.8111
92.8624
92.9066
92.9435
92.9729
92.9949
93.0099
93.0179
93.0195
93.0162
93.0129
93.0085
93.003
92.9963
92.9884
92.9707
95.6377
95.6377
92.9707
92.9884
92.9963
93.003
93.0085
93.0129
93.0162
93.0195
93.0179
93.0099
92.9949
92.9729
92.9435
92.9066
92.8624
92.8111
92.753
92.6887
92.6189
92.5444
92.4663
92.3855
92.3031
92.2203
92.138
92.0574
91.9794
91.9048
91.8344
91.7688
91.7086
91.6541
91.6058
91.5639
91.5287
91.5003
91.479
91.4647
91.4575
89.9204
89.927
89.9401
89.9597
89.9856
90.0178
90.056
90.1
90.1495
90.2041
90.2635
90.3271
90.3943
90.4644
90.5367
90.6103
90.6843
90.7579
90.83
90.8997
90.9661
91.0284
91.0859
91.138
91.1841
91.2238
91.257
91.2836
91.3035
91.3169
91.3239
91.3249
91.3212
91.3179
91.3134
91.3078
91.3011
91.2933
91.276
94.047
94.047
91.276
91.2933
91.3011
91.3078
91.3134
91.3179
91.3212
91.3249
91.3239
91.3169
91.3035
91.2836
91.257
91.2238
91.1841
91.138
91.0859
91.0284
90.9661
90.8997
90.83
90.7579
90.6843
90.6103
90.5367
90.4644
90.3943
90.3271
90.2635
90.2041
90.1495
90.1
90.056
90.0178
89.9856
89.9597
89.9401
89.927
89.9204
88.3768
88.3828
88.3948
88.4126
88.4363
88.4656
88.5004
88.5404
88.5853
88.6348
88.6884
88.7457
88.8062
88.8692
88.934
88.9999
89.066
89.1317
89.196
89.2582
89.3174
89.373
89.4243
89.4708
89.512
89.5476
89.5772
89.6009
89.6186
89.6303
89.6361
89.6361
89.6321
89.6286
89.6239
89.6182
89.6115
89.6036
89.5869
92.4729
92.4729
89.5869
89.6036
89.6115
89.6182
89.6239
89.6286
89.6321
89.6361
89.6361
89.6303
89.6186
89.6009
89.5772
89.5476
89.512
89.4708
89.4243
89.373
89.3174
89.2582
89.196
89.1317
89.066
88.9999
88.934
88.8692
88.8062
88.7457
88.6884
88.6348
88.5853
88.5404
88.5004
88.4656
88.4363
88.4126
88.3948
88.3828
88.3768
86.8272
86.8326
86.8435
86.8598
86.8813
86.908
86.9396
86.9758
87.0165
87.0612
87.1096
87.1613
87.2156
87.2721
87.3302
87.3891
87.4483
87.5069
87.5642
87.6196
87.6724
87.7219
87.7676
87.8089
87.8456
87.8772
87.9035
87.9243
87.9397
87.9495
87.9539
87.953
87.9485
87.9447
87.9399
87.934
87.9272
87.9193
87.903
90.9172
90.9172
87.903
87.9193
87.9272
87.934
87.9399
87.9447
87.9485
87.953
87.9539
87.9495
87.9397
87.9243
87.9035
87.8772
87.8456
87.8089
87.7676
87.7219
87.6724
87.6196
87.5642
87.5069
87.4483
87.3891
87.3302
87.2721
87.2156
87.1613
87.1096
87.0612
87.0165
86.9758
86.9396
86.908
86.8813
86.8598
86.8435
86.8326
86.8272
85.272
85.277
85.2869
85.3017
85.3213
85.3454
85.374
85.4069
85.4436
85.484
85.5276
85.5741
85.6229
85.6736
85.7255
85.7782
85.831
85.8833
85.9344
85.9837
86.0306
86.0746
86.1151
86.1518
86.1842
86.212
86.2351
86.2532
86.2663
86.2743
86.2772
86.2751
86.2701
86.266
86.2609
86.2549
86.248
86.2401
86.2242
89.3818
89.3818
86.2242
86.2401
86.248
86.2549
86.2609
86.266
86.2701
86.2751
86.2772
86.2743
86.2663
86.2532
86.2351
86.212
86.1842
86.1518
86.1151
86.0746
86.0306
85.9837
85.9344
85.8833
85.831
85.7782
85.7255
85.6736
85.6229
85.5741
85.5276
85.484
85.4436
85.4069
85.374
85.3454
85.3213
85.3017
85.2869
85.277
85.272
83.712
83.7165
83.7255
83.7389
83.7566
83.7785
83.8043
83.834
83.8671
83.9035
83.9427
83.9845
84.0283
84.0737
84.1202
84.1672
84.2143
84.2609
84.3063
84.3501
84.3918
84.4307
84.4666
84.4989
84.5274
84.5517
84.5717
84.5871
84.5979
84.604
84.6054
84.6022
84.5965
84.5921
84.5868
84.5806
84.5736
84.5656
84.5501
87.8696
87.8696
84.5501
84.5656
84.5736
84.5806
84.5868
84.5921
84.5965
84.6022
84.6054
84.604
84.5979
84.5871
84.5717
84.5517
84.5274
84.4989
84.4666
84.4307
84.3918
84.3501
84.3063
84.2609
84.2143
84.1672
84.1202
84.0737
84.0283
83.9845
83.9427
83.9035
83.8671
83.834
83.8043
83.7785
83.7566
83.7389
83.7255
83.7165
83.712
82.1474
82.1514
82.1596
82.1717
82.1877
82.2075
82.2308
82.2576
82.2874
82.3201
82.3554
82.3929
82.4321
82.4727
82.5142
82.5562
82.5982
82.6396
82.6799
82.7187
82.7556
82.79
82.8216
82.8499
82.8747
82.8958
82.9128
82.9257
82.9342
82.9385
82.9384
82.9339
82.9276
82.9228
82.9172
82.9108
82.9036
82.8956
82.8804
86.3842
86.3842
82.8804
82.8956
82.9036
82.9108
82.9172
82.9228
82.9276
82.9339
82.9384
82.9385
82.9342
82.9257
82.9128
82.8958
82.8747
82.8499
82.8216
82.79
82.7556
82.7187
82.6799
82.6396
82.5982
82.5562
82.5142
82.4727
82.4321
82.3929
82.3554
82.3201
82.2874
82.2576
82.2308
82.2075
82.1877
82.1717
82.1596
82.1514
82.1474
80.5787
80.5824
80.5897
80.6007
80.6151
80.6329
80.654
80.678
80.7049
80.7343
80.7659
80.7994
80.8345
80.8708
80.9078
80.9452
80.9825
81.0193
81.055
81.0894
81.1219
81.1521
81.1797
81.2044
81.2259
81.2438
81.2581
81.2685
81.2749
81.2773
81.2756
81.2699
81.2629
81.2577
81.2518
81.2452
81.2378
81.2296
81.2147
84.9303
84.9303
81.2147
81.2296
81.2378
81.2452
81.2518
81.2577
81.2629
81.2699
81.2756
81.2773
81.2749
81.2685
81.2581
81.2438
81.2259
81.2044
81.1797
81.1521
81.1219
81.0894
81.055
81.0193
80.9825
80.9452
80.9078
80.8708
80.8345
80.7994
80.7659
80.7343
80.7049
80.678
80.654
80.6329
80.6151
80.6007
80.5897
80.5824
80.5787
79.0063
79.0096
79.0162
79.0261
79.0391
79.0552
79.0741
79.0957
79.1198
79.1461
79.1744
79.2044
79.2358
79.2681
79.3011
79.3343
79.3674
79.4
79.4316
79.4618
79.4904
79.5168
79.5409
79.5622
79.5805
79.5956
79.6072
79.6153
79.6196
79.6202
79.617
79.6099
79.6021
79.5966
79.5903
79.5834
79.5757
79.5674
79.5528
83.5144
83.5144
79.5528
79.5674
79.5757
79.5834
79.5903
79.5966
79.6021
79.6099
79.617
79.6202
79.6196
79.6153
79.6072
79.5956
79.5805
79.5622
79.5409
79.5168
79.4904
79.4618
79.4316
79.4
79.3674
79.3343
79.3011
79.2681
79.2358
79.2044
79.1744
79.1461
79.1198
79.0957
79.0741
79.0552
79.0391
79.0261
79.0162
79.0096
79.0063
77.4306
77.4336
77.4395
77.4484
77.4601
77.4745
77.4915
77.5109
77.5324
77.556
77.5813
77.6081
77.636
77.6648
77.6941
77.7236
77.7529
77.7816
77.8094
77.836
77.8609
77.8839
77.9047
77.9229
77.9383
77.9507
77.9599
77.9658
77.9681
77.9669
77.9621
77.9537
77.9451
77.9391
77.9324
77.9251
77.9172
77.9086
77.8943
82.1454
82.1454
77.8943
77.9086
77.9172
77.9251
77.9324
77.9391
77.9451
77.9537
77.9621
77.9669
77.9681
77.9658
77.9599
77.9507
77.9383
77.9229
77.9047
77.8839
77.8609
77.836
77.8094
77.7816
77.7529
77.7236
77.6941
77.6648
77.636
77.6081
77.5813
77.556
77.5324
77.5109
77.4915
77.4745
77.4601
77.4484
77.4395
77.4336
77.4306
75.8519
75.8546
75.8599
75.8679
75.8784
75.8913
75.9065
75.9238
75.9431
75.9642
75.9867
76.0106
76.0354
76.061
76.087
76.1131
76.1389
76.1642
76.1886
76.2118
76.2335
76.2533
76.2711
76.2865
76.2992
76.3091
76.316
76.3198
76.3202
76.3172
76.3108
76.301
76.2915
76.285
76.2779
76.2701
76.2618
76.2529
76.2387
80.8377
80.8377
76.2387
76.2529
76.2618
76.2701
76.2779
76.285
76.2915
76.301
76.3108
76.3172
76.3202
76.3198
76.316
76.3091
76.2992
76.2865
76.2711
76.2533
76.2335
76.2118
76.1886
76.1642
76.1389
76.1131
76.087
76.061
76.0354
76.0106
75.9867
75.9642
75.9431
75.9238
75.9065
75.8913
75.8784
75.8679
75.8599
75.8546
75.8519
74.2705
74.2729
74.2777
74.2848
74.2942
74.3058
74.3193
74.3348
74.352
74.3708
74.3909
74.4121
74.4341
74.4568
74.4797
74.5027
74.5255
74.5476
74.5689
74.5891
74.6078
74.6248
74.6398
74.6526
74.6629
74.6706
74.6753
74.6771
74.6756
74.6709
74.6629
74.6516
74.6411
74.634
74.6264
74.6181
74.6093
74.6
74.5859
79.611
79.611
74.5859
74.6
74.6093
74.6181
74.6264
74.634
74.6411
74.6516
74.6629
74.6709
74.6756
74.6771
74.6753
74.6706
74.6629
74.6526
74.6398
74.6248
74.6078
74.5891
74.5689
74.5476
74.5255
74.5027
74.4797
74.4568
74.4341
74.4121
74.3909
74.3708
74.352
74.3348
74.3193
74.3058
74.2942
74.2848
74.2777
74.2729
74.2705
72.6867
72.6889
72.6932
72.6995
72.7079
72.7182
72.7303
72.7441
72.7594
72.7761
72.7939
72.8127
72.8322
72.8522
72.8725
72.8927
72.9126
72.9319
72.9504
72.9678
72.9839
72.9983
73.0108
73.0212
73.0293
73.0348
73.0376
73.0375
73.0343
73.028
73.0184
73.0055
72.9939
72.9861
72.9778
72.9688
72.9594
72.9495
72.9354
78.4944
78.4944
72.9354
72.9495
72.9594
72.9688
72.9778
72.9861
72.9939
73.0055
73.0184
73.028
73.0343
73.0375
73.0376
73.0348
73.0293
73.0212
73.0108
72.9983
72.9839
72.9678
72.9504
72.9319
72.9126
72.8927
72.8725
72.8522
72.8322
72.8127
72.7939
72.7761
72.7594
72.7441
72.7303
72.7182
72.7079
72.6995
72.6932
72.6889
72.6867
71.1008
71.1027
71.1065
71.1122
71.1197
71.1288
71.1396
71.1519
71.1655
71.1802
71.196
71.2126
71.2298
71.2475
71.2652
71.2829
71.3003
71.3171
71.3331
71.348
71.3616
71.3736
71.3839
71.3922
71.3982
71.4018
71.4028
71.401
71.3962
71.3883
71.3771
71.3626
71.3497
71.3411
71.332
71.3222
71.3119
71.3012
71.2869
77.5301
77.5301
71.2869
71.3012
71.3119
71.3222
71.332
71.3411
71.3497
71.3626
71.3771
71.3883
71.3962
71.401
71.4028
71.4018
71.3982
71.3922
71.3839
71.3736
71.3616
71.348
71.3331
71.3171
71.3003
71.2829
71.2652
71.2475
71.2298
71.2126
71.196
71.1802
71.1655
71.1519
71.1396
71.1288
71.1197
71.1122
71.1065
71.1027
71.1008
69.513
69.5147
69.5181
69.5231
69.5297
69.5379
69.5474
69.5583
69.5703
69.5834
69.5973
69.6119
69.6271
69.6425
69.658
69.6735
69.6885
69.703
69.7167
69.7294
69.7408
69.7508
69.759
69.7654
69.7696
69.7715
69.7709
69.7675
69.7613
69.7519
69.7392
69.723
69.7087
69.6993
69.6891
69.6783
69.6668
69.6549
69.6401
76.7619
76.7619
69.6401
69.6549
69.6668
69.6783
69.6891
69.6993
69.7087
69.723
69.7392
69.7519
69.7613
69.7675
69.7709
69.7715
69.7696
69.7654
69.759
69.7508
69.7408
69.7294
69.7167
69.703
69.6885
69.6735
69.658
69.6425
69.6271
69.6119
69.5973
69.5834
69.5703
69.5583
69.5474
69.5379
69.5297
69.5231
69.5181
69.5147
69.513
67.9234
67.9249
67.9279
67.9324
67.9382
67.9455
67.9539
67.9635
67.9741
67.9856
67.9979
68.0107
68.024
68.0375
68.051
68.0644
68.0774
68.0898
68.1014
68.1121
68.1215
68.1296
68.136
68.1407
68.1433
68.1437
68.1416
68.1369
68.1294
68.1188
68.1048
68.087
68.0713
68.0609
68.0495
68.0373
68.0244
68.0106
67.9949
76.1334
76.1334
67.9949
68.0106
68.0244
68.0373
68.0495
68.0609
68.0713
68.087
68.1048
68.1188
68.1294
68.1369
68.1416
68.1437
68.1433
68.1407
68.136
68.1296
68.1215
68.1121
68.1014
68.0898
68.0774
68.0644
68.051
68.0375
68.024
68.0107
67.9979
67.9856
67.9741
67.9635
67.9539
67.9455
67.9382
67.9324
67.9279
67.9249
67.9234
66.3323
66.3337
66.3363
66.3403
66.3455
66.3518
66.3593
66.3677
66.377
66.3872
66.3979
66.4091
66.4207
66.4324
66.4441
66.4556
66.4668
66.4773
66.4871
66.496
66.5037
66.51
66.5149
66.518
66.5192
66.5182
66.515
66.5092
66.5007
66.489
66.474
66.4551
66.4381
66.4267
66.4142
66.4005
66.3856
66.3694
66.3519
74.8437
74.8437
66.3519
66.3694
66.3856
66.4005
66.4142
66.4267
66.4381
66.4551
66.474
66.489
66.5007
66.5092
66.515
66.5182
66.5192
66.518
66.5149
66.51
66.5037
66.496
66.4871
66.4773
66.4668
66.4556
66.4441
66.4324
66.4207
66.4091
66.3979
66.3872
66.377
66.3677
66.3593
66.3518
66.3455
66.3403
66.3363
66.3337
66.3323
64.7399
64.7411
64.7434
64.7469
64.7515
64.7571
64.7636
64.771
64.7792
64.788
64.7974
64.8072
64.8172
64.8273
64.8374
64.8473
64.8567
64.8656
64.8738
64.881
64.8871
64.892
64.8954
64.8972
64.8972
64.8951
64.8909
64.8843
64.875
64.8627
64.8471
64.8276
64.8101
64.7981
64.7848
64.7699
64.7532
64.7344
64.7153
69.5639
69.5639
64.7153
64.7344
64.7532
64.7699
64.7848
64.7981
64.8101
64.8276
64.8471
64.8627
64.875
64.8843
64.8909
64.8951
64.8972
64.8972
64.8954
64.892
64.8871
64.881
64.8738
64.8656
64.8567
64.8473
64.8374
64.8273
64.8172
64.8072
64.7974
64.788
64.7792
64.771
64.7636
64.7571
64.7515
64.7469
64.7434
64.7411
64.7399
63.1464
63.1474
63.1494
63.1525
63.1565
63.1614
63.1671
63.1736
63.1807
63.1884
63.1965
63.205
63.2136
63.2223
63.2309
63.2393
63.2473
63.2547
63.2613
63.2671
63.2719
63.2754
63.2776
63.2782
63.2772
63.2742
63.2692
63.262
63.2522
63.2398
63.2242
63.205
63.1879
63.1763
63.1633
63.1485
63.1315
63.1108
63.0908
63.0872
63.0872
63.0908
63.1108
63.1315
63.1485
63.1633
63.1763
63.1879
63.205
63.2242
63.2398
63.2522
63.262
63.2692
63.2742
63.2772
63.2782
63.2776
63.2754
63.2719
63.2671
63.2613
63.2547
63.2473
63.2393
63.2309
63.2223
63.2136
63.205
63.1965
63.1884
63.1807
63.1736
63.1671
63.1614
63.1565
63.1525
63.1494
63.1474
63.1464
61.552
61.5529
61.5547
61.5573
61.5608
61.5651
61.57
61.5757
61.5819
61.5885
61.5955
61.6028
61.6102
61.6176
61.6249
61.632
61.6386
61.6446
61.65
61.6545
61.6581
61.6605
61.6616
61.6612
61.6593
61.6556
61.6501
61.6424
61.6325
61.6201
61.6051
61.5871
61.5717
61.5615
61.5508
61.5394
61.5277
61.5163
61.5063
61.5034
61.5034
61.5063
61.5163
61.5277
61.5394
61.5508
61.5615
61.5717
61.5871
61.6051
61.6201
61.6325
61.6424
61.6501
61.6556
61.6593
61.6612
61.6616
61.6605
61.6581
61.6545
61.65
61.6446
61.6386
61.632
61.6249
61.6176
61.6102
61.6028
61.5955
61.5885
61.5819
61.5757
61.57
61.5651
61.5608
61.5573
61.5547
61.5529
61.552
59.9567
59.9574
59.959
59.9613
59.9643
59.968
59.9724
59.9772
59.9826
59.9883
59.9943
60.0005
60.0068
60.0131
60.0192
60.025
60.0304
60.0353
60.0395
60.0429
60.0454
60.0468
60.047
60.0458
60.0432
60.0389
60.0329
60.0251
60.0152
60.0032
59.989
59.9724
59.9588
59.9501
59.9411
59.9319
59.9227
59.9138
59.9053
59.9025
59.9025
59.9053
59.9138
59.9227
59.9319
59.9411
59.9501
59.9588
59.9724
59.989
60.0032
60.0152
60.0251
60.0329
60.0389
60.0432
60.0458
60.047
60.0468
60.0454
60.0429
60.0395
60.0353
60.0304
60.025
60.0192
60.0131
60.0068
60.0005
59.9943
59.9883
59.9826
59.9772
59.9724
59.968
59.9643
59.9613
59.959
59.9574
59.9567
58.3606
58.3612
58.3626
58.3646
58.3672
58.3704
58.3741
58.3783
58.3829
58.3878
58.3929
58.3981
58.4034
58.4087
58.4137
58.4185
58.4228
58.4267
58.4299
58.4323
58.4338
58.4343
58.4337
58.4319
58.4287
58.424
58.4177
58.4098
58.4001
58.3885
58.3751
58.36
58.3479
58.3402
58.3323
58.3243
58.3164
58.3085
58.3006
58.2979
58.2979
58.3006
58.3085
58.3164
58.3243
58.3323
58.3402
58.3479
58.36
58.3751
58.3885
58.4001
58.4098
58.4177
58.424
58.4287
58.4319
58.4337
58.4343
58.4338
58.4323
58.4299
58.4267
58.4228
58.4185
58.4137
58.4087
58.4034
58.3981
58.3929
58.3878
58.3829
58.3783
58.3741
58.3704
58.3672
58.3646
58.3626
58.3612
58.3606
56.7638
56.7644
56.7655
56.7673
56.7695
56.7722
56.7754
56.779
56.7829
56.787
56.7913
56.7957
56.8001
56.8044
56.8086
56.8124
56.8158
56.8187
56.821
56.8225
56.8232
56.823
56.8217
56.8193
56.8156
56.8106
56.8041
56.7962
56.7867
56.7757
56.7631
56.7491
56.7381
56.7312
56.7241
56.7168
56.7096
56.7023
56.6949
56.6923
56.6923
56.6949
56.7023
56.7096
56.7168
56.7241
56.7312
56.7381
56.7491
56.7631
56.7757
56.7867
56.7962
56.8041
56.8106
56.8156
56.8193
56.8217
56.823
56.8232
56.8225
56.821
56.8187
56.8158
56.8124
56.8086
56.8044
56.8001
56.7957
56.7913
56.787
56.7829
56.779
56.7754
56.7722
56.7695
56.7673
56.7655
56.7644
56.7638
55.1664
55.1669
55.1679
55.1694
55.1713
55.1736
55.1763
55.1793
55.1826
55.1861
55.1897
55.1933
55.1969
55.2004
55.2037
55.2067
55.2092
55.2113
55.2128
55.2136
55.2136
55.2127
55.2109
55.208
55.2039
55.1986
55.1921
55.1842
55.175
55.1644
55.1525
55.1395
55.1293
55.1229
55.1163
55.1096
55.1029
55.096
55.0891
55.0865
55.0865
55.0891
55.096
55.1029
55.1096
55.1163
55.1229
55.1293
55.1395
55.1525
55.1644
55.175
55.1842
55.1921
55.1986
55.2039
55.208
55.2109
55.2127
55.2136
55.2136
55.2128
55.2113
55.2092
55.2067
55.2037
55.2004
55.1969
55.1933
55.1897
55.1861
55.1826
55.1793
55.1763
55.1736
55.1713
55.1694
55.1679
55.1669
55.1664
53.5686
53.569
53.5698
53.5711
53.5727
53.5746
53.5769
53.5794
53.5821
53.585
53.588
53.5909
53.5938
53.5966
53.5991
53.6013
53.6032
53.6045
53.6053
53.6054
53.6048
53.6034
53.6011
53.5978
53.5934
53.5879
53.5813
53.5736
53.5646
53.5544
53.5432
53.5308
53.5213
53.5153
53.5091
53.5029
53.4965
53.49
53.4834
53.4809
53.4809
53.4834
53.49
53.4965
53.5029
53.5091
53.5153
53.5213
53.5308
53.5432
53.5544
53.5646
53.5736
53.5813
53.5879
53.5934
53.5978
53.6011
53.6034
53.6048
53.6054
53.6053
53.6045
53.6032
53.6013
53.5991
53.5966
53.5938
53.5909
53.588
53.585
53.5821
53.5794
53.5769
53.5746
53.5727
53.5711
53.5698
53.569
53.5686
51.9703
51.9707
51.9714
51.9724
51.9737
51.9754
51.9772
51.9793
51.9815
51.9839
51.9862
51.9886
51.9909
51.993
51.9948
51.9964
51.9976
51.9983
51.9985
51.998
51.9969
51.995
51.9923
51.9886
51.984
51.9784
51.9718
51.9641
51.9553
51.9456
51.9348
51.9231
51.9141
51.9084
51.9026
51.8966
51.8906
51.8844
51.8781
51.8756
51.8756
51.8781
51.8844
51.8906
51.8966
51.9026
51.9084
51.9141
51.9231
51.9348
51.9456
51.9553
51.9641
51.9718
51.9784
51.984
51.9886
51.9923
51.995
51.9969
51.998
51.9985
51.9983
51.9976
51.9964
51.9948
51.993
51.9909
51.9886
51.9862
51.9839
51.9815
51.9793
51.9772
51.9754
51.9737
51.9724
51.9714
51.9707
51.9703
50.3717
50.372
50.3726
50.3734
50.3745
50.3758
50.3774
50.379
50.3808
50.3827
50.3845
50.3864
50.3881
50.3896
50.3909
50.3919
50.3925
50.3926
50.3923
50.3913
50.3897
50.3874
50.3843
50.3804
50.3756
50.3699
50.3633
50.3557
50.3471
50.3377
50.3273
50.3162
50.3076
50.3022
50.2966
50.291
50.2852
50.2793
50.2732
50.2708
50.2708
50.2732
50.2793
50.2852
50.291
50.2966
50.3022
50.3076
50.3162
50.3273
50.3377
50.3471
50.3557
50.3633
50.3699
50.3756
50.3804
50.3843
50.3874
50.3897
50.3913
50.3923
50.3926
50.3925
50.3919
50.3909
50.3896
50.3881
50.3864
50.3845
50.3827
50.3808
50.379
50.3774
50.3758
50.3745
50.3734
50.3726
50.372
50.3717
48.7728
48.773
48.7735
48.7742
48.775
48.7761
48.7773
48.7786
48.78
48.7815
48.7829
48.7842
48.7854
48.7865
48.7872
48.7877
48.7878
48.7875
48.7867
48.7853
48.7833
48.7806
48.7772
48.7731
48.7681
48.7624
48.7557
48.7482
48.7399
48.7307
48.7207
48.71
48.7018
48.6966
48.6913
48.6858
48.6803
48.6747
48.6689
48.6665
48.6665
48.6689
48.6747
48.6803
48.6858
48.6913
48.6966
48.7018
48.71
48.7207
48.7307
48.7399
48.7482
48.7557
48.7624
48.7681
48.7731
48.7772
48.7806
48.7833
48.7853
48.7867
48.7875
48.7878
48.7877
48.7872
48.7865
48.7854
48.7842
48.7829
48.7815
48.78
48.7786
48.7773
48.7761
48.775
48.7742
48.7735
48.773
48.7728
47.1736
47.1738
47.1742
47.1747
47.1754
47.1762
47.1772
47.1782
47.1792
47.1803
47.1813
47.1822
47.183
47.1836
47.1839
47.1839
47.1836
47.1828
47.1816
47.1798
47.1775
47.1745
47.1709
47.1666
47.1615
47.1556
47.149
47.1416
47.1334
47.1245
47.1148
47.1045
47.0966
47.0916
47.0865
47.0813
47.0759
47.0705
47.065
47.0627
47.0627
47.065
47.0705
47.0759
47.0813
47.0865
47.0916
47.0966
47.1045
47.1148
47.1245
47.1334
47.1416
47.149
47.1556
47.1615
47.1666
47.1709
47.1745
47.1775
47.1798
47.1816
47.1828
47.1836
47.1839
47.1839
47.1836
47.183
47.1822
47.1813
47.1803
47.1792
47.1782
47.1772
47.1762
47.1754
47.1747
47.1742
47.1738
47.1736
45.5743
45.5744
45.5747
45.5751
45.5756
45.5763
45.577
45.5777
45.5784
45.5792
45.5798
45.5804
45.5807
45.5809
45.5809
45.5805
45.5798
45.5786
45.5771
45.575
45.5724
45.5691
45.5653
45.5608
45.5556
45.5497
45.5431
45.5358
45.5277
45.519
45.5096
45.4996
45.492
45.4872
45.4822
45.4772
45.4721
45.4669
45.4615
45.4593
45.4593
45.4615
45.4669
45.4721
45.4772
45.4822
45.4872
45.492
45.4996
45.5096
45.519
45.5277
45.5358
45.5431
45.5497
45.5556
45.5608
45.5653
45.5691
45.5724
45.575
45.5771
45.5786
45.5798
45.5805
45.5809
45.5809
45.5807
45.5804
45.5798
45.5792
45.5784
45.5777
45.577
45.5763
45.5756
45.5751
45.5747
45.5744
45.5743
43.9748
43.9749
43.9751
43.9754
43.9758
43.9762
43.9767
43.9772
43.9777
43.9781
43.9784
43.9787
43.9787
43.9785
43.9781
43.9774
43.9764
43.9749
43.973
43.9707
43.9678
43.9644
43.9603
43.9557
43.9504
43.9445
43.9379
43.9307
43.9227
43.9142
43.9051
43.8953
43.8879
43.8833
43.8785
43.8737
43.8687
43.8637
43.8585
43.8563
43.8563
43.8585
43.8637
43.8687
43.8737
43.8785
43.8833
43.8879
43.8953
43.9051
43.9142
43.9227
43.9307
43.9379
43.9445
43.9504
43.9557
43.9603
43.9644
43.9678
43.9707
43.973
43.9749
43.9764
43.9774
43.9781
43.9785
43.9787
43.9787
43.9784
43.9781
43.9777
43.9772
43.9767
43.9762
43.9758
43.9754
43.9751
43.9749
43.9748
42.3752
42.3753
42.3754
42.3756
42.3758
42.3761
42.3764
42.3767
42.3769
42.3771
42.3772
42.3771
42.3769
42.3764
42.3757
42.3747
42.3733
42.3716
42.3695
42.3669
42.3638
42.3602
42.356
42.3512
42.3459
42.3399
42.3334
42.3262
42.3184
42.31
42.3011
42.2916
42.2844
42.2799
42.2753
42.2706
42.2658
42.2609
42.2559
42.2538
42.2538
42.2559
42.2609
42.2658
42.2706
42.2753
42.2799
42.2844
42.2916
42.3011
42.31
42.3184
42.3262
42.3334
42.3399
42.3459
42.3512
42.356
42.3602
42.3638
42.3669
42.3695
42.3716
42.3733
42.3747
42.3757
42.3764
42.3769
42.3771
42.3772
42.3771
42.3769
42.3767
42.3764
42.3761
42.3758
42.3756
42.3754
42.3753
42.3752
40.7755
40.7756
40.7756
40.7758
40.7759
40.776
40.7762
40.7763
40.7763
40.7762
40.7761
40.7758
40.7753
40.7745
40.7736
40.7723
40.7707
40.7687
40.7664
40.7636
40.7603
40.7565
40.7522
40.7474
40.742
40.736
40.7294
40.7223
40.7146
40.7064
40.6976
40.6884
40.6813
40.6769
40.6725
40.6679
40.6632
40.6585
40.6537
40.6516
40.6516
40.6537
40.6585
40.6632
40.6679
40.6725
40.6769
40.6813
40.6884
40.6976
40.7064
40.7146
40.7223
40.7294
40.736
40.742
40.7474
40.7522
40.7565
40.7603
40.7636
40.7664
40.7687
40.7707
40.7723
40.7736
40.7745
40.7753
40.7758
40.7761
40.7762
40.7763
40.7763
40.7762
40.776
40.7759
40.7758
40.7756
40.7756
40.7755
39.1758
39.1758
39.1758
39.1759
39.1759
39.1759
39.1759
39.1759
39.1757
39.1755
39.1751
39.1746
39.1739
39.1729
39.1717
39.1702
39.1684
39.1663
39.1637
39.1607
39.1573
39.1534
39.149
39.1441
39.1386
39.1326
39.1261
39.119
39.1114
39.1033
39.0946
39.0856
39.0787
39.0744
39.07
39.0656
39.0611
39.0565
39.0518
39.0498
39.0498
39.0518
39.0565
39.0611
39.0656
39.07
39.0744
39.0787
39.0856
39.0946
39.1033
39.1114
39.119
39.1261
39.1326
39.1386
39.1441
39.149
39.1534
39.1573
39.1607
39.1637
39.1663
39.1684
39.1702
39.1717
39.1729
39.1739
39.1746
39.1751
39.1755
39.1757
39.1759
39.1759
39.1759
39.1759
39.1759
39.1758
39.1758
39.1758
37.5761
37.5761
37.576
37.576
37.576
37.5759
37.5758
37.5755
37.5752
37.5748
37.5743
37.5736
37.5727
37.5716
37.5702
37.5685
37.5665
37.5642
37.5615
37.5584
37.5548
37.5508
37.5463
37.5413
37.5358
37.5298
37.5233
37.5162
37.5087
37.5006
37.4921
37.4832
37.4765
37.4723
37.468
37.4637
37.4593
37.4548
37.4503
37.4483
37.4483
37.4503
37.4548
37.4593
37.4637
37.468
37.4723
37.4765
37.4832
37.4921
37.5006
37.5087
37.5162
37.5233
37.5298
37.5358
37.5413
37.5463
37.5508
37.5548
37.5584
37.5615
37.5642
37.5665
37.5685
37.5702
37.5716
37.5727
37.5736
37.5743
37.5748
37.5752
37.5755
37.5758
37.5759
37.576
37.576
37.576
37.5761
37.5761
35.9763
35.9763
35.9763
35.9762
35.9761
35.9759
35.9756
35.9753
35.9749
35.9743
35.9737
35.9728
35.9717
35.9704
35.9689
35.9671
35.965
35.9625
35.9597
35.9564
35.9528
35.9487
35.9441
35.9391
35.9335
35.9275
35.921
35.9139
35.9064
35.8984
35.89
35.8812
35.8746
35.8705
35.8663
35.862
35.8578
35.8534
35.849
35.8471
35.8471
35.849
35.8534
35.8578
35.862
35.8663
35.8705
35.8746
35.8812
35.89
35.8984
35.9064
35.9139
35.921
35.9275
35.9335
35.9391
35.9441
35.9487
35.9528
35.9564
35.9597
35.9625
35.965
35.9671
35.9689
35.9704
35.9717
35.9728
35.9737
35.9743
35.9749
35.9753
35.9756
35.9759
35.9761
35.9762
35.9763
35.9763
35.9763
34.3766
34.3766
34.3765
34.3764
34.3762
34.3759
34.3756
34.3752
34.3747
34.374
34.3732
34.3722
34.371
34.3696
34.3679
34.366
34.3637
34.3611
34.3582
34.3549
34.3512
34.347
34.3424
34.3373
34.3318
34.3257
34.3192
34.3121
34.3046
34.2967
34.2883
34.2796
34.2731
34.269
34.2649
34.2607
34.2565
34.2522
34.2479
34.246
34.246
34.2479
34.2522
34.2565
34.2607
34.2649
34.269
34.2731
34.2796
34.2883
34.2967
34.3046
34.3121
34.3192
34.3257
34.3318
34.3373
34.3424
34.347
34.3512
34.3549
34.3582
34.3611
34.3637
34.366
34.3679
34.3696
34.371
34.3722
34.3732
34.374
34.3747
34.3752
34.3756
34.3759
34.3762
34.3764
34.3765
34.3766
34.3766
32.777
32.7769
32.7768
32.7766
32.7764
32.7761
32.7757
32.7752
32.7746
32.7738
32.7729
32.7718
32.7705
32.769
32.7672
32.7652
32.7628
32.7602
32.7572
32.7538
32.75
32.7458
32.7411
32.736
32.7305
32.7244
32.7179
32.7108
32.7033
32.6954
32.687
32.6783
32.6718
32.6677
32.6636
32.6595
32.6554
32.6512
32.647
32.6452
32.6452
32.647
32.6512
32.6554
32.6595
32.6636
32.6677
32.6718
32.6783
32.687
32.6954
32.7033
32.7108
32.7179
32.7244
32.7305
32.736
32.7411
32.7458
32.75
32.7538
32.7572
32.7602
32.7628
32.7652
32.7672
32.769
32.7705
32.7718
32.7729
32.7738
32.7746
32.7752
32.7757
32.7761
32.7764
32.7766
32.7768
32.7769
32.777
31.1774
31.1773
31.1772
31.177
31.1767
31.1763
31.1759
31.1753
31.1746
31.1738
31.1728
31.1716
31.1702
31.1686
31.1668
31.1647
31.1623
31.1595
31.1565
31.1531
31.1492
31.145
31.1404
31.1352
31.1297
31.1236
31.117
31.11
31.1024
31.0944
31.086
31.0772
31.0707
31.0667
31.0626
31.0585
31.0544
31.0503
31.0462
31.0444
31.0444
31.0462
31.0503
31.0544
31.0585
31.0626
31.0667
31.0707
31.0772
31.086
31.0944
31.1024
31.11
31.117
31.1236
31.1297
31.1352
31.1404
31.145
31.1492
31.1531
31.1565
31.1595
31.1623
31.1647
31.1668
31.1686
31.1702
31.1716
31.1728
31.1738
31.1746
31.1753
31.1759
31.1763
31.1767
31.177
31.1772
31.1773
31.1774
29.5778
29.5777
29.5776
29.5774
29.5771
29.5767
29.5761
29.5755
29.5748
29.5739
29.5728
29.5716
29.5701
29.5685
29.5666
29.5644
29.562
29.5592
29.5562
29.5527
29.5489
29.5447
29.54
29.5349
29.5293
29.5233
29.5167
29.5096
29.502
29.4939
29.4854
29.4765
29.4699
29.4657
29.4616
29.4575
29.4534
29.4493
29.4453
29.4436
29.4436
29.4453
29.4493
29.4534
29.4575
29.4616
29.4657
29.4699
29.4765
29.4854
29.4939
29.502
29.5096
29.5167
29.5233
29.5293
29.5349
29.54
29.5447
29.5489
29.5527
29.5562
29.5592
29.562
29.5644
29.5666
29.5685
29.5701
29.5716
29.5728
29.5739
29.5748
29.5755
29.5761
29.5767
29.5771
29.5774
29.5776
29.5777
29.5778
27.9783
27.9783
27.9781
27.9779
27.9775
27.9771
27.9765
27.9759
27.9751
27.9741
27.973
27.9718
27.9703
27.9686
27.9667
27.9645
27.9621
27.9593
27.9562
27.9528
27.949
27.9448
27.9401
27.9351
27.9295
27.9235
27.9169
27.9098
27.9021
27.8939
27.8851
27.876
27.8691
27.8649
27.8607
27.8564
27.8523
27.8482
27.8442
27.8425
27.8425
27.8442
27.8482
27.8523
27.8564
27.8607
27.8649
27.8691
27.876
27.8851
27.8939
27.9021
27.9098
27.9169
27.9235
27.9295
27.9351
27.9401
27.9448
27.949
27.9528
27.9562
27.9593
27.9621
27.9645
27.9667
27.9686
27.9703
27.9718
27.973
27.9741
27.9751
27.9759
27.9765
27.9771
27.9775
27.9779
27.9781
27.9783
27.9783
26.379
26.3789
26.3787
26.3784
26.3781
26.3776
26.3771
26.3764
26.3756
26.3746
26.3735
26.3722
26.3707
26.369
26.367
26.3649
26.3624
26.3597
26.3566
26.3532
26.3494
26.3453
26.3407
26.3357
26.3302
26.3242
26.3176
26.3105
26.3027
26.2943
26.2853
26.2758
26.2685
26.2641
26.2596
26.2551
26.2508
26.2466
26.2426
26.2409
26.2409
26.2426
26.2466
26.2508
26.2551
26.2596
26.2641
26.2685
26.2758
26.2853
26.2943
26.3027
26.3105
26.3176
26.3242
26.3302
26.3357
26.3407
26.3453
26.3494
26.3532
26.3566
26.3597
26.3624
26.3649
26.367
26.369
26.3707
26.3722
26.3735
26.3746
26.3756
26.3764
26.3771
26.3776
26.3781
26.3784
26.3787
26.3789
26.379
24.7796
24.7796
24.7794
24.7791
24.7787
24.7783
24.7777
24.777
24.7762
24.7752
24.7741
24.7727
24.7713
24.7696
24.7676
24.7655
24.7631
24.7603
24.7573
24.754
24.7503
24.7462
24.7417
24.7368
24.7314
24.7254
24.7189
24.7118
24.704
24.6954
24.6861
24.676
24.6681
24.6632
24.6583
24.6534
24.6486
24.644
24.6399
24.6383
24.6383
24.6399
24.644
24.6486
24.6534
24.6583
24.6632
24.6681
24.676
24.6861
24.6954
24.704
24.7118
24.7189
24.7254
24.7314
24.7368
24.7417
24.7462
24.7503
24.754
24.7573
24.7603
24.7631
24.7655
24.7676
24.7696
24.7713
24.7727
24.7741
24.7752
24.7762
24.777
24.7777
24.7783
24.7787
24.7791
24.7794
24.7796
24.7796
23.1804
23.1803
23.1802
23.1799
23.1795
23.179
23.1785
23.1777
23.1769
23.1759
23.1748
23.1735
23.172
23.1704
23.1685
23.1664
23.164
23.1613
23.1584
23.1551
23.1515
23.1475
23.1432
23.1384
23.1331
23.1272
23.1208
23.1138
23.106
23.0973
23.0877
23.0769
23.0682
23.0626
23.0568
23.051
23.0452
23.0397
23.035
23.0335
23.0335
23.035
23.0397
23.0452
23.051
23.0568
23.0626
23.0682
23.0769
23.0877
23.0973
23.106
23.1138
23.1208
23.1272
23.1331
23.1384
23.1432
23.1475
23.1515
23.1551
23.1584
23.1613
23.164
23.1664
23.1685
23.1704
23.172
23.1735
23.1748
23.1759
23.1769
23.1777
23.1785
23.179
23.1795
23.1799
23.1802
23.1803
23.1804
21.5813
21.5812
21.581
21.5808
21.5804
21.5799
21.5793
21.5786
21.5778
21.5768
21.5757
21.5745
21.573
21.5714
21.5695
21.5675
21.5652
21.5626
21.5598
21.5566
21.5531
21.5493
21.5451
21.5404
21.5353
21.5296
21.5234
21.5165
21.5088
21.5002
21.4904
21.479
21.4694
21.4629
21.4559
21.4483
21.4402
21.432
21.4249
21.4241
21.4241
21.4249
21.432
21.4402
21.4483
21.4559
21.4629
21.4694
21.479
21.4904
21.5002
21.5088
21.5165
21.5234
21.5296
21.5353
21.5404
21.5451
21.5493
21.5531
21.5566
21.5598
21.5626
21.5652
21.5675
21.5695
21.5714
21.573
21.5745
21.5757
21.5768
21.5778
21.5786
21.5793
21.5799
21.5804
21.5808
21.581
21.5812
21.5813
19.9823
19.9822
19.982
19.9817
19.9814
19.9809
19.9803
19.9796
19.9788
19.9779
19.9768
19.9756
19.9742
19.9726
19.9708
19.9689
19.9666
19.9642
19.9615
19.9584
19.9551
19.9514
19.9474
19.9429
19.938
19.9326
19.9266
19.92
19.9126
19.9042
19.8946
19.8833
19.8731
19.8661
19.8579
19.848
19.8356
19.8188
19.7946
19.764
19.764
19.7946
19.8188
19.8356
19.848
19.8579
19.8661
19.8731
19.8833
19.8946
19.9042
19.9126
19.92
19.9266
19.9326
19.938
19.9429
19.9474
19.9514
19.9551
19.9584
19.9615
19.9642
19.9666
19.9689
19.9708
19.9726
19.9742
19.9756
19.9768
19.9779
19.9788
19.9796
19.9803
19.9809
19.9814
19.9817
19.982
19.9822
19.9823
18.3833
18.3832
18.383
18.3828
18.3824
18.382
18.3814
18.3808
18.38
18.3791
18.3781
18.3769
18.3755
18.374
18.3724
18.3705
18.3684
18.366
18.3634
18.3606
18.3574
18.3539
18.3501
18.3459
18.3413
18.3362
18.3305
18.3243
18.3173
18.3095
18.3005
18.2901
18.2811
18.275
18.2683
18.2609
18.2527
18.244
18.2354
18.2292
18.2292
18.2354
18.244
18.2527
18.2609
18.2683
18.275
18.2811
18.2901
18.3005
18.3095
18.3173
18.3243
18.3305
18.3362
18.3413
18.3459
18.3501
18.3539
18.3574
18.3606
18.3634
18.366
18.3684
18.3705
18.3724
18.374
18.3755
18.3769
18.3781
18.3791
18.38
18.3808
18.3814
18.382
18.3824
18.3828
18.383
18.3832
18.3833
16.7844
16.7843
16.7842
16.7839
16.7836
16.7832
16.7826
16.782
16.7813
16.7804
16.7795
16.7783
16.7771
16.7757
16.7741
16.7723
16.7703
16.7681
16.7657
16.763
16.76
16.7568
16.7532
16.7493
16.745
16.7403
16.7351
16.7293
16.7229
16.7159
16.708
16.6991
16.6919
16.6872
16.6824
16.6775
16.6727
16.6683
16.6647
16.6626
16.6626
16.6647
16.6683
16.6727
16.6775
16.6824
16.6872
16.6919
16.6991
16.708
16.7159
16.7229
16.7293
16.7351
16.7403
16.745
16.7493
16.7532
16.7568
16.76
16.763
16.7657
16.7681
16.7703
16.7723
16.7741
16.7757
16.7771
16.7783
16.7795
16.7804
16.7813
16.782
16.7826
16.7832
16.7836
16.7839
16.7842
16.7843
16.7844
15.1856
15.1856
15.1854
15.1852
15.1849
15.1845
15.184
15.1834
15.1827
15.1819
15.181
15.1799
15.1788
15.1774
15.1759
15.1743
15.1725
15.1704
15.1682
15.1657
15.163
15.16
15.1567
15.1531
15.1491
15.1448
15.1401
15.1349
15.1293
15.1231
15.1164
15.1091
15.1036
15.1002
15.0969
15.0937
15.0908
15.0883
15.0865
15.0855
15.0855
15.0865
15.0883
15.0908
15.0937
15.0969
15.1002
15.1036
15.1091
15.1164
15.1231
15.1293
15.1349
15.1401
15.1448
15.1491
15.1531
15.1567
15.16
15.163
15.1657
15.1682
15.1704
15.1725
15.1743
15.1759
15.1774
15.1788
15.1799
15.181
15.1819
15.1827
15.1834
15.184
15.1845
15.1849
15.1852
15.1854
15.1856
15.1856
13.5869
13.5869
13.5867
13.5865
13.5862
13.5858
13.5854
13.5848
13.5842
13.5835
13.5826
13.5817
13.5806
13.5794
13.578
13.5765
13.5748
13.573
13.5709
13.5687
13.5662
13.5634
13.5605
13.5572
13.5537
13.5498
13.5456
13.541
13.5361
13.5309
13.5253
13.5195
13.5154
13.5129
13.5106
13.5084
13.5066
13.505
13.504
13.5034
13.5034
13.504
13.505
13.5066
13.5084
13.5106
13.5129
13.5154
13.5195
13.5253
13.5309
13.5361
13.541
13.5456
13.5498
13.5537
13.5572
13.5605
13.5634
13.5662
13.5687
13.5709
13.573
13.5748
13.5765
13.578
13.5794
13.5806
13.5817
13.5826
13.5835
13.5842
13.5848
13.5854
13.5858
13.5862
13.5865
13.5867
13.5869
13.5869
11.9883
11.9882
11.9881
11.9879
11.9876
11.9873
11.9869
11.9864
11.9858
11.9852
11.9844
11.9835
11.9825
11.9815
11.9802
11.9789
11.9774
11.9757
11.9738
11.9718
11.9696
11.9672
11.9645
11.9616
11.9585
11.9551
11.9514
11.9475
11.9433
11.939
11.9344
11.9299
11.9268
11.925
11.9233
11.9218
11.9205
11.9195
11.9188
11.9185
11.9185
11.9188
11.9195
11.9205
11.9218
11.9233
11.925
11.9268
11.9299
11.9344
11.939
11.9433
11.9475
11.9514
11.9551
11.9585
11.9616
11.9645
11.9672
11.9696
11.9718
11.9738
11.9757
11.9774
11.9789
11.9802
11.9815
11.9825
11.9835
11.9844
11.9852
11.9858
11.9864
11.9869
11.9873
11.9876
11.9879
11.9881
11.9882
11.9883
10.3897
10.3897
10.3895
10.3894
10.3891
10.3888
10.3885
10.388
10.3875
10.3869
10.3863
10.3855
10.3846
10.3837
10.3826
10.3814
10.3801
10.3786
10.377
10.3752
10.3733
10.3711
10.3688
10.3663
10.3636
10.3607
10.3576
10.3542
10.3508
10.3472
10.3436
10.34
10.3377
10.3364
10.3351
10.3341
10.3332
10.3325
10.332
10.3318
10.3318
10.332
10.3325
10.3332
10.3341
10.3351
10.3364
10.3377
10.34
10.3436
10.3472
10.3508
10.3542
10.3576
10.3607
10.3636
10.3663
10.3688
10.3711
10.3733
10.3752
10.377
10.3786
10.3801
10.3814
10.3826
10.3837
10.3846
10.3855
10.3863
10.3869
10.3875
10.388
10.3885
10.3888
10.3891
10.3894
10.3895
10.3897
10.3897
8.7912
8.79115
8.79105
8.7909
8.79069
8.79043
8.79012
8.78974
8.7893
8.78879
8.78821
8.78755
8.78681
8.78598
8.78505
8.78402
8.78288
8.78163
8.78025
8.77873
8.77707
8.77527
8.77331
8.77119
8.7689
8.76646
8.76387
8.76114
8.75831
8.75542
8.75257
8.74986
8.74812
8.74713
8.74623
8.74546
8.74482
8.74432
8.74398
8.74381
8.74381
8.74398
8.74432
8.74482
8.74546
8.74623
8.74713
8.74812
8.74986
8.75257
8.75542
8.75831
8.76114
8.76387
8.76646
8.7689
8.77119
8.77331
8.77527
8.77707
8.77873
8.78025
8.78163
8.78288
8.78402
8.78505
8.78598
8.78681
8.78755
8.78821
8.78879
8.7893
8.78974
8.79012
8.79043
8.79069
8.7909
8.79105
8.79115
8.7912
7.19273
7.19269
7.1926
7.19248
7.19231
7.19209
7.19183
7.19152
7.19115
7.19073
7.19025
7.1897
7.18909
7.1884
7.18763
7.18678
7.18584
7.1848
7.18366
7.18241
7.18105
7.17956
7.17796
7.17623
7.17437
7.17239
7.1703
7.16813
7.16589
7.16365
7.16145
7.15941
7.15811
7.15738
7.15673
7.15617
7.15571
7.15535
7.15511
7.15499
7.15499
7.15511
7.15535
7.15571
7.15617
7.15673
7.15738
7.15811
7.15941
7.16145
7.16365
7.16589
7.16813
7.1703
7.17239
7.17437
7.17623
7.17796
7.17956
7.18105
7.18241
7.18366
7.1848
7.18584
7.18678
7.18763
7.1884
7.18909
7.1897
7.19025
7.19073
7.19115
7.19152
7.19183
7.19209
7.19231
7.19248
7.1926
7.19269
7.19273
5.5943
5.59427
5.5942
5.5941
5.59397
5.5938
5.59359
5.59335
5.59306
5.59273
5.59235
5.59192
5.59143
5.59089
5.59029
5.58962
5.58888
5.58807
5.58718
5.5862
5.58514
5.58398
5.58273
5.58139
5.57995
5.57843
5.57683
5.57518
5.57349
5.57181
5.57019
5.5687
5.56777
5.56724
5.56678
5.56638
5.56605
5.5658
5.56563
5.56555
5.56555
5.56563
5.5658
5.56605
5.56638
5.56678
5.56724
5.56777
5.5687
5.57019
5.57181
5.57349
5.57518
5.57683
5.57843
5.57995
5.58139
5.58273
5.58398
5.58514
5.5862
5.58718
5.58807
5.58888
5.58962
5.59029
5.59089
5.59143
5.59192
5.59235
5.59273
5.59306
5.59335
5.59359
5.5938
5.59397
5.5941
5.5942
5.59427
5.5943
3.9959
3.99588
3.99583
3.99576
3.99567
3.99554
3.9954
3.99522
3.99501
3.99477
3.9945
3.99419
3.99384
3.99345
3.99302
3.99254
3.99201
3.99142
3.99078
3.99008
3.98932
3.98849
3.9876
3.98664
3.98562
3.98454
3.98342
3.98226
3.98108
3.97992
3.9788
3.97779
3.97716
3.97681
3.97649
3.97623
3.97601
3.97584
3.97573
3.97567
3.97567
3.97573
3.97584
3.97601
3.97623
3.97649
3.97681
3.97716
3.97779
3.9788
3.97992
3.98108
3.98226
3.98342
3.98454
3.98562
3.98664
3.9876
3.98849
3.98932
3.99008
3.99078
3.99142
3.99201
3.99254
3.99302
3.99345
3.99384
3.99419
3.9945
3.99477
3.99501
3.99522
3.9954
3.99554
3.99567
3.99576
3.99583
3.99588
3.9959
2.39753
2.39752
2.39749
2.39745
2.39739
2.39732
2.39723
2.39712
2.39699
2.39685
2.39668
2.3965
2.39629
2.39605
2.39579
2.3955
2.39518
2.39483
2.39445
2.39402
2.39357
2.39307
2.39253
2.39196
2.39135
2.39071
2.39004
2.38935
2.38866
2.38797
2.38732
2.38673
2.38637
2.38616
2.38598
2.38583
2.38571
2.38561
2.38555
2.38551
2.38551
2.38555
2.38561
2.38571
2.38583
2.38598
2.38616
2.38637
2.38673
2.38732
2.38797
2.38866
2.38935
2.39004
2.39071
2.39135
2.39196
2.39253
2.39307
2.39357
2.39402
2.39445
2.39483
2.39518
2.3955
2.39579
2.39605
2.39629
2.3965
2.39668
2.39685
2.39699
2.39712
2.39723
2.39732
2.39739
2.39745
2.39749
2.39752
2.39753
0.799176
0.799172
0.799162
0.799148
0.799128
0.799103
0.799073
0.799038
0.798996
0.798947
0.798892
0.79883
0.79876
0.798681
0.798594
0.798497
0.798391
0.798273
0.798145
0.798004
0.797851
0.797686
0.797507
0.797317
0.797114
0.7969
0.796678
0.796449
0.79622
0.795994
0.795781
0.795586
0.795467
0.795401
0.795342
0.795292
0.795252
0.795221
0.7952
0.795189
0.795189
0.7952
0.795221
0.795252
0.795292
0.795342
0.795401
0.795467
0.795586
0.795781
0.795994
0.79622
0.796449
0.796678
0.7969
0.797114
0.797317
0.797507
0.797686
0.797851
0.798004
0.798145
0.798273
0.798391
0.798497
0.798594
0.798681
0.79876
0.79883
0.798892
0.798947
0.798996
0.799038
0.799073
0.799103
0.799128
0.799148
0.799162
0.799172
0.799176
)
;

boundaryField
{
    top
    {
        type            fixedValue;
        value           uniform 0;
    }
    inlet
    {
        type            darcyGradPressure;
        gradient        nonuniform List<scalar> 
80
(
9.81
9.81
9.81
9.81
9.81
9.81
9.81
9.81
9.81
9.81
9.81
9.81
9.81
9.81
9.81
9.81
9.81
9.81
82.1294
9792.83
9805.87
9807.86
9808.61
9808.98
9809.2
9809.34
9809.44
9809.51
9809.57
9809.61
9809.65
9809.67
9809.69
9809.7
9809.71
9809.71
9809.72
9809.72
9809.73
9809.73
9809.73
9809.73
9809.72
9809.72
9809.71
9809.71
9809.7
9809.69
9809.67
9809.65
9809.61
9809.57
9809.51
9809.44
9809.34
9809.2
9808.98
9808.61
9807.86
9805.87
9792.83
82.1294
9.81
9.81
9.81
9.81
9.81
9.81
9.81
9.81
9.81
9.81
9.81
9.81
9.81
9.81
9.81
9.81
9.81
9.81
)
;
        value           nonuniform List<scalar> 
80
(
111.398
111.412
111.44
111.483
111.541
111.614
111.703
111.81
111.934
112.079
112.245
112.436
112.656
112.908
113.201
113.546
113.961
114.465
118.125
550.647
835.439
1109.69
1365.37
1602.2
1833.16
2059.94
2292.54
2524.8
2756.62
2985.95
3211.31
3429.9
3579.45
3667.36
3749.72
3824.65
3889.75
3942.21
3979.19
3998.34
3998.34
3979.19
3942.21
3889.75
3824.65
3749.72
3667.36
3579.45
3429.9
3211.31
2985.95
2756.62
2524.8
2292.54
2059.94
1833.16
1602.2
1365.37
1109.69
835.439
550.647
118.125
114.465
113.961
113.546
113.201
112.908
112.656
112.436
112.245
112.079
111.934
111.81
111.703
111.614
111.541
111.483
111.44
111.412
111.398
)
;
    }
    axis
    {
        type            darcyGradPressure;
        gradient        uniform -0;
        value           nonuniform List<scalar> 
160
(
111.258
110.963
110.639
110.283
109.891
109.461
108.986
108.465
107.89
107.257
106.56
105.792
104.945
104.011
102.98
101.842
100.507
99.0226
97.5278
96.0232
94.5095
92.9874
91.4575
89.9204
88.3768
86.8272
85.272
83.712
82.1474
80.5787
79.0063
77.4306
75.8519
74.2705
72.6867
71.1008
69.513
67.9234
66.3323
64.7399
63.1464
61.552
59.9567
58.3606
56.7638
55.1664
53.5686
51.9703
50.3717
48.7728
47.1736
45.5743
43.9748
42.3752
40.7755
39.1758
37.5761
35.9763
34.3766
32.777
31.1774
29.5778
27.9783
26.379
24.7796
23.1804
21.5813
19.9823
18.3833
16.7844
15.1856
13.5869
11.9883
10.3897
8.7912
7.19273
5.5943
3.9959
2.39753
0.799176
111.258
110.963
110.639
110.283
109.891
109.461
108.986
108.465
107.89
107.257
106.56
105.792
104.945
104.011
102.98
101.842
100.507
99.0226
97.5278
96.0232
94.5095
92.9874
91.4575
89.9204
88.3768
86.8272
85.272
83.712
82.1474
80.5787
79.0063
77.4306
75.8519
74.2705
72.6867
71.1008
69.513
67.9234
66.3323
64.7399
63.1464
61.552
59.9567
58.3606
56.7638
55.1664
53.5686
51.9703
50.3717
48.7728
47.1736
45.5743
43.9748
42.3752
40.7755
39.1758
37.5761
35.9763
34.3766
32.777
31.1774
29.5778
27.9783
26.379
24.7796
23.1804
21.5813
19.9823
18.3833
16.7844
15.1856
13.5869
11.9883
10.3897
8.7912
7.19273
5.5943
3.9959
2.39753
0.799176
)
;
    }
    frontAndBack
    {
        type            empty;
    }
}


// ************************************************************************* //
