/*--------------------------------*- C++ -*----------------------------------*\
  =========                 |
  \\      /  F ield         | OpenFOAM: The Open Source CFD Toolbox
   \\    /   O peration     | Website:  https://openfoam.org
    \\  /    A nd           | Version:  10
     \\/     M anipulation  |
\*---------------------------------------------------------------------------*/
FoamFile
{
    format      ascii;
    class       surfaceScalarField;
    location    "0.014";
    object      phi;
}
// * * * * * * * * * * * * * * * * * * * * * * * * * * * * * * * * * * * * * //

dimensions      [0 3 -1 0 0 0 0];

internalField   nonuniform List<scalar> 
7780
(
2.50002e-09
-2.96931e-14
2.5001e-09
-1.02553e-13
2.50025e-09
-1.67324e-13
2.50046e-09
-2.30491e-13
2.50074e-09
-2.92902e-13
2.50107e-09
-3.55523e-13
2.50148e-09
-4.17585e-13
2.50193e-09
-4.80192e-13
2.50246e-09
-5.42289e-13
2.50303e-09
-6.05196e-13
2.5037e-09
-6.67605e-13
2.5044e-09
-7.31099e-13
2.50519e-09
-7.94143e-13
2.50601e-09
-8.5859e-13
2.50694e-09
-9.22687e-13
2.50788e-09
-9.88558e-13
2.50894e-09
-1.05424e-12
2.51002e-09
-1.12213e-12
2.51122e-09
-1.19005e-12
2.51244e-09
-1.26067e-12
2.51378e-09
-1.33163e-12
2.51514e-09
-1.40584e-12
2.51663e-09
-1.48074e-12
2.51814e-09
-1.55952e-12
2.5198e-09
-1.63942e-12
2.52147e-09
-1.72388e-12
2.5233e-09
-1.80996e-12
2.52515e-09
-1.90136e-12
2.52717e-09
-1.99493e-12
2.52921e-09
-2.09464e-12
2.53143e-09
-2.19715e-12
2.53368e-09
-2.30669e-12
2.53613e-09
-2.41974e-12
2.53861e-09
-2.54074e-12
2.5413e-09
-2.66605e-12
2.54404e-09
-2.80031e-12
2.54702e-09
-2.93973e-12
2.55004e-09
-3.08915e-12
2.55332e-09
-3.24465e-12
2.55667e-09
-3.41126e-12
2.5603e-09
-3.58494e-12
2.564e-09
-3.77085e-12
2.56801e-09
-3.96487e-12
2.57211e-09
-4.17227e-12
2.57655e-09
-4.38887e-12
2.5811e-09
-4.61999e-12
2.58601e-09
-4.86141e-12
2.59106e-09
-5.11844e-12
2.5965e-09
-5.38687e-12
2.6021e-09
-5.67192e-12
2.60812e-09
-5.96939e-12
2.61434e-09
-6.28436e-12
2.62101e-09
-6.61266e-12
2.6279e-09
-6.95914e-12
2.63528e-09
-7.31964e-12
2.64291e-09
-7.6987e-12
2.65106e-09
-8.09216e-12
2.6595e-09
-8.50415e-12
2.66849e-09
-8.93047e-12
2.6778e-09
-9.37477e-12
2.68769e-09
-9.83271e-12
2.69793e-09
-1.03074e-11
2.70879e-09
-1.07942e-11
2.72002e-09
-1.12955e-11
2.73188e-09
-1.18065e-11
2.74415e-09
-1.23289e-11
2.75707e-09
-1.28572e-11
2.77039e-09
-1.33924e-11
2.78438e-09
-1.39284e-11
2.79877e-09
-1.44656e-11
2.81383e-09
-1.49968e-11
2.82927e-09
-1.5522e-11
2.84537e-09
-1.6033e-11
2.86182e-09
-1.65296e-11
2.87889e-09
-1.70023e-11
2.89624e-09
-1.74512e-11
2.91418e-09
-1.78655e-11
2.93232e-09
-1.82461e-11
2.95099e-09
-1.85809e-11
2.96974e-09
-1.88722e-11
2.98893e-09
-1.91071e-11
3.00809e-09
-1.92897e-11
3.0276e-09
-1.94062e-11
3.0469e-09
-1.94637e-11
3.06647e-09
-1.94476e-11
3.08567e-09
-1.93684e-11
3.10501e-09
-1.92107e-11
3.12381e-09
-1.8989e-11
3.14264e-09
-1.86871e-11
3.16076e-09
-1.83235e-11
3.17881e-09
-1.78812e-11
3.19597e-09
-1.73826e-11
3.21296e-09
-1.68096e-11
3.22893e-09
-1.61885e-11
3.24462e-09
-1.54996e-11
3.25916e-09
-1.47728e-11
3.27336e-09
-1.39869e-11
3.2863e-09
-1.31744e-11
3.29883e-09
-1.23127e-11
3.31003e-09
-1.14367e-11
3.32079e-09
-1.05219e-11
3.33017e-09
-9.60504e-12
3.33907e-09
-8.66014e-12
3.34658e-09
-7.72482e-12
3.3536e-09
-6.77185e-12
3.35923e-09
-5.83921e-12
3.36439e-09
-4.89856e-12
3.36818e-09
-3.98763e-12
3.37152e-09
-3.0771e-12
3.37355e-09
-2.20403e-12
3.37515e-09
-1.339e-12
3.37551e-09
-5.17374e-13
3.37547e-09
2.91698e-13
3.37428e-09
1.05479e-12
3.37273e-09
1.80225e-12
3.37011e-09
2.50257e-12
3.36716e-09
3.18565e-12
3.36325e-09
3.82228e-12
3.35904e-09
4.44162e-12
3.35395e-09
5.01685e-12
3.34859e-09
5.57604e-12
3.34244e-09
6.09476e-12
3.33605e-09
6.59955e-12
3.32895e-09
7.06839e-12
3.32162e-09
7.52584e-12
3.31366e-09
7.95218e-12
3.30547e-09
8.36961e-12
3.29673e-09
8.76068e-12
3.28774e-09
9.14483e-12
3.27828e-09
9.50685e-12
3.26856e-09
9.86312e-12
3.25843e-09
1.02007e-11
3.24802e-09
1.05326e-11
3.23727e-09
1.08482e-11
3.22621e-09
1.11572e-11
3.21489e-09
1.14512e-11
3.20322e-09
1.17363e-11
3.19138e-09
1.20069e-11
3.17915e-09
1.22653e-11
3.16684e-09
1.25088e-11
3.15411e-09
1.27363e-11
3.14138e-09
1.29478e-11
3.12823e-09
1.31389e-11
3.11516e-09
1.33128e-11
3.10165e-09
1.34619e-11
3.08833e-09
1.35927e-11
3.07456e-09
1.36948e-11
3.06107e-09
1.37777e-11
3.04714e-09
1.38286e-11
3.03358e-09
1.38601e-11
3.01959e-09
1.38573e-11
3.00607e-09
1.38358e-11
2.99214e-09
1.37787e-11
2.97875e-09
1.37043e-11
2.96499e-09
1.35942e-11
2.95184e-09
1.3469e-11
2.93834e-09
1.33092e-11
2.92552e-09
1.31372e-11
2.91238e-09
1.29325e-11
2.89997e-09
1.27189e-11
2.88728e-09
1.24755e-11
2.87536e-09
1.22268e-11
2.86317e-09
1.19516e-11
2.85179e-09
1.16749e-11
2.84018e-09
1.13754e-11
2.82938e-09
1.10781e-11
2.81838e-09
1.07619e-11
2.8082e-09
1.04513e-11
2.79783e-09
1.01257e-11
2.78827e-09
9.80884e-12
2.77855e-09
9.48056e-12
2.76962e-09
9.16381e-12
2.76055e-09
8.83903e-12
2.75224e-09
8.52806e-12
2.7438e-09
8.21209e-12
2.7361e-09
7.91177e-12
2.72827e-09
7.6091e-12
2.72114e-09
7.32344e-12
2.71389e-09
7.03769e-12
2.70729e-09
6.76993e-12
2.70059e-09
6.50391e-12
2.6945e-09
6.25649e-12
2.68829e-09
6.01228e-12
2.68266e-09
5.78698e-12
2.67691e-09
5.566e-12
2.6717e-09
5.364e-12
2.66635e-09
5.16715e-12
2.66151e-09
4.98917e-12
2.65652e-09
4.81687e-12
2.652e-09
4.66317e-12
2.64732e-09
4.51546e-12
2.64307e-09
4.38602e-12
2.63865e-09
4.26265e-12
2.63463e-09
4.15714e-12
2.63042e-09
4.05757e-12
2.62658e-09
3.97521e-12
2.62261e-09
3.89917e-12
2.61874e-09
3.83726e-12
2.61495e-09
3.79111e-12
3.72928e-12
2.50002e-09
-5.99088e-14
2.5001e-09
-2.06768e-13
2.50025e-09
-3.36758e-13
2.50046e-09
-4.62878e-13
2.50074e-09
-5.88074e-13
2.50107e-09
-7.12945e-13
2.50148e-09
-8.37575e-13
2.50193e-09
-9.62293e-13
2.50247e-09
-1.08704e-12
2.50304e-09
-1.21212e-12
2.5037e-09
-1.33747e-12
2.5044e-09
-1.46346e-12
2.50519e-09
-1.59006e-12
2.50602e-09
-1.71772e-12
2.50694e-09
-1.84642e-12
2.50789e-09
-1.97672e-12
2.50894e-09
-2.10861e-12
2.51003e-09
-2.24275e-12
2.51122e-09
-2.37916e-12
2.51244e-09
-2.51859e-12
2.51377e-09
-2.6611e-12
2.51513e-09
-2.80752e-12
2.51661e-09
-2.95797e-12
2.51812e-09
-3.11334e-12
2.51977e-09
-3.27381e-12
2.52144e-09
-3.44035e-12
2.52325e-09
-3.6132e-12
2.5251e-09
-3.7934e-12
2.5271e-09
-3.98125e-12
2.52913e-09
-4.17786e-12
2.53133e-09
-4.3836e-12
2.53357e-09
-4.59964e-12
2.536e-09
-4.82643e-12
2.53847e-09
-5.06521e-12
2.54114e-09
-5.31649e-12
2.54387e-09
-5.58156e-12
2.54682e-09
-5.86103e-12
2.54983e-09
-6.15623e-12
2.55308e-09
-6.46784e-12
2.55641e-09
-6.79722e-12
2.56e-09
-7.14514e-12
2.56368e-09
-7.51298e-12
2.56765e-09
-7.90158e-12
2.57173e-09
-8.31231e-12
2.57612e-09
-8.74607e-12
2.58065e-09
-9.20419e-12
2.58551e-09
-9.68763e-12
2.59054e-09
-1.01976e-11
2.59592e-09
-1.07352e-11
2.6015e-09
-1.13014e-11
2.60746e-09
-1.18973e-11
2.61365e-09
-1.25237e-11
2.62026e-09
-1.31815e-11
2.62712e-09
-1.38715e-11
2.63443e-09
-1.45943e-11
2.64203e-09
-1.53502e-11
2.65012e-09
-1.61396e-11
2.65853e-09
-1.69625e-11
2.66746e-09
-1.78188e-11
2.67675e-09
-1.87077e-11
2.68659e-09
-1.96286e-11
2.69681e-09
-2.05801e-11
2.70762e-09
-2.15606e-11
2.71884e-09
-2.25677e-11
2.73068e-09
-2.35989e-11
2.74295e-09
-2.46507e-11
2.75586e-09
-2.57191e-11
2.76921e-09
-2.67994e-11
2.78322e-09
-2.78863e-11
2.79767e-09
-2.89735e-11
2.81277e-09
-3.00539e-11
2.82831e-09
-3.112e-11
2.84448e-09
-3.21631e-11
2.86106e-09
-3.31743e-11
2.87825e-09
-3.41433e-11
2.89578e-09
-3.50604e-11
2.91389e-09
-3.59142e-11
2.93225e-09
-3.66946e-11
2.95112e-09
-3.73897e-11
2.97013e-09
-3.79899e-11
2.98958e-09
-3.84838e-11
3.00904e-09
-3.8863e-11
3.02882e-09
-3.91176e-11
3.04848e-09
-3.92415e-11
3.06834e-09
-3.92268e-11
3.0879e-09
-3.90709e-11
3.10755e-09
-3.87686e-11
3.12673e-09
-3.83208e-11
3.14587e-09
-3.77253e-11
3.16438e-09
-3.69869e-11
3.18272e-09
-3.61064e-11
3.20026e-09
-3.50918e-11
3.21752e-09
-3.39465e-11
3.23384e-09
-3.26816e-11
3.24978e-09
-3.13023e-11
3.26465e-09
-2.98221e-11
3.27907e-09
-2.82474e-11
3.2923e-09
-2.65933e-11
3.30502e-09
-2.48669e-11
3.31649e-09
-2.30842e-11
3.3274e-09
-2.12523e-11
3.33701e-09
-1.93876e-11
3.34604e-09
-1.74968e-11
3.35375e-09
-1.55961e-11
3.36086e-09
-1.3691e-11
3.36667e-09
-1.17973e-11
3.37189e-09
-9.91919e-12
3.37584e-09
-8.0714e-12
3.37923e-09
-6.25631e-12
3.38139e-09
-4.48734e-12
3.38303e-09
-2.76534e-12
3.38351e-09
-1.10146e-12
3.3835e-09
5.06766e-13
3.38242e-09
2.05023e-12
3.38089e-09
3.53273e-12
3.37838e-09
4.94688e-12
3.37547e-09
6.29828e-12
3.37166e-09
7.58144e-12
3.36749e-09
8.80353e-12
3.36252e-09
9.9608e-12
3.35722e-09
1.10616e-11
3.3512e-09
1.21035e-11
3.34488e-09
1.30955e-11
3.33792e-09
1.40361e-11
3.33068e-09
1.49344e-11
3.32286e-09
1.57894e-11
3.31478e-09
1.66095e-11
3.30619e-09
1.7394e-11
3.29733e-09
1.81504e-11
3.28803e-09
1.88773e-11
3.27844e-09
1.95812e-11
3.26847e-09
2.02602e-11
3.25819e-09
2.0919e-11
3.2476e-09
2.15551e-11
3.23668e-09
2.21716e-11
3.2255e-09
2.27653e-11
3.21398e-09
2.33378e-11
3.20226e-09
2.3885e-11
3.19018e-09
2.44073e-11
3.17796e-09
2.49002e-11
3.16538e-09
2.53631e-11
3.15273e-09
2.57912e-11
3.13971e-09
2.61831e-11
3.1267e-09
2.65345e-11
3.11332e-09
2.68436e-11
3.10004e-09
2.71066e-11
3.08638e-09
2.73219e-11
3.07292e-09
2.74865e-11
3.0591e-09
2.75992e-11
3.04556e-09
2.76582e-11
3.03168e-09
2.76629e-11
3.01817e-09
2.76128e-11
3.00435e-09
2.7508e-11
2.99097e-09
2.73495e-11
2.97731e-09
2.71379e-11
2.96417e-09
2.68755e-11
2.95079e-09
2.65637e-11
2.93798e-09
2.62058e-11
2.92497e-09
2.58037e-11
2.91258e-09
2.53614e-11
2.90002e-09
2.48815e-11
2.88812e-09
2.43686e-11
2.87608e-09
2.38251e-11
2.86473e-09
2.32562e-11
2.85327e-09
2.26644e-11
2.84251e-09
2.20548e-11
2.83166e-09
2.14299e-11
2.82153e-09
2.07948e-11
2.81132e-09
2.01516e-11
2.80182e-09
1.95052e-11
2.79226e-09
1.88574e-11
2.78339e-09
1.82128e-11
2.77448e-09
1.75726e-11
2.76623e-09
1.69411e-11
2.75795e-09
1.63193e-11
2.7503e-09
1.57107e-11
2.74262e-09
1.5116e-11
2.73555e-09
1.45384e-11
2.72844e-09
1.39781e-11
2.72191e-09
1.34377e-11
2.71533e-09
1.29173e-11
2.70929e-09
1.2419e-11
2.70321e-09
1.19425e-11
2.69762e-09
1.14896e-11
2.69198e-09
1.10598e-11
2.6868e-09
1.06546e-11
2.68156e-09
1.02732e-11
2.67674e-09
9.91683e-12
2.67184e-09
9.58457e-12
2.66732e-09
9.27745e-12
2.66272e-09
8.99441e-12
2.65847e-09
8.73631e-12
2.6541e-09
8.50201e-12
2.65007e-09
8.29221e-12
2.6459e-09
8.10576e-12
2.64204e-09
7.94294e-12
2.63809e-09
7.80379e-12
2.6342e-09
7.68416e-12
2.63039e-09
7.59823e-12
7.48971e-12
2.50002e-09
-9.00197e-14
2.5001e-09
-3.10211e-13
2.50025e-09
-5.05271e-13
2.50046e-09
-6.94353e-13
2.50074e-09
-8.82046e-13
2.50107e-09
-1.06908e-12
2.50147e-09
-1.25578e-12
2.50192e-09
-1.44239e-12
2.50246e-09
-1.62907e-12
2.50303e-09
-1.81599e-12
2.50369e-09
-2.00332e-12
2.50438e-09
-2.19133e-12
2.50517e-09
-2.38028e-12
2.50599e-09
-2.5705e-12
2.5069e-09
-2.76233e-12
2.50784e-09
-2.95621e-12
2.50888e-09
-3.15257e-12
2.50996e-09
-3.35192e-12
2.51113e-09
-3.55478e-12
2.51234e-09
-3.76177e-12
2.51365e-09
-3.97351e-12
2.51499e-09
-4.1907e-12
2.51646e-09
-4.41405e-12
2.51794e-09
-4.64436e-12
2.51956e-09
-4.88246e-12
2.52121e-09
-5.12922e-12
2.52299e-09
-5.38559e-12
2.5248e-09
-5.65251e-12
2.52676e-09
-5.93107e-12
2.52876e-09
-6.22228e-12
2.53092e-09
-6.52735e-12
2.53312e-09
-6.84739e-12
2.53549e-09
-7.18372e-12
2.53791e-09
-7.53752e-12
2.54053e-09
-7.91028e-12
2.5432e-09
-8.3032e-12
2.54608e-09
-8.71793e-12
2.54902e-09
-9.15574e-12
2.5522e-09
-9.61839e-12
2.55545e-09
-1.01072e-11
2.55896e-09
-1.06241e-11
2.56256e-09
-1.11704e-11
2.56644e-09
-1.17481e-11
2.57043e-09
-1.23587e-11
2.57472e-09
-1.30041e-11
2.57915e-09
-1.36857e-11
2.5839e-09
-1.44057e-11
2.58881e-09
-1.51654e-11
2.59408e-09
-1.59668e-11
2.59954e-09
-1.68113e-11
2.60538e-09
-1.77007e-11
2.61144e-09
-1.86363e-11
2.61792e-09
-1.96197e-11
2.62464e-09
-2.06517e-11
2.63183e-09
-2.17339e-11
2.63929e-09
-2.28667e-11
2.64725e-09
-2.40509e-11
2.65552e-09
-2.52866e-11
2.66432e-09
-2.65738e-11
2.67348e-09
-2.79118e-11
2.68319e-09
-2.92997e-11
2.6933e-09
-3.07357e-11
2.704e-09
-3.22176e-11
2.71513e-09
-3.37422e-11
2.72688e-09
-3.53058e-11
2.73909e-09
-3.69036e-11
2.75194e-09
-3.85297e-11
2.76527e-09
-4.01773e-11
2.77927e-09
-4.18382e-11
2.79374e-09
-4.35035e-11
2.8089e-09
-4.51622e-11
2.82452e-09
-4.68031e-11
2.84082e-09
-4.84125e-11
2.85756e-09
-4.99771e-11
2.87494e-09
-5.14806e-11
2.89272e-09
-5.2908e-11
2.91109e-09
-5.42411e-11
2.92978e-09
-5.54639e-11
2.94901e-09
-5.65577e-11
2.96843e-09
-5.75068e-11
2.9883e-09
-5.82931e-11
3.00823e-09
-5.89026e-11
3.0285e-09
-5.93199e-11
3.04867e-09
-5.95343e-11
3.06906e-09
-5.95345e-11
3.08917e-09
-5.93142e-11
3.10935e-09
-5.88675e-11
3.12908e-09
-5.81933e-11
3.14874e-09
-5.72914e-11
3.16776e-09
-5.61657e-11
3.18658e-09
-5.48219e-11
3.2046e-09
-5.32684e-11
3.22228e-09
-5.15156e-11
3.23901e-09
-4.95759e-11
3.2553e-09
-4.74634e-11
3.27049e-09
-4.51931e-11
3.28517e-09
-4.2782e-11
3.29865e-09
-4.02465e-11
3.31154e-09
-3.76053e-11
3.32316e-09
-3.48756e-11
3.33416e-09
-3.20764e-11
3.34382e-09
-2.92249e-11
3.35285e-09
-2.634e-11
3.36053e-09
-2.34379e-11
3.36757e-09
-2.05364e-11
3.37327e-09
-1.76503e-11
3.37834e-09
-1.47958e-11
3.38213e-09
-1.19857e-11
3.38531e-09
-9.23367e-12
3.38725e-09
-6.55047e-12
3.38864e-09
-3.94712e-12
3.38887e-09
-1.431e-12
3.38859e-09
9.92188e-13
3.38724e-09
3.31824e-12
3.38543e-09
5.54353e-12
3.38265e-09
7.6663e-12
3.37946e-09
9.6861e-12
3.37539e-09
1.1604e-11
3.37096e-09
1.34223e-11
3.36575e-09
1.51446e-11
3.36022e-09
1.67754e-11
3.35399e-09
1.832e-11
3.34747e-09
1.97845e-11
3.34034e-09
2.11751e-11
3.33294e-09
2.24983e-11
3.325e-09
2.37606e-11
3.31679e-09
2.49683e-11
3.30811e-09
2.61272e-11
3.29915e-09
2.72426e-11
3.28978e-09
2.83192e-11
3.28013e-09
2.93607e-11
3.27011e-09
3.03701e-11
3.25979e-09
3.13496e-11
3.24916e-09
3.23002e-11
3.2382e-09
3.32219e-11
3.22699e-09
3.4114e-11
3.21543e-09
3.49748e-11
3.20367e-09
3.58016e-11
3.19155e-09
3.65914e-11
3.17929e-09
3.73399e-11
3.16665e-09
3.80431e-11
3.15395e-09
3.86958e-11
3.14086e-09
3.92936e-11
3.12778e-09
3.9831e-11
3.11432e-09
4.03038e-11
3.10095e-09
4.07066e-11
3.08722e-09
4.10363e-11
3.07366e-09
4.12882e-11
3.05976e-09
4.14606e-11
3.04612e-09
4.15499e-11
3.03216e-09
4.15562e-11
3.01856e-09
4.14774e-11
3.00467e-09
4.13152e-11
2.99121e-09
4.10693e-11
2.9775e-09
4.07431e-11
2.9643e-09
4.03377e-11
2.95088e-09
3.9858e-11
2.93803e-09
3.93063e-11
2.92501e-09
3.86889e-11
2.91261e-09
3.8009e-11
2.90007e-09
3.72737e-11
2.88819e-09
3.64869e-11
2.8762e-09
3.56561e-11
2.86489e-09
3.47857e-11
2.85351e-09
3.3883e-11
2.84282e-09
3.29528e-11
2.83208e-09
3.2002e-11
2.82203e-09
3.10352e-11
2.81195e-09
3.00589e-11
2.80256e-09
2.90775e-11
2.79315e-09
2.80967e-11
2.78441e-09
2.71204e-11
2.77566e-09
2.61536e-11
2.76755e-09
2.51998e-11
2.75944e-09
2.42629e-11
2.75195e-09
2.33461e-11
2.74445e-09
2.24525e-11
2.73753e-09
2.15845e-11
2.73061e-09
2.07446e-11
2.72423e-09
1.99348e-11
2.71784e-09
1.91567e-11
2.71196e-09
1.84119e-11
2.70605e-09
1.77014e-11
2.70063e-09
1.70263e-11
2.69516e-09
1.63872e-11
2.69013e-09
1.57849e-11
2.68505e-09
1.52194e-11
2.68038e-09
1.46913e-11
2.67563e-09
1.42004e-11
2.67126e-09
1.37469e-11
2.6668e-09
1.33304e-11
2.66268e-09
1.29509e-11
2.65845e-09
1.26078e-11
2.65454e-09
1.23011e-11
2.6505e-09
1.203e-11
2.64675e-09
1.1794e-11
2.64292e-09
1.15937e-11
2.63914e-09
1.14234e-11
2.63543e-09
1.13023e-11
1.11499e-11
2.50002e-09
-1.20034e-13
2.5001e-09
-4.12997e-13
2.50025e-09
-6.72895e-13
2.50046e-09
-9.2478e-13
2.50073e-09
-1.1747e-12
2.50106e-09
-1.42358e-12
2.50147e-09
-1.67186e-12
2.50191e-09
-1.91984e-12
2.50244e-09
-2.1677e-12
2.50301e-09
-2.41565e-12
2.50367e-09
-2.66393e-12
2.50436e-09
-2.91285e-12
2.50513e-09
-3.16277e-12
2.50594e-09
-3.41412e-12
2.50684e-09
-3.66736e-12
2.50777e-09
-3.92305e-12
2.5088e-09
-4.18178e-12
2.50986e-09
-4.4442e-12
2.51102e-09
-4.71105e-12
2.5122e-09
-4.9831e-12
2.51349e-09
-5.26122e-12
2.5148e-09
-5.54629e-12
2.51623e-09
-5.83932e-12
2.51769e-09
-6.14131e-12
2.51927e-09
-6.45342e-12
2.52087e-09
-6.77674e-12
2.52261e-09
-7.1126e-12
2.52437e-09
-7.46221e-12
2.52628e-09
-7.82704e-12
2.52822e-09
-8.20841e-12
2.53032e-09
-8.60799e-12
2.53245e-09
-9.02716e-12
2.53475e-09
-9.46778e-12
2.53709e-09
-9.93135e-12
2.53962e-09
-1.04199e-11
2.5422e-09
-1.0935e-11
2.54498e-09
-1.1479e-11
2.54783e-09
-1.20534e-11
2.5509e-09
-1.26607e-11
2.55404e-09
-1.33026e-11
2.55742e-09
-1.39817e-11
2.5609e-09
-1.46999e-11
2.56464e-09
-1.54598e-11
2.56849e-09
-1.62633e-11
2.57263e-09
-1.71133e-11
2.5769e-09
-1.80116e-11
2.58149e-09
-1.89612e-11
2.58624e-09
-1.99639e-11
2.59133e-09
-2.10226e-11
2.5966e-09
-2.21391e-11
2.60226e-09
-2.33161e-11
2.60813e-09
-2.45553e-11
2.61441e-09
-2.58594e-11
2.62093e-09
-2.72294e-11
2.62791e-09
-2.86678e-11
2.63517e-09
-3.01752e-11
2.64292e-09
-3.17534e-11
2.65099e-09
-3.34024e-11
2.65958e-09
-3.51229e-11
2.66854e-09
-3.69143e-11
2.67806e-09
-3.87758e-11
2.68798e-09
-4.07056e-11
2.69851e-09
-4.2701e-11
2.70948e-09
-4.47587e-11
2.7211e-09
-4.68738e-11
2.73319e-09
-4.90406e-11
2.74596e-09
-5.12515e-11
2.75923e-09
-5.34982e-11
2.77321e-09
-5.57694e-11
2.78771e-09
-5.80541e-11
2.80293e-09
-6.03369e-11
2.81868e-09
-6.26034e-11
2.83514e-09
-6.48341e-11
2.85212e-09
-6.70112e-11
2.86979e-09
-6.91114e-11
2.88793e-09
-7.11138e-11
2.90673e-09
-7.29921e-11
2.92591e-09
-7.47236e-11
2.94569e-09
-7.62808e-11
2.96573e-09
-7.76407e-11
2.98627e-09
-7.87767e-11
3.00694e-09
-7.96682e-11
3.02797e-09
-8.02923e-11
3.04895e-09
-8.06331e-11
3.07016e-09
-8.06739e-11
3.09112e-09
-8.04054e-11
3.11215e-09
-7.98193e-11
3.13273e-09
-7.89138e-11
3.15322e-09
-7.76892e-11
3.17305e-09
-7.61516e-11
3.19264e-09
-7.43093e-11
3.21137e-09
-7.2175e-11
3.22974e-09
-6.97643e-11
3.24708e-09
-6.70946e-11
3.26393e-09
-6.41872e-11
3.27962e-09
-6.10627e-11
3.29473e-09
-5.77464e-11
3.30856e-09
-5.42606e-11
3.32174e-09
-5.06326e-11
3.33358e-09
-4.68856e-11
3.34471e-09
-4.30475e-11
3.35446e-09
-3.9141e-11
3.36349e-09
-3.51934e-11
3.37112e-09
-3.12263e-11
3.37804e-09
-2.72654e-11
3.38357e-09
-2.33303e-11
3.38841e-09
-1.94444e-11
3.39192e-09
-1.56243e-11
3.39478e-09
-1.18902e-11
3.39637e-09
-8.2559e-12
3.39736e-09
-4.73745e-12
3.39717e-09
-1.34328e-12
3.39645e-09
1.9172e-12
3.39465e-09
5.03967e-12
3.39238e-09
8.01784e-12
3.38913e-09
1.0851e-11
3.38548e-09
1.35375e-11
3.38096e-09
1.60809e-11
3.37608e-09
1.84838e-11
3.37045e-09
2.07532e-11
3.36451e-09
2.2895e-11
3.3579e-09
2.49187e-11
3.35103e-09
2.68324e-11
3.34356e-09
2.86468e-11
3.33586e-09
3.03707e-11
3.32763e-09
3.20149e-11
3.31916e-09
3.35878e-11
3.31023e-09
3.5099e-11
3.30106e-09
3.65555e-11
3.29148e-09
3.7965e-11
3.28164e-09
3.93322e-11
3.27144e-09
4.06623e-11
3.26095e-09
4.19573e-11
3.25014e-09
4.32197e-11
3.23901e-09
4.44486e-11
3.22761e-09
4.56433e-11
3.21587e-09
4.68007e-11
3.20391e-09
4.79172e-11
3.19158e-09
4.89874e-11
3.1791e-09
5.00054e-11
3.16622e-09
5.09647e-11
3.15326e-09
5.18577e-11
3.1399e-09
5.26774e-11
3.12654e-09
5.34157e-11
3.11278e-09
5.4066e-11
3.09911e-09
5.46205e-11
3.08505e-09
5.50742e-11
3.07117e-09
5.54204e-11
3.05693e-09
5.56563e-11
3.04297e-09
5.57769e-11
3.02868e-09
5.5782e-11
3.01475e-09
5.56688e-11
3.00054e-09
5.54399e-11
2.98678e-09
5.50948e-11
2.97278e-09
5.46385e-11
2.95931e-09
5.40726e-11
2.94564e-09
5.34045e-11
2.93257e-09
5.26376e-11
2.91934e-09
5.17807e-11
2.90675e-09
5.08388e-11
2.89406e-09
4.98218e-11
2.88204e-09
4.87355e-11
2.86995e-09
4.75903e-11
2.85856e-09
4.63926e-11
2.84712e-09
4.51526e-11
2.83641e-09
4.3877e-11
2.82566e-09
4.25753e-11
2.81563e-09
4.12541e-11
2.80559e-09
3.99221e-11
2.79626e-09
3.85854e-11
2.78693e-09
3.72517e-11
2.77829e-09
3.59265e-11
2.76965e-09
3.46162e-11
2.76168e-09
3.33257e-11
2.75371e-09
3.20602e-11
2.74637e-09
3.08239e-11
2.73904e-09
2.96206e-11
2.7323e-09
2.84538e-11
2.72555e-09
2.73265e-11
2.71937e-09
2.62413e-11
2.71317e-09
2.52002e-11
2.70749e-09
2.42052e-11
2.70178e-09
2.32574e-11
2.69656e-09
2.23584e-11
2.6913e-09
2.15085e-11
2.68647e-09
2.07088e-11
2.6816e-09
1.99592e-11
2.67713e-09
1.92604e-11
2.67259e-09
1.86118e-11
2.66841e-09
1.80138e-11
2.66416e-09
1.74655e-11
2.66023e-09
1.69672e-11
2.65621e-09
1.65177e-11
2.65248e-09
1.6117e-11
2.64864e-09
1.5764e-11
2.64507e-09
1.54581e-11
2.64142e-09
1.51997e-11
2.63782e-09
1.49818e-11
2.63429e-09
1.48288e-11
1.46391e-11
2.50002e-09
-1.49973e-13
2.5001e-09
-5.15225e-13
2.50025e-09
-8.39756e-13
2.50045e-09
-1.15427e-12
2.50073e-09
-1.46614e-12
2.50106e-09
-1.77651e-12
2.50146e-09
-2.08585e-12
2.50191e-09
-2.39451e-12
2.50243e-09
-2.70267e-12
2.503e-09
-3.01059e-12
2.50364e-09
-3.31853e-12
2.50433e-09
-3.62686e-12
2.50509e-09
-3.93603e-12
2.50589e-09
-4.24655e-12
2.50678e-09
-4.559e-12
2.5077e-09
-4.87405e-12
2.50871e-09
-5.19246e-12
2.50974e-09
-5.51504e-12
2.51087e-09
-5.84269e-12
2.51203e-09
-6.17638e-12
2.51329e-09
-6.5172e-12
2.51457e-09
-6.86624e-12
2.51596e-09
-7.22476e-12
2.51737e-09
-7.59401e-12
2.5189e-09
-7.97542e-12
2.52045e-09
-8.37038e-12
2.52213e-09
-8.78051e-12
2.52383e-09
-9.20733e-12
2.52567e-09
-9.65268e-12
2.52753e-09
-1.01182e-11
2.52954e-09
-1.0606e-11
2.53158e-09
-1.11177e-11
2.53379e-09
-1.16558e-11
2.53603e-09
-1.2222e-11
2.53845e-09
-1.28189e-11
2.54091e-09
-1.34486e-11
2.54357e-09
-1.41138e-11
2.54628e-09
-1.48166e-11
2.5492e-09
-1.55601e-11
2.55219e-09
-1.63464e-11
2.55542e-09
-1.71789e-11
2.55872e-09
-1.80598e-11
2.56228e-09
-1.89926e-11
2.56594e-09
-1.99798e-11
2.56989e-09
-2.10249e-11
2.57395e-09
-2.21304e-11
2.57833e-09
-2.33002e-11
2.58284e-09
-2.45364e-11
2.5877e-09
-2.58432e-11
2.59273e-09
-2.72227e-11
2.59814e-09
-2.86789e-11
2.60374e-09
-3.02138e-11
2.60976e-09
-3.18311e-11
2.61601e-09
-3.35326e-11
2.62271e-09
-3.53217e-11
2.62968e-09
-3.71997e-11
2.63715e-09
-3.91692e-11
2.64493e-09
-4.12308e-11
2.65324e-09
-4.33862e-11
2.66191e-09
-4.5635e-11
2.67116e-09
-4.79772e-11
2.68082e-09
-5.04111e-11
2.6911e-09
-5.29345e-11
2.70185e-09
-5.55438e-11
2.71325e-09
-5.8234e-11
2.72517e-09
-6.09989e-11
2.7378e-09
-6.38295e-11
2.75097e-09
-6.67165e-11
2.7649e-09
-6.96464e-11
2.7794e-09
-7.26055e-11
2.79469e-09
-7.5575e-11
2.81057e-09
-7.85365e-11
2.82725e-09
-8.14652e-11
2.84452e-09
-8.43376e-11
2.86258e-09
-8.71229e-11
2.8812e-09
-8.9793e-11
2.90057e-09
-9.23121e-11
2.92042e-09
-9.46487e-11
2.94095e-09
-9.67644e-11
2.96186e-09
-9.86267e-11
2.98333e-09
-1.00198e-10
3.00501e-09
-1.01448e-10
3.02712e-09
-1.02345e-10
3.04924e-09
-1.02865e-10
3.07162e-09
-1.02985e-10
3.09378e-09
-1.02692e-10
3.11601e-09
-1.01974e-10
3.13778e-09
-1.0083e-10
3.15943e-09
-9.92594e-11
3.1804e-09
-9.72725e-11
3.20107e-09
-9.48815e-11
3.22082e-09
-9.21046e-11
3.24013e-09
-8.8964e-11
3.25834e-09
-8.54844e-11
3.27597e-09
-8.1695e-11
3.29235e-09
-7.76246e-11
3.30805e-09
-7.33071e-11
3.32237e-09
-6.87732e-11
3.33595e-09
-6.40591e-11
3.34808e-09
-5.91959e-11
3.35941e-09
-5.42205e-11
3.36926e-09
-4.91629e-11
3.3783e-09
-4.40591e-11
3.38584e-09
-3.89374e-11
3.3926e-09
-3.38318e-11
3.39788e-09
-2.87676e-11
3.40241e-09
-2.37759e-11
3.40552e-09
-1.88784e-11
3.40794e-09
-1.41014e-11
3.40903e-09
-9.4636e-12
3.40948e-09
-4.98567e-12
3.40871e-09
-6.77586e-13
3.40739e-09
3.4479e-12
3.40496e-09
7.3851e-12
3.40206e-09
1.1126e-11
3.39817e-09
1.46701e-11
3.39389e-09
1.80162e-11
3.38875e-09
2.11699e-11
3.38329e-09
2.41359e-11
3.37709e-09
2.69246e-11
3.37062e-09
2.95457e-11
3.36351e-09
3.2013e-11
3.35618e-09
3.43388e-11
3.34829e-09
3.65386e-11
3.3402e-09
3.86257e-11
3.33162e-09
4.06153e-11
3.32284e-09
4.25198e-11
3.31363e-09
4.43527e-11
3.3042e-09
4.61239e-11
3.29438e-09
4.78443e-11
3.28432e-09
4.95206e-11
3.27391e-09
5.11598e-11
3.26321e-09
5.27647e-11
3.2522e-09
5.43385e-11
3.24087e-09
5.58798e-11
3.22926e-09
5.73876e-11
3.21729e-09
5.88567e-11
3.20508e-09
6.02821e-11
3.19248e-09
6.16556e-11
3.1797e-09
6.29687e-11
3.1665e-09
6.42113e-11
3.15319e-09
6.53727e-11
3.13945e-09
6.64422e-11
3.12568e-09
6.74082e-11
3.1115e-09
6.82608e-11
3.09737e-09
6.8989e-11
3.08285e-09
6.95852e-11
3.06849e-09
7.00399e-11
3.05375e-09
7.03489e-11
3.03929e-09
7.05055e-11
3.0245e-09
7.05091e-11
3.01009e-09
7.03562e-11
2.99539e-09
7.00502e-11
2.98117e-09
6.95908e-11
2.96672e-09
6.89849e-11
2.95283e-09
6.82353e-11
2.93875e-09
6.7352e-11
2.92531e-09
6.63399e-11
2.91174e-09
6.52113e-11
2.89886e-09
6.39732e-11
2.88589e-09
6.2639e-11
2.87364e-09
6.12168e-11
2.86135e-09
5.97204e-11
2.8498e-09
5.81588e-11
2.83824e-09
5.65453e-11
2.82743e-09
5.48889e-11
2.81663e-09
5.32023e-11
2.80658e-09
5.14939e-11
2.79654e-09
4.97751e-11
2.78725e-09
4.80539e-11
2.77798e-09
4.634e-11
2.76943e-09
4.46406e-11
2.7609e-09
4.29636e-11
2.75306e-09
4.13153e-11
2.74525e-09
3.97022e-11
2.73808e-09
3.81292e-11
2.73093e-09
3.66013e-11
2.72438e-09
3.51225e-11
2.71785e-09
3.36964e-11
2.71188e-09
3.23262e-11
2.70591e-09
3.10139e-11
2.70046e-09
2.97621e-11
2.695e-09
2.85717e-11
2.69002e-09
2.74447e-11
2.68501e-09
2.6381e-11
2.68043e-09
2.5382e-11
2.67581e-09
2.44472e-11
2.67158e-09
2.35773e-11
2.6673e-09
2.27714e-11
2.66337e-09
2.20298e-11
2.65937e-09
2.13513e-11
2.65569e-09
2.07359e-11
2.65191e-09
2.01822e-11
2.64842e-09
1.969e-11
2.64482e-09
1.92578e-11
2.64148e-09
1.88848e-11
2.63808e-09
1.85714e-11
2.63471e-09
1.83092e-11
2.63141e-09
1.81267e-11
1.79055e-11
2.50002e-09
-1.8012e-13
2.5001e-09
-6.17125e-13
2.50025e-09
-1.00629e-12
2.50045e-09
-1.38342e-12
2.50073e-09
-1.75714e-12
2.50106e-09
-2.1287e-12
2.50146e-09
-2.49862e-12
2.5019e-09
-2.86722e-12
2.50243e-09
-3.23473e-12
2.50299e-09
-3.60137e-12
2.50363e-09
-3.96744e-12
2.5043e-09
-4.33337e-12
2.50506e-09
-4.69967e-12
2.50585e-09
-5.06693e-12
2.50672e-09
-5.43587e-12
2.50762e-09
-5.80726e-12
2.50861e-09
-6.18201e-12
2.50962e-09
-6.56109e-12
2.51072e-09
-6.94559e-12
2.51185e-09
-7.33665e-12
2.51307e-09
-7.73559e-12
2.51431e-09
-8.1437e-12
2.51565e-09
-8.5625e-12
2.51701e-09
-8.99347e-12
2.51848e-09
-9.43834e-12
2.51996e-09
-9.89873e-12
2.52157e-09
-1.03766e-11
2.52319e-09
-1.08738e-11
2.52494e-09
-1.13925e-11
2.52671e-09
-1.19346e-11
2.52863e-09
-1.25027e-11
2.53056e-09
-1.30988e-11
2.53264e-09
-1.37257e-11
2.53476e-09
-1.43856e-11
2.53704e-09
-1.50816e-11
2.53936e-09
-1.58162e-11
2.54186e-09
-1.65926e-11
2.5444e-09
-1.74134e-11
2.54715e-09
-1.82823e-11
2.54995e-09
-1.9202e-11
2.55298e-09
-2.01765e-11
2.55607e-09
-2.12085e-11
2.55941e-09
-2.23024e-11
2.56283e-09
-2.34611e-11
2.56653e-09
-2.46891e-11
2.57034e-09
-2.59894e-11
2.57444e-09
-2.73668e-11
2.57867e-09
-2.88242e-11
2.58324e-09
-3.03668e-11
2.58796e-09
-3.19972e-11
2.59304e-09
-3.37208e-11
2.59832e-09
-3.55401e-11
2.60399e-09
-3.74602e-11
2.60989e-09
-3.94836e-11
2.61623e-09
-4.16149e-11
2.62284e-09
-4.38563e-11
2.62993e-09
-4.62118e-11
2.63734e-09
-4.86828e-11
2.64528e-09
-5.12723e-11
2.65358e-09
-5.39807e-11
2.66246e-09
-5.68093e-11
2.67177e-09
-5.97572e-11
2.6817e-09
-6.28232e-11
2.69213e-09
-6.60043e-11
2.70324e-09
-6.9296e-11
2.71489e-09
-7.26921e-11
2.7273e-09
-7.61838e-11
2.7403e-09
-7.97608e-11
2.75411e-09
-8.34083e-11
2.76858e-09
-8.71109e-11
2.7839e-09
-9.08464e-11
2.79992e-09
-9.45931e-11
2.81682e-09
-9.83201e-11
2.83443e-09
-1.01998e-10
2.85294e-09
-1.05588e-10
2.87215e-09
-1.09053e-10
2.89223e-09
-1.12346e-10
2.91294e-09
-1.15423e-10
2.93445e-09
-1.18231e-10
2.95647e-09
-1.20727e-10
2.97918e-09
-1.22855e-10
3.00221e-09
-1.24575e-10
3.02576e-09
-1.25839e-10
3.0494e-09
-1.26615e-10
3.07334e-09
-1.2687e-10
3.0971e-09
-1.26585e-10
3.12094e-09
-1.25744e-10
3.14431e-09
-1.24348e-10
3.16753e-09
-1.22397e-10
3.19e-09
-1.19907e-10
3.21211e-09
-1.16895e-10
3.23321e-09
-1.13388e-10
3.25377e-09
-1.09418e-10
3.27312e-09
-1.05018e-10
3.29177e-09
-1.00228e-10
3.30904e-09
-9.50865e-11
3.32551e-09
-8.96391e-11
3.34046e-09
-8.39258e-11
3.35455e-09
-7.79938e-11
3.36704e-09
-7.18829e-11
3.37862e-09
-6.56408e-11
3.38858e-09
-5.93053e-11
3.39762e-09
-5.29229e-11
3.40504e-09
-4.65287e-11
3.41156e-09
-4.01663e-11
3.4165e-09
-3.38677e-11
3.4206e-09
-2.76725e-11
3.42318e-09
-2.1608e-11
3.425e-09
-1.57087e-11
3.42541e-09
-9.99831e-12
3.42514e-09
-4.50283e-12
3.42359e-09
7.66131e-13
3.42146e-09
5.79165e-12
3.41819e-09
1.0566e-11
3.41445e-09
1.50792e-11
3.40972e-09
1.93315e-11
3.40462e-09
2.33227e-11
3.39868e-09
2.70613e-11
3.39245e-09
3.05556e-11
3.38552e-09
3.38211e-11
3.37838e-09
3.68726e-11
3.37065e-09
3.97303e-11
3.36275e-09
4.24127e-11
3.35435e-09
4.49418e-11
3.34581e-09
4.7337e-11
3.33682e-09
4.96195e-11
3.32769e-09
5.18069e-11
3.31816e-09
5.39179e-11
3.30846e-09
5.59664e-11
3.29839e-09
5.7967e-11
3.28812e-09
5.99288e-11
3.27749e-09
6.18615e-11
3.26661e-09
6.37688e-11
3.2554e-09
6.56546e-11
3.24387e-09
6.75168e-11
3.23203e-09
6.93537e-11
3.21982e-09
7.11577e-11
3.20734e-09
7.29212e-11
3.19444e-09
7.46323e-11
3.18131e-09
7.62787e-11
3.16773e-09
7.78455e-11
3.154e-09
7.93173e-11
3.1398e-09
8.06785e-11
3.12553e-09
8.19122e-11
3.1108e-09
8.30043e-11
3.09611e-09
8.39389e-11
3.08097e-09
8.47051e-11
3.066e-09
8.52898e-11
3.05062e-09
8.56869e-11
3.03552e-09
8.58871e-11
3.02008e-09
8.58899e-11
3.00503e-09
8.56906e-11
2.9897e-09
8.5294e-11
2.97488e-09
8.47001e-11
2.95983e-09
8.39188e-11
2.94539e-09
8.29539e-11
2.93079e-09
8.18192e-11
2.91688e-09
8.0522e-11
2.90287e-09
7.90787e-11
2.8896e-09
7.74989e-11
2.87627e-09
7.58005e-11
2.86373e-09
7.39944e-11
2.85118e-09
7.20989e-11
2.83944e-09
7.01255e-11
2.82771e-09
6.80917e-11
2.81679e-09
6.60091e-11
2.80591e-09
6.38937e-11
2.79584e-09
6.17565e-11
2.78582e-09
5.96116e-11
2.77657e-09
5.74691e-11
2.76738e-09
5.53409e-11
2.75895e-09
5.32357e-11
2.75056e-09
5.11635e-11
2.74289e-09
4.91316e-11
2.73526e-09
4.71476e-11
2.72831e-09
4.52175e-11
2.72139e-09
4.3347e-11
2.71509e-09
4.15409e-11
2.70882e-09
3.98028e-11
2.70312e-09
3.81365e-11
2.69743e-09
3.6544e-11
2.69227e-09
3.50281e-11
2.6871e-09
3.35896e-11
2.68241e-09
3.22304e-11
2.6777e-09
3.09502e-11
2.67343e-09
2.97503e-11
2.66911e-09
2.86296e-11
2.66519e-09
2.7589e-11
2.66121e-09
2.66268e-11
2.65758e-09
2.57434e-11
2.65388e-09
2.49368e-11
2.65049e-09
2.42072e-11
2.64701e-09
2.35523e-11
2.64381e-09
2.2972e-11
2.6405e-09
2.24642e-11
2.63745e-09
2.20279e-11
2.63432e-09
2.16633e-11
2.63123e-09
2.13606e-11
2.6282e-09
2.11513e-11
2.09037e-11
2.50002e-09
-2.10454e-13
2.5001e-09
-7.19091e-13
2.50025e-09
-1.17319e-12
2.50046e-09
-1.61326e-12
2.50074e-09
-2.04895e-12
2.50106e-09
-2.48162e-12
2.50147e-09
-2.91174e-12
2.50191e-09
-3.33963e-12
2.50243e-09
-3.76547e-12
2.50299e-09
-4.18947e-12
2.50363e-09
-4.61194e-12
2.5043e-09
-5.03336e-12
2.50505e-09
-5.4543e-12
2.50582e-09
-5.87546e-12
2.50668e-09
-6.29763e-12
2.50756e-09
-6.72175e-12
2.50853e-09
-7.14885e-12
2.50951e-09
-7.58007e-12
2.51058e-09
-8.01668e-12
2.51167e-09
-8.46003e-12
2.51285e-09
-8.9116e-12
2.51404e-09
-9.37296e-12
2.51533e-09
-9.84582e-12
2.51663e-09
-1.03319e-11
2.51803e-09
-1.08333e-11
2.51944e-09
-1.13518e-11
2.52096e-09
-1.18896e-11
2.52249e-09
-1.2449e-11
2.52415e-09
-1.30325e-11
2.52581e-09
-1.36423e-11
2.5276e-09
-1.42812e-11
2.5294e-09
-1.49518e-11
2.53135e-09
-1.56573e-11
2.53332e-09
-1.64002e-11
2.53544e-09
-1.71841e-11
2.53758e-09
-1.80119e-11
2.5399e-09
-1.88875e-11
2.54225e-09
-1.98138e-11
2.54479e-09
-2.07953e-11
2.54736e-09
-2.1835e-11
2.55015e-09
-2.29377e-11
2.55299e-09
-2.41066e-11
2.55607e-09
-2.5347e-11
2.55921e-09
-2.66624e-11
2.56262e-09
-2.8058e-11
2.56611e-09
-2.95377e-11
2.56989e-09
-3.11071e-11
2.57378e-09
-3.27701e-11
2.57799e-09
-3.45326e-11
2.58233e-09
-3.63984e-11
2.58703e-09
-3.83739e-11
2.5919e-09
-4.04626e-11
2.59715e-09
-4.2671e-11
2.60262e-09
-4.50026e-11
2.60852e-09
-4.74635e-11
2.61467e-09
-5.0057e-11
2.6213e-09
-5.27888e-11
2.62823e-09
-5.56615e-11
2.63569e-09
-5.86801e-11
2.64351e-09
-6.18463e-11
2.65192e-09
-6.51634e-11
2.66075e-09
-6.86318e-11
2.67023e-09
-7.22524e-11
2.68022e-09
-7.60234e-11
2.69091e-09
-7.99423e-11
2.70219e-09
-8.4004e-11
2.71426e-09
-8.82007e-11
2.72699e-09
-9.25228e-11
2.74059e-09
-9.69554e-11
2.75493e-09
-1.01482e-10
2.77021e-09
-1.0608e-10
2.78631e-09
-1.10722e-10
2.80341e-09
-1.15374e-10
2.82138e-09
-1.2e-10
2.84039e-09
-1.24552e-10
2.86027e-09
-1.28981e-10
2.8812e-09
-1.33226e-10
2.90295e-09
-1.3723e-10
2.92568e-09
-1.40919e-10
2.94912e-09
-1.44231e-10
2.9734e-09
-1.47091e-10
2.99818e-09
-1.49437e-10
3.02359e-09
-1.51204e-10
3.04921e-09
-1.52343e-10
3.07521e-09
-1.52808e-10
3.10107e-09
-1.52574e-10
3.12701e-09
-1.51622e-10
3.15247e-09
-1.49952e-10
3.17772e-09
-1.4757e-10
3.20214e-09
-1.44499e-10
3.2261e-09
-1.40765e-10
3.24894e-09
-1.36408e-10
3.27109e-09
-1.3147e-10
3.29188e-09
-1.25999e-10
3.31182e-09
-1.20049e-10
3.3302e-09
-1.13672e-10
3.34762e-09
-1.06925e-10
3.36334e-09
-9.98622e-11
3.37804e-09
-9.25421e-11
3.39097e-09
-8.50157e-11
3.40283e-09
-7.7342e-11
3.4129e-09
-6.95686e-11
3.42191e-09
-6.17524e-11
3.42913e-09
-5.39371e-11
3.43533e-09
-4.61764e-11
3.4398e-09
-3.85101e-11
3.44331e-09
-3.09869e-11
3.4452e-09
-2.36411e-11
3.44622e-09
-1.65178e-11
3.44573e-09
-9.64626e-12
3.4445e-09
-3.05767e-12
3.44193e-09
3.23242e-12
3.43873e-09
9.20156e-12
3.43438e-09
1.48389e-11
3.42953e-09
2.01328e-11
3.42371e-09
2.5084e-11
3.41755e-09
2.96945e-11
3.41058e-09
3.3977e-11
3.40339e-09
3.79455e-11
3.39555e-09
4.16227e-11
3.38758e-09
4.50317e-11
3.37908e-09
4.82013e-11
3.37051e-09
5.11595e-11
3.36151e-09
5.39369e-11
3.35245e-09
5.65617e-11
3.34302e-09
5.9063e-11
3.33351e-09
6.14655e-11
3.32366e-09
6.37941e-11
3.3137e-09
6.60681e-11
3.30341e-09
6.83068e-11
3.29295e-09
7.05227e-11
3.28215e-09
7.27283e-11
3.27111e-09
7.49287e-11
3.25973e-09
7.71289e-11
3.24802e-09
7.93258e-11
3.23599e-09
8.15163e-11
3.22354e-09
8.36897e-11
3.21079e-09
8.58349e-11
3.19756e-09
8.79346e-11
3.18405e-09
8.9971e-11
3.17003e-09
9.19224e-11
3.1558e-09
9.37667e-11
3.14104e-09
9.54808e-11
3.12616e-09
9.70412e-11
3.11075e-09
9.84268e-11
3.09534e-09
9.96159e-11
3.07944e-09
1.00592e-10
3.06368e-09
1.01338e-10
3.04749e-09
1.01845e-10
3.03157e-09
1.021e-10
3.01529e-09
1.02103e-10
2.99944e-09
1.01849e-10
2.9833e-09
1.01343e-10
2.96771e-09
1.00587e-10
2.95192e-09
9.95949e-11
2.9368e-09
9.83723e-11
2.92154e-09
9.69378e-11
2.90704e-09
9.53022e-11
2.89247e-09
9.34869e-11
2.87873e-09
9.15057e-11
2.86497e-09
8.93816e-11
2.85209e-09
8.71296e-11
2.83923e-09
8.47729e-11
2.82725e-09
8.23268e-11
2.81534e-09
7.98133e-11
2.80431e-09
7.72471e-11
2.79335e-09
7.46484e-11
2.78327e-09
7.20306e-11
2.77327e-09
6.94113e-11
2.76411e-09
6.68024e-11
2.75504e-09
6.42186e-11
2.74675e-09
6.16701e-11
2.73856e-09
5.91687e-11
2.73111e-09
5.67227e-11
2.72373e-09
5.43411e-11
2.71704e-09
5.20306e-11
2.71042e-09
4.97973e-11
2.70442e-09
4.76465e-11
2.69848e-09
4.55822e-11
2.69311e-09
4.3608e-11
2.68777e-09
4.1726e-11
2.68296e-09
3.99389e-11
2.67815e-09
3.8247e-11
2.67382e-09
3.66521e-11
2.66948e-09
3.51535e-11
2.66557e-09
3.3752e-11
2.66162e-09
3.24461e-11
2.65806e-09
3.12362e-11
2.65444e-09
3.01201e-11
2.65117e-09
2.90978e-11
2.64782e-09
2.81668e-11
2.64479e-09
2.73268e-11
2.64165e-09
2.65751e-11
2.6388e-09
2.59113e-11
2.63582e-09
2.53327e-11
2.6331e-09
2.48381e-11
2.6303e-09
2.44277e-11
2.62753e-09
2.40907e-11
2.62481e-09
2.38623e-11
2.36019e-11
2.50002e-09
-2.41561e-13
2.5001e-09
-8.21992e-13
2.50026e-09
-1.34194e-12
2.50046e-09
-1.84579e-12
2.50075e-09
-2.34407e-12
2.50108e-09
-2.83814e-12
2.50148e-09
-3.32838e-12
2.50193e-09
-3.81503e-12
2.50246e-09
-4.29822e-12
2.50302e-09
-4.77815e-12
2.50365e-09
-5.25513e-12
2.50432e-09
-5.72967e-12
2.50506e-09
-6.20241e-12
2.50583e-09
-6.67416e-12
2.50667e-09
-7.14582e-12
2.50754e-09
-7.61846e-12
2.50848e-09
-8.09327e-12
2.50944e-09
-8.57156e-12
2.51048e-09
-9.05477e-12
2.51152e-09
-9.54445e-12
2.51266e-09
-1.00423e-11
2.51379e-09
-1.05501e-11
2.51503e-09
-1.10698e-11
2.51626e-09
-1.16034e-11
2.51758e-09
-1.21531e-11
2.51891e-09
-1.27211e-11
2.52034e-09
-1.331e-11
2.52177e-09
-1.39221e-11
2.52331e-09
-1.45604e-11
2.52485e-09
-1.52273e-11
2.52651e-09
-1.59262e-11
2.52817e-09
-1.66598e-11
2.52996e-09
-1.74318e-11
2.53175e-09
-1.82452e-11
2.53369e-09
-1.91039e-11
2.53564e-09
-2.00113e-11
2.53775e-09
-2.09719e-11
2.53987e-09
-2.19889e-11
2.54217e-09
-2.30675e-11
2.54449e-09
-2.42113e-11
2.54701e-09
-2.54258e-11
2.54955e-09
-2.67147e-11
2.55233e-09
-2.80841e-11
2.55514e-09
-2.9538e-11
2.55821e-09
-3.10829e-11
2.56133e-09
-3.27231e-11
2.56473e-09
-3.44654e-11
2.56822e-09
-3.63142e-11
2.57201e-09
-3.82771e-11
2.57591e-09
-4.03584e-11
2.58015e-09
-4.2566e-11
2.58454e-09
-4.49044e-11
2.5893e-09
-4.73817e-11
2.59425e-09
-5.00025e-11
2.59961e-09
-5.27749e-11
2.60521e-09
-5.57033e-11
2.61127e-09
-5.87959e-11
2.61762e-09
-6.20566e-11
2.62449e-09
-6.5493e-11
2.63171e-09
-6.91085e-11
2.63951e-09
-7.29095e-11
2.64774e-09
-7.68983e-11
2.65662e-09
-8.10792e-11
2.66602e-09
-8.54528e-11
2.67615e-09
-9.00197e-11
2.6869e-09
-9.47777e-11
2.69847e-09
-9.97219e-11
2.71077e-09
-1.04845e-10
2.724e-09
-1.10135e-10
2.73808e-09
-1.15576e-10
2.75319e-09
-1.21144e-10
2.76927e-09
-1.26814e-10
2.78648e-09
-1.32545e-10
2.80476e-09
-1.38298e-10
2.82426e-09
-1.44012e-10
2.84488e-09
-1.4963e-10
2.86677e-09
-1.55071e-10
2.88975e-09
-1.60257e-10
2.91396e-09
-1.6509e-10
2.93915e-09
-1.69479e-10
2.96541e-09
-1.73318e-10
2.99242e-09
-1.76515e-10
3.02023e-09
-1.78976e-10
3.04842e-09
-1.8063e-10
3.07707e-09
-1.81412e-10
3.10566e-09
-1.81288e-10
3.13432e-09
-1.80234e-10
3.16248e-09
-1.78254e-10
3.19033e-09
-1.75361e-10
3.21725e-09
-1.71589e-10
3.24355e-09
-1.66982e-10
3.26855e-09
-1.61596e-10
3.29266e-09
-1.55494e-10
3.3152e-09
-1.48743e-10
3.33668e-09
-1.41415e-10
3.35637e-09
-1.33581e-10
3.37489e-09
-1.25315e-10
3.39149e-09
-1.16685e-10
3.40686e-09
-1.07764e-10
3.42024e-09
-9.86161e-11
3.43238e-09
-8.93116e-11
3.4425e-09
-7.99078e-11
3.4514e-09
-7.04731e-11
3.45832e-09
-6.10595e-11
3.46407e-09
-5.17318e-11
3.46792e-09
-4.25374e-11
3.47067e-09
-3.35347e-11
3.47164e-09
-2.47673e-11
3.47163e-09
-1.62929e-11
3.47e-09
-8.1474e-12
3.46753e-09
-3.68346e-13
3.46363e-09
7.02052e-12
3.45907e-09
1.39881e-11
3.4533e-09
2.05194e-11
3.44705e-09
2.66e-11
3.43984e-09
3.22316e-11
3.43233e-09
3.74194e-11
3.42408e-09
4.21825e-11
3.41568e-09
4.65436e-11
3.40674e-09
5.0536e-11
3.39777e-09
5.41955e-11
3.38838e-09
5.75639e-11
3.37904e-09
6.06824e-11
3.36937e-09
6.35947e-11
3.35977e-09
6.63405e-11
3.34987e-09
6.89594e-11
3.34001e-09
7.14851e-11
3.32988e-09
7.39504e-11
3.31971e-09
7.63812e-11
3.30926e-09
7.88026e-11
3.29869e-09
8.12312e-11
3.28779e-09
8.36838e-11
3.27668e-09
8.61669e-11
3.26521e-09
8.8687e-11
3.25341e-09
9.124e-11
3.24123e-09
9.38212e-11
3.22861e-09
9.64153e-11
3.21559e-09
9.90064e-11
3.20204e-09
1.0157e-10
3.18813e-09
1.04079e-10
3.17362e-09
1.06503e-10
3.1588e-09
1.0881e-10
3.14336e-09
1.10966e-10
3.12773e-09
1.12938e-10
3.11149e-09
1.14695e-10
3.09519e-09
1.16206e-10
3.07832e-09
1.1745e-10
3.06157e-09
1.184e-10
3.04434e-09
1.19046e-10
3.02739e-09
1.19371e-10
3.01005e-09
1.19374e-10
2.99318e-09
1.19051e-10
2.97602e-09
1.18409e-10
2.95947e-09
1.17453e-10
2.94274e-09
1.162e-10
2.92676e-09
1.14661e-10
2.91069e-09
1.12861e-10
2.89547e-09
1.10815e-10
2.88023e-09
1.08552e-10
2.86592e-09
1.0609e-10
2.85166e-09
1.0346e-10
2.83835e-09
1.00682e-10
2.82514e-09
9.77848e-11
2.81291e-09
9.47885e-11
2.80079e-09
9.17206e-11
2.78965e-09
8.85997e-11
2.77863e-09
8.54501e-11
2.76856e-09
8.22888e-11
2.75863e-09
7.91364e-11
2.74959e-09
7.60077e-11
2.74068e-09
7.29193e-11
2.73261e-09
6.98837e-11
2.72467e-09
6.69137e-11
2.7175e-09
6.40194e-11
2.71044e-09
6.121e-11
2.7041e-09
5.84933e-11
2.69784e-09
5.58755e-11
2.69223e-09
5.33622e-11
2.68669e-09
5.09569e-11
2.68173e-09
4.86635e-11
2.67681e-09
4.64835e-11
2.67242e-09
4.44191e-11
2.66805e-09
4.247e-11
2.66415e-09
4.06377e-11
2.66024e-09
3.89204e-11
2.65676e-09
3.73187e-11
2.65325e-09
3.583e-11
2.65011e-09
3.44544e-11
2.64692e-09
3.31886e-11
2.64406e-09
3.20324e-11
2.64113e-09
3.09823e-11
2.6385e-09
3.00377e-11
2.63577e-09
2.91951e-11
2.63331e-09
2.84539e-11
2.63073e-09
2.78106e-11
2.62838e-09
2.72636e-11
2.62596e-09
2.68128e-11
2.62357e-09
2.64458e-11
2.62123e-09
2.61985e-11
2.59254e-11
2.50002e-09
-2.73619e-13
2.50011e-09
-9.27018e-13
2.50026e-09
-1.51455e-12
2.50048e-09
-2.08385e-12
2.50077e-09
-2.64603e-12
2.50111e-09
-3.20234e-12
2.50152e-09
-3.75301e-12
2.50198e-09
-4.29817e-12
2.50251e-09
-4.83787e-12
2.50308e-09
-5.37226e-12
2.50372e-09
-5.90168e-12
2.50438e-09
-6.42671e-12
2.50512e-09
-6.94805e-12
2.50588e-09
-7.46662e-12
2.50672e-09
-7.98347e-12
2.50757e-09
-8.49982e-12
2.50849e-09
-9.01702e-12
2.50942e-09
-9.53656e-12
2.51043e-09
-1.00601e-11
2.51144e-09
-1.05893e-11
2.51253e-09
-1.11262e-11
2.51361e-09
-1.16728e-11
2.51478e-09
-1.22311e-11
2.51594e-09
-1.28035e-11
2.51718e-09
-1.33924e-11
2.51842e-09
-1.40003e-11
2.51975e-09
-1.463e-11
2.52107e-09
-1.52841e-11
2.52249e-09
-1.59659e-11
2.52389e-09
-1.66782e-11
2.52541e-09
-1.74247e-11
2.5269e-09
-1.82083e-11
2.52852e-09
-1.90332e-11
2.53013e-09
-1.99028e-11
2.53187e-09
-2.08214e-11
2.53359e-09
-2.17929e-11
2.53547e-09
-2.28221e-11
2.53734e-09
-2.3913e-11
2.53937e-09
-2.50712e-11
2.5414e-09
-2.63008e-11
2.54361e-09
-2.7608e-11
2.54583e-09
-2.89972e-11
2.54826e-09
-3.04752e-11
2.55071e-09
-3.20468e-11
2.55339e-09
-3.37192e-11
2.5561e-09
-3.54976e-11
2.55907e-09
-3.73898e-11
2.56209e-09
-3.94012e-11
2.5654e-09
-4.15404e-11
2.56879e-09
-4.38129e-11
2.57251e-09
-4.62279e-11
2.57633e-09
-4.87912e-11
2.58052e-09
-5.15124e-11
2.58485e-09
-5.43976e-11
2.58959e-09
-5.74568e-11
2.59453e-09
-6.06961e-11
2.59991e-09
-6.41261e-11
2.60556e-09
-6.77527e-11
2.61171e-09
-7.15864e-11
2.61819e-09
-7.56332e-11
2.62524e-09
-7.9903e-11
2.6327e-09
-8.44012e-11
2.64082e-09
-8.91366e-11
2.64945e-09
-9.41135e-11
2.65882e-09
-9.93378e-11
2.66883e-09
-1.04812e-10
2.67971e-09
-1.10536e-10
2.69136e-09
-1.16509e-10
2.704e-09
-1.22724e-10
2.71759e-09
-1.29169e-10
2.73232e-09
-1.35825e-10
2.74818e-09
-1.42669e-10
2.76534e-09
-1.49661e-10
2.78379e-09
-1.56756e-10
2.80371e-09
-1.63889e-10
2.82506e-09
-1.70985e-10
2.84797e-09
-1.77947e-10
2.87236e-09
-1.84669e-10
2.89832e-09
-1.91016e-10
2.92566e-09
-1.96856e-10
2.95441e-09
-2.02034e-10
2.98424e-09
-2.06411e-10
3.01514e-09
-2.09845e-10
3.04665e-09
-2.12229e-10
3.07874e-09
-2.13469e-10
3.11086e-09
-2.13516e-10
3.14301e-09
-2.12341e-10
3.17457e-09
-2.09957e-10
3.20566e-09
-2.06394e-10
3.23562e-09
-2.01712e-10
3.26469e-09
-1.95986e-10
3.29221e-09
-1.89304e-10
3.31856e-09
-1.81761e-10
3.34306e-09
-1.73451e-10
3.36622e-09
-1.64473e-10
3.38732e-09
-1.54916e-10
3.40701e-09
-1.44874e-10
3.42451e-09
-1.34429e-10
3.44056e-09
-1.23669e-10
3.45437e-09
-1.12668e-10
3.46673e-09
-1.0151e-10
3.47685e-09
-9.02593e-11
3.48555e-09
-7.89965e-11
3.49205e-09
-6.7782e-11
3.49721e-09
-5.66924e-11
3.50025e-09
-4.57812e-11
3.50204e-09
-3.51171e-11
3.50185e-09
-2.47563e-11
3.50055e-09
-1.47706e-11
3.49746e-09
-5.20374e-12
3.49343e-09
3.89194e-12
3.48786e-09
1.24796e-11
3.48156e-09
2.0515e-11
3.47402e-09
2.79763e-11
3.466e-09
3.48445e-11
3.45705e-09
4.11222e-11
3.44787e-09
4.68192e-11
3.43805e-09
5.19639e-11
3.42821e-09
5.65929e-11
3.41796e-09
6.07557e-11
3.40784e-09
6.4508e-11
3.39747e-09
6.79109e-11
3.38731e-09
7.10267e-11
3.37697e-09
7.39161e-11
3.36685e-09
7.66356e-11
3.35657e-09
7.92365e-11
3.34645e-09
8.17643e-11
3.33614e-09
8.42601e-11
3.32591e-09
8.67583e-11
3.31545e-09
8.92903e-11
3.30494e-09
9.1879e-11
3.29412e-09
9.45456e-11
3.28312e-09
9.73001e-11
3.27173e-09
1.00151e-10
3.25999e-09
1.03093e-10
3.2478e-09
1.06121e-10
3.2351e-09
1.09212e-10
3.22192e-09
1.12345e-10
3.20809e-09
1.15482e-10
3.19378e-09
1.18588e-10
3.17874e-09
1.21615e-10
3.16327e-09
1.24518e-10
3.14704e-09
1.27247e-10
3.13051e-09
1.29754e-10
3.11323e-09
1.31995e-10
3.09582e-09
1.33927e-10
3.07775e-09
1.35518e-10
3.05976e-09
1.36734e-10
3.04121e-09
1.37559e-10
3.02295e-09
1.37973e-10
3.00428e-09
1.37977e-10
2.98612e-09
1.37564e-10
2.96768e-09
1.36748e-10
2.94994e-09
1.35537e-10
2.93205e-09
1.33955e-10
2.91502e-09
1.32021e-10
2.89795e-09
1.29766e-10
2.88186e-09
1.27214e-10
2.86582e-09
1.24403e-10
2.85084e-09
1.21359e-10
2.83597e-09
1.1812e-10
2.8222e-09
1.14713e-10
2.80859e-09
1.11175e-10
2.79608e-09
1.07533e-10
2.78376e-09
1.03818e-10
2.77251e-09
1.00055e-10
2.76147e-09
9.6273e-11
2.75145e-09
9.24926e-11
2.74162e-09
8.87379e-11
2.73277e-09
8.50263e-11
2.7241e-09
8.1377e-11
2.71632e-09
7.78039e-11
2.7087e-09
7.43215e-11
2.70191e-09
7.09404e-11
2.69525e-09
6.76709e-11
2.68934e-09
6.45206e-11
2.68353e-09
6.14959e-11
2.6784e-09
5.8602e-11
2.67334e-09
5.5842e-11
2.66888e-09
5.32191e-11
2.66447e-09
5.0734e-11
2.66058e-09
4.83882e-11
2.65672e-09
4.61804e-11
2.65333e-09
4.4111e-11
2.64994e-09
4.21774e-11
2.64695e-09
4.03791e-11
2.64395e-09
3.87126e-11
2.6413e-09
3.7177e-11
2.6386e-09
3.57683e-11
2.63622e-09
3.44853e-11
2.63377e-09
3.33236e-11
2.6316e-09
3.22821e-11
2.62934e-09
3.13565e-11
2.62732e-09
3.05456e-11
2.62518e-09
2.98454e-11
2.62327e-09
2.92539e-11
2.62128e-09
2.87707e-11
2.61931e-09
2.83829e-11
2.61737e-09
2.81271e-11
2.78591e-11
2.50003e-09
-3.07683e-13
2.50011e-09
-1.03624e-12
2.50028e-09
-1.69448e-12
2.5005e-09
-2.33213e-12
2.50081e-09
-2.96058e-12
2.50116e-09
-3.58081e-12
2.50159e-09
-4.19283e-12
2.50206e-09
-4.7966e-12
2.50261e-09
-5.3921e-12
2.50319e-09
-5.97948e-12
2.50384e-09
-6.55912e-12
2.50451e-09
-7.13167e-12
2.50526e-09
-7.69798e-12
2.50602e-09
-8.2591e-12
2.50685e-09
-8.81625e-12
2.50769e-09
-9.37082e-12
2.5086e-09
-9.92437e-12
2.5095e-09
-1.04786e-11
2.51048e-09
-1.10353e-11
2.51145e-09
-1.15965e-11
2.51249e-09
-1.21643e-11
2.51352e-09
-1.27409e-11
2.51463e-09
-1.33287e-11
2.51571e-09
-1.39303e-11
2.51688e-09
-1.45482e-11
2.51802e-09
-1.51852e-11
2.51925e-09
-1.58443e-11
2.52044e-09
-1.65286e-11
2.52173e-09
-1.72413e-11
2.52299e-09
-1.79858e-11
2.52435e-09
-1.87659e-11
2.52568e-09
-1.9585e-11
2.52711e-09
-2.04476e-11
2.52851e-09
-2.13573e-11
2.53003e-09
-2.23191e-11
2.53152e-09
-2.3337e-11
2.53314e-09
-2.44166e-11
2.53473e-09
-2.55621e-11
2.53647e-09
-2.67798e-11
2.53818e-09
-2.80743e-11
2.54006e-09
-2.94525e-11
2.54192e-09
-3.09194e-11
2.54397e-09
-3.24825e-11
2.546e-09
-3.41472e-11
2.54825e-09
-3.59219e-11
2.5505e-09
-3.78123e-11
2.55299e-09
-3.98275e-11
2.55549e-09
-4.19736e-11
2.55827e-09
-4.42606e-11
2.56108e-09
-4.66948e-11
2.5642e-09
-4.92872e-11
2.56739e-09
-5.20444e-11
2.57091e-09
-5.49782e-11
2.57455e-09
-5.80956e-11
2.57856e-09
-6.14093e-11
2.58273e-09
-6.49268e-11
2.58733e-09
-6.86616e-11
2.59214e-09
-7.26214e-11
2.59744e-09
-7.68207e-11
2.60303e-09
-8.12678e-11
2.60917e-09
-8.59774e-11
2.61568e-09
-9.09584e-11
2.62284e-09
-9.62255e-11
2.63048e-09
-1.01788e-10
2.63887e-09
-1.07659e-10
2.64789e-09
-1.13849e-10
2.65778e-09
-1.20365e-10
2.66849e-09
-1.27217e-10
2.68023e-09
-1.34406e-10
2.69301e-09
-1.41934e-10
2.70703e-09
-1.49789e-10
2.72234e-09
-1.57959e-10
2.73914e-09
-1.66411e-10
2.75751e-09
-1.75105e-10
2.77763e-09
-1.83971e-10
2.79958e-09
-1.92926e-10
2.82352e-09
-2.01847e-10
2.84944e-09
-2.10596e-10
2.87744e-09
-2.18987e-10
2.90738e-09
-2.26824e-10
2.93924e-09
-2.33875e-10
2.97269e-09
-2.39914e-10
3.00758e-09
-2.44711e-10
3.04335e-09
-2.48083e-10
3.0798e-09
-2.49896e-10
3.11627e-09
-2.50094e-10
3.15263e-09
-2.48671e-10
3.18822e-09
-2.45682e-10
3.22308e-09
-2.41209e-10
3.25657e-09
-2.3537e-10
3.28893e-09
-2.28285e-10
3.31951e-09
-2.2008e-10
3.3487e-09
-2.10877e-10
3.37582e-09
-2.00788e-10
3.40137e-09
-1.89927e-10
3.42461e-09
-1.78397e-10
3.44616e-09
-1.66306e-10
3.46523e-09
-1.5375e-10
3.48253e-09
-1.40835e-10
3.49726e-09
-1.27651e-10
3.5102e-09
-1.14298e-10
3.52054e-09
-1.00855e-10
3.52915e-09
-8.74201e-11
3.53519e-09
-7.40683e-11
3.53958e-09
-6.08911e-11
3.54153e-09
-4.79489e-11
3.54196e-09
-3.53298e-11
3.54012e-09
-2.31061e-11
3.53694e-09
-1.13645e-11
3.53175e-09
-1.59431e-13
3.52545e-09
1.04336e-11
3.51746e-09
2.03587e-11
3.50867e-09
2.95531e-11
3.49858e-09
3.79841e-11
3.48805e-09
4.56247e-11
3.47665e-09
5.24784e-11
3.46515e-09
5.85618e-11
3.45317e-09
6.39185e-11
3.44138e-09
6.86069e-11
3.42941e-09
7.27039e-11
3.41783e-09
7.62969e-11
3.40624e-09
7.948e-11
3.39512e-09
8.23469e-11
3.38404e-09
8.49842e-11
3.37338e-09
8.7468e-11
3.36275e-09
8.98632e-11
3.35245e-09
9.22261e-11
3.34211e-09
9.46072e-11
3.33197e-09
9.70487e-11
3.32169e-09
9.95909e-11
3.31145e-09
1.02263e-10
3.30094e-09
1.05095e-10
3.29027e-09
1.08101e-10
3.27919e-09
1.11294e-10
3.26774e-09
1.14669e-10
3.25575e-09
1.18219e-10
3.24316e-09
1.21915e-10
3.22994e-09
1.25724e-10
3.21593e-09
1.29596e-10
3.20124e-09
1.33475e-10
3.18565e-09
1.37295e-10
3.16945e-09
1.40985e-10
3.15228e-09
1.44475e-10
3.13465e-09
1.47694e-10
3.11611e-09
1.50578e-10
3.09731e-09
1.53067e-10
3.07772e-09
1.55114e-10
3.05815e-09
1.56677e-10
3.03795e-09
1.57733e-10
3.01804e-09
1.58258e-10
2.9977e-09
1.58254e-10
2.97793e-09
1.57718e-10
2.95789e-09
1.5667e-10
2.93868e-09
1.55125e-10
2.91937e-09
1.53118e-10
2.90106e-09
1.50677e-10
2.8828e-09
1.47847e-10
2.86568e-09
1.44662e-10
2.84871e-09
1.4117e-10
2.83295e-09
1.3741e-10
2.81742e-09
1.33429e-10
2.80313e-09
1.29264e-10
2.78911e-09
1.24961e-10
2.77632e-09
1.20552e-10
2.76382e-09
1.16078e-10
2.75251e-09
1.11568e-10
2.74149e-09
1.07057e-10
2.73159e-09
1.02568e-10
2.72196e-09
9.81311e-11
2.71338e-09
9.37649e-11
2.70503e-09
8.9491e-11
2.69765e-09
8.53251e-11
2.69047e-09
8.12826e-11
2.68416e-09
7.73747e-11
2.67801e-09
7.36115e-11
2.67264e-09
7.00008e-11
2.6674e-09
6.65479e-11
2.66283e-09
6.32575e-11
2.65837e-09
6.01315e-11
2.6545e-09
5.71722e-11
2.6507e-09
5.43785e-11
2.64741e-09
5.1751e-11
2.64416e-09
4.92866e-11
2.64136e-09
4.69847e-11
2.63856e-09
4.4841e-11
2.63616e-09
4.28539e-11
2.63373e-09
4.10184e-11
2.63164e-09
3.93325e-11
2.62951e-09
3.77908e-11
2.62767e-09
3.63913e-11
2.62576e-09
3.51286e-11
2.62411e-09
3.40006e-11
2.62237e-09
3.30021e-11
2.62085e-09
3.21314e-11
2.61922e-09
3.13838e-11
2.61779e-09
3.07566e-11
2.61628e-09
3.02494e-11
2.61478e-09
2.98486e-11
2.61331e-09
2.95904e-11
2.93382e-11
2.50003e-09
-3.44433e-13
2.50012e-09
-1.15256e-12
2.5003e-09
-1.88655e-12
2.50054e-09
-2.59723e-12
2.50087e-09
-3.29576e-12
2.50125e-09
-3.98269e-12
2.5017e-09
-4.65768e-12
2.5022e-09
-5.32059e-12
2.50277e-09
-5.97133e-12
2.50337e-09
-6.61013e-12
2.50405e-09
-7.23746e-12
2.50474e-09
-7.85416e-12
2.5055e-09
-8.46123e-12
2.50627e-09
-9.05998e-12
2.5071e-09
-9.65181e-12
2.50794e-09
-1.02384e-11
2.50884e-09
-1.08214e-11
2.50973e-09
-1.14029e-11
2.51068e-09
-1.19848e-11
2.51161e-09
-1.25695e-11
2.51262e-09
-1.31592e-11
2.51359e-09
-1.37564e-11
2.51463e-09
-1.43636e-11
2.51565e-09
-1.49836e-11
2.51673e-09
-1.56194e-11
2.51777e-09
-1.62737e-11
2.51889e-09
-1.69499e-11
2.51997e-09
-1.76513e-11
2.52112e-09
-1.83813e-11
2.52223e-09
-1.91436e-11
2.52343e-09
-1.99422e-11
2.52457e-09
-2.07809e-11
2.52581e-09
-2.16644e-11
2.52699e-09
-2.25967e-11
2.52828e-09
-2.35832e-11
2.52951e-09
-2.46283e-11
2.53086e-09
-2.57379e-11
2.53216e-09
-2.69169e-11
2.53358e-09
-2.81718e-11
2.53495e-09
-2.95081e-11
2.53647e-09
-3.09329e-11
2.53793e-09
-3.24521e-11
2.53957e-09
-3.40739e-11
2.54116e-09
-3.58045e-11
2.54293e-09
-3.76528e-11
2.54468e-09
-3.96256e-11
2.54663e-09
-4.17329e-11
2.54857e-09
-4.39819e-11
2.55075e-09
-4.63834e-11
2.55293e-09
-4.89452e-11
2.55538e-09
-5.16793e-11
2.55785e-09
-5.45939e-11
2.56064e-09
-5.77022e-11
2.56348e-09
-6.1013e-11
2.56668e-09
-6.45408e-11
2.56998e-09
-6.82949e-11
2.57368e-09
-7.22914e-11
2.57753e-09
-7.65406e-11
2.58184e-09
-8.106e-11
2.58637e-09
-8.58613e-11
2.59142e-09
-9.09637e-11
2.5968e-09
-9.63807e-11
2.60278e-09
-1.02133e-10
2.60919e-09
-1.08237e-10
2.61632e-09
-1.14715e-10
2.62404e-09
-1.21585e-10
2.63261e-09
-1.28869e-10
2.64199e-09
-1.36588e-10
2.65241e-09
-1.44761e-10
2.66391e-09
-1.53408e-10
2.67673e-09
-1.62539e-10
2.69098e-09
-1.72162e-10
2.70689e-09
-1.82267e-10
2.72467e-09
-1.92833e-10
2.74455e-09
-2.03803e-10
2.76676e-09
-2.15098e-10
2.79152e-09
-2.26576e-10
2.819e-09
-2.38054e-10
2.84931e-09
-2.49271e-10
2.8824e-09
-2.59921e-10
2.91816e-09
-2.69625e-10
2.95619e-09
-2.77983e-10
2.99608e-09
-2.84602e-10
3.03715e-09
-2.89218e-10
3.07899e-09
-2.91728e-10
3.12098e-09
-2.92175e-10
3.16299e-09
-2.90651e-10
3.20446e-09
-2.87275e-10
3.24545e-09
-2.8216e-10
3.28535e-09
-2.75423e-10
3.32429e-09
-2.67168e-10
3.36152e-09
-2.57502e-10
3.39725e-09
-2.46535e-10
3.43063e-09
-2.3439e-10
3.462e-09
-2.21206e-10
3.49048e-09
-2.07126e-10
3.51659e-09
-1.92304e-10
3.53946e-09
-1.76887e-10
3.55978e-09
-1.61029e-10
3.57671e-09
-1.4486e-10
3.59108e-09
-1.28519e-10
3.60205e-09
-1.12111e-10
3.61057e-09
-9.57616e-11
3.61579e-09
-7.95623e-11
3.61872e-09
-6.3627e-11
3.61856e-09
-4.80464e-11
3.61639e-09
-3.2942e-11
3.61146e-09
-1.83883e-11
3.60481e-09
-4.47396e-12
3.59575e-09
8.73285e-12
3.58531e-09
2.11258e-11
3.57294e-09
3.26194e-11
3.55963e-09
4.31247e-11
3.54497e-09
5.25871e-11
3.5299e-09
6.09675e-11
3.51408e-09
6.82676e-11
3.49839e-09
7.4517e-11
3.48251e-09
7.97827e-11
3.46719e-09
8.41627e-11
3.4521e-09
8.7781e-11
3.43783e-09
9.07829e-11
3.42397e-09
9.33192e-11
3.41097e-09
9.55402e-11
3.39838e-09
9.75658e-11
3.38653e-09
9.94928e-11
3.37499e-09
1.01393e-10
3.36405e-09
1.0333e-10
3.35329e-09
1.05361e-10
3.34295e-09
1.07539e-10
3.33262e-09
1.09912e-10
3.32251e-09
1.12521e-10
3.31221e-09
1.15407e-10
3.30184e-09
1.18594e-10
3.29107e-09
1.22104e-10
3.27993e-09
1.25936e-10
3.26815e-09
1.30083e-10
3.25568e-09
1.34507e-10
3.24238e-09
1.39164e-10
3.2281e-09
1.43979e-10
3.21291e-09
1.48871e-10
3.19656e-09
1.5374e-10
3.17933e-09
1.58482e-10
3.1609e-09
1.6299e-10
3.14176e-09
1.6716e-10
3.12149e-09
1.70899e-10
3.10081e-09
1.74122e-10
3.07917e-09
1.76764e-10
3.05748e-09
1.78769e-10
3.03508e-09
1.80108e-10
3.013e-09
1.80755e-10
2.99046e-09
1.80714e-10
2.9686e-09
1.79991e-10
2.94654e-09
1.78615e-10
2.92545e-09
1.76614e-10
2.90437e-09
1.74039e-10
2.88449e-09
1.70932e-10
2.86478e-09
1.67357e-10
2.84642e-09
1.63361e-10
2.82835e-09
1.59012e-10
2.81171e-09
1.54359e-10
2.79543e-09
1.49465e-10
2.78059e-09
1.44377e-10
2.76614e-09
1.39151e-10
2.7531e-09
1.33829e-10
2.74046e-09
1.28459e-10
2.72916e-09
1.23076e-10
2.71824e-09
1.1772e-10
2.70856e-09
1.12421e-10
2.69923e-09
1.07209e-10
2.69104e-09
1.02107e-10
2.68316e-09
9.71386e-11
2.6763e-09
9.232e-11
2.66969e-09
8.76672e-11
2.66399e-09
8.31914e-11
2.65849e-09
7.8902e-11
2.65379e-09
7.48056e-11
2.64924e-09
7.09064e-11
2.64538e-09
6.72074e-11
2.64163e-09
6.37086e-11
2.63847e-09
6.04105e-11
2.63538e-09
5.73099e-11
2.6328e-09
5.44055e-11
2.63025e-09
5.16923e-11
2.62814e-09
4.91675e-11
2.62602e-09
4.6825e-11
2.62428e-09
4.46615e-11
2.62251e-09
4.26704e-11
2.62107e-09
4.08479e-11
2.61956e-09
3.91874e-11
2.61833e-09
3.76853e-11
2.61703e-09
3.63353e-11
2.61596e-09
3.5134e-11
2.61479e-09
3.40755e-11
2.61383e-09
3.31569e-11
2.61275e-09
3.23732e-11
2.61186e-09
3.1721e-11
2.61088e-09
3.11994e-11
2.6099e-09
3.07946e-11
2.60895e-09
3.05404e-11
3.0311e-11
2.50003e-09
-3.85871e-13
2.50014e-09
-1.28074e-12
2.50034e-09
-2.09859e-12
2.50061e-09
-2.88959e-12
2.50097e-09
-3.66406e-12
2.50138e-09
-4.42184e-12
2.50188e-09
-5.16228e-12
2.50242e-09
-5.88516e-12
2.50303e-09
-6.59057e-12
2.50367e-09
-7.27889e-12
2.50438e-09
-7.95089e-12
2.5051e-09
-8.60767e-12
2.50589e-09
-9.25056e-12
2.50668e-09
-9.88115e-12
2.50753e-09
-1.05012e-11
2.50837e-09
-1.11125e-11
2.50927e-09
-1.17173e-11
2.51015e-09
-1.23177e-11
2.51108e-09
-1.29161e-11
2.51199e-09
-1.35148e-11
2.51295e-09
-1.41165e-11
2.51388e-09
-1.47238e-11
2.51487e-09
-1.53396e-11
2.51581e-09
-1.59666e-11
2.51681e-09
-1.66081e-11
2.51776e-09
-1.72671e-11
2.51877e-09
-1.79471e-11
2.51972e-09
-1.86514e-11
2.52074e-09
-1.9384e-11
2.52169e-09
-2.01485e-11
2.52272e-09
-2.09493e-11
2.52368e-09
-2.17903e-11
2.52471e-09
-2.26766e-11
2.52567e-09
-2.36125e-11
2.52671e-09
-2.46036e-11
2.52768e-09
-2.56547e-11
2.52875e-09
-2.67721e-11
2.52973e-09
-2.79611e-11
2.53082e-09
-2.92288e-11
2.53183e-09
-3.0581e-11
2.53296e-09
-3.20255e-11
2.53401e-09
-3.35689e-11
2.5352e-09
-3.52198e-11
2.53631e-09
-3.69852e-11
2.53758e-09
-3.8875e-11
2.53878e-09
-4.08966e-11
2.54017e-09
-4.3061e-11
2.54149e-09
-4.53762e-11
2.54302e-09
-4.78544e-11
2.5445e-09
-5.05041e-11
2.54623e-09
-5.33389e-11
2.54792e-09
-5.63679e-11
2.5499e-09
-5.96062e-11
2.55187e-09
-6.30636e-11
2.55416e-09
-6.67567e-11
2.55648e-09
-7.06962e-11
2.55917e-09
-7.4901e-11
2.56193e-09
-7.93829e-11
2.56512e-09
-8.41631e-11
2.56844e-09
-8.92553e-11
2.57224e-09
-9.46841e-11
2.57627e-09
-1.00466e-10
2.58085e-09
-1.0663e-10
2.58577e-09
-1.13197e-10
2.59134e-09
-1.202e-10
2.59741e-09
-1.27667e-10
2.60426e-09
-1.35637e-10
2.61183e-09
-1.44146e-10
2.62039e-09
-1.53239e-10
2.62999e-09
-1.62959e-10
2.64088e-09
-1.73353e-10
2.65325e-09
-1.84466e-10
2.66738e-09
-1.96331e-10
2.68361e-09
-2.08979e-10
2.70226e-09
-2.22398e-10
2.7238e-09
-2.36557e-10
2.7486e-09
-2.51341e-10
2.77715e-09
-2.66548e-10
2.80974e-09
-2.81845e-10
2.84654e-09
-2.96702e-10
2.88728e-09
-3.10373e-10
2.93148e-09
-3.22218e-10
2.97864e-09
-3.31783e-10
3.02825e-09
-3.38902e-10
3.08015e-09
-3.43636e-10
3.13391e-09
-3.46038e-10
3.18927e-09
-3.46005e-10
3.24528e-09
-3.43407e-10
3.30131e-09
-3.38168e-10
3.35606e-09
-3.30324e-10
3.40893e-09
-3.20006e-10
3.45868e-09
-3.07443e-10
3.50512e-09
-2.92917e-10
3.54725e-09
-2.76753e-10
3.58539e-09
-2.59275e-10
3.6188e-09
-2.40799e-10
3.6482e-09
-2.21602e-10
3.67295e-09
-2.01932e-10
3.69403e-09
-1.81988e-10
3.7108e-09
-1.61938e-10
3.72434e-09
-1.41911e-10
3.73391e-09
-1.22003e-10
3.74062e-09
-1.02293e-10
3.74359e-09
-8.28466e-11
3.74395e-09
-6.37817e-11
3.74083e-09
-4.52188e-11
3.73538e-09
-2.72644e-11
3.72671e-09
-9.95448e-12
3.71587e-09
6.61057e-12
3.70212e-09
2.23085e-11
3.68654e-09
3.69707e-11
3.66859e-09
5.04535e-11
3.6494e-09
6.26041e-11
3.62862e-09
7.33171e-11
3.60736e-09
8.2518e-11
3.58543e-09
9.01951e-11
3.56383e-09
9.63889e-11
3.54242e-09
1.01203e-10
3.52203e-09
1.04796e-10
3.50244e-09
1.07376e-10
3.48425e-09
1.09194e-10
3.46704e-09
1.10528e-10
3.45115e-09
1.11632e-10
3.43606e-09
1.12657e-10
3.42205e-09
1.1369e-10
3.40865e-09
1.14788e-10
3.39615e-09
1.16014e-10
3.38407e-09
1.17426e-10
3.37268e-09
1.19086e-10
3.36152e-09
1.21057e-10
3.35079e-09
1.23399e-10
3.34002e-09
1.26171e-10
3.32934e-09
1.29417e-10
3.31829e-09
1.33176e-10
3.3069e-09
1.37461e-10
3.29477e-09
1.42271e-10
3.28185e-09
1.47563e-10
3.26787e-09
1.53276e-10
3.25267e-09
1.59303e-10
3.23623e-09
1.65521e-10
3.21831e-09
1.71776e-10
3.19918e-09
1.77911e-10
3.1785e-09
1.83763e-10
3.15684e-09
1.89179e-10
3.13378e-09
1.94023e-10
3.11015e-09
1.98175e-10
3.08539e-09
2.01548e-10
3.06054e-09
2.04068e-10
3.03492e-09
2.05703e-10
3.00971e-09
2.06427e-10
2.98408e-09
2.06254e-10
2.95933e-09
2.05201e-10
2.93449e-09
2.03318e-10
2.91088e-09
2.0065e-10
2.88746e-09
1.97274e-10
2.86554e-09
1.93255e-10
2.84399e-09
1.8868e-10
2.82409e-09
1.83619e-10
2.80469e-09
1.78161e-10
2.78699e-09
1.72373e-10
2.76985e-09
1.66335e-10
2.75439e-09
1.60108e-10
2.7395e-09
1.53758e-10
2.72623e-09
1.47337e-10
2.7135e-09
1.40902e-10
2.70229e-09
1.34493e-10
2.69158e-09
1.28156e-10
2.68224e-09
1.21924e-10
2.67336e-09
1.15831e-10
2.66571e-09
1.09902e-10
2.65843e-09
1.04162e-10
2.65225e-09
9.86266e-11
2.64637e-09
9.33121e-11
2.64144e-09
8.82283e-11
2.63675e-09
8.33827e-11
2.63287e-09
7.87801e-11
2.62916e-09
7.44218e-11
2.62614e-09
7.03085e-11
2.62324e-09
6.64372e-11
2.62092e-09
6.28054e-11
2.61866e-09
5.94072e-11
2.6169e-09
5.62384e-11
2.61516e-09
5.32913e-11
2.61383e-09
5.05606e-11
2.6125e-09
4.80376e-11
2.6115e-09
4.57169e-11
2.61047e-09
4.35895e-11
2.60973e-09
4.165e-11
2.60893e-09
3.98899e-11
2.60837e-09
3.8304e-11
2.60773e-09
3.68846e-11
2.6073e-09
3.5627e-11
2.60676e-09
3.45243e-11
2.60641e-09
3.35726e-11
2.60593e-09
3.27661e-11
2.60562e-09
3.21007e-11
2.60521e-09
3.15754e-11
2.6048e-09
3.11768e-11
2.6044e-09
3.09367e-11
3.07485e-11
2.50004e-09
-4.34036e-13
2.50017e-09
-1.42817e-12
2.5004e-09
-2.34245e-12
2.50071e-09
-3.22489e-12
2.50112e-09
-4.0837e-12
2.50159e-09
-4.91797e-12
2.50215e-09
-5.7268e-12
2.50275e-09
-6.51044e-12
2.50342e-09
-7.26935e-12
2.50412e-09
-8.00449e-12
2.50488e-09
-8.71707e-12
2.50566e-09
-9.40874e-12
2.50648e-09
-1.00813e-11
2.50731e-09
-1.07367e-11
2.50818e-09
-1.13773e-11
2.50905e-09
-1.20052e-11
2.50995e-09
-1.26229e-11
2.51083e-09
-1.32329e-11
2.51176e-09
-1.38379e-11
2.51265e-09
-1.44405e-11
2.51358e-09
-1.50435e-11
2.51447e-09
-1.56498e-11
2.5154e-09
-1.62625e-11
2.51628e-09
-1.68843e-11
2.5172e-09
-1.75188e-11
2.51806e-09
-1.81691e-11
2.51897e-09
-1.88388e-11
2.5198e-09
-1.95314e-11
2.52068e-09
-2.02509e-11
2.52148e-09
-2.10012e-11
2.52234e-09
-2.17868e-11
2.52311e-09
-2.26119e-11
2.52394e-09
-2.34817e-11
2.52467e-09
-2.44007e-11
2.52547e-09
-2.53749e-11
2.52616e-09
-2.64094e-11
2.52693e-09
-2.75107e-11
2.52759e-09
-2.86846e-11
2.52834e-09
-2.99385e-11
2.52897e-09
-3.12788e-11
2.5297e-09
-3.27138e-11
2.53031e-09
-3.42506e-11
2.53104e-09
-3.58984e-11
2.53164e-09
-3.7665e-11
2.53238e-09
-3.95608e-11
2.53301e-09
-4.15943e-11
2.53378e-09
-4.37771e-11
2.53444e-09
-4.61183e-11
2.53528e-09
-4.86308e-11
2.53602e-09
-5.13246e-11
2.53697e-09
-5.42139e-11
2.53782e-09
-5.73094e-11
2.53892e-09
-6.0627e-11
2.53994e-09
-6.4178e-11
2.54124e-09
-6.79801e-11
2.5425e-09
-7.20459e-11
2.54407e-09
-7.63951e-11
2.54564e-09
-8.10416e-11
2.54757e-09
-8.60083e-11
2.54954e-09
-9.13112e-11
2.55191e-09
-9.69773e-11
2.5544e-09
-1.03027e-10
2.55735e-09
-1.09492e-10
2.5605e-09
-1.164e-10
2.56418e-09
-1.23791e-10
2.56819e-09
-1.31705e-10
2.57284e-09
-1.40194e-10
2.57802e-09
-1.49314e-10
2.58401e-09
-1.59137e-10
2.59086e-09
-1.69742e-10
2.59881e-09
-1.81223e-10
2.60813e-09
-1.93685e-10
2.6191e-09
-2.07237e-10
2.63224e-09
-2.21995e-10
2.64796e-09
-2.38058e-10
2.66706e-09
-2.55512e-10
2.69014e-09
-2.74377e-10
2.71831e-09
-2.94602e-10
2.7525e-09
-3.16006e-10
2.79371e-09
-3.37871e-10
2.84265e-09
-3.59332e-10
2.89967e-09
-3.7926e-10
2.96437e-09
-3.9653e-10
3.03578e-09
-4.10391e-10
3.11232e-09
-4.20231e-10
3.19141e-09
-4.25223e-10
3.27009e-09
-4.24713e-10
3.34518e-09
-4.1862e-10
3.41444e-09
-4.07433e-10
3.47592e-09
-3.91954e-10
3.52905e-09
-3.73122e-10
3.57328e-09
-3.51857e-10
3.60939e-09
-3.28997e-10
3.63765e-09
-3.05239e-10
3.65957e-09
-2.81142e-10
3.67563e-09
-2.57123e-10
3.68758e-09
-2.33471e-10
3.69573e-09
-2.10371e-10
3.70176e-09
-1.87906e-10
3.70561e-09
-1.66106e-10
3.70878e-09
-1.44926e-10
3.71072e-09
-1.24278e-10
3.71264e-09
-1.04026e-10
3.71352e-09
-8.40545e-11
3.71424e-09
-6.42743e-11
3.71332e-09
-4.46108e-11
3.71144e-09
-2.51245e-11
3.7071e-09
-5.87819e-12
3.70107e-09
1.28981e-11
3.69214e-09
3.10392e-11
3.68117e-09
4.8208e-11
3.66732e-09
6.41736e-11
3.65164e-09
7.85604e-11
3.63375e-09
9.1166e-11
3.61481e-09
1.01739e-10
3.59476e-09
1.10236e-10
3.57479e-09
1.16625e-10
3.55494e-09
1.21061e-10
3.53622e-09
1.23749e-10
3.51859e-09
1.25033e-10
3.50271e-09
1.25299e-10
3.48809e-09
1.25175e-10
3.4748e-09
1.25143e-10
3.46221e-09
1.25273e-10
3.45056e-09
1.25541e-10
3.4394e-09
1.2595e-10
3.42903e-09
1.26561e-10
3.419e-09
1.2743e-10
3.4096e-09
1.28641e-10
3.40033e-09
1.30274e-10
3.39145e-09
1.32421e-10
3.38239e-09
1.3517e-10
3.37333e-09
1.38601e-10
3.36367e-09
1.42792e-10
3.35346e-09
1.47788e-10
3.34213e-09
1.53614e-10
3.32958e-09
1.60228e-10
3.3154e-09
1.67549e-10
3.29941e-09
1.75415e-10
3.28149e-09
1.83634e-10
3.26142e-09
1.91963e-10
3.23946e-09
2.00156e-10
3.21537e-09
2.07961e-10
3.18979e-09
2.15149e-10
3.16236e-09
2.21521e-10
3.13408e-09
2.26915e-10
3.10444e-09
2.31213e-10
3.07466e-09
2.34335e-10
3.04409e-09
2.36247e-10
3.01408e-09
2.3694e-10
2.98379e-09
2.36446e-10
2.95468e-09
2.34808e-10
2.92573e-09
2.32107e-10
2.89843e-09
2.28424e-10
2.87162e-09
2.23871e-10
2.84676e-09
2.18549e-10
2.8226e-09
2.12581e-10
2.80053e-09
2.06071e-10
2.77927e-09
1.99136e-10
2.76011e-09
1.91867e-10
2.74178e-09
1.84363e-10
2.72547e-09
1.76698e-10
2.70997e-09
1.68954e-10
2.69635e-09
1.61189e-10
2.68348e-09
1.53466e-10
2.67234e-09
1.45833e-10
2.66186e-09
1.38339e-10
2.65293e-09
1.31021e-10
2.64457e-09
1.23916e-10
2.63756e-09
1.17049e-10
2.63102e-09
1.10445e-10
2.62564e-09
1.0412e-10
2.62063e-09
9.80855e-11
2.61661e-09
9.23507e-11
2.61286e-09
8.69189e-11
2.60994e-09
8.17914e-11
2.6072e-09
7.69652e-11
2.60515e-09
7.24369e-11
2.60322e-09
6.81991e-11
2.60185e-09
6.42453e-11
2.60054e-09
6.05656e-11
2.59969e-09
5.71519e-11
2.59886e-09
5.39928e-11
2.5984e-09
5.10797e-11
2.59792e-09
4.84009e-11
2.59775e-09
4.59479e-11
2.59753e-09
4.37094e-11
2.59756e-09
4.16774e-11
2.59751e-09
3.98415e-11
2.59768e-09
3.81945e-11
2.59775e-09
3.67271e-11
2.59801e-09
3.54333e-11
2.59815e-09
3.43049e-11
2.59844e-09
3.33368e-11
2.5986e-09
3.25224e-11
2.59891e-09
3.18568e-11
2.59912e-09
3.13379e-11
2.59932e-09
3.09518e-11
2.59953e-09
3.07205e-11
3.05649e-11
2.50005e-09
-4.92703e-13
2.50021e-09
-1.60644e-12
2.50049e-09
-2.6384e-12
2.50088e-09
-3.6295e-12
2.50137e-09
-4.58467e-12
2.50193e-09
-5.50219e-12
2.50258e-09
-6.38229e-12
2.50327e-09
-7.2263e-12
2.50403e-09
-8.03592e-12
2.50481e-09
-8.81305e-12
2.50565e-09
-9.55987e-12
2.50649e-09
-1.02788e-11
2.50738e-09
-1.09725e-11
2.50825e-09
-1.16436e-11
2.50917e-09
-1.22948e-11
2.51006e-09
-1.29291e-11
2.51099e-09
-1.35493e-11
2.51188e-09
-1.41583e-11
2.51281e-09
-1.47589e-11
2.51369e-09
-1.53543e-11
2.5146e-09
-1.59472e-11
2.51545e-09
-1.65409e-11
2.51634e-09
-1.71383e-11
2.51715e-09
-1.77426e-11
2.518e-09
-1.83571e-11
2.51878e-09
-1.89851e-11
2.51958e-09
-1.96302e-11
2.5203e-09
-2.02961e-11
2.52105e-09
-2.09868e-11
2.52171e-09
-2.17062e-11
2.5224e-09
-2.24589e-11
2.52298e-09
-2.32493e-11
2.52361e-09
-2.40825e-11
2.52411e-09
-2.49635e-11
2.52466e-09
-2.58982e-11
2.52508e-09
-2.68921e-11
2.52556e-09
-2.79518e-11
2.52589e-09
-2.90837e-11
2.52629e-09
-3.02952e-11
2.52653e-09
-3.15933e-11
2.52685e-09
-3.29866e-11
2.52701e-09
-3.44828e-11
2.52726e-09
-3.60916e-11
2.52734e-09
-3.78216e-11
2.52752e-09
-3.96835e-11
2.52754e-09
-4.16869e-11
2.52767e-09
-4.38438e-11
2.52764e-09
-4.61647e-11
2.52774e-09
-4.86628e-11
2.52768e-09
-5.13495e-11
2.52778e-09
-5.42394e-11
2.52773e-09
-5.73448e-11
2.52786e-09
-6.06819e-11
2.52785e-09
-6.42635e-11
2.52807e-09
-6.81079e-11
2.52815e-09
-7.22285e-11
2.52849e-09
-7.6646e-11
2.52872e-09
-8.13745e-11
2.52925e-09
-8.64379e-11
2.52969e-09
-9.18521e-11
2.53045e-09
-9.76454e-11
2.53117e-09
-1.03837e-10
2.53224e-09
-1.10463e-10
2.53333e-09
-1.17548e-10
2.53478e-09
-1.25141e-10
2.53633e-09
-1.33283e-10
2.53828e-09
-1.42041e-10
2.54047e-09
-1.51486e-10
2.54315e-09
-1.6172e-10
2.54633e-09
-1.72864e-10
2.55027e-09
-1.85078e-10
2.55525e-09
-1.98564e-10
2.56165e-09
-2.1356e-10
2.57018e-09
-2.30373e-10
2.58151e-09
-2.49315e-10
2.59698e-09
-2.70792e-10
2.61772e-09
-2.95039e-10
2.64587e-09
-3.22577e-10
2.68305e-09
-3.53133e-10
2.73273e-09
-3.87465e-10
2.80026e-09
-4.26879e-10
2.88545e-09
-4.64497e-10
2.981e-09
-4.92149e-10
3.07823e-09
-5.07733e-10
3.16913e-09
-5.11204e-10
3.24681e-09
-5.03039e-10
3.30702e-09
-4.84966e-10
3.34787e-09
-4.59628e-10
3.37005e-09
-4.29636e-10
3.37515e-09
-3.97237e-10
3.36613e-09
-3.64097e-10
3.34553e-09
-3.31485e-10
3.31671e-09
-3.00158e-10
3.2819e-09
-2.70699e-10
3.24409e-09
-2.43283e-10
3.20478e-09
-2.18137e-10
3.1665e-09
-1.95104e-10
3.13004e-09
-1.74265e-10
3.09753e-09
-1.55259e-10
3.06919e-09
-1.38131e-10
3.04684e-09
-1.22378e-10
3.03029e-09
-1.08104e-10
3.02123e-09
-9.4682e-11
3.01897e-09
-8.21754e-11
3.02459e-09
-6.95122e-11
3.03604e-09
-5.6484e-11
3.05319e-09
-4.17773e-11
3.07265e-09
-2.58114e-11
3.09459e-09
-8.4832e-12
3.11607e-09
9.09586e-12
3.13748e-09
2.73325e-11
3.15627e-09
4.50183e-11
3.17327e-09
6.20616e-11
3.18699e-09
7.71947e-11
3.1988e-09
9.03948e-11
3.20806e-09
1.00814e-10
3.21641e-09
1.08683e-10
3.22375e-09
1.13614e-10
3.2317e-09
1.16168e-10
3.24035e-09
1.16419e-10
3.25052e-09
1.15468e-10
3.26072e-09
1.15097e-10
3.27052e-09
1.15639e-10
3.27946e-09
1.16426e-10
3.28804e-09
1.17194e-10
3.29603e-09
1.17991e-10
3.30381e-09
1.18946e-10
3.31106e-09
1.20147e-10
3.31812e-09
1.21712e-10
3.32455e-09
1.23754e-10
3.33067e-09
1.26415e-10
3.33591e-09
1.29827e-10
3.34047e-09
1.34141e-10
3.34365e-09
1.39519e-10
3.34544e-09
1.46094e-10
3.34504e-09
1.5397e-10
3.34224e-09
1.63138e-10
3.33633e-09
1.73501e-10
3.32707e-09
1.84807e-10
3.31414e-09
1.96729e-10
3.29738e-09
2.0886e-10
3.27705e-09
2.20793e-10
3.25302e-09
2.32116e-10
3.22612e-09
2.42472e-10
3.19618e-09
2.51561e-10
3.16444e-09
2.59156e-10
3.13059e-09
2.65109e-10
3.09613e-09
2.6934e-10
3.06051e-09
2.71836e-10
3.02538e-09
2.72626e-10
2.98995e-09
2.71784e-10
2.9559e-09
2.69403e-10
2.92222e-09
2.65614e-10
2.8906e-09
2.60558e-10
2.85983e-09
2.54408e-10
2.83151e-09
2.47329e-10
2.80431e-09
2.39503e-10
2.7797e-09
2.31085e-10
2.75629e-09
2.22232e-10
2.73543e-09
2.1307e-10
2.71573e-09
2.03722e-10
2.69844e-09
1.94276e-10
2.68223e-09
1.84824e-10
2.66821e-09
1.75432e-10
2.65518e-09
1.66168e-10
2.64411e-09
1.57084e-10
2.6339e-09
1.48235e-10
2.62541e-09
1.39658e-10
2.61764e-09
1.31394e-10
2.61134e-09
1.23468e-10
2.60561e-09
1.15903e-10
2.60112e-09
1.08711e-10
2.59706e-09
1.01902e-10
2.59402e-09
9.54788e-11
2.59128e-09
8.94388e-11
2.58937e-09
8.37771e-11
2.58766e-09
7.84849e-11
2.58661e-09
7.35521e-11
2.58567e-09
6.89657e-11
2.58527e-09
6.4713e-11
2.58491e-09
6.0779e-11
2.58497e-09
5.71501e-11
2.58502e-09
5.38107e-11
2.58541e-09
5.07476e-11
2.58575e-09
4.79457e-11
2.58637e-09
4.53926e-11
2.5869e-09
4.30742e-11
2.58766e-09
4.09796e-11
2.58831e-09
3.90963e-11
2.58915e-09
3.74146e-11
2.58987e-09
3.59238e-11
2.59075e-09
3.46158e-11
2.5915e-09
3.34816e-11
2.59238e-09
3.25146e-11
2.59311e-09
3.17078e-11
2.59397e-09
3.10553e-11
2.59473e-09
3.05556e-11
2.59546e-09
3.01955e-11
2.59619e-09
2.99957e-11
2.99023e-11
2.50007e-09
-5.67046e-13
2.50027e-09
-1.83099e-12
2.50064e-09
-3.01515e-12
2.50113e-09
-4.14087e-12
2.50174e-09
-5.20824e-12
2.50244e-09
-6.21764e-12
2.50322e-09
-7.1728e-12
2.50404e-09
-8.0773e-12
2.50494e-09
-8.93488e-12
2.50585e-09
-9.74867e-12
2.5068e-09
-1.05225e-11
2.50776e-09
-1.12599e-11
2.50875e-09
-1.19646e-11
2.50971e-09
-1.26401e-11
2.51071e-09
-1.32903e-11
2.51167e-09
-1.39184e-11
2.51265e-09
-1.4528e-11
2.51358e-09
-1.51224e-11
2.51453e-09
-1.5705e-11
2.51542e-09
-1.62788e-11
2.51633e-09
-1.68472e-11
2.51716e-09
-1.74132e-11
2.51802e-09
-1.798e-11
2.51878e-09
-1.85508e-11
2.51957e-09
-1.91289e-11
2.52026e-09
-1.97177e-11
2.52096e-09
-2.03207e-11
2.52156e-09
-2.09415e-11
2.52217e-09
-2.15841e-11
2.52267e-09
-2.22525e-11
2.52318e-09
-2.29512e-11
2.52356e-09
-2.36846e-11
2.52396e-09
-2.44581e-11
2.52422e-09
-2.52764e-11
2.52449e-09
-2.61457e-11
2.52461e-09
-2.70716e-11
2.52475e-09
-2.80609e-11
2.52473e-09
-2.912e-11
2.52473e-09
-3.02568e-11
2.52455e-09
-3.14786e-11
2.5244e-09
-3.27942e-11
2.52406e-09
-3.42119e-11
2.52376e-09
-3.57416e-11
2.52326e-09
-3.73927e-11
2.52281e-09
-3.91764e-11
2.52215e-09
-4.11033e-11
2.52156e-09
-4.31856e-11
2.52075e-09
-4.54352e-11
2.52003e-09
-4.78657e-11
2.51908e-09
-5.049e-11
2.51825e-09
-5.33234e-11
2.51719e-09
-5.63793e-11
2.51627e-09
-5.96749e-11
2.51512e-09
-6.32243e-11
2.51415e-09
-6.70463e-11
2.51297e-09
-7.11555e-11
2.51199e-09
-7.5573e-11
2.51081e-09
-8.03137e-11
2.50987e-09
-8.54012e-11
2.50874e-09
-9.08514e-11
2.50789e-09
-9.66915e-11
2.50687e-09
-1.02939e-10
2.50614e-09
-1.09629e-10
2.50528e-09
-1.16783e-10
2.50469e-09
-1.24449e-10
2.50401e-09
-1.32662e-10
2.50357e-09
-1.41496e-10
2.50308e-09
-1.5102e-10
2.50281e-09
-1.61355e-10
2.50262e-09
-1.72643e-10
2.50272e-09
-1.85107e-10
2.50329e-09
-1.99032e-10
2.50462e-09
-2.14844e-10
2.50757e-09
-2.33122e-10
2.51295e-09
-2.54638e-10
2.523e-09
-2.80545e-10
2.5399e-09
-3.11855e-10
2.56856e-09
-3.50928e-10
2.61149e-09
-3.95991e-10
2.67911e-09
-4.54929e-10
2.7636e-09
-5.11411e-10
2.84924e-09
-5.50189e-10
2.91341e-09
-5.56447e-10
2.94535e-09
-5.39809e-10
2.94248e-09
-5.0847e-10
2.90676e-09
-4.67467e-10
2.8435e-09
-4.21827e-10
2.75931e-09
-3.75577e-10
2.66088e-09
-3.31346e-10
2.55394e-09
-2.90436e-10
2.44329e-09
-2.53642e-10
2.33251e-09
-2.20853e-10
2.22427e-09
-1.92208e-10
2.12046e-09
-1.67013e-10
2.02217e-09
-1.45429e-10
1.93047e-09
-1.26485e-10
1.8454e-09
-1.10625e-10
1.76786e-09
-9.66377e-11
1.6972e-09
-8.53598e-11
1.63465e-09
-7.527e-11
1.57896e-09
-6.76396e-11
1.53196e-09
-6.04905e-11
1.49175e-09
-5.56937e-11
1.46126e-09
-5.07148e-11
1.43862e-09
-4.84526e-11
1.42945e-09
-4.59437e-11
1.43322e-09
-4.74699e-11
1.45727e-09
-4.81632e-11
1.49787e-09
-5.10994e-11
1.55663e-09
-4.78245e-11
1.62257e-09
-4.02262e-11
1.69402e-09
-2.46882e-11
1.76428e-09
-9.2598e-12
1.83507e-09
7.96538e-12
1.90214e-09
2.26616e-11
1.96799e-09
3.62713e-11
2.03027e-09
4.59517e-11
2.09211e-09
5.26261e-11
2.15221e-09
5.60336e-11
2.21689e-09
5.22738e-11
2.28907e-09
4.38394e-11
2.3575e-09
4.70383e-11
2.42144e-09
5.21757e-11
2.48215e-09
5.58922e-11
2.54099e-09
5.86535e-11
2.59786e-09
6.11696e-11
2.65306e-09
6.39271e-11
2.70636e-09
6.67934e-11
2.75826e-09
6.9931e-11
2.80848e-09
7.34093e-11
2.85751e-09
7.74974e-11
2.90485e-09
8.23151e-11
2.95091e-09
8.81895e-11
2.99484e-09
9.54181e-11
3.0366e-09
1.0444e-10
3.07488e-09
1.15561e-10
3.10914e-09
1.29006e-10
3.13794e-09
1.44683e-10
3.16068e-09
1.62215e-10
3.17653e-09
1.81021e-10
3.18514e-09
2.00411e-10
3.18657e-09
2.19681e-10
3.18075e-09
2.38102e-10
3.16862e-09
2.55059e-10
3.15027e-09
2.70035e-10
3.12731e-09
2.82678e-10
3.09971e-09
2.92766e-10
3.06944e-09
3.00208e-10
3.03623e-09
3.05023e-10
3.00217e-09
3.07307e-10
2.96666e-09
3.07198e-10
2.93182e-09
3.04856e-10
2.8968e-09
3.00478e-10
2.86364e-09
2.94304e-10
2.83122e-09
2.86616e-10
2.80137e-09
2.77701e-10
2.77274e-09
2.67845e-10
2.74697e-09
2.57299e-10
2.72259e-09
2.46291e-10
2.70102e-09
2.34997e-10
2.68081e-09
2.23574e-10
2.66325e-09
2.12131e-10
2.64694e-09
2.00765e-10
2.63305e-09
1.89548e-10
2.62031e-09
1.78553e-10
2.60973e-09
1.67841e-10
2.60015e-09
1.57474e-10
2.59245e-09
1.47498e-10
2.58557e-09
1.37957e-10
2.58027e-09
1.28876e-10
2.57561e-09
1.20278e-10
2.57224e-09
1.12171e-10
2.56932e-09
1.04558e-10
2.56744e-09
9.74333e-11
2.56587e-09
9.07871e-11
2.5651e-09
8.46049e-11
2.56452e-09
7.88695e-11
2.56457e-09
7.3562e-11
2.56471e-09
6.86616e-11
2.56533e-09
6.41479e-11
2.56596e-09
5.99991e-11
2.56697e-09
5.61954e-11
2.56794e-09
5.27158e-11
2.5692e-09
4.95418e-11
2.57038e-09
4.66542e-11
2.57179e-09
4.40364e-11
2.5731e-09
4.16713e-11
2.57459e-09
3.95447e-11
2.57596e-09
3.76418e-11
2.57749e-09
3.59504e-11
2.57887e-09
3.44583e-11
2.58039e-09
3.31552e-11
2.58177e-09
3.20314e-11
2.58326e-09
3.10787e-11
2.5846e-09
3.02897e-11
2.58606e-09
2.96574e-11
2.58741e-09
2.91789e-11
2.58874e-09
2.88441e-11
2.59008e-09
2.86573e-11
2.8607e-11
2.50012e-09
-6.91092e-13
2.50044e-09
-2.17271e-12
2.50096e-09
-3.54732e-12
2.50162e-09
-4.81888e-12
2.50239e-09
-5.99242e-12
2.50324e-09
-7.08218e-12
2.50415e-09
-8.09909e-12
2.5051e-09
-9.05036e-12
2.5061e-09
-9.94206e-12
2.50711e-09
-1.07797e-11
2.50815e-09
-1.15685e-11
2.50917e-09
-1.23134e-11
2.51023e-09
-1.30191e-11
2.51125e-09
-1.369e-11
2.51229e-09
-1.43302e-11
2.51328e-09
-1.49437e-11
2.51429e-09
-1.55343e-11
2.51524e-09
-1.61056e-11
2.51621e-09
-1.66608e-11
2.5171e-09
-1.72035e-11
2.51799e-09
-1.77369e-11
2.51881e-09
-1.8264e-11
2.51962e-09
-1.87881e-11
2.52034e-09
-1.93123e-11
2.52107e-09
-1.984e-11
2.52168e-09
-2.03745e-11
2.52229e-09
-2.09194e-11
2.52278e-09
-2.14781e-11
2.52327e-09
-2.20549e-11
2.52362e-09
-2.26534e-11
2.52397e-09
-2.32785e-11
2.52416e-09
-2.39343e-11
2.52435e-09
-2.46266e-11
2.52438e-09
-2.53598e-11
2.5244e-09
-2.61406e-11
2.52424e-09
-2.69741e-11
2.52408e-09
-2.78681e-11
2.52373e-09
-2.88285e-11
2.52338e-09
-2.98641e-11
2.52281e-09
-3.09818e-11
2.52226e-09
-3.21916e-11
2.52148e-09
-3.35016e-11
2.52071e-09
-3.49231e-11
2.51972e-09
-3.64654e-11
2.51874e-09
-3.81413e-11
2.51753e-09
-3.99617e-11
2.51635e-09
-4.19407e-11
2.51492e-09
-4.40907e-11
2.51356e-09
-4.64278e-11
2.51195e-09
-4.89655e-11
2.51043e-09
-5.17218e-11
2.50867e-09
-5.47116e-11
2.50704e-09
-5.79547e-11
2.50517e-09
-6.14673e-11
2.50349e-09
-6.52705e-11
2.5016e-09
-6.93819e-11
2.49995e-09
-7.38239e-11
2.49812e-09
-7.8615e-11
2.4966e-09
-8.37783e-11
2.49495e-09
-8.93334e-11
2.49367e-09
-9.5303e-11
2.49231e-09
-1.01708e-10
2.49138e-09
-1.08571e-10
2.49039e-09
-1.15915e-10
2.48985e-09
-1.23764e-10
2.48925e-09
-1.32147e-10
2.489e-09
-1.41096e-10
2.48858e-09
-1.50651e-10
2.48822e-09
-1.60871e-10
2.4874e-09
-1.71831e-10
2.48604e-09
-1.83656e-10
2.48361e-09
-1.96528e-10
2.47961e-09
-2.10765e-10
2.47359e-09
-2.26881e-10
2.46477e-09
-2.4573e-10
2.45344e-09
-2.68835e-10
2.43992e-09
-2.98253e-10
2.42859e-09
-3.39151e-10
2.42599e-09
-3.93377e-10
2.46306e-09
-4.91708e-10
2.46237e-09
-5.1098e-10
2.39407e-09
-4.8197e-10
2.26651e-09
-4.29218e-10
2.10293e-09
-3.76436e-10
1.92141e-09
-3.2714e-10
1.73625e-09
-2.82629e-10
1.55758e-09
-2.43183e-10
1.3901e-09
-2.08626e-10
1.23773e-09
-1.78809e-10
1.10002e-09
-1.53609e-10
9.79011e-10
-1.32226e-10
8.7093e-10
-1.14199e-10
7.78176e-10
-9.87213e-11
6.94592e-10
-8.55769e-11
6.24455e-10
-7.41286e-11
5.59412e-10
-6.44376e-11
5.06498e-10
-5.59521e-11
4.5492e-10
-4.89482e-11
4.14937e-10
-4.28409e-11
3.72852e-10
-3.80251e-11
3.42484e-10
-3.37887e-11
3.06671e-10
-3.06229e-11
2.8319e-10
-2.77762e-11
2.51075e-10
-2.57835e-11
2.31749e-10
-2.38063e-11
1.99938e-10
-2.23849e-11
1.79517e-10
-2.06921e-11
1.4175e-10
-1.92593e-11
1.15715e-10
-1.74138e-11
7.55214e-11
-1.55309e-11
5.69612e-11
-1.3402e-11
3.81204e-11
-1.13112e-11
4.54096e-11
-8.98518e-12
5.66453e-11
-6.76788e-12
9.00208e-11
-4.53681e-12
1.26104e-10
-2.28466e-12
1.75852e-10
-2.96858e-13
2.26705e-10
-3.76361e-15
2.8393e-10
4.70878e-13
3.56369e-10
-1.94459e-11
4.69489e-10
-6.82639e-11
5.66943e-10
-4.92756e-11
6.6345e-10
-4.38178e-11
7.64216e-10
-4.39695e-11
8.68697e-10
-4.54813e-11
9.74194e-10
-4.36457e-11
1.0776e-09
-3.92945e-11
1.1803e-09
-3.5552e-11
1.28317e-09
-3.29067e-11
1.38713e-09
-3.03841e-11
1.49251e-09
-2.78568e-11
1.59966e-09
-2.47974e-11
1.70864e-09
-2.06921e-11
1.81911e-09
-1.51157e-11
1.93099e-09
-7.29416e-12
2.04283e-09
3.65462e-12
2.15319e-09
1.88655e-11
2.25943e-09
3.84729e-11
2.35965e-09
6.229e-11
2.45162e-09
8.9256e-11
2.53385e-09
1.18505e-10
2.60517e-09
1.48769e-10
2.66471e-09
1.78845e-10
2.71279e-09
2.0754e-10
2.74914e-09
2.33867e-10
2.77533e-09
2.57142e-10
2.7913e-09
2.76848e-10
2.79939e-09
2.92795e-10
2.79947e-09
3.04929e-10
2.7941e-09
3.13368e-10
2.78294e-09
3.18299e-10
2.76875e-09
3.1978e-10
2.7511e-09
3.18018e-10
2.73278e-09
3.13326e-10
2.713e-09
3.06211e-10
2.69415e-09
2.97163e-10
2.67504e-09
2.86691e-10
2.65763e-09
2.75197e-10
2.64052e-09
2.6305e-10
2.62539e-09
2.505e-10
2.61081e-09
2.37761e-10
2.59826e-09
2.24969e-10
2.5864e-09
2.12225e-10
2.57656e-09
1.99604e-10
2.56752e-09
1.87199e-10
2.56043e-09
1.751e-10
2.55413e-09
1.63402e-10
2.54957e-09
1.52179e-10
2.54569e-09
1.41493e-10
2.54327e-09
1.31384e-10
2.54136e-09
1.21875e-10
2.54062e-09
1.12975e-10
2.54022e-09
1.0468e-10
2.54073e-09
9.69771e-11
2.54143e-09
8.98467e-11
2.54282e-09
8.32645e-11
2.54428e-09
7.72035e-11
2.54625e-09
7.16353e-11
2.5482e-09
6.65304e-11
2.55053e-09
6.18605e-11
2.55278e-09
5.75967e-11
2.55531e-09
5.37126e-11
2.55772e-09
5.01817e-11
2.56032e-09
4.69807e-11
2.56278e-09
4.40858e-11
2.56539e-09
4.1477e-11
2.56784e-09
3.91339e-11
2.5704e-09
3.70395e-11
2.57278e-09
3.51765e-11
2.57525e-09
3.35308e-11
2.57755e-09
3.20883e-11
2.57992e-09
3.08375e-11
2.58211e-09
2.97671e-11
2.58438e-09
2.88683e-11
2.58646e-09
2.81327e-11
2.58862e-09
2.75527e-11
2.59065e-09
2.71266e-11
2.59263e-09
2.68446e-11
2.59456e-09
2.67164e-11
2.67667e-11
2.50011e-09
-8.09445e-13
2.50077e-09
-2.84439e-12
2.50175e-09
-4.53997e-12
2.50289e-09
-5.98152e-12
2.50414e-09
-7.24878e-12
2.50543e-09
-8.38819e-12
2.50674e-09
-9.42034e-12
2.50802e-09
-1.03611e-11
2.5093e-09
-1.1226e-11
2.51052e-09
-1.20272e-11
2.51172e-09
-1.27752e-11
2.51286e-09
-1.34778e-11
2.51398e-09
-1.41422e-11
2.51504e-09
-1.4774e-11
2.51609e-09
-1.53784e-11
2.51707e-09
-1.59591e-11
2.51806e-09
-1.65204e-11
2.51899e-09
-1.70649e-11
2.51993e-09
-1.75962e-11
2.52081e-09
-1.81162e-11
2.52171e-09
-1.86284e-11
2.52254e-09
-1.91342e-11
2.5234e-09
-1.96373e-11
2.52419e-09
-2.01389e-11
2.525e-09
-2.06431e-11
2.52574e-09
-2.11512e-11
2.5265e-09
-2.16677e-11
2.52717e-09
-2.21942e-11
2.52787e-09
-2.27358e-11
2.52845e-09
-2.32946e-11
2.52907e-09
-2.38765e-11
2.52957e-09
-2.4484e-11
2.53009e-09
-2.51241e-11
2.53047e-09
-2.57997e-11
2.53088e-09
-2.65191e-11
2.53113e-09
-2.7286e-11
2.53141e-09
-2.81097e-11
2.53151e-09
-2.89951e-11
2.53164e-09
-2.99528e-11
2.53158e-09
-3.09887e-11
2.53155e-09
-3.21152e-11
2.53132e-09
-3.33393e-11
2.53113e-09
-3.46752e-11
2.53072e-09
-3.61315e-11
2.53037e-09
-3.77242e-11
2.52979e-09
-3.94636e-11
2.52929e-09
-4.13679e-11
2.52856e-09
-4.34491e-11
2.52794e-09
-4.57278e-11
2.5271e-09
-4.82176e-11
2.5264e-09
-5.09414e-11
2.5255e-09
-5.39145e-11
2.5248e-09
-5.7162e-11
2.52392e-09
-6.07e-11
2.52331e-09
-6.45556e-11
2.52254e-09
-6.8745e-11
2.52212e-09
-7.32958e-11
2.52159e-09
-7.82228e-11
2.52147e-09
-8.35514e-11
2.5213e-09
-8.9293e-11
2.52158e-09
-9.54665e-11
2.52182e-09
-1.02076e-10
2.52252e-09
-1.09128e-10
2.52313e-09
-1.16614e-10
2.52405e-09
-1.2452e-10
2.52465e-09
-1.32816e-10
2.52519e-09
-1.41455e-10
2.52486e-09
-1.50373e-10
2.52361e-09
-1.59467e-10
2.52035e-09
-1.68609e-10
2.51443e-09
-1.77612e-10
2.5042e-09
-1.86234e-10
2.48776e-09
-1.94187e-10
2.46223e-09
-2.0113e-10
2.42347e-09
-2.06809e-10
2.36613e-09
-2.11134e-10
2.28231e-09
-2.14331e-10
2.15905e-09
-2.15452e-10
1.9797e-09
-2.13858e-10
1.69588e-09
-2.07824e-10
1.39263e-09
-2.0778e-10
1.09247e-09
-1.81873e-10
8.32333e-10
-1.69135e-10
6.22743e-10
-1.66895e-10
4.63798e-10
-1.68225e-10
3.47911e-10
-1.66772e-10
2.64766e-10
-1.60054e-10
2.05114e-10
-1.48998e-10
1.61874e-10
-1.35581e-10
1.29765e-10
-1.21526e-10
1.05351e-10
-1.07822e-10
8.61531e-11
-9.50317e-11
7.07859e-11
-8.33634e-11
5.80945e-11
-7.29229e-11
4.76238e-11
-6.36652e-11
3.87004e-11
-5.55576e-11
3.12442e-11
-4.84984e-11
2.46785e-11
-4.24299e-11
1.90895e-11
-3.72473e-11
1.3887e-11
-3.28732e-11
9.30143e-12
-2.91907e-11
4.73507e-12
-2.61113e-11
5.13283e-13
-2.35362e-11
-3.95272e-12
-2.13761e-11
-8.19177e-12
-1.95454e-11
-1.26847e-11
-1.79503e-11
-1.68283e-11
-1.65228e-11
-2.09695e-11
-1.51706e-11
-2.44844e-11
-1.38685e-11
-2.75133e-11
-1.25403e-11
-2.96378e-11
-1.12398e-11
-3.10742e-11
-9.89437e-12
-3.14084e-11
-8.60458e-12
-3.08598e-11
-7.31723e-12
-2.91362e-11
-6.21614e-12
-2.61504e-11
-5.27665e-12
-2.17634e-11
-4.68446e-12
-1.72583e-11
-4.57251e-12
-1.22134e-11
-4.55739e-12
-2.46278e-11
-6.7413e-12
-9.5215e-11
5.88064e-12
-1.16248e-10
-2.69017e-11
-1.24998e-10
-3.17403e-11
-1.29136e-10
-3.80101e-11
-1.24841e-10
-4.64213e-11
-1.09575e-10
-5.74955e-11
-7.64854e-11
-7.02269e-11
-3.11248e-11
-8.06433e-11
2.4997e-11
-8.7915e-11
8.82683e-11
-9.36941e-11
1.59204e-10
-9.8267e-11
2.36381e-10
-1.01853e-10
3.19709e-10
-1.04075e-10
4.10353e-10
-1.05415e-10
5.10843e-10
-1.08102e-10
6.22078e-10
-1.07043e-10
7.40465e-10
-9.98247e-11
8.66516e-10
-8.67799e-11
9.98172e-10
-6.9388e-11
1.13479e-09
-4.64004e-11
1.27125e-09
-1.76008e-11
1.40526e-09
1.57111e-11
1.53386e-09
5.07596e-11
1.65552e-09
8.6751e-11
1.76787e-09
1.21914e-10
1.87065e-09
1.55165e-10
1.96214e-09
1.85485e-10
2.04334e-09
2.12494e-10
2.11246e-09
2.3563e-10
2.17193e-09
2.54974e-10
2.21976e-09
2.70207e-10
2.25902e-09
2.81576e-10
2.2892e-09
2.87595e-10
2.31445e-09
2.88988e-10
2.33402e-09
2.86308e-10
2.3511e-09
2.80791e-10
2.36437e-09
2.72971e-10
2.37637e-09
2.63677e-10
2.38561e-09
2.53283e-10
2.39421e-09
2.42221e-10
2.40072e-09
2.30738e-10
2.40697e-09
2.18952e-10
2.41179e-09
2.06938e-10
2.41693e-09
1.9468e-10
2.42137e-09
1.8234e-10
2.42656e-09
1.70084e-10
2.43145e-09
1.58122e-10
2.43717e-09
1.46586e-10
2.4427e-09
1.35605e-10
2.44894e-09
1.25235e-10
2.45497e-09
1.15529e-10
2.46151e-09
1.06487e-10
2.46779e-09
9.81178e-11
2.47442e-09
9.03913e-11
2.48073e-09
8.32924e-11
2.48725e-09
7.678e-11
2.49341e-09
7.08292e-11
2.49968e-09
6.53961e-11
2.50558e-09
6.04537e-11
2.51152e-09
5.596e-11
2.51707e-09
5.18897e-11
2.52262e-09
4.82044e-11
2.52779e-09
4.48818e-11
2.53292e-09
4.18882e-11
2.5377e-09
3.92049e-11
2.54242e-09
3.68023e-11
2.54679e-09
3.46654e-11
2.55112e-09
3.27688e-11
2.55511e-09
3.11005e-11
2.55906e-09
2.9639e-11
2.56269e-09
2.83756e-11
2.5663e-09
2.72916e-11
2.56961e-09
2.63817e-11
2.5729e-09
2.56297e-11
2.57593e-09
2.50345e-11
2.57895e-09
2.45782e-11
2.58179e-09
2.42719e-11
2.58454e-09
2.40717e-11
2.58722e-09
2.40269e-11
2.40517e-11
2.49944e-09
-2.54934e-13
2.49979e-09
-3.21157e-12
2.50074e-09
-5.49707e-12
2.50205e-09
-7.31158e-12
2.5037e-09
-8.90898e-12
2.50562e-09
-1.03293e-11
2.50778e-09
-1.15874e-11
2.51011e-09
-1.27138e-11
2.51261e-09
-1.37343e-11
2.51522e-09
-1.46698e-11
2.51798e-09
-1.55333e-11
2.52081e-09
-1.6339e-11
2.52376e-09
-1.70938e-11
2.52677e-09
-1.78082e-11
2.52988e-09
-1.84849e-11
2.53302e-09
-1.91323e-11
2.53626e-09
-1.97499e-11
2.53951e-09
-2.03455e-11
2.54283e-09
-2.09162e-11
2.54615e-09
-2.14699e-11
2.54954e-09
-2.20022e-11
2.55289e-09
-2.25216e-11
2.55629e-09
-2.30229e-11
2.55962e-09
-2.35156e-11
2.56299e-09
-2.39937e-11
2.56625e-09
-2.44684e-11
2.56954e-09
-2.4933e-11
2.57269e-09
-2.54005e-11
2.57584e-09
-2.58638e-11
2.57883e-09
-2.63379e-11
2.5818e-09
-2.68151e-11
2.58456e-09
-2.73128e-11
2.5873e-09
-2.78226e-11
2.5898e-09
-2.83648e-11
2.59224e-09
-2.89299e-11
2.59443e-09
-2.95412e-11
2.59656e-09
-3.01884e-11
2.59839e-09
-3.08981e-11
2.60015e-09
-3.16591e-11
2.60159e-09
-3.25013e-11
2.60294e-09
-3.34127e-11
2.60395e-09
-3.44269e-11
2.60488e-09
-3.55313e-11
2.60543e-09
-3.67631e-11
2.60589e-09
-3.81089e-11
2.60595e-09
-3.96103e-11
2.60592e-09
-4.12526e-11
2.60546e-09
-4.30821e-11
2.6049e-09
-4.5082e-11
2.60389e-09
-4.73037e-11
2.60277e-09
-4.97277e-11
2.60115e-09
-5.24102e-11
2.59942e-09
-5.53267e-11
2.59713e-09
-5.85386e-11
2.5947e-09
-6.20138e-11
2.59164e-09
-6.58175e-11
2.58837e-09
-6.99056e-11
2.58434e-09
-7.43446e-11
2.57999e-09
-7.90729e-11
2.5747e-09
-8.4153e-11
2.56888e-09
-8.94992e-11
2.56184e-09
-9.51616e-11
2.5539e-09
-1.01023e-10
2.54432e-09
-1.07112e-10
2.53327e-09
-1.13269e-10
2.5199e-09
-1.19491e-10
2.50419e-09
-1.25558e-10
2.48519e-09
-1.31419e-10
2.46262e-09
-1.36749e-10
2.43538e-09
-1.41409e-10
2.40281e-09
-1.44877e-10
2.36342e-09
-1.46775e-10
2.31562e-09
-1.46164e-10
2.25665e-09
-1.41905e-10
2.18224e-09
-1.32165e-10
2.08684e-09
-1.15388e-10
1.96608e-09
-9.34193e-11
1.81271e-09
-6.17069e-11
1.61781e-09
-1.88854e-11
1.34795e-09
6.20535e-11
1.11455e-09
2.54942e-11
9.24174e-10
8.39451e-12
7.79108e-10
-2.41729e-11
6.63796e-10
-5.16595e-11
5.66584e-10
-7.10662e-11
4.82476e-10
-8.27085e-11
4.09464e-10
-8.70652e-11
3.46457e-10
-8.60229e-11
2.92573e-10
-8.17064e-11
2.4668e-10
-7.56649e-11
2.07736e-10
-6.88824e-11
1.74634e-10
-6.19662e-11
1.46541e-10
-5.52716e-11
1.22579e-10
-4.90044e-11
1.0218e-10
-4.32656e-11
8.46745e-11
-3.8102e-11
6.96949e-11
-3.3516e-11
5.67063e-11
-2.94949e-11
4.54681e-11
-2.60031e-11
3.55416e-11
-2.30025e-11
2.67992e-11
-2.0439e-11
1.88927e-11
-1.8262e-11
1.17837e-11
-1.64152e-11
5.1906e-12
-1.48418e-11
-8.59157e-13
-1.34819e-11
-6.58527e-12
-1.22848e-11
-1.18882e-11
-1.1204e-11
-1.69211e-11
-1.02001e-11
-2.15195e-11
-9.24913e-12
-2.57941e-11
-8.32683e-12
-2.95708e-11
-7.43144e-12
-3.2962e-11
-6.55654e-12
-3.58005e-11
-5.71788e-12
-3.82454e-11
-4.92725e-12
-4.01911e-11
-4.21507e-12
-4.19386e-11
-3.61007e-12
-4.36256e-11
-3.11622e-12
-4.54703e-11
-2.8031e-12
-4.75028e-11
-2.52301e-12
-4.94608e-11
-4.52087e-12
-5.85436e-11
1.70251e-11
-7.56526e-11
-8.63072e-12
-9.57325e-11
-9.39526e-12
-1.20952e-10
-1.13953e-11
-1.4634e-10
-1.89275e-11
-1.72136e-10
-3.10324e-11
-1.95991e-10
-4.46194e-11
-2.17237e-10
-5.96204e-11
-2.28559e-10
-7.48847e-11
-2.32185e-10
-9.11657e-11
-2.20636e-10
-1.07769e-10
-1.99632e-10
-1.25215e-10
-1.58448e-10
-1.42399e-10
-1.10221e-10
-1.57259e-10
-5.2479e-11
-1.62615e-10
-5.22717e-12
-1.57554e-10
4.59137e-11
-1.48009e-10
8.9819e-11
-1.32357e-10
1.34818e-10
-1.11668e-10
1.75102e-10
-8.63416e-11
2.18646e-10
-5.89129e-11
2.69316e-10
-3.33381e-11
3.32547e-10
-1.08585e-11
4.11879e-10
9.20487e-12
5.06655e-10
2.84764e-11
6.14804e-10
4.83112e-11
7.33449e-10
6.82441e-11
8.59759e-10
8.67576e-11
9.90089e-10
1.07058e-10
1.11865e-09
1.26421e-10
1.23649e-09
1.53958e-10
1.33489e-09
1.83268e-10
1.42184e-09
2.01297e-10
1.50147e-09
2.09261e-10
1.57517e-09
2.12487e-10
1.64369e-09
2.12129e-10
1.70661e-09
2.09393e-10
1.76508e-09
2.05142e-10
1.81771e-09
1.99698e-10
1.86616e-09
1.93915e-10
1.90857e-09
1.87379e-10
1.94738e-09
1.80431e-10
1.98114e-09
1.72468e-10
2.01254e-09
1.63567e-10
2.04085e-09
1.5347e-10
2.0681e-09
1.43092e-10
2.09322e-09
1.32522e-10
2.11762e-09
1.22375e-10
2.14023e-09
1.12562e-10
2.16216e-09
1.03435e-10
2.18248e-09
9.48277e-11
2.20211e-09
8.69514e-11
2.22026e-09
7.96245e-11
2.23774e-09
7.29821e-11
2.25389e-09
6.68532e-11
2.26939e-09
6.13314e-11
2.28371e-09
5.62642e-11
2.29743e-09
5.17218e-11
2.31011e-09
4.75712e-11
2.32225e-09
4.38685e-11
2.33346e-09
4.04983e-11
2.34421e-09
3.75086e-11
2.35414e-09
3.47989e-11
2.36367e-09
3.24118e-11
2.37249e-09
3.02595e-11
2.38097e-09
2.83814e-11
2.38883e-09
2.66997e-11
2.39641e-09
2.5252e-11
2.40344e-09
2.39687e-11
2.41026e-09
2.28867e-11
2.4166e-09
2.19427e-11
2.42279e-09
2.1174e-11
2.42856e-09
2.05223e-11
2.43423e-09
2.00259e-11
2.43954e-09
1.96324e-11
2.44482e-09
1.93765e-11
2.44983e-09
1.92294e-11
2.45469e-09
1.91885e-11
2.45938e-09
1.93376e-11
1.94874e-11
2.50695e-09
-7.21611e-12
2.51551e-09
-1.17865e-11
2.52462e-09
-1.46159e-11
2.53421e-09
-1.69104e-11
2.54407e-09
-1.87799e-11
2.55396e-09
-2.02378e-11
2.56374e-09
-2.13775e-11
2.57328e-09
-2.22772e-11
2.58253e-09
-2.29949e-11
2.5914e-09
-2.35593e-11
2.59986e-09
-2.40073e-11
2.60785e-09
-2.43528e-11
2.61538e-09
-2.4625e-11
2.62237e-09
-2.4827e-11
2.62887e-09
-2.49831e-11
2.6348e-09
-2.5089e-11
2.64021e-09
-2.51665e-11
2.64506e-09
-2.52062e-11
2.64936e-09
-2.5229e-11
2.6531e-09
-2.52217e-11
2.65629e-09
-2.52059e-11
2.65892e-09
-2.51652e-11
2.66101e-09
-2.51234e-11
2.66253e-09
-2.50606e-11
2.66354e-09
-2.50038e-11
2.66398e-09
-2.49297e-11
2.6639e-09
-2.48691e-11
2.66327e-09
-2.47951e-11
2.66214e-09
-2.47429e-11
2.66046e-09
-2.46814e-11
2.65829e-09
-2.46509e-11
2.65557e-09
-2.46159e-11
2.65236e-09
-2.46221e-11
2.6486e-09
-2.46291e-11
2.64435e-09
-2.46887e-11
2.63955e-09
-2.47551e-11
2.63424e-09
-2.48867e-11
2.62835e-09
-2.50321e-11
2.62194e-09
-2.52562e-11
2.61493e-09
-2.55022e-11
2.60736e-09
-2.5842e-11
2.59913e-09
-2.62123e-11
2.59029e-09
-2.66931e-11
2.58073e-09
-2.72137e-11
2.57048e-09
-2.78632e-11
2.55942e-09
-2.8562e-11
2.54757e-09
-2.94094e-11
2.5348e-09
-3.03148e-11
2.5211e-09
-3.13901e-11
2.50631e-09
-3.25297e-11
2.49043e-09
-3.38605e-11
2.47327e-09
-3.52574e-11
2.45478e-09
-3.68657e-11
2.43477e-09
-3.85343e-11
2.41314e-09
-4.04289e-11
2.38968e-09
-4.23668e-11
2.36425e-09
-4.45342e-11
2.33661e-09
-4.67108e-11
2.30657e-09
-4.90998e-11
2.27386e-09
-5.14409e-11
2.23824e-09
-5.39474e-11
2.19945e-09
-5.63169e-11
2.15714e-09
-5.87699e-11
2.11111e-09
-6.09584e-11
2.06088e-09
-6.3116e-11
2.00638e-09
-6.48341e-11
1.94702e-09
-6.63754e-11
1.883e-09
-6.72509e-11
1.81365e-09
-6.77536e-11
1.73979e-09
-6.73368e-11
1.66085e-09
-6.62681e-11
1.57855e-09
-6.40893e-11
1.49323e-09
-6.07784e-11
1.4071e-09
-5.52496e-11
1.31912e-09
-4.36925e-11
1.22358e-09
-1.93682e-11
1.12317e-09
7.35043e-12
1.02206e-09
3.97518e-11
9.17185e-10
8.59588e-11
8.11447e-10
1.67725e-10
7.11798e-10
1.25004e-10
6.56918e-10
6.31467e-11
6.10608e-10
2.20196e-11
5.60905e-10
-2.04415e-12
5.07818e-10
-1.80464e-11
4.53631e-10
-2.85726e-11
4.00743e-10
-3.4212e-11
3.50935e-10
-3.62489e-11
3.05225e-10
-3.60152e-11
2.63959e-10
-3.44292e-11
2.27171e-10
-3.21056e-11
1.94599e-10
-2.94252e-11
1.65969e-10
-2.66511e-11
1.4085e-10
-2.39204e-11
1.18924e-10
-2.13463e-11
9.97416e-11
-1.89589e-11
8.30291e-11
-1.68085e-11
6.83691e-11
-1.48771e-11
5.55523e-11
-1.31889e-11
4.42085e-11
-1.17027e-11
3.42012e-11
-1.04314e-11
2.52158e-11
-9.3221e-12
1.71878e-11
-8.38468e-12
9.85861e-12
-7.56054e-12
3.24028e-12
-6.86021e-12
-2.87059e-12
-6.22607e-12
-8.39798e-12
-5.67388e-12
-1.35063e-11
-5.14885e-12
-1.80761e-11
-4.676e-12
-2.22525e-11
-4.20758e-12
-2.58927e-11
-3.77963e-12
-2.9143e-11
-3.35348e-12
-3.18593e-11
-2.97431e-12
-3.42142e-11
-2.61485e-12
-3.60782e-11
-2.32531e-12
-3.76511e-11
-2.08735e-12
-3.89531e-11
-1.94065e-12
-3.99032e-11
-1.90416e-12
-4.0529e-11
-1.89311e-12
-4.09612e-11
-3.73042e-12
-3.02804e-11
8.65292e-12
-4.23457e-11
4.4546e-12
-6.19416e-11
1.23346e-11
-8.52877e-11
1.30678e-11
-1.1195e-10
9.4856e-12
-1.45091e-10
2.93351e-12
-1.84158e-10
-4.25038e-12
-2.30174e-10
-1.31915e-11
-2.80519e-10
-2.35698e-11
-3.35975e-10
-3.56091e-11
-3.94094e-10
-4.89361e-11
-4.56227e-10
-6.32526e-11
-5.20243e-10
-7.78784e-11
-5.86813e-10
-9.11882e-11
-6.47049e-10
-1.0196e-10
-6.96335e-10
-1.09013e-10
-7.3101e-10
-1.12893e-10
-7.5148e-10
-1.12601e-10
-7.54043e-10
-1.08505e-10
-7.40672e-10
-9.99572e-11
-7.11431e-10
-8.73676e-11
-6.7273e-10
-7.10451e-11
-6.30651e-10
-5.20628e-11
-5.87156e-10
-3.12932e-11
-5.46913e-10
-1.10307e-11
-5.01375e-10
7.61995e-12
-4.56412e-10
2.35538e-11
-3.99801e-10
3.67171e-11
-3.43334e-10
4.95318e-11
-2.67321e-10
5.89443e-11
-1.75497e-10
6.03771e-11
-4.79196e-11
6.09991e-11
8.41603e-11
6.69435e-11
2.22456e-10
7.26302e-11
3.54643e-10
7.88067e-11
4.84026e-10
8.24576e-11
6.06767e-10
8.60567e-11
7.23215e-10
8.74598e-11
8.33863e-10
8.91525e-11
9.36654e-10
8.95553e-11
1.03239e-09
9.22189e-11
1.11741e-09
9.39984e-11
1.18994e-09
1.00265e-10
1.25278e-09
9.96762e-11
1.31138e-09
9.50521e-11
1.36573e-09
8.79025e-11
1.41714e-09
8.11391e-11
1.46491e-09
7.39103e-11
1.50984e-09
6.75719e-11
1.55147e-09
6.12449e-11
1.59041e-09
5.5784e-11
1.62643e-09
5.04731e-11
1.66004e-09
4.59084e-11
1.69113e-09
4.15275e-11
1.72011e-09
3.77678e-11
1.74696e-09
3.41887e-11
1.77202e-09
3.1122e-11
1.7953e-09
2.82192e-11
1.81706e-09
2.57393e-11
1.83735e-09
2.34023e-11
1.85638e-09
2.1416e-11
1.87419e-09
1.95511e-11
1.89098e-09
1.79791e-11
1.90677e-09
1.65083e-11
1.92173e-09
1.52841e-11
1.93588e-09
1.41422e-11
1.94937e-09
1.32103e-11
1.96221e-09
1.23438e-11
1.97452e-09
1.16582e-11
1.98634e-09
1.10229e-11
1.99774e-09
1.0546e-11
2.00876e-09
1.01065e-11
2.01948e-09
9.80797e-12
2.02993e-09
9.53629e-12
2.04018e-09
9.38908e-12
2.05026e-09
9.26229e-12
2.06031e-09
9.2355e-12
2.07018e-09
9.23466e-12
2.08029e-09
9.23104e-12
9.54854e-12
2.49278e-09
2.48098e-09
2.46636e-09
2.44943e-09
2.43065e-09
2.41039e-09
2.38902e-09
2.3667e-09
2.34372e-09
2.32011e-09
2.29612e-09
2.27172e-09
2.24712e-09
2.22224e-09
2.19729e-09
2.17214e-09
2.14701e-09
2.12174e-09
2.09655e-09
2.07126e-09
2.0461e-09
2.02085e-09
1.99579e-09
1.97063e-09
1.9457e-09
1.92066e-09
1.89587e-09
1.87095e-09
1.8463e-09
1.82148e-09
1.79693e-09
1.77216e-09
1.74766e-09
1.72286e-09
1.69831e-09
1.67337e-09
1.64865e-09
1.6234e-09
1.59833e-09
1.5726e-09
1.54697e-09
1.5205e-09
1.49405e-09
1.46655e-09
1.43896e-09
1.41008e-09
1.38098e-09
1.3503e-09
1.31926e-09
1.28631e-09
1.25285e-09
1.21709e-09
1.18069e-09
1.14156e-09
1.10167e-09
1.0586e-09
1.01468e-09
9.6715e-10
9.18752e-10
8.66413e-10
8.13293e-10
7.56021e-10
6.98234e-10
6.36205e-10
5.74204e-10
5.07994e-10
4.42742e-10
3.73705e-10
3.06959e-10
2.37983e-10
1.72664e-10
1.08333e-10
4.86757e-11
-4.91377e-12
-4.74489e-11
-6.48794e-11
-5.72172e-11
-1.65743e-11
6.90736e-11
2.36795e-10
3.6161e-10
4.24698e-10
4.46587e-10
4.44493e-10
4.26374e-10
3.97763e-10
3.63518e-10
3.27232e-10
2.91209e-10
2.56737e-10
2.24639e-10
1.95162e-10
1.68532e-10
1.44549e-10
1.23233e-10
1.04201e-10
8.74331e-11
7.2474e-11
5.93344e-11
4.75424e-11
3.71689e-11
2.77505e-11
1.94314e-11
1.17661e-11
4.97793e-12
-1.36388e-12
-6.96027e-12
-1.22376e-11
-1.68279e-11
-2.11727e-11
-2.48526e-11
-2.83403e-11
-3.11986e-11
-3.39556e-11
-3.61567e-11
-3.83982e-11
-4.03825e-11
-4.23232e-11
-4.41996e-11
-4.78751e-11
-3.81832e-11
-3.38683e-11
-2.02972e-11
-7.38699e-12
3.59095e-12
6.32187e-12
3.68955e-12
-9.88353e-12
-3.18002e-11
-6.80706e-11
-1.15374e-10
-1.79667e-10
-2.55993e-10
-3.48588e-10
-4.49155e-10
-5.59688e-10
-6.71391e-10
-7.85207e-10
-8.92777e-10
-9.93295e-10
-1.07999e-09
-1.15077e-09
-1.20242e-09
-1.23261e-09
-1.24349e-09
-1.23413e-09
-1.21072e-09
-1.17175e-09
-1.12287e-09
-1.06072e-09
-1.00217e-09
-9.36438e-10
-8.72654e-10
-7.94227e-10
-7.19678e-10
-6.31034e-10
-5.49901e-10
-4.56702e-10
-3.73218e-10
-2.77979e-10
-1.92899e-10
-9.36968e-11
-4.47031e-13
1.0302e-10
1.92765e-10
2.83219e-10
3.60288e-10
4.35991e-10
5.00433e-10
5.62991e-10
6.1636e-10
6.67833e-10
7.11864e-10
7.54178e-10
7.90471e-10
8.253e-10
8.55248e-10
8.84005e-10
9.08796e-10
9.32664e-10
9.533e-10
9.73268e-10
9.90594e-10
1.00749e-09
1.02221e-09
1.03672e-09
1.04944e-09
1.06214e-09
1.07335e-09
1.08472e-09
1.09486e-09
1.10531e-09
1.11472e-09
1.12458e-09
1.13358e-09
1.14316e-09
1.15217e-09
1.16141e-09
1.17064e-09
)
;

boundaryField
{
    Inlet
    {
        type            calculated;
        value           nonuniform List<scalar> 
20
(
-2.5e-09
-2.5e-09
-2.5e-09
-2.5e-09
-2.5e-09
-2.5e-09
-2.5e-09
-2.5e-09
-2.5e-09
-2.5e-09
-2.5e-09
-2.5e-09
-2.5e-09
-2.5e-09
-2.5e-09
-2.5e-09
-2.5e-09
-2.5e-09
-2.5e-09
-2.5e-09
)
;
    }
    Outlet
    {
        type            calculated;
        value           nonuniform List<scalar> 
20
(
2.61122e-09
2.62663e-09
2.63177e-09
2.6308e-09
2.62814e-09
2.6252e-09
2.62211e-09
2.61891e-09
2.61544e-09
2.61183e-09
2.60797e-09
2.60396e-09
2.59972e-09
2.59685e-09
2.59137e-09
2.59641e-09
2.58994e-09
2.46394e-09
2.09023e-09
1.18019e-09
)
;
    }
    Wall
    {
        type            calculated;
        value           uniform 0;
    }
    symmetry
    {
        type            symmetry;
        value           uniform 0;
    }
    Frontback
    {
        type            empty;
        value           nonuniform List<scalar> 0();
    }
}


// ************************************************************************* //
