/*--------------------------------*- C++ -*----------------------------------*\
  =========                 |
  \\      /  F ield         | OpenFOAM: The Open Source CFD Toolbox
   \\    /   O peration     | Website:  https://openfoam.org
    \\  /    A nd           | Version:  10
     \\/     M anipulation  |
\*---------------------------------------------------------------------------*/
FoamFile
{
    format      ascii;
    class       volVectorField;
    location    "0.112";
    object      U;
}
// * * * * * * * * * * * * * * * * * * * * * * * * * * * * * * * * * * * * * //

dimensions      [0 1 -1 0 0 0 0];

internalField   nonuniform List<vector> 
4000
(
(5.00002 -7.36228e-05 0)
(5.00015 -0.000220711 0)
(5.00043 -0.000368003 0)
(5.00087 -0.000515542 0)
(5.00146 -0.000663404 0)
(5.0022 -0.000811736 0)
(5.00308 -0.00096063 0)
(5.00411 -0.00111028 0)
(5.00529 -0.00126077 0)
(5.00663 -0.00141236 0)
(5.00811 -0.00156516 0)
(5.00975 -0.00171948 0)
(5.01154 -0.00187546 0)
(5.01349 -0.00203346 0)
(5.0156 -0.00219367 0)
(5.01787 -0.00235648 0)
(5.0203 -0.0025221 0)
(5.0229 -0.00269101 0)
(5.02567 -0.00286344 0)
(5.02862 -0.0030399 0)
(5.03174 -0.00322069 0)
(5.03505 -0.00340636 0)
(5.03854 -0.00359724 0)
(5.04223 -0.00379392 0)
(5.04611 -0.00399676 0)
(5.05021 -0.00420641 0)
(5.05451 -0.00442324 0)
(5.05903 -0.00464792 0)
(5.06379 -0.00488088 0)
(5.06878 -0.00512281 0)
(5.07401 -0.00537414 0)
(5.0795 -0.00563562 0)
(5.08526 -0.00590769 0)
(5.09129 -0.00619113 0)
(5.09761 -0.0064864 0)
(5.10424 -0.00679429 0)
(5.11117 -0.00711529 0)
(5.11844 -0.0074502 0)
(5.12604 -0.00779951 0)
(5.134 -0.00816405 0)
(5.14233 -0.00854431 0)
(5.15105 -0.00894113 0)
(5.16018 -0.00935497 0)
(5.16972 -0.00978668 0)
(5.17971 -0.0102367 0)
(5.19015 -0.0107059 0)
(5.20107 -0.0111946 0)
(5.21249 -0.0117037 0)
(5.22443 -0.0122335 0)
(5.23691 -0.0127848 0)
(5.24995 -0.0133577 0)
(5.26357 -0.013953 0)
(5.2778 -0.0145707 0)
(5.29266 -0.0152113 0)
(5.30817 -0.0158748 0)
(5.32435 -0.0165614 0)
(5.34123 -0.0172709 0)
(5.35883 -0.0180031 0)
(5.37718 -0.0187574 0)
(5.39629 -0.0195334 0)
(5.41619 -0.0203299 0)
(5.43689 -0.021146 0)
(5.45843 -0.0219799 0)
(5.4808 -0.0228301 0)
(5.50404 -0.023694 0)
(5.52815 -0.0245694 0)
(5.55314 -0.0254528 0)
(5.57902 -0.026341 0)
(5.6058 -0.0272297 0)
(5.63347 -0.0281148 0)
(5.66203 -0.0289909 0)
(5.69146 -0.0298529 0)
(5.72175 -0.0306947 0)
(5.75288 -0.0315102 0)
(5.78481 -0.0322926 0)
(5.81752 -0.0330355 0)
(5.85096 -0.0337315 0)
(5.88507 -0.0343742 0)
(5.9198 -0.0349565 0)
(5.9551 -0.0354722 0)
(5.99088 -0.0359152 0)
(6.02707 -0.0362803 0)
(6.06359 -0.0365627 0)
(6.10036 -0.036759 0)
(6.13728 -0.0368663 0)
(6.17427 -0.0368833 0)
(6.21123 -0.0368091 0)
(6.24807 -0.0366446 0)
(6.2847 -0.0363912 0)
(6.32103 -0.036052 0)
(6.35698 -0.0356303 0)
(6.39246 -0.0351308 0)
(6.4274 -0.0345584 0)
(6.46173 -0.033919 0)
(6.49538 -0.0332187 0)
(6.5283 -0.0324641 0)
(6.56043 -0.0316616 0)
(6.59173 -0.0308182 0)
(6.62216 -0.0299403 0)
(6.65169 -0.0290345 0)
(6.6803 -0.0281069 0)
(6.70796 -0.0271636 0)
(6.73467 -0.02621 0)
(6.76041 -0.0252515 0)
(6.78519 -0.0242927 0)
(6.809 -0.0233383 0)
(6.83186 -0.022392 0)
(6.85378 -0.0214576 0)
(6.87477 -0.0205384 0)
(6.89484 -0.0196369 0)
(6.91402 -0.0187559 0)
(6.93232 -0.0178972 0)
(6.94978 -0.0170625 0)
(6.96641 -0.0162532 0)
(6.98225 -0.0154703 0)
(6.99731 -0.0147144 0)
(7.01164 -0.0139861 0)
(7.02524 -0.0132855 0)
(7.03816 -0.0126127 0)
(7.05042 -0.0119675 0)
(7.06205 -0.0113496 0)
(7.07308 -0.0107585 0)
(7.08352 -0.0101939 0)
(7.09342 -0.00965504 0)
(7.10279 -0.00914133 0)
(7.11166 -0.00865191 0)
(7.12006 -0.00818617 0)
(7.128 -0.00774312 0)
(7.13551 -0.00732209 0)
(7.14261 -0.00692204 0)
(7.14932 -0.00654227 0)
(7.15566 -0.00618175 0)
(7.16165 -0.00583978 0)
(7.16731 -0.00551536 0)
(7.17265 -0.00520783 0)
(7.1777 -0.00491625 0)
(7.18246 -0.00464 0)
(7.18695 -0.0043782 0)
(7.19119 -0.00413023 0)
(7.19519 -0.0038953 0)
(7.19896 -0.0036728 0)
(7.20252 -0.003462 0)
(7.20587 -0.00326233 0)
(7.20902 -0.00307313 0)
(7.21199 -0.00289388 0)
(7.21479 -0.00272404 0)
(7.21743 -0.00256311 0)
(7.21991 -0.0024107 0)
(7.22224 -0.00226632 0)
(7.22443 -0.00212967 0)
(7.22649 -0.00200027 0)
(7.22843 -0.00187788 0)
(7.23024 -0.00176198 0)
(7.23195 -0.00165238 0)
(7.23355 -0.00154853 0)
(7.23505 -0.0014503 0)
(7.23645 -0.00135709 0)
(7.23777 -0.00126888 0)
(7.239 -0.00118506 0)
(7.24015 -0.00110574 0)
(7.24122 -0.00103027 0)
(7.24222 -0.000958901 0)
(7.24316 -0.000890979 0)
(7.24403 -0.000826868 0)
(7.24484 -0.000765867 0)
(7.24559 -0.000708447 0)
(7.24629 -0.000653839 0)
(7.24694 -0.000602609 0)
(7.24753 -0.000553901 0)
(7.24809 -0.00050838 0)
(7.24859 -0.000465104 0)
(7.24906 -0.000424844 0)
(7.24949 -0.000386571 0)
(7.24988 -0.000351181 0)
(7.25024 -0.000317553 0)
(7.25056 -0.000286711 0)
(7.25086 -0.000257439 0)
(7.25112 -0.000230879 0)
(7.25136 -0.000205705 0)
(7.25157 -0.000183171 0)
(7.25177 -0.000161821 0)
(7.25194 -0.000143015 0)
(7.25209 -0.000125157 0)
(7.25222 -0.000109708 0)
(7.25234 -9.49339e-05 0)
(7.25245 -8.24037e-05 0)
(7.25254 -7.02517e-05 0)
(7.25262 -6.01672e-05 0)
(7.25269 -5.01672e-05 0)
(7.25275 -4.20694e-05 0)
(7.25281 -3.37855e-05 0)
(7.25285 -2.72693e-05 0)
(7.25289 -2.03389e-05 0)
(7.25293 -1.509e-05 0)
(7.25296 -9.33838e-06 0)
(7.25298 -5.30671e-06 0)
(7.253 -1.03488e-06 0)
(7.25301 1.64403e-06 0)
(7.25304 3.72868e-06 0)
(7.25305 5.00346e-06 0)
(5.00002 -0.000220537 0)
(5.00015 -0.000661309 0)
(5.00043 -0.00110268 0)
(5.00087 -0.00154479 0)
(5.00146 -0.00198788 0)
(5.00219 -0.00243233 0)
(5.00307 -0.00287845 0)
(5.0041 -0.00332673 0)
(5.00528 -0.00377754 0)
(5.00661 -0.0042315 0)
(5.00809 -0.0046891 0)
(5.00972 -0.00515108 0)
(5.0115 -0.00561806 0)
(5.01345 -0.00609091 0)
(5.01555 -0.00657036 0)
(5.0178 -0.00705743 0)
(5.02023 -0.00755297 0)
(5.02281 -0.00805816 0)
(5.02557 -0.00857396 0)
(5.0285 -0.00910168 0)
(5.0316 -0.00964241 0)
(5.03489 -0.0101976 0)
(5.03836 -0.0107684 0)
(5.04202 -0.0113565 0)
(5.04588 -0.011963 0)
(5.04995 -0.0125898 0)
(5.05422 -0.013238 0)
(5.05872 -0.0139097 0)
(5.06343 -0.0146061 0)
(5.06839 -0.0153292 0)
(5.07358 -0.0160806 0)
(5.07903 -0.0168621 0)
(5.08475 -0.0176755 0)
(5.09074 -0.0185227 0)
(5.09701 -0.0194055 0)
(5.10358 -0.0203258 0)
(5.11047 -0.0212856 0)
(5.11767 -0.0222868 0)
(5.12522 -0.0233313 0)
(5.13312 -0.0244214 0)
(5.14139 -0.0255586 0)
(5.15004 -0.0267453 0)
(5.1591 -0.0279832 0)
(5.16857 -0.0292746 0)
(5.17848 -0.0306211 0)
(5.18885 -0.0320249 0)
(5.19969 -0.0334876 0)
(5.21103 -0.0350113 0)
(5.22289 -0.0365974 0)
(5.23528 -0.0382478 0)
(5.24823 -0.0399637 0)
(5.26177 -0.0417467 0)
(5.27591 -0.0435976 0)
(5.29067 -0.0455176 0)
(5.30609 -0.0475069 0)
(5.32219 -0.0495661 0)
(5.33898 -0.0516946 0)
(5.35649 -0.053892 0)
(5.37475 -0.056157 0)
(5.39378 -0.0584878 0)
(5.4136 -0.0608817 0)
(5.43423 -0.0633354 0)
(5.4557 -0.0658443 0)
(5.47802 -0.0684033 0)
(5.50121 -0.0710056 0)
(5.52528 -0.0736438 0)
(5.55025 -0.0763083 0)
(5.57613 -0.0789889 0)
(5.60292 -0.0816735 0)
(5.63061 -0.0843487 0)
(5.65922 -0.0869992 0)
(5.68872 -0.0896089 0)
(5.71911 -0.0921596 0)
(5.75036 -0.0946327 0)
(5.78245 -0.0970076 0)
(5.81533 -0.0992639 0)
(5.84897 -0.10138 0)
(5.88331 -0.103335 0)
(5.91831 -0.105108 0)
(5.95388 -0.106679 0)
(5.98997 -0.10803 0)
(6.02649 -0.109144 0)
(6.06335 -0.110006 0)
(6.10047 -0.110607 0)
(6.13776 -0.110936 0)
(6.17511 -0.11099 0)
(6.21244 -0.110766 0)
(6.24964 -0.110267 0)
(6.28663 -0.109497 0)
(6.3233 -0.108466 0)
(6.35957 -0.107185 0)
(6.39536 -0.105667 0)
(6.43059 -0.103929 0)
(6.46518 -0.101987 0)
(6.49906 -0.0998623 0)
(6.53219 -0.0975732 0)
(6.5645 -0.0951403 0)
(6.59595 -0.0925842 0)
(6.62651 -0.089925 0)
(6.65614 -0.0871826 0)
(6.68483 -0.084376 0)
(6.71254 -0.0815233 0)
(6.73928 -0.0786415 0)
(6.76504 -0.0757466 0)
(6.78981 -0.072853 0)
(6.81361 -0.0699742 0)
(6.83643 -0.0671221 0)
(6.85829 -0.0643075 0)
(6.87922 -0.0615398 0)
(6.89921 -0.0588272 0)
(6.91831 -0.056177 0)
(6.93652 -0.053595 0)
(6.95388 -0.0510861 0)
(6.97041 -0.0486542 0)
(6.98614 -0.0463023 0)
(7.0011 -0.0440324 0)
(7.01531 -0.041846 0)
(7.02881 -0.0397436 0)
(7.04162 -0.0377253 0)
(7.05377 -0.0357905 0)
(7.06529 -0.0339385 0)
(7.07621 -0.0321676 0)
(7.08656 -0.0304764 0)
(7.09635 -0.0288629 0)
(7.10563 -0.027325 0)
(7.1144 -0.0258603 0)
(7.1227 -0.0244665 0)
(7.13055 -0.023141 0)
(7.13798 -0.0218814 0)
(7.145 -0.0206849 0)
(7.15163 -0.0195489 0)
(7.1579 -0.0184708 0)
(7.16381 -0.0174481 0)
(7.1694 -0.0164781 0)
(7.17468 -0.0155585 0)
(7.17967 -0.0146868 0)
(7.18437 -0.0138608 0)
(7.1888 -0.0130781 0)
(7.19299 -0.0123369 0)
(7.19694 -0.0116348 0)
(7.20066 -0.01097 0)
(7.20417 -0.0103405 0)
(7.20748 -0.00974463 0)
(7.21059 -0.00918048 0)
(7.21352 -0.0086464 0)
(7.21629 -0.00814079 0)
(7.21889 -0.00766209 0)
(7.22133 -0.00720896 0)
(7.22363 -0.00677995 0)
(7.2258 -0.00637397 0)
(7.22783 -0.00598969 0)
(7.22974 -0.00562623 0)
(7.23153 -0.00528233 0)
(7.23321 -0.00495725 0)
(7.23479 -0.00464976 0)
(7.23626 -0.00435923 0)
(7.23765 -0.00408439 0)
(7.23895 -0.00382476 0)
(7.24016 -0.00357903 0)
(7.24129 -0.00334688 0)
(7.24235 -0.00312699 0)
(7.24334 -0.00291921 0)
(7.24426 -0.00272224 0)
(7.24511 -0.00253612 0)
(7.24591 -0.00235954 0)
(7.24665 -0.00219274 0)
(7.24734 -0.00203439 0)
(7.24797 -0.00188493 0)
(7.24856 -0.001743 0)
(7.2491 -0.00160923 0)
(7.2496 -0.00148221 0)
(7.25006 -0.00136279 0)
(7.25048 -0.00124951 0)
(7.25086 -0.00114344 0)
(7.25121 -0.00104305 0)
(7.25152 -0.000949629 0)
(7.25181 -0.00086155 0)
(7.25206 -0.000780285 0)
(7.25229 -0.000704062 0)
(7.2525 -0.000634504 0)
(7.25269 -0.000569644 0)
(7.25285 -0.000511219 0)
(7.253 -0.00045704 0)
(7.25312 -0.000408934 0)
(7.25324 -0.0003645 0)
(7.25334 -0.000325647 0)
(7.25343 -0.000289793 0)
(7.2535 -0.000258947 0)
(7.25357 -0.000230393 0)
(7.25363 -0.000206267 0)
(7.25368 -0.000183753 0)
(7.25372 -0.000165146 0)
(7.25376 -0.000147564 0)
(7.25379 -0.000133484 0)
(7.25381 -0.000120073 0)
(7.25383 -0.000109944 0)
(7.25385 -0.000100694 0)
(7.25386 -9.40779e-05 0)
(7.25389 -9.03474e-05 0)
(7.25389 -8.61919e-05 0)
(5.00002 -0.000366869 0)
(5.00015 -0.00110034 0)
(5.00043 -0.00183472 0)
(5.00087 -0.00257024 0)
(5.00145 -0.00330731 0)
(5.00218 -0.00404644 0)
(5.00306 -0.00478821 0)
(5.00408 -0.00553329 0)
(5.00525 -0.00628243 0)
(5.00657 -0.00703648 0)
(5.00804 -0.00779639 0)
(5.00966 -0.00856325 0)
(5.01143 -0.00933819 0)
(5.01336 -0.0101225 0)
(5.01544 -0.0109177 0)
(5.01768 -0.0117251 0)
(5.02007 -0.0125465 0)
(5.02264 -0.0133835 0)
(5.02536 -0.0142381 0)
(5.02826 -0.0151122 0)
(5.03133 -0.0160078 0)
(5.03457 -0.0169272 0)
(5.038 -0.0178726 0)
(5.04162 -0.0188463 0)
(5.04543 -0.0198507 0)
(5.04944 -0.0208885 0)
(5.05365 -0.0219622 0)
(5.05808 -0.0230746 0)
(5.06274 -0.0242282 0)
(5.06762 -0.0254261 0)
(5.07274 -0.026671 0)
(5.07811 -0.027966 0)
(5.08373 -0.0293141 0)
(5.08963 -0.0307184 0)
(5.09581 -0.032182 0)
(5.10228 -0.0337081 0)
(5.10906 -0.0353 0)
(5.11615 -0.0369609 0)
(5.12358 -0.0386941 0)
(5.13136 -0.0405029 0)
(5.1395 -0.0423907 0)
(5.14802 -0.0443608 0)
(5.15694 -0.0464166 0)
(5.16627 -0.0485615 0)
(5.17604 -0.0507985 0)
(5.18625 -0.0531312 0)
(5.19694 -0.0555625 0)
(5.20812 -0.0580957 0)
(5.2198 -0.0607336 0)
(5.23203 -0.063479 0)
(5.24481 -0.0663346 0)
(5.25816 -0.0693027 0)
(5.27212 -0.0723852 0)
(5.28671 -0.0755839 0)
(5.30194 -0.0788999 0)
(5.31785 -0.0823339 0)
(5.33446 -0.0858858 0)
(5.3518 -0.0895549 0)
(5.36988 -0.0933395 0)
(5.38874 -0.0972369 0)
(5.4084 -0.101243 0)
(5.42889 -0.105353 0)
(5.45022 -0.10956 0)
(5.47241 -0.113855 0)
(5.4955 -0.118228 0)
(5.5195 -0.122666 0)
(5.54441 -0.127154 0)
(5.57026 -0.131675 0)
(5.59706 -0.13621 0)
(5.62481 -0.140735 0)
(5.65351 -0.145225 0)
(5.68315 -0.149653 0)
(5.71372 -0.153988 0)
(5.74521 -0.158197 0)
(5.77759 -0.162246 0)
(5.81083 -0.166098 0)
(5.84488 -0.169717 0)
(5.87969 -0.173064 0)
(5.91521 -0.176104 0)
(5.95136 -0.178802 0)
(5.98806 -0.181123 0)
(6.02525 -0.183039 0)
(6.06281 -0.184525 0)
(6.10065 -0.18556 0)
(6.13868 -0.186129 0)
(6.17679 -0.186224 0)
(6.21487 -0.185842 0)
(6.25281 -0.184986 0)
(6.29052 -0.183667 0)
(6.32789 -0.181899 0)
(6.36482 -0.179703 0)
(6.40123 -0.177104 0)
(6.43703 -0.17413 0)
(6.47215 -0.170813 0)
(6.50651 -0.167185 0)
(6.54005 -0.163281 0)
(6.57273 -0.159137 0)
(6.60449 -0.154789 0)
(6.6353 -0.15027 0)
(6.66514 -0.145615 0)
(6.69397 -0.140857 0)
(6.72179 -0.136026 0)
(6.74859 -0.131152 0)
(6.77437 -0.126261 0)
(6.79913 -0.121378 0)
(6.82287 -0.116526 0)
(6.84561 -0.111724 0)
(6.86736 -0.106991 0)
(6.88815 -0.102341 0)
(6.90799 -0.0977886 0)
(6.92692 -0.0933448 0)
(6.94495 -0.0890192 0)
(6.96211 -0.0848197 0)
(6.97844 -0.0807523 0)
(6.99395 -0.0768217 0)
(7.00869 -0.073031 0)
(7.02268 -0.0693824 0)
(7.03596 -0.0658767 0)
(7.04855 -0.0625136 0)
(7.06048 -0.059292 0)
(7.07178 -0.0562102 0)
(7.08249 -0.0532657 0)
(7.09263 -0.0504552 0)
(7.10222 -0.0477754 0)
(7.11129 -0.0452224 0)
(7.11988 -0.0427921 0)
(7.128 -0.0404801 0)
(7.13567 -0.0382822 0)
(7.14293 -0.036194 0)
(7.14978 -0.0342108 0)
(7.15626 -0.0323284 0)
(7.16237 -0.0305423 0)
(7.16815 -0.0288482 0)
(7.1736 -0.0272419 0)
(7.17875 -0.0257193 0)
(7.18361 -0.0242762 0)
(7.1882 -0.0229087 0)
(7.19252 -0.0216132 0)
(7.1966 -0.0203859 0)
(7.20045 -0.0192235 0)
(7.20407 -0.0181226 0)
(7.20749 -0.0170801 0)
(7.21071 -0.0160931 0)
(7.21374 -0.0151586 0)
(7.2166 -0.0142739 0)
(7.21929 -0.0134364 0)
(7.22182 -0.0126436 0)
(7.2242 -0.0118929 0)
(7.22644 -0.0111822 0)
(7.22854 -0.0105092 0)
(7.23052 -0.00987185 0)
(7.23237 -0.00926844 0)
(7.23411 -0.00869715 0)
(7.23575 -0.00815648 0)
(7.23728 -0.00764488 0)
(7.23871 -0.00716107 0)
(7.24005 -0.00670362 0)
(7.24131 -0.00627133 0)
(7.24249 -0.00586281 0)
(7.24358 -0.00547687 0)
(7.24461 -0.00511214 0)
(7.24557 -0.00476745 0)
(7.24646 -0.00444146 0)
(7.24729 -0.00413312 0)
(7.24806 -0.00384116 0)
(7.24878 -0.00356471 0)
(7.24944 -0.00330267 0)
(7.25005 -0.00305438 0)
(7.25062 -0.00281895 0)
(7.25114 -0.00259594 0)
(7.25162 -0.00238466 0)
(7.25206 -0.00218487 0)
(7.25247 -0.00199603 0)
(7.25283 -0.00181807 0)
(7.25316 -0.00165054 0)
(7.25346 -0.00149348 0)
(7.25373 -0.00134647 0)
(7.25397 -0.00120961 0)
(7.25419 -0.00108241 0)
(7.25438 -0.000964986 0)
(7.25455 -0.000856729 0)
(7.2547 -0.000757714 0)
(7.25483 -0.000667189 0)
(7.25495 -0.000585165 0)
(7.25505 -0.000510785 0)
(7.25514 -0.000443992 0)
(7.25521 -0.000383891 0)
(7.25528 -0.000330398 0)
(7.25534 -0.000282676 0)
(7.25539 -0.000240654 0)
(7.25543 -0.000203623 0)
(7.25546 -0.000171557 0)
(7.25549 -0.000143914 0)
(7.25552 -0.000120716 0)
(7.25554 -0.000101584 0)
(7.25555 -8.64864e-05 0)
(7.25557 -7.53953e-05 0)
(7.25557 -6.70521e-05 0)
(7.2556 -6.43695e-05 0)
(7.25558 -5.63989e-05 0)
(5.00002 -0.000512488 0)
(5.00015 -0.00153714 0)
(5.00043 -0.0025629 0)
(5.00086 -0.00359002 0)
(5.00144 -0.00461901 0)
(5.00217 -0.00565052 0)
(5.00304 -0.00668529 0)
(5.00405 -0.00772422 0)
(5.00521 -0.00876829 0)
(5.00652 -0.00981869 0)
(5.00797 -0.0108767 0)
(5.00958 -0.0119438 0)
(5.01133 -0.0130216 0)
(5.01323 -0.0141119 0)
(5.01528 -0.0152167 0)
(5.01749 -0.0163382 0)
(5.01986 -0.0174784 0)
(5.02238 -0.0186401 0)
(5.02506 -0.0198257 0)
(5.02791 -0.0210379 0)
(5.03093 -0.0222798 0)
(5.03411 -0.0235543 0)
(5.03748 -0.0248647 0)
(5.04103 -0.0262141 0)
(5.04476 -0.0276061 0)
(5.04869 -0.0290442 0)
(5.05282 -0.0305321 0)
(5.05715 -0.0320736 0)
(5.0617 -0.0336725 0)
(5.06648 -0.0353328 0)
(5.07148 -0.0370585 0)
(5.07673 -0.038854 0)
(5.08223 -0.0407234 0)
(5.08799 -0.0426711 0)
(5.09402 -0.0447015 0)
(5.10034 -0.0468191 0)
(5.10696 -0.0490285 0)
(5.11389 -0.0513343 0)
(5.12114 -0.0537411 0)
(5.12874 -0.0562537 0)
(5.13669 -0.0588769 0)
(5.14501 -0.0616153 0)
(5.15372 -0.0644738 0)
(5.16284 -0.0674572 0)
(5.17238 -0.0705701 0)
(5.18237 -0.0738174 0)
(5.19282 -0.0772034 0)
(5.20375 -0.0807329 0)
(5.21519 -0.0844101 0)
(5.22715 -0.0882393 0)
(5.23967 -0.0922242 0)
(5.25275 -0.0963686 0)
(5.26644 -0.100676 0)
(5.28075 -0.105148 0)
(5.29571 -0.109788 0)
(5.31134 -0.114597 0)
(5.32767 -0.119576 0)
(5.34473 -0.124724 0)
(5.36254 -0.13004 0)
(5.38114 -0.135521 0)
(5.40054 -0.141162 0)
(5.42079 -0.146957 0)
(5.4419 -0.152898 0)
(5.4639 -0.158973 0)
(5.48682 -0.165168 0)
(5.51067 -0.171468 0)
(5.53549 -0.177851 0)
(5.56129 -0.184295 0)
(5.58808 -0.190771 0)
(5.61588 -0.197249 0)
(5.6447 -0.203692 0)
(5.67453 -0.21006 0)
(5.70538 -0.21631 0)
(5.73722 -0.222394 0)
(5.77004 -0.22826 0)
(5.8038 -0.233855 0)
(5.83847 -0.239123 0)
(5.87399 -0.244008 0)
(5.9103 -0.248453 0)
(5.94734 -0.252405 0)
(5.98501 -0.255812 0)
(6.02322 -0.258629 0)
(6.06186 -0.260818 0)
(6.10084 -0.262345 0)
(6.14003 -0.263188 0)
(6.17931 -0.263335 0)
(6.21856 -0.26278 0)
(6.25766 -0.261531 0)
(6.29649 -0.259603 0)
(6.33494 -0.257021 0)
(6.37289 -0.253815 0)
(6.41026 -0.250025 0)
(6.44694 -0.245694 0)
(6.48286 -0.240869 0)
(6.51793 -0.235603 0)
(6.55211 -0.229947 0)
(6.58533 -0.223953 0)
(6.61755 -0.217675 0)
(6.64874 -0.211165 0)
(6.67887 -0.20447 0)
(6.70792 -0.19764 0)
(6.73588 -0.190717 0)
(6.76276 -0.183745 0)
(6.78855 -0.176761 0)
(6.81326 -0.1698 0)
(6.8369 -0.162894 0)
(6.8595 -0.15607 0)
(6.88107 -0.149354 0)
(6.90164 -0.142767 0)
(6.92124 -0.136327 0)
(6.93989 -0.13005 0)
(6.95763 -0.123949 0)
(6.97448 -0.118034 0)
(6.99049 -0.112312 0)
(7.00567 -0.106789 0)
(7.02007 -0.10147 0)
(7.03373 -0.0963551 0)
(7.04666 -0.0914462 0)
(7.05891 -0.0867419 0)
(7.0705 -0.0822402 0)
(7.08148 -0.0779378 0)
(7.09186 -0.0738306 0)
(7.10168 -0.069914 0)
(7.11097 -0.0661823 0)
(7.11975 -0.0626299 0)
(7.12805 -0.0592505 0)
(7.13589 -0.0560378 0)
(7.1433 -0.0529853 0)
(7.1503 -0.0500863 0)
(7.15691 -0.0473346 0)
(7.16315 -0.0447235 0)
(7.16904 -0.042247 0)
(7.17461 -0.0398989 0)
(7.17986 -0.0376733 0)
(7.18481 -0.0355643 0)
(7.18949 -0.0335665 0)
(7.1939 -0.0316742 0)
(7.19806 -0.0298823 0)
(7.20198 -0.0281855 0)
(7.20568 -0.026579 0)
(7.20916 -0.0250578 0)
(7.21244 -0.0236177 0)
(7.21554 -0.0222541 0)
(7.21845 -0.0209631 0)
(7.22119 -0.0197409 0)
(7.22377 -0.0185838 0)
(7.2262 -0.0174886 0)
(7.22848 -0.0164519 0)
(7.23063 -0.0154707 0)
(7.23265 -0.014542 0)
(7.23454 -0.013663 0)
(7.23632 -0.0128311 0)
(7.23799 -0.0120437 0)
(7.23955 -0.0112984 0)
(7.24101 -0.0105931 0)
(7.24239 -0.00992593 0)
(7.24367 -0.00929482 0)
(7.24487 -0.00869812 0)
(7.24599 -0.00813407 0)
(7.24703 -0.00760106 0)
(7.24801 -0.00709738 0)
(7.24892 -0.00662141 0)
(7.24977 -0.00617143 0)
(7.25056 -0.00574586 0)
(7.25129 -0.00534304 0)
(7.25197 -0.00496155 0)
(7.2526 -0.00459992 0)
(7.25319 -0.00425703 0)
(7.25372 -0.00393172 0)
(7.25422 -0.00362327 0)
(7.25467 -0.0033309 0)
(7.25508 -0.00305426 0)
(7.25546 -0.00279291 0)
(7.2558 -0.00254674 0)
(7.2561 -0.00231552 0)
(7.25638 -0.00209922 0)
(7.25662 -0.00189765 0)
(7.25684 -0.0017107 0)
(7.25703 -0.00153804 0)
(7.2572 -0.00137938 0)
(7.25735 -0.00123419 0)
(7.25748 -0.00110192 0)
(7.25759 -0.000981822 0)
(7.25769 -0.000873134 0)
(7.25777 -0.000774964 0)
(7.25784 -0.000686386 0)
(7.2579 -0.000606515 0)
(7.25796 -0.000534394 0)
(7.258 -0.000469301 0)
(7.25804 -0.000410367 0)
(7.25807 -0.000357167 0)
(7.25809 -0.000308997 0)
(7.25811 -0.000265773 0)
(7.25812 -0.000226974 0)
(7.25813 -0.000192847 0)
(7.25814 -0.000162924 0)
(7.25814 -0.000138209 0)
(7.25814 -0.000116729 0)
(7.25816 -0.000104773 0)
(7.25815 -8.45218e-05 0)
(5.00002 -0.000657136 0)
(5.00015 -0.00197097 0)
(5.00042 -0.00328597 0)
(5.00086 -0.00460234 0)
(5.00143 -0.00592059 0)
(5.00215 -0.00724143 0)
(5.00301 -0.00856571 0)
(5.00402 -0.00989446 0)
(5.00517 -0.0112289 0)
(5.00646 -0.0125705 0)
(5.0079 -0.0139208 0)
(5.00948 -0.0152817 0)
(5.0112 -0.0166552 0)
(5.01308 -0.0180438 0)
(5.0151 -0.0194499 0)
(5.01727 -0.0208763 0)
(5.01959 -0.0223259 0)
(5.02206 -0.023802 0)
(5.02469 -0.0253079 0)
(5.02747 -0.0268472 0)
(5.03042 -0.0284237 0)
(5.03353 -0.0300414 0)
(5.03681 -0.0317043 0)
(5.04027 -0.0334167 0)
(5.04391 -0.0351832 0)
(5.04773 -0.0370083 0)
(5.05174 -0.0388968 0)
(5.05595 -0.0408536 0)
(5.06037 -0.0428836 0)
(5.065 -0.0449922 0)
(5.06985 -0.0471844 0)
(5.07494 -0.0494659 0)
(5.08027 -0.051842 0)
(5.08585 -0.0543183 0)
(5.09169 -0.0569006 0)
(5.09781 -0.0595948 0)
(5.10422 -0.0624066 0)
(5.11092 -0.065342 0)
(5.11794 -0.0684072 0)
(5.1253 -0.0716082 0)
(5.13299 -0.0749513 0)
(5.14105 -0.0784425 0)
(5.14949 -0.0820881 0)
(5.15832 -0.0858945 0)
(5.16756 -0.0898678 0)
(5.17724 -0.0940143 0)
(5.18737 -0.0983401 0)
(5.19797 -0.102851 0)
(5.20907 -0.107554 0)
(5.22069 -0.112453 0)
(5.23285 -0.117556 0)
(5.24557 -0.122865 0)
(5.25889 -0.128388 0)
(5.27282 -0.134127 0)
(5.28739 -0.140087 0)
(5.30264 -0.14627 0)
(5.31858 -0.152678 0)
(5.33526 -0.159313 0)
(5.35269 -0.166173 0)
(5.37092 -0.173256 0)
(5.38996 -0.180559 0)
(5.40987 -0.188074 0)
(5.43065 -0.195792 0)
(5.45236 -0.203702 0)
(5.47502 -0.211788 0)
(5.49865 -0.220029 0)
(5.5233 -0.228402 0)
(5.54899 -0.236878 0)
(5.57574 -0.245422 0)
(5.60358 -0.253994 0)
(5.63252 -0.262548 0)
(5.66257 -0.271031 0)
(5.69374 -0.279384 0)
(5.72602 -0.287543 0)
(5.7594 -0.295437 0)
(5.79386 -0.302992 0)
(5.82936 -0.310128 0)
(5.86585 -0.316766 0)
(5.90326 -0.322824 0)
(5.94151 -0.328224 0)
(5.98052 -0.332892 0)
(6.02017 -0.33676 0)
(6.06034 -0.33977 0)
(6.10091 -0.341875 0)
(6.14173 -0.343043 0)
(6.18266 -0.343253 0)
(6.22356 -0.342502 0)
(6.26428 -0.3408 0)
(6.30469 -0.33817 0)
(6.34464 -0.334649 0)
(6.38402 -0.330284 0)
(6.42271 -0.325133 0)
(6.4606 -0.319258 0)
(6.49761 -0.31273 0)
(6.53366 -0.305619 0)
(6.56868 -0.298001 0)
(6.60263 -0.289949 0)
(6.63545 -0.281537 0)
(6.66712 -0.272835 0)
(6.69762 -0.263912 0)
(6.72693 -0.25483 0)
(6.75506 -0.24565 0)
(6.782 -0.236426 0)
(6.80778 -0.227209 0)
(6.8324 -0.218043 0)
(6.85588 -0.20897 0)
(6.87826 -0.200025 0)
(6.89956 -0.191239 0)
(6.91982 -0.182639 0)
(6.93906 -0.174249 0)
(6.95733 -0.166086 0)
(6.97465 -0.158167 0)
(6.99107 -0.150502 0)
(7.00663 -0.143102 0)
(7.02136 -0.135971 0)
(7.0353 -0.129114 0)
(7.04849 -0.122531 0)
(7.06096 -0.116222 0)
(7.07275 -0.110185 0)
(7.08389 -0.104415 0)
(7.09442 -0.0989068 0)
(7.10437 -0.0936548 0)
(7.11376 -0.0886515 0)
(7.12264 -0.0838893 0)
(7.13103 -0.0793599 0)
(7.13894 -0.0750548 0)
(7.14642 -0.0709651 0)
(7.15348 -0.067082 0)
(7.16014 -0.0633966 0)
(7.16643 -0.0599004 0)
(7.17236 -0.0565844 0)
(7.17796 -0.0534406 0)
(7.18325 -0.0504605 0)
(7.18823 -0.0476365 0)
(7.19293 -0.0449608 0)
(7.19736 -0.0424264 0)
(7.20154 -0.0400262 0)
(7.20549 -0.0377535 0)
(7.2092 -0.035602 0)
(7.2127 -0.0335654 0)
(7.216 -0.0316375 0)
(7.21911 -0.0298127 0)
(7.22203 -0.0280852 0)
(7.22479 -0.0264497 0)
(7.22738 -0.0249011 0)
(7.22982 -0.0234346 0)
(7.23212 -0.0220457 0)
(7.23427 -0.0207306 0)
(7.2363 -0.0194853 0)
(7.2382 -0.0183064 0)
(7.23998 -0.0171907 0)
(7.24166 -0.0161349 0)
(7.24323 -0.0151361 0)
(7.2447 -0.0141914 0)
(7.24608 -0.0132978 0)
(7.24737 -0.0124529 0)
(7.24857 -0.011654 0)
(7.24969 -0.0108988 0)
(7.25074 -0.010185 0)
(7.25172 -0.00951036 0)
(7.25264 -0.00887279 0)
(7.25349 -0.00827022 0)
(7.25428 -0.00770051 0)
(7.25502 -0.00716162 0)
(7.2557 -0.00665145 0)
(7.25634 -0.00616804 0)
(7.25692 -0.00570942 0)
(7.25747 -0.00527394 0)
(7.25796 -0.00485999 0)
(7.25842 -0.00446644 0)
(7.25884 -0.00409221 0)
(7.25922 -0.00373689 0)
(7.25956 -0.00339995 0)
(7.25986 -0.00308158 0)
(7.26014 -0.00278172 0)
(7.26038 -0.00250088 0)
(7.26059 -0.00223913 0)
(7.26077 -0.0019969 0)
(7.26093 -0.00177412 0)
(7.26107 -0.00157078 0)
(7.26118 -0.0013864 0)
(7.26128 -0.00122042 0)
(7.26137 -0.00107188 0)
(7.26144 -0.000939686 0)
(7.2615 -0.000822578 0)
(7.26155 -0.000719115 0)
(7.2616 -0.000627978 0)
(7.26163 -0.000547634 0)
(7.26166 -0.000476986 0)
(7.26169 -0.000414629 0)
(7.26171 -0.000359902 0)
(7.26172 -0.000311644 0)
(7.26174 -0.000269721 0)
(7.26174 -0.000233215 0)
(7.26175 -0.000202487 0)
(7.26174 -0.000176685 0)
(7.26173 -0.000156976 0)
(7.26172 -0.000140816 0)
(7.26173 -0.000134457 0)
(7.26168 -0.000122336 0)
(5.00002 -0.000800854 0)
(5.00015 -0.00240195 0)
(5.00042 -0.00400413 0)
(5.00085 -0.00560734 0)
(5.00142 -0.00721201 0)
(5.00214 -0.00881877 0)
(5.00299 -0.0104285 0)
(5.00398 -0.0120423 0)
(5.00512 -0.0136615 0)
(5.0064 -0.0152879 0)
(5.00782 -0.0169232 0)
(5.00937 -0.0185698 0)
(5.01107 -0.02023 0)
(5.01291 -0.0219069 0)
(5.01489 -0.0236034 0)
(5.01702 -0.0253228 0)
(5.01928 -0.027069 0)
(5.0217 -0.0288457 0)
(5.02426 -0.0306572 0)
(5.02697 -0.0325079 0)
(5.02983 -0.0344024 0)
(5.03285 -0.0363455 0)
(5.03603 -0.0383424 0)
(5.03937 -0.0403984 0)
(5.04288 -0.0425189 0)
(5.04657 -0.0447096 0)
(5.05044 -0.0469764 0)
(5.0545 -0.0493252 0)
(5.05875 -0.0517624 0)
(5.0632 -0.0542943 0)
(5.06787 -0.0569274 0)
(5.07275 -0.0596684 0)
(5.07787 -0.0625241 0)
(5.08322 -0.0655015 0)
(5.08883 -0.0686077 0)
(5.09469 -0.0718498 0)
(5.10083 -0.0752351 0)
(5.10726 -0.0787712 0)
(5.114 -0.0824655 0)
(5.12104 -0.0863257 0)
(5.12842 -0.0903594 0)
(5.13615 -0.0945743 0)
(5.14424 -0.0989784 0)
(5.15271 -0.103579 0)
(5.16158 -0.108385 0)
(5.17087 -0.113404 0)
(5.1806 -0.118643 0)
(5.19079 -0.124111 0)
(5.20147 -0.129815 0)
(5.21264 -0.135762 0)
(5.22435 -0.141961 0)
(5.23661 -0.148418 0)
(5.24945 -0.15514 0)
(5.2629 -0.162133 0)
(5.27699 -0.169404 0)
(5.29174 -0.176956 0)
(5.30718 -0.184794 0)
(5.32336 -0.192922 0)
(5.34029 -0.201339 0)
(5.35802 -0.210047 0)
(5.37659 -0.219042 0)
(5.39602 -0.22832 0)
(5.41636 -0.237872 0)
(5.43765 -0.247686 0)
(5.45993 -0.257748 0)
(5.48324 -0.268034 0)
(5.50761 -0.278521 0)
(5.53309 -0.289173 0)
(5.55972 -0.299952 0)
(5.58753 -0.31081 0)
(5.61656 -0.321689 0)
(5.64682 -0.332525 0)
(5.67835 -0.343243 0)
(5.71114 -0.35376 0)
(5.7452 -0.363981 0)
(5.78051 -0.373807 0)
(5.81705 -0.38313 0)
(5.85476 -0.391838 0)
(5.89359 -0.399816 0)
(5.93344 -0.406954 0)
(5.97422 -0.413142 0)
(6.01578 -0.418284 0)
(6.05799 -0.422294 0)
(6.10069 -0.425104 0)
(6.14371 -0.426667 0)
(6.18686 -0.426957 0)
(6.22997 -0.425969 0)
(6.27287 -0.42372 0)
(6.31537 -0.420248 0)
(6.35732 -0.415606 0)
(6.39858 -0.409866 0)
(6.439 -0.403109 0)
(6.47847 -0.395426 0)
(6.5169 -0.386914 0)
(6.55419 -0.377674 0)
(6.59029 -0.367807 0)
(6.62514 -0.357413 0)
(6.6587 -0.346591 0)
(6.69096 -0.335434 0)
(6.72189 -0.32403 0)
(6.7515 -0.312462 0)
(6.7798 -0.300806 0)
(6.80679 -0.289131 0)
(6.83252 -0.277501 0)
(6.85699 -0.265969 0)
(6.88024 -0.254586 0)
(6.90231 -0.243395 0)
(6.92324 -0.232432 0)
(6.94307 -0.221728 0)
(6.96183 -0.211311 0)
(6.97959 -0.2012 0)
(6.99637 -0.191413 0)
(7.01222 -0.181962 0)
(7.0272 -0.172857 0)
(7.04133 -0.164101 0)
(7.05468 -0.155698 0)
(7.06726 -0.147647 0)
(7.07914 -0.139946 0)
(7.09034 -0.132589 0)
(7.1009 -0.12557 0)
(7.11086 -0.118881 0)
(7.12026 -0.112511 0)
(7.12912 -0.106452 0)
(7.13748 -0.100693 0)
(7.14536 -0.0952205 0)
(7.15279 -0.0900248 0)
(7.15981 -0.0850937 0)
(7.16642 -0.0804157 0)
(7.17266 -0.0759795 0)
(7.17854 -0.0717741 0)
(7.18409 -0.0677885 0)
(7.18932 -0.0640123 0)
(7.19425 -0.0604352 0)
(7.1989 -0.0570474 0)
(7.20328 -0.0538393 0)
(7.20741 -0.0508019 0)
(7.2113 -0.0479262 0)
(7.21496 -0.045204 0)
(7.21842 -0.0426274 0)
(7.22167 -0.0401889 0)
(7.22473 -0.0378812 0)
(7.22761 -0.0356976 0)
(7.23033 -0.0336313 0)
(7.23288 -0.0316759 0)
(7.23529 -0.0298251 0)
(7.23755 -0.028073 0)
(7.23967 -0.0264138 0)
(7.24166 -0.0248422 0)
(7.24354 -0.0233533 0)
(7.24529 -0.0219429 0)
(7.24694 -0.020607 0)
(7.24848 -0.0193421 0)
(7.24992 -0.0181451 0)
(7.25127 -0.0170129 0)
(7.25253 -0.0159427 0)
(7.25371 -0.0149316 0)
(7.25481 -0.0139767 0)
(7.25583 -0.0130752 0)
(7.25679 -0.0122242 0)
(7.25768 -0.0114209 0)
(7.2585 -0.0106625 0)
(7.25927 -0.00994624 0)
(7.25999 -0.00926931 0)
(7.26065 -0.00862918 0)
(7.26127 -0.00802308 0)
(7.26184 -0.00744856 0)
(7.26237 -0.00690315 0)
(7.26286 -0.0063846 0)
(7.26331 -0.00589095 0)
(7.26372 -0.00542047 0)
(7.26409 -0.0049719 0)
(7.26442 -0.00454435 0)
(7.26472 -0.00413733 0)
(7.26498 -0.00375093 0)
(7.2652 -0.00338533 0)
(7.2654 -0.00304133 0)
(7.26556 -0.00271945 0)
(7.26569 -0.00242069 0)
(7.2658 -0.00214534 0)
(7.26589 -0.00189396 0)
(7.26596 -0.00166615 0)
(7.26601 -0.0014615 0)
(7.26605 -0.00127876 0)
(7.26607 -0.00111644 0)
(7.26609 -0.000972657 0)
(7.26611 -0.000845192 0)
(7.26612 -0.000732034 0)
(7.26612 -0.000630816 0)
(7.26612 -0.000539951 0)
(7.26612 -0.000457449 0)
(7.26612 -0.000382511 0)
(7.26611 -0.000313831 0)
(7.2661 -0.000251485 0)
(7.26609 -0.000194896 0)
(7.26607 -0.000144979 0)
(7.26605 -0.000101493 0)
(7.26602 -6.67165e-05 0)
(7.26599 -3.76618e-05 0)
(7.26599 -2.42246e-05 0)
(7.26593 2.42948e-06 0)
(5.00002 -0.000943936 0)
(5.00014 -0.00283095 0)
(5.00042 -0.00471868 0)
(5.00085 -0.00660667 0)
(5.00142 -0.00849502 0)
(5.00213 -0.0103842 0)
(5.00298 -0.012275 0)
(5.00396 -0.0141684 0)
(5.00509 -0.0160659 0)
(5.00635 -0.0179694 0)
(5.00775 -0.019881 0)
(5.00928 -0.0218033 0)
(5.01095 -0.0237393 0)
(5.01275 -0.0256925 0)
(5.01469 -0.0276664 0)
(5.01676 -0.0296653 0)
(5.01897 -0.0316935 0)
(5.02132 -0.0337558 0)
(5.0238 -0.0358573 0)
(5.02642 -0.0380032 0)
(5.02919 -0.0401991 0)
(5.0321 -0.0424511 0)
(5.03516 -0.044765 0)
(5.03838 -0.0471474 0)
(5.04175 -0.0496046 0)
(5.04528 -0.0521436 0)
(5.04898 -0.0547713 0)
(5.05286 -0.0574949 0)
(5.05692 -0.0603216 0)
(5.06116 -0.0632591 0)
(5.0656 -0.066315 0)
(5.07025 -0.0694973 0)
(5.07511 -0.072814 0)
(5.0802 -0.0762733 0)
(5.08552 -0.0798836 0)
(5.09109 -0.0836535 0)
(5.09692 -0.0875916 0)
(5.10301 -0.0917067 0)
(5.1094 -0.0960078 0)
(5.11608 -0.100504 0)
(5.12308 -0.105204 0)
(5.1304 -0.110118 0)
(5.13808 -0.115255 0)
(5.14612 -0.120625 0)
(5.15454 -0.126236 0)
(5.16336 -0.132099 0)
(5.17261 -0.138223 0)
(5.1823 -0.144619 0)
(5.19245 -0.151295 0)
(5.20309 -0.158262 0)
(5.21425 -0.165529 0)
(5.22594 -0.173105 0)
(5.2382 -0.181 0)
(5.25105 -0.189223 0)
(5.26453 -0.197782 0)
(5.27866 -0.206685 0)
(5.29348 -0.21594 0)
(5.30902 -0.225551 0)
(5.32531 -0.235525 0)
(5.34241 -0.245864 0)
(5.36034 -0.256569 0)
(5.37915 -0.267639 0)
(5.39889 -0.279069 0)
(5.41961 -0.29085 0)
(5.44135 -0.302969 0)
(5.46416 -0.315405 0)
(5.48811 -0.328135 0)
(5.51325 -0.341123 0)
(5.53962 -0.354327 0)
(5.56729 -0.367693 0)
(5.59631 -0.381158 0)
(5.62672 -0.394642 0)
(5.65857 -0.408056 0)
(5.69189 -0.421294 0)
(5.72669 -0.434237 0)
(5.76299 -0.446752 0)
(5.80077 -0.458694 0)
(5.83999 -0.469909 0)
(5.88058 -0.480239 0)
(5.92246 -0.489522 0)
(5.9655 -0.497603 0)
(6.00956 -0.50434 0)
(6.05444 -0.509608 0)
(6.09994 -0.513307 0)
(6.14586 -0.515368 0)
(6.19194 -0.515753 0)
(6.23797 -0.514461 0)
(6.28372 -0.511521 0)
(6.32897 -0.506993 0)
(6.37352 -0.50096 0)
(6.4172 -0.493525 0)
(6.45985 -0.484809 0)
(6.50134 -0.474941 0)
(6.54155 -0.464056 0)
(6.58041 -0.452294 0)
(6.61783 -0.439791 0)
(6.65378 -0.426679 0)
(6.68823 -0.413086 0)
(6.72115 -0.399132 0)
(6.75256 -0.384929 0)
(6.78247 -0.370579 0)
(6.81089 -0.356175 0)
(6.83785 -0.341802 0)
(6.8634 -0.327535 0)
(6.88757 -0.31344 0)
(6.91042 -0.299573 0)
(6.93199 -0.285984 0)
(6.95234 -0.272714 0)
(6.97151 -0.259798 0)
(6.98957 -0.247263 0)
(7.00656 -0.235132 0)
(7.02255 -0.223421 0)
(7.03758 -0.212142 0)
(7.05172 -0.201302 0)
(7.06501 -0.190904 0)
(7.07749 -0.18095 0)
(7.08923 -0.171434 0)
(7.10026 -0.162351 0)
(7.11064 -0.153693 0)
(7.12039 -0.145449 0)
(7.12956 -0.137607 0)
(7.13819 -0.130154 0)
(7.14631 -0.123074 0)
(7.15395 -0.116354 0)
(7.16115 -0.109978 0)
(7.16792 -0.10393 0)
(7.1743 -0.0981966 0)
(7.18031 -0.0927614 0)
(7.18597 -0.0876106 0)
(7.1913 -0.0827305 0)
(7.19631 -0.0781075 0)
(7.20104 -0.0737293 0)
(7.20549 -0.0695837 0)
(7.20968 -0.0656591 0)
(7.21363 -0.0619445 0)
(7.21735 -0.0584293 0)
(7.22085 -0.0551028 0)
(7.22414 -0.0519553 0)
(7.22724 -0.0489771 0)
(7.23016 -0.046159 0)
(7.2329 -0.0434923 0)
(7.23549 -0.0409687 0)
(7.23791 -0.0385805 0)
(7.2402 -0.0363203 0)
(7.24235 -0.034181 0)
(7.24436 -0.032156 0)
(7.24626 -0.0302388 0)
(7.24804 -0.0284232 0)
(7.24971 -0.0267031 0)
(7.25127 -0.0250731 0)
(7.25273 -0.0235282 0)
(7.2541 -0.0220642 0)
(7.25538 -0.0206773 0)
(7.25656 -0.0193642 0)
(7.25767 -0.0181224 0)
(7.2587 -0.0169491 0)
(7.25966 -0.0158418 0)
(7.26055 -0.0147978 0)
(7.26138 -0.013814 0)
(7.26215 -0.0128874 0)
(7.26287 -0.0120142 0)
(7.26353 -0.0111911 0)
(7.26415 -0.010414 0)
(7.26473 -0.00967953 0)
(7.26526 -0.00898375 0)
(7.26575 -0.00832352 0)
(7.26621 -0.00769548 0)
(7.26663 -0.00709702 0)
(7.26702 -0.00652582 0)
(7.26737 -0.00598007 0)
(7.26768 -0.00545872 0)
(7.26796 -0.004961 0)
(7.2682 -0.00448705 0)
(7.26841 -0.00403725 0)
(7.26858 -0.00361253 0)
(7.26872 -0.00321418 0)
(7.26883 -0.00284333 0)
(7.26891 -0.0025016 0)
(7.26896 -0.00218967 0)
(7.26899 -0.00190868 0)
(7.269 -0.00165826 0)
(7.269 -0.00143831 0)
(7.26898 -0.00124711 0)
(7.26897 -0.00108287 0)
(7.26895 -0.000942695 0)
(7.26892 -0.000823357 0)
(7.2689 -0.00072159 0)
(7.26888 -0.000633507 0)
(7.26887 -0.000556425 0)
(7.26885 -0.000486778 0)
(7.26883 -0.000423169 0)
(7.26881 -0.000363019 0)
(7.26879 -0.000306365 0)
(7.26876 -0.000251822 0)
(7.26873 -0.000200618 0)
(7.26868 -0.0001523 0)
(7.26864 -0.000110199 0)
(7.26858 -7.15242e-05 0)
(7.26855 -5.1079e-05 0)
(7.26845 -2.15282e-05 0)
(5.00002 -0.00108705 0)
(5.00015 -0.00325993 0)
(5.00042 -0.0054328 0)
(5.00085 -0.0076045 0)
(5.00142 -0.00977459 0)
(5.00213 -0.0119432 0)
(5.00298 -0.0141107 0)
(5.00396 -0.0162781 0)
(5.00508 -0.0184469 0)
(5.00633 -0.0206188 0)
(5.00771 -0.0227964 0)
(5.00922 -0.0249825 0)
(5.01086 -0.0271806 0)
(5.01263 -0.0293944 0)
(5.01452 -0.0316283 0)
(5.01654 -0.033887 0)
(5.01868 -0.0361757 0)
(5.02095 -0.0384999 0)
(5.02335 -0.0408655 0)
(5.02587 -0.0432788 0)
(5.02853 -0.0457462 0)
(5.03132 -0.0482747 0)
(5.03424 -0.0508714 0)
(5.0373 -0.0535439 0)
(5.04051 -0.0562998 0)
(5.04386 -0.0591472 0)
(5.04737 -0.0620943 0)
(5.05103 -0.0651496 0)
(5.05486 -0.0683217 0)
(5.05887 -0.0716195 0)
(5.06305 -0.0750522 0)
(5.06742 -0.0786291 0)
(5.07199 -0.0823596 0)
(5.07676 -0.0862534 0)
(5.08176 -0.0903205 0)
(5.08698 -0.0945707 0)
(5.09244 -0.0990145 0)
(5.09815 -0.103662 0)
(5.10413 -0.108524 0)
(5.11039 -0.113611 0)
(5.11695 -0.118933 0)
(5.12381 -0.124503 0)
(5.131 -0.13033 0)
(5.13854 -0.136426 0)
(5.14644 -0.142802 0)
(5.15471 -0.149471 0)
(5.1634 -0.156443 0)
(5.1725 -0.163729 0)
(5.18205 -0.171343 0)
(5.19206 -0.179296 0)
(5.20257 -0.187599 0)
(5.21359 -0.196266 0)
(5.22516 -0.205307 0)
(5.2373 -0.214735 0)
(5.25005 -0.224562 0)
(5.26343 -0.234799 0)
(5.27748 -0.245457 0)
(5.29224 -0.256546 0)
(5.30775 -0.268078 0)
(5.32404 -0.280058 0)
(5.34118 -0.292495 0)
(5.35919 -0.305392 0)
(5.37814 -0.318751 0)
(5.39809 -0.332568 0)
(5.41908 -0.346838 0)
(5.4412 -0.361545 0)
(5.46451 -0.37667 0)
(5.48909 -0.392182 0)
(5.515 -0.40804 0)
(5.54233 -0.424191 0)
(5.57116 -0.440564 0)
(5.60157 -0.457073 0)
(5.63363 -0.473613 0)
(5.66741 -0.490056 0)
(5.70297 -0.506254 0)
(5.74033 -0.522033 0)
(5.77952 -0.5372 0)
(5.82052 -0.551545 0)
(5.86327 -0.564841 0)
(5.90768 -0.576857 0)
(5.95361 -0.587367 0)
(6.00087 -0.59616 0)
(6.04924 -0.603053 0)
(6.09844 -0.607901 0)
(6.14818 -0.610606 0)
(6.19815 -0.611119 0)
(6.24803 -0.609441 0)
(6.29753 -0.605624 0)
(6.34635 -0.59976 0)
(6.39426 -0.591975 0)
(6.44101 -0.582424 0)
(6.48643 -0.571278 0)
(6.53035 -0.558722 0)
(6.57265 -0.544943 0)
(6.61324 -0.53013 0)
(6.65205 -0.514465 0)
(6.68904 -0.498122 0)
(6.72422 -0.481265 0)
(6.75757 -0.464046 0)
(6.78912 -0.446605 0)
(6.81891 -0.429065 0)
(6.847 -0.41154 0)
(6.87343 -0.39413 0)
(6.89827 -0.376921 0)
(6.92158 -0.359991 0)
(6.94345 -0.343402 0)
(6.96394 -0.327209 0)
(6.98312 -0.311457 0)
(7.00107 -0.296181 0)
(7.01786 -0.28141 0)
(7.03356 -0.267165 0)
(7.04824 -0.253461 0)
(7.06196 -0.240306 0)
(7.07479 -0.227705 0)
(7.08679 -0.215656 0)
(7.09801 -0.204156 0)
(7.10851 -0.193196 0)
(7.11835 -0.182766 0)
(7.12756 -0.172851 0)
(7.1362 -0.163435 0)
(7.1443 -0.154501 0)
(7.15191 -0.14603 0)
(7.15906 -0.138 0)
(7.16578 -0.130393 0)
(7.1721 -0.123187 0)
(7.17805 -0.116362 0)
(7.18365 -0.109901 0)
(7.18892 -0.103783 0)
(7.19388 -0.0979925 0)
(7.19856 -0.092511 0)
(7.20296 -0.0873228 0)
(7.20711 -0.0824126 0)
(7.21102 -0.0777659 0)
(7.2147 -0.0733694 0)
(7.21816 -0.0692101 0)
(7.22142 -0.0652762 0)
(7.2245 -0.061556 0)
(7.22739 -0.0580387 0)
(7.23012 -0.0547132 0)
(7.23269 -0.0515691 0)
(7.23511 -0.0485961 0)
(7.23739 -0.0457843 0)
(7.23954 -0.0431239 0)
(7.24156 -0.040606 0)
(7.24346 -0.0382221 0)
(7.24525 -0.0359644 0)
(7.24694 -0.0338258 0)
(7.24852 -0.0317997 0)
(7.25001 -0.0298801 0)
(7.25141 -0.0280609 0)
(7.25272 -0.0263369 0)
(7.25394 -0.024703 0)
(7.25508 -0.0231549 0)
(7.25615 -0.0216887 0)
(7.25713 -0.0203013 0)
(7.25805 -0.0189903 0)
(7.25891 -0.0177532 0)
(7.2597 -0.016588 0)
(7.26044 -0.0154919 0)
(7.26112 -0.0144621 0)
(7.26177 -0.0134947 0)
(7.26237 -0.0125853 0)
(7.26293 -0.0117287 0)
(7.26346 -0.0109198 0)
(7.26396 -0.0101527 0)
(7.26442 -0.00942215 0)
(7.26486 -0.00872295 0)
(7.26526 -0.00805107 0)
(7.26564 -0.00740306 0)
(7.26598 -0.0067768 0)
(7.26629 -0.00617139 0)
(7.26656 -0.0055869 0)
(7.2668 -0.0050249 0)
(7.267 -0.00448738 0)
(7.26716 -0.0039775 0)
(7.26728 -0.00349828 0)
(7.26737 -0.00305292 0)
(7.26743 -0.00264421 0)
(7.26746 -0.00227386 0)
(7.26746 -0.00194327 0)
(7.26745 -0.00165177 0)
(7.26743 -0.00139877 0)
(7.2674 -0.00118121 0)
(7.26737 -0.000996541 0)
(7.26734 -0.000840071 0)
(7.26732 -0.000707894 0)
(7.26731 -0.000595069 0)
(7.26731 -0.000497346 0)
(7.26732 -0.000410963 0)
(7.26734 -0.000332339 0)
(7.26736 -0.000259925 0)
(7.26739 -0.000191488 0)
(7.26741 -0.000128059 0)
(7.26744 -6.86569e-05 0)
(7.26745 -1.62908e-05 0)
(7.26746 2.9859e-05 0)
(7.26746 6.5507e-05 0)
(7.26744 9.60306e-05 0)
(7.26745 0.000107364 0)
(7.26735 0.000131391 0)
(5.00002 -0.00123137 0)
(5.00015 -0.00369242 0)
(5.00043 -0.00615217 0)
(5.00086 -0.00860839 0)
(5.00144 -0.0110597 0)
(5.00216 -0.0135056 0)
(5.00301 -0.0159461 0)
(5.00399 -0.0183818 0)
(5.00511 -0.0208143 0)
(5.00636 -0.0232455 0)
(5.00773 -0.0256784 0)
(5.00923 -0.0281164 0)
(5.01084 -0.0305635 0)
(5.01258 -0.0330246 0)
(5.01443 -0.0355046 0)
(5.0164 -0.0380095 0)
(5.01848 -0.0405452 0)
(5.02067 -0.0431183 0)
(5.02298 -0.0457357 0)
(5.02541 -0.0484047 0)
(5.02795 -0.0511328 0)
(5.03061 -0.0539279 0)
(5.03339 -0.0567981 0)
(5.03629 -0.0597519 0)
(5.03931 -0.0627979 0)
(5.04247 -0.0659452 0)
(5.04577 -0.0692029 0)
(5.0492 -0.0725807 0)
(5.05278 -0.0760881 0)
(5.05651 -0.0797352 0)
(5.0604 -0.0835323 0)
(5.06446 -0.0874898 0)
(5.0687 -0.0916184 0)
(5.07313 -0.095929 0)
(5.07774 -0.100433 0)
(5.08257 -0.105141 0)
(5.08761 -0.110066 0)
(5.09289 -0.115218 0)
(5.09841 -0.12061 0)
(5.10418 -0.126254 0)
(5.11023 -0.132163 0)
(5.11656 -0.138349 0)
(5.12319 -0.144824 0)
(5.13015 -0.151603 0)
(5.13744 -0.158697 0)
(5.14509 -0.166121 0)
(5.15312 -0.173888 0)
(5.16154 -0.182011 0)
(5.17039 -0.190506 0)
(5.17967 -0.199386 0)
(5.18942 -0.208666 0)
(5.19966 -0.218361 0)
(5.21042 -0.228487 0)
(5.22173 -0.239058 0)
(5.23361 -0.250091 0)
(5.2461 -0.261602 0)
(5.25924 -0.273606 0)
(5.27306 -0.28612 0)
(5.28761 -0.299161 0)
(5.30292 -0.312742 0)
(5.31905 -0.32688 0)
(5.33606 -0.341586 0)
(5.35399 -0.356873 0)
(5.37292 -0.372747 0)
(5.39292 -0.389213 0)
(5.41407 -0.406269 0)
(5.43645 -0.423905 0)
(5.46016 -0.442102 0)
(5.48531 -0.460829 0)
(5.51199 -0.48004 0)
(5.54034 -0.499668 0)
(5.57048 -0.519626 0)
(5.60252 -0.5398 0)
(5.63659 -0.560042 0)
(5.67279 -0.580176 0)
(5.71123 -0.599983 0)
(5.75196 -0.619211 0)
(5.79502 -0.637571 0)
(5.84039 -0.654743 0)
(5.88796 -0.670385 0)
(5.93758 -0.684152 0)
(5.98901 -0.695712 0)
(6.04193 -0.70478 0)
(6.09597 -0.711134 0)
(6.15069 -0.714638 0)
(6.20567 -0.715239 0)
(6.26044 -0.712963 0)
(6.31459 -0.707898 0)
(6.36772 -0.70019 0)
(6.41949 -0.690031 0)
(6.4696 -0.677648 0)
(6.51783 -0.663291 0)
(6.56401 -0.64722 0)
(6.60802 -0.629698 0)
(6.6498 -0.610985 0)
(6.68933 -0.591327 0)
(6.72663 -0.570958 0)
(6.76174 -0.550091 0)
(6.79472 -0.52892 0)
(6.82566 -0.50762 0)
(6.85463 -0.486343 0)
(6.88175 -0.465221 0)
(6.9071 -0.444369 0)
(6.93078 -0.423884 0)
(6.9529 -0.403846 0)
(6.97355 -0.384322 0)
(6.99282 -0.365366 0)
(7.0108 -0.34702 0)
(7.02758 -0.329315 0)
(7.04324 -0.312275 0)
(7.05785 -0.295914 0)
(7.0715 -0.280241 0)
(7.08425 -0.265256 0)
(7.09616 -0.250958 0)
(7.10729 -0.237338 0)
(7.11772 -0.224385 0)
(7.12748 -0.212083 0)
(7.13664 -0.200414 0)
(7.14523 -0.189356 0)
(7.15331 -0.178887 0)
(7.16091 -0.16898 0)
(7.16808 -0.15961 0)
(7.17484 -0.150748 0)
(7.18122 -0.142367 0)
(7.18725 -0.13444 0)
(7.19295 -0.126943 0)
(7.19833 -0.119851 0)
(7.20343 -0.113142 0)
(7.20825 -0.106794 0)
(7.2128 -0.10079 0)
(7.21712 -0.0951089 0)
(7.22119 -0.089735 0)
(7.22505 -0.0846515 0)
(7.2287 -0.0798431 0)
(7.23215 -0.0752952 0)
(7.23541 -0.0709945 0)
(7.2385 -0.0669281 0)
(7.24141 -0.0630843 0)
(7.24417 -0.0594513 0)
(7.24679 -0.0560182 0)
(7.24926 -0.0527739 0)
(7.25161 -0.0497076 0)
(7.25383 -0.0468085 0)
(7.25593 -0.0440659 0)
(7.25793 -0.0414691 0)
(7.25981 -0.0390086 0)
(7.2616 -0.0366749 0)
(7.26329 -0.0344603 0)
(7.26488 -0.032358 0)
(7.26639 -0.0303623 0)
(7.2678 -0.0284683 0)
(7.26914 -0.026672 0)
(7.27039 -0.0249696 0)
(7.27157 -0.023358 0)
(7.27266 -0.0218344 0)
(7.27369 -0.0203967 0)
(7.27464 -0.0190425 0)
(7.27554 -0.0177704 0)
(7.27637 -0.016578 0)
(7.27716 -0.0154633 0)
(7.2779 -0.0144226 0)
(7.27861 -0.0134515 0)
(7.27929 -0.012544 0)
(7.27994 -0.0116931 0)
(7.28056 -0.0108906 0)
(7.28117 -0.0101284 0)
(7.28175 -0.00939782 0)
(7.28231 -0.0086917 0)
(7.28284 -0.00800383 0)
(7.28334 -0.00733023 0)
(7.2838 -0.00666902 0)
(7.28421 -0.00602074 0)
(7.28458 -0.00538832 0)
(7.28491 -0.00477646 0)
(7.28518 -0.00419179 0)
(7.2854 -0.00364139 0)
(7.28557 -0.00313296 0)
(7.28571 -0.00267323 0)
(7.28581 -0.00226751 0)
(7.28588 -0.00191911 0)
(7.28594 -0.00162808 0)
(7.28598 -0.00139246 0)
(7.28603 -0.0012063 0)
(7.28609 -0.00106304 0)
(7.28616 -0.000952961 0)
(7.28624 -0.000867468 0)
(7.28635 -0.000796823 0)
(7.28647 -0.000733392 0)
(7.28661 -0.000670512 0)
(7.28676 -0.000603228 0)
(7.28691 -0.00052901 0)
(7.28707 -0.000445967 0)
(7.28722 -0.000355603 0)
(7.28736 -0.000258856 0)
(7.28749 -0.000161149 0)
(7.2876 -6.44762e-05 0)
(7.2877 2.09954e-05 0)
(7.28779 0.000100396 0)
(7.2879 0.000144955 0)
(7.28799 0.000247476 0)
(5.00002 -0.00137888 0)
(5.00015 -0.00413422 0)
(5.00044 -0.00688622 0)
(5.00089 -0.00963096 0)
(5.00148 -0.0123657 0)
(5.00221 -0.0150888 0)
(5.00308 -0.0177997 0)
(5.00408 -0.0204983 0)
(5.00521 -0.0231857 0)
(5.00647 -0.0258637 0)
(5.00784 -0.0285352 0)
(5.00932 -0.0312037 0)
(5.01092 -0.0338739 0)
(5.01262 -0.0365507 0)
(5.01443 -0.0392403 0)
(5.01634 -0.0419491 0)
(5.01836 -0.0446843 0)
(5.02047 -0.0474535 0)
(5.02268 -0.050265 0)
(5.02499 -0.0531272 0)
(5.02739 -0.0560492 0)
(5.0299 -0.0590404 0)
(5.03252 -0.0621104 0)
(5.03523 -0.0652693 0)
(5.03806 -0.0685273 0)
(5.041 -0.071895 0)
(5.04405 -0.0753832 0)
(5.04722 -0.079003 0)
(5.05052 -0.0827657 0)
(5.05396 -0.0866829 0)
(5.05753 -0.0907664 0)
(5.06124 -0.0950282 0)
(5.06512 -0.0994807 0)
(5.06915 -0.104136 0)
(5.07336 -0.109008 0)
(5.07775 -0.114108 0)
(5.08234 -0.11945 0)
(5.08713 -0.125047 0)
(5.09213 -0.130913 0)
(5.09738 -0.137061 0)
(5.10286 -0.143505 0)
(5.10861 -0.150259 0)
(5.11463 -0.157339 0)
(5.12094 -0.164757 0)
(5.12757 -0.17253 0)
(5.13452 -0.180671 0)
(5.14182 -0.189198 0)
(5.14949 -0.198124 0)
(5.15755 -0.207466 0)
(5.16601 -0.217241 0)
(5.17491 -0.227466 0)
(5.18427 -0.238158 0)
(5.19411 -0.249336 0)
(5.20447 -0.261018 0)
(5.21536 -0.273225 0)
(5.22683 -0.285977 0)
(5.23891 -0.299296 0)
(5.25163 -0.313204 0)
(5.26503 -0.327724 0)
(5.27917 -0.342881 0)
(5.29409 -0.3587 0)
(5.30985 -0.375204 0)
(5.32651 -0.392419 0)
(5.34414 -0.410368 0)
(5.36283 -0.429072 0)
(5.38266 -0.448548 0)
(5.40375 -0.468807 0)
(5.4262 -0.489853 0)
(5.45016 -0.511675 0)
(5.47577 -0.53425 0)
(5.50319 -0.557529 0)
(5.53261 -0.581438 0)
(5.56421 -0.605868 0)
(5.59818 -0.630665 0)
(5.63474 -0.655626 0)
(5.67405 -0.680487 0)
(5.71627 -0.704921 0)
(5.76152 -0.728536 0)
(5.80983 -0.75088 0)
(5.86113 -0.771449 0)
(5.91527 -0.789718 0)
(5.9719 -0.805161 0)
(6.03054 -0.817301 0)
(6.09061 -0.825757 0)
(6.15141 -0.83029 0)
(6.21227 -0.83082 0)
(6.27254 -0.827406 0)
(6.33167 -0.820222 0)
(6.38918 -0.809531 0)
(6.44471 -0.795671 0)
(6.49799 -0.779025 0)
(6.54887 -0.760002 0)
(6.59728 -0.739013 0)
(6.64323 -0.716451 0)
(6.68675 -0.692687 0)
(6.72791 -0.668057 0)
(6.76681 -0.642858 0)
(6.80356 -0.617352 0)
(6.83825 -0.591765 0)
(6.87099 -0.566287 0)
(6.90188 -0.54108 0)
(6.93101 -0.516275 0)
(6.95846 -0.491983 0)
(6.98433 -0.468291 0)
(7.00869 -0.445268 0)
(7.03162 -0.42297 0)
(7.05318 -0.401437 0)
(7.07345 -0.380699 0)
(7.0925 -0.360776 0)
(7.11039 -0.341679 0)
(7.12718 -0.323414 0)
(7.14295 -0.305977 0)
(7.15774 -0.289363 0)
(7.17163 -0.273559 0)
(7.18466 -0.258551 0)
(7.19689 -0.244318 0)
(7.20839 -0.230839 0)
(7.21921 -0.218089 0)
(7.22938 -0.206038 0)
(7.23898 -0.194655 0)
(7.24803 -0.183907 0)
(7.25658 -0.173758 0)
(7.26467 -0.164173 0)
(7.27232 -0.155116 0)
(7.27956 -0.146554 0)
(7.28642 -0.13846 0)
(7.29291 -0.130803 0)
(7.29905 -0.12356 0)
(7.30485 -0.116705 0)
(7.31034 -0.110218 0)
(7.31554 -0.104079 0)
(7.32044 -0.0982686 0)
(7.32508 -0.092771 0)
(7.32945 -0.0875702 0)
(7.33359 -0.0826509 0)
(7.33749 -0.077999 0)
(7.34117 -0.0736006 0)
(7.34464 -0.0694431 0)
(7.34792 -0.0655136 0)
(7.35102 -0.0618005 0)
(7.35395 -0.0582915 0)
(7.35671 -0.0549753 0)
(7.35933 -0.05184 0)
(7.3618 -0.0488742 0)
(7.36415 -0.0460662 0)
(7.36636 -0.0434044 0)
(7.36846 -0.0408776 0)
(7.37044 -0.0384748 0)
(7.3723 -0.0361871 0)
(7.37404 -0.0340066 0)
(7.37568 -0.0319283 0)
(7.3772 -0.0299484 0)
(7.37862 -0.0280653 0)
(7.37993 -0.0262778 0)
(7.38115 -0.024586 0)
(7.38227 -0.0229898 0)
(7.38331 -0.0214889 0)
(7.38426 -0.0200829 0)
(7.38514 -0.0187697 0)
(7.38595 -0.0175476 0)
(7.38672 -0.0164119 0)
(7.38744 -0.0153579 0)
(7.38813 -0.0143777 0)
(7.38879 -0.0134629 0)
(7.38944 -0.0126022 0)
(7.39008 -0.0117839 0)
(7.3907 -0.0109957 0)
(7.3913 -0.0102256 0)
(7.39187 -0.00946397 0)
(7.39241 -0.00870295 0)
(7.3929 -0.00793936 0)
(7.39333 -0.00717309 0)
(7.3937 -0.00640912 0)
(7.39399 -0.00565554 0)
(7.39421 -0.00492371 0)
(7.39434 -0.00422722 0)
(7.3944 -0.00357957 0)
(7.39439 -0.00299495 0)
(7.39432 -0.00248364 0)
(7.39422 -0.0020555 0)
(7.3941 -0.00171339 0)
(7.39397 -0.00145807 0)
(7.39387 -0.00128126 0)
(7.39379 -0.00117295 0)
(7.39375 -0.00111616 0)
(7.39376 -0.00109486 0)
(7.39381 -0.00109087 0)
(7.3939 -0.00108966 0)
(7.39402 -0.00107911 0)
(7.39416 -0.00105097 0)
(7.39432 -0.0010027 0)
(7.39447 -0.000932504 0)
(7.39462 -0.000845008 0)
(7.39475 -0.00074132 0)
(7.39485 -0.000627989 0)
(7.39492 -0.000504918 0)
(7.39496 -0.000382221 0)
(7.39496 -0.000253937 0)
(7.39499 -0.000170265 0)
(7.39499 -4.42246e-05 0)
(5.00002 -0.00153264 0)
(5.00016 -0.00459443 0)
(5.00046 -0.00764957 0)
(5.00093 -0.0106915 0)
(5.00156 -0.0137153 0)
(5.00232 -0.0167182 0)
(5.00323 -0.019699 0)
(5.00426 -0.0226581 0)
(5.00542 -0.0255972 0)
(5.00671 -0.0285191 0)
(5.0081 -0.0314278 0)
(5.0096 -0.0343283 0)
(5.01121 -0.0372262 0)
(5.01291 -0.040128 0)
(5.0147 -0.0430406 0)
(5.01658 -0.0459715 0)
(5.01855 -0.0489287 0)
(5.0206 -0.0519204 0)
(5.02273 -0.0549556 0)
(5.02494 -0.0580433 0)
(5.02722 -0.061193 0)
(5.02959 -0.0644146 0)
(5.03205 -0.0677184 0)
(5.03458 -0.071115 0)
(5.0372 -0.0746151 0)
(5.0399 -0.0782302 0)
(5.0427 -0.0819718 0)
(5.0456 -0.0858517 0)
(5.04859 -0.0898824 0)
(5.0517 -0.0940763 0)
(5.05491 -0.0984464 0)
(5.05825 -0.103006 0)
(5.06171 -0.107768 0)
(5.06531 -0.112748 0)
(5.06905 -0.117958 0)
(5.07295 -0.123413 0)
(5.07702 -0.129129 0)
(5.08126 -0.13512 0)
(5.08569 -0.141401 0)
(5.09033 -0.147988 0)
(5.09518 -0.154897 0)
(5.10026 -0.162143 0)
(5.10559 -0.169742 0)
(5.11118 -0.177712 0)
(5.11705 -0.186069 0)
(5.12321 -0.194829 0)
(5.12969 -0.204011 0)
(5.13651 -0.213632 0)
(5.14368 -0.223711 0)
(5.15122 -0.234266 0)
(5.15917 -0.245316 0)
(5.16753 -0.256884 0)
(5.17634 -0.268989 0)
(5.18562 -0.281654 0)
(5.1954 -0.294904 0)
(5.20571 -0.308764 0)
(5.21658 -0.323262 0)
(5.22804 -0.338426 0)
(5.24013 -0.35429 0)
(5.2529 -0.370886 0)
(5.26639 -0.388252 0)
(5.28066 -0.406427 0)
(5.29577 -0.425453 0)
(5.3118 -0.445373 0)
(5.32883 -0.466234 0)
(5.34695 -0.488079 0)
(5.36628 -0.510952 0)
(5.38697 -0.534893 0)
(5.40916 -0.559932 0)
(5.43304 -0.586086 0)
(5.45882 -0.613351 0)
(5.48674 -0.641692 0)
(5.51707 -0.671034 0)
(5.55011 -0.701242 0)
(5.58616 -0.732106 0)
(5.62555 -0.763318 0)
(5.66858 -0.794456 0)
(5.71548 -0.824964 0)
(5.76643 -0.85415 0)
(5.82144 -0.881209 0)
(5.88038 -0.905286 0)
(5.94289 -0.925559 0)
(6.00831 -0.941305 0)
(6.07577 -0.951961 0)
(6.14425 -0.957189 0)
(6.21285 -0.956916 0)
(6.28087 -0.951315 0)
(6.34783 -0.94078 0)
(6.41339 -0.925866 0)
(6.47735 -0.907218 0)
(6.53959 -0.8855 0)
(6.6 -0.861343 0)
(6.65853 -0.835318 0)
(6.71512 -0.807924 0)
(6.76968 -0.779583 0)
(6.82216 -0.750649 0)
(6.87247 -0.721408 0)
(6.92055 -0.692096 0)
(6.96634 -0.662908 0)
(7.00981 -0.634001 0)
(7.05093 -0.605509 0)
(7.08971 -0.577543 0)
(7.12617 -0.550193 0)
(7.16034 -0.523539 0)
(7.19228 -0.497642 0)
(7.22206 -0.472556 0)
(7.24976 -0.448322 0)
(7.27547 -0.424972 0)
(7.29928 -0.402531 0)
(7.32131 -0.381013 0)
(7.34165 -0.360429 0)
(7.36041 -0.340779 0)
(7.3777 -0.322061 0)
(7.39363 -0.304266 0)
(7.40829 -0.287381 0)
(7.42179 -0.271388 0)
(7.43423 -0.256264 0)
(7.44569 -0.241982 0)
(7.45627 -0.22851 0)
(7.46606 -0.215813 0)
(7.47513 -0.203846 0)
(7.48355 -0.192565 0)
(7.49137 -0.181919 0)
(7.49864 -0.171861 0)
(7.5054 -0.162351 0)
(7.51169 -0.153353 0)
(7.51752 -0.144836 0)
(7.52294 -0.136772 0)
(7.52797 -0.129136 0)
(7.53262 -0.121903 0)
(7.53693 -0.115052 0)
(7.54091 -0.108564 0)
(7.54458 -0.102421 0)
(7.54796 -0.0966077 0)
(7.55107 -0.0911092 0)
(7.55393 -0.0859117 0)
(7.55656 -0.0810012 0)
(7.55896 -0.0763646 0)
(7.56117 -0.0719878 0)
(7.56319 -0.0678579 0)
(7.56503 -0.0639603 0)
(7.56672 -0.0602817 0)
(7.56826 -0.0568068 0)
(7.56967 -0.0535216 0)
(7.57096 -0.0504115 0)
(7.57213 -0.0474628 0)
(7.57319 -0.0446622 0)
(7.57415 -0.0419969 0)
(7.575 -0.0394555 0)
(7.57574 -0.0370274 0)
(7.57638 -0.0347057 0)
(7.57691 -0.0324852 0)
(7.57733 -0.0303653 0)
(7.57764 -0.0283468 0)
(7.57785 -0.0264342 0)
(7.57796 -0.0246322 0)
(7.57797 -0.0229462 0)
(7.57791 -0.0213805 0)
(7.57777 -0.0199364 0)
(7.57758 -0.0186139 0)
(7.57735 -0.0174067 0)
(7.5771 -0.0163077 0)
(7.57683 -0.0153029 0)
(7.57657 -0.0143784 0)
(7.57631 -0.0135151 0)
(7.57607 -0.0126943 0)
(7.57585 -0.0118959 0)
(7.57564 -0.0111013 0)
(7.57542 -0.0102951 0)
(7.57518 -0.00946467 0)
(7.57491 -0.00860512 0)
(7.57457 -0.00771552 0)
(7.57415 -0.00680484 0)
(7.57363 -0.00588635 0)
(7.57301 -0.00498104 0)
(7.57227 -0.00411331 0)
(7.57143 -0.00330859 0)
(7.57049 -0.00259287 0)
(7.56947 -0.00198447 0)
(7.5684 -0.00150009 0)
(7.56731 -0.00114256 0)
(7.56623 -0.000913497 0)
(7.56518 -0.00079841 0)
(7.5642 -0.000782321 0)
(7.56329 -0.000837562 0)
(7.56246 -0.00093896 0)
(7.56172 -0.00105522 0)
(7.56105 -0.00116123 0)
(7.56044 -0.00123286 0)
(7.55986 -0.00125454 0)
(7.5593 -0.00121879 0)
(7.55873 -0.0011284 0)
(7.55814 -0.000997693 0)
(7.55752 -0.000841647 0)
(7.55689 -0.000685512 0)
(7.55621 -0.000545968 0)
(7.55553 -0.000445146 0)
(7.55472 -0.000378069 0)
(7.5541 -0.000372928 0)
(7.5526 -0.000351801 0)
(5.00002 -0.00169751 0)
(5.00017 -0.0050875 0)
(5.00051 -0.00846578 0)
(5.00102 -0.0118216 0)
(5.00169 -0.0151463 0)
(5.00251 -0.0184339 0)
(5.00347 -0.0216804 0)
(5.00456 -0.0248838 0)
(5.00577 -0.0280443 0)
(5.00708 -0.0311643 0)
(5.0085 -0.034248 0)
(5.01001 -0.0373016 0)
(5.01161 -0.0403322 0)
(5.01329 -0.0433484 0)
(5.01505 -0.0463596 0)
(5.01687 -0.049376 0)
(5.01877 -0.0524084 0)
(5.02073 -0.0554681 0)
(5.02276 -0.0585666 0)
(5.02484 -0.0617158 0)
(5.02699 -0.0649279 0)
(5.0292 -0.0682152 0)
(5.03147 -0.0715904 0)
(5.0338 -0.0750662 0)
(5.0362 -0.0786555 0)
(5.03866 -0.0823716 0)
(5.04119 -0.0862279 0)
(5.0438 -0.090238 0)
(5.04648 -0.0944156 0)
(5.04924 -0.098775 0)
(5.0521 -0.10333 0)
(5.05504 -0.108096 0)
(5.05808 -0.113088 0)
(5.06124 -0.11832 0)
(5.0645 -0.123808 0)
(5.0679 -0.129567 0)
(5.07143 -0.135614 0)
(5.0751 -0.141964 0)
(5.07894 -0.148635 0)
(5.08294 -0.155641 0)
(5.08713 -0.163001 0)
(5.09151 -0.170732 0)
(5.09611 -0.17885 0)
(5.10093 -0.187373 0)
(5.106 -0.196319 0)
(5.11133 -0.205705 0)
(5.11693 -0.215552 0)
(5.12284 -0.225876 0)
(5.12906 -0.236698 0)
(5.13562 -0.248039 0)
(5.14253 -0.259918 0)
(5.14982 -0.272358 0)
(5.15752 -0.285382 0)
(5.16563 -0.299016 0)
(5.17419 -0.313286 0)
(5.18322 -0.328223 0)
(5.19275 -0.343857 0)
(5.20281 -0.360224 0)
(5.21342 -0.377365 0)
(5.22462 -0.395322 0)
(5.23646 -0.414145 0)
(5.24897 -0.433887 0)
(5.2622 -0.45461 0)
(5.27622 -0.476381 0)
(5.2911 -0.499271 0)
(5.30693 -0.523362 0)
(5.32381 -0.548736 0)
(5.34187 -0.575484 0)
(5.36128 -0.603692 0)
(5.38223 -0.633446 0)
(5.40498 -0.664815 0)
(5.42981 -0.69785 0)
(5.45711 -0.732559 0)
(5.48729 -0.768894 0)
(5.5209 -0.806719 0)
(5.55851 -0.84577 0)
(5.6008 -0.88562 0)
(5.64844 -0.925601 0)
(5.70203 -0.964763 0)
(5.76199 -1.00182 0)
(5.82831 -1.03514 0)
(5.90047 -1.06293 0)
(5.97772 -1.08372 0)
(6.05926 -1.09691 0)
(6.14437 -1.10269 0)
(6.23242 -1.10172 0)
(6.32276 -1.09474 0)
(6.41456 -1.08254 0)
(6.50685 -1.0659 0)
(6.59859 -1.04551 0)
(6.6887 -1.02197 0)
(6.77619 -0.995761 0)
(6.86017 -0.967317 0)
(6.93989 -0.937017 0)
(7.01478 -0.905215 0)
(7.08445 -0.87225 0)
(7.14869 -0.838441 0)
(7.2074 -0.804088 0)
(7.26063 -0.769475 0)
(7.30851 -0.73486 0)
(7.35124 -0.700479 0)
(7.38909 -0.66654 0)
(7.42236 -0.633227 0)
(7.45138 -0.600692 0)
(7.47649 -0.569067 0)
(7.49801 -0.538453 0)
(7.51628 -0.508933 0)
(7.53163 -0.480567 0)
(7.54435 -0.453398 0)
(7.55473 -0.427451 0)
(7.56304 -0.40274 0)
(7.56953 -0.379265 0)
(7.57442 -0.357019 0)
(7.57792 -0.335987 0)
(7.58021 -0.316144 0)
(7.58147 -0.297464 0)
(7.58186 -0.279911 0)
(7.58153 -0.263445 0)
(7.58059 -0.24802 0)
(7.57918 -0.233578 0)
(7.5774 -0.220055 0)
(7.57534 -0.207377 0)
(7.57307 -0.195468 0)
(7.57062 -0.184259 0)
(7.56802 -0.173695 0)
(7.5653 -0.163729 0)
(7.56246 -0.15432 0)
(7.55954 -0.145429 0)
(7.55654 -0.137024 0)
(7.55349 -0.129078 0)
(7.55039 -0.121563 0)
(7.54725 -0.114456 0)
(7.54408 -0.107735 0)
(7.5409 -0.101382 0)
(7.5377 -0.0953803 0)
(7.53451 -0.0897148 0)
(7.53132 -0.0843718 0)
(7.52814 -0.0793381 0)
(7.52499 -0.0745993 0)
(7.52187 -0.0701415 0)
(7.51879 -0.0659481 0)
(7.51576 -0.0620032 0)
(7.51278 -0.0582873 0)
(7.50986 -0.0547819 0)
(7.507 -0.0514656 0)
(7.5042 -0.048319 0)
(7.50146 -0.0453233 0)
(7.49877 -0.0424621 0)
(7.49613 -0.0397219 0)
(7.49354 -0.0370907 0)
(7.49097 -0.0345608 0)
(7.48842 -0.0321263 0)
(7.48587 -0.0297877 0)
(7.48332 -0.0275475 0)
(7.48076 -0.0254146 0)
(7.47818 -0.0233994 0)
(7.47559 -0.0215157 0)
(7.47299 -0.0197764 0)
(7.4704 -0.0181919 0)
(7.46783 -0.0167689 0)
(7.4653 -0.0155049 0)
(7.46284 -0.0143929 0)
(7.46045 -0.013413 0)
(7.45815 -0.0125423 0)
(7.45596 -0.0117466 0)
(7.45387 -0.0109922 0)
(7.45189 -0.0102418 0)
(7.45 -0.00946271 0)
(7.44819 -0.00862801 0)
(7.44642 -0.00771791 0)
(7.44467 -0.00672677 0)
(7.4429 -0.00565627 0)
(7.44108 -0.00452285 0)
(7.43918 -0.00334931 0)
(7.43718 -0.00217276 0)
(7.43505 -0.00103405 0)
(7.43281 1.98428e-05 0)
(7.43045 0.00094367 0)
(7.42802 0.00170018 0)
(7.42553 0.00225973 0)
(7.42304 0.00261664 0)
(7.42057 0.00277284 0)
(7.41818 0.00275712 0)
(7.41589 0.00260103 0)
(7.41373 0.00235583 0)
(7.41172 0.00206615 0)
(7.40984 0.00178012 0)
(7.40808 0.00153624 0)
(7.40641 0.00136319 0)
(7.40481 0.00128524 0)
(7.40323 0.0013171 0)
(7.40162 0.00146417 0)
(7.39996 0.00172222 0)
(7.39821 0.00207297 0)
(7.39638 0.00249416 0)
(7.39444 0.00295074 0)
(7.39246 0.00339268 0)
(7.39037 0.00378086 0)
(7.38869 0.00403344 0)
(7.38568 0.00441239 0)
(5.00002 -0.00188104 0)
(5.0002 -0.00563519 0)
(5.00057 -0.00936862 0)
(5.00115 -0.013065 0)
(5.00191 -0.0167138 0)
(5.00284 -0.0203111 0)
(5.00391 -0.0238567 0)
(5.00513 -0.0273521 0)
(5.00646 -0.0307996 0)
(5.0079 -0.034203 0)
(5.00943 -0.037567 0)
(5.01105 -0.0408978 0)
(5.01273 -0.0442023 0)
(5.01448 -0.0474883 0)
(5.01628 -0.0507639 0)
(5.01812 -0.0540383 0)
(5.02001 -0.0573212 0)
(5.02194 -0.0606229 0)
(5.0239 -0.0639542 0)
(5.02589 -0.0673265 0)
(5.02792 -0.0707517 0)
(5.02997 -0.074242 0)
(5.03206 -0.0778103 0)
(5.03418 -0.0814699 0)
(5.03633 -0.0852343 0)
(5.03852 -0.0891178 0)
(5.04074 -0.0931349 0)
(5.04301 -0.0973006 0)
(5.04532 -0.10163 0)
(5.04769 -0.10614 0)
(5.05011 -0.110845 0)
(5.05259 -0.115763 0)
(5.05514 -0.120911 0)
(5.05777 -0.126305 0)
(5.06048 -0.131964 0)
(5.06328 -0.137905 0)
(5.06619 -0.144147 0)
(5.06921 -0.150708 0)
(5.07236 -0.157608 0)
(5.07564 -0.164864 0)
(5.07908 -0.172496 0)
(5.08268 -0.180525 0)
(5.08645 -0.188968 0)
(5.09042 -0.197847 0)
(5.0946 -0.20718 0)
(5.099 -0.216989 0)
(5.10365 -0.227292 0)
(5.10855 -0.238112 0)
(5.11373 -0.249469 0)
(5.11921 -0.261385 0)
(5.12499 -0.273881 0)
(5.1311 -0.286982 0)
(5.13756 -0.300712 0)
(5.14438 -0.315096 0)
(5.15157 -0.330164 0)
(5.15916 -0.345946 0)
(5.16715 -0.362476 0)
(5.17557 -0.379793 0)
(5.18442 -0.397939 0)
(5.19372 -0.416963 0)
(5.20349 -0.436922 0)
(5.21376 -0.457879 0)
(5.22454 -0.479909 0)
(5.23587 -0.503098 0)
(5.2478 -0.527543 0)
(5.26039 -0.55336 0)
(5.27373 -0.580678 0)
(5.28794 -0.609645 0)
(5.30318 -0.640429 0)
(5.31968 -0.673212 0)
(5.33774 -0.708193 0)
(5.35776 -0.745574 0)
(5.38028 -0.785548 0)
(5.40598 -0.828276 0)
(5.43576 -0.873847 0)
(5.47072 -0.922222 0)
(5.51225 -0.97318 0)
(5.56196 -1.02615 0)
(5.62179 -1.08028 0)
(5.6936 -1.13391 0)
(5.77841 -1.1844 0)
(5.87673 -1.22881 0)
(5.98783 -1.26453 0)
(6.10976 -1.29065 0)
(6.24001 -1.30775 0)
(6.37558 -1.31649 0)
(6.5127 -1.31704 0)
(6.64707 -1.30939 0)
(6.77457 -1.29372 0)
(6.89193 -1.27045 0)
(6.99692 -1.24027 0)
(7.08824 -1.2041 0)
(7.1654 -1.16299 0)
(7.22854 -1.11803 0)
(7.2783 -1.07026 0)
(7.31561 -1.02067 0)
(7.3416 -0.970098 0)
(7.35748 -0.919283 0)
(7.36447 -0.868837 0)
(7.36376 -0.819255 0)
(7.35649 -0.770933 0)
(7.3437 -0.724175 0)
(7.32634 -0.679207 0)
(7.30525 -0.636187 0)
(7.2812 -0.595218 0)
(7.25484 -0.556354 0)
(7.22676 -0.519613 0)
(7.19745 -0.484981 0)
(7.16734 -0.452422 0)
(7.13677 -0.421881 0)
(7.10606 -0.393293 0)
(7.07544 -0.366583 0)
(7.04513 -0.341672 0)
(7.01528 -0.318482 0)
(6.98604 -0.296931 0)
(6.9575 -0.276944 0)
(6.92975 -0.258444 0)
(6.90288 -0.241359 0)
(6.87694 -0.225609 0)
(6.85199 -0.211104 0)
(6.82808 -0.197724 0)
(6.80522 -0.185306 0)
(6.78341 -0.173706 0)
(6.76259 -0.162834 0)
(6.74271 -0.152631 0)
(6.72371 -0.143049 0)
(6.70557 -0.134042 0)
(6.68823 -0.125568 0)
(6.67168 -0.117593 0)
(6.65586 -0.110085 0)
(6.64076 -0.103016 0)
(6.62633 -0.0963596 0)
(6.61254 -0.0900922 0)
(6.59937 -0.0841933 0)
(6.58678 -0.0786451 0)
(6.57474 -0.0734323 0)
(6.56323 -0.0685415 0)
(6.55224 -0.0639606 0)
(6.54173 -0.0596776 0)
(6.53169 -0.05568 0)
(6.52212 -0.0519522 0)
(6.51298 -0.0484775 0)
(6.50428 -0.0452348 0)
(6.496 -0.0422023 0)
(6.48813 -0.0393537 0)
(6.48064 -0.036663 0)
(6.47354 -0.0341023 0)
(6.46678 -0.0316473 0)
(6.46035 -0.0292781 0)
(6.45423 -0.0269791 0)
(6.44839 -0.0247421 0)
(6.44281 -0.0225621 0)
(6.43746 -0.0204423 0)
(6.43231 -0.0183896 0)
(6.42734 -0.016419 0)
(6.42252 -0.0145492 0)
(6.41783 -0.0128035 0)
(6.41328 -0.0112078 0)
(6.40886 -0.00978648 0)
(6.40458 -0.00855904 0)
(6.40046 -0.0075319 0)
(6.39651 -0.00670356 0)
(6.39276 -0.00605493 0)
(6.38924 -0.00555957 0)
(6.38596 -0.00517064 0)
(6.38292 -0.00483611 0)
(6.38013 -0.00449145 0)
(6.37756 -0.0040785 0)
(6.37519 -0.00354115 0)
(6.37298 -0.00283987 0)
(6.37089 -0.00195256 0)
(6.36885 -0.000877094 0)
(6.36682 0.000359289 0)
(6.36473 0.00171649 0)
(6.36256 0.003134 0)
(6.36026 0.0045432 0)
(6.35781 0.00586552 0)
(6.35524 0.00702196 0)
(6.35256 0.00794493 0)
(6.34982 0.00857238 0)
(6.34708 0.00887348 0)
(6.34441 0.00884524 0)
(6.34187 0.0085319 0)
(6.33949 0.00799181 0)
(6.33733 0.00732311 0)
(6.33535 0.00661154 0)
(6.33355 0.0059495 0)
(6.3319 0.00540474 0)
(6.33036 0.00502271 0)
(6.3289 0.00482494 0)
(6.3275 0.00479216 0)
(6.32612 0.00490101 0)
(6.32471 0.00512314 0)
(6.32325 0.00543537 0)
(6.32171 0.00581618 0)
(6.32002 0.00625825 0)
(6.31816 0.00676495 0)
(6.31605 0.00731414 0)
(6.31422 0.00784173 0)
(6.31124 0.00834042 0)
(5.00003 -0.00209636 0)
(5.00024 -0.00627792 0)
(5.00069 -0.0104231 0)
(5.00137 -0.0144954 0)
(5.00225 -0.0184639 0)
(5.00328 -0.0223114 0)
(5.00445 -0.026034 0)
(5.00573 -0.0296352 0)
(5.00713 -0.0331235 0)
(5.00862 -0.0365104 0)
(5.01019 -0.0398104 0)
(5.01182 -0.0430395 0)
(5.01352 -0.0462144 0)
(5.01526 -0.049352 0)
(5.01705 -0.052469 0)
(5.01887 -0.0555819 0)
(5.02072 -0.0587065 0)
(5.02259 -0.0618585 0)
(5.02448 -0.0650531 0)
(5.02639 -0.068305 0)
(5.02831 -0.071629 0)
(5.03024 -0.0750395 0)
(5.03218 -0.0785508 0)
(5.03413 -0.0821773 0)
(5.03609 -0.0859334 0)
(5.03806 -0.0898337 0)
(5.04004 -0.0938931 0)
(5.04204 -0.0981267 0)
(5.04404 -0.10255 0)
(5.04607 -0.107178 0)
(5.04812 -0.112029 0)
(5.0502 -0.117117 0)
(5.05231 -0.122461 0)
(5.05446 -0.128077 0)
(5.05665 -0.133984 0)
(5.05889 -0.1402 0)
(5.0612 -0.146743 0)
(5.06358 -0.153633 0)
(5.06604 -0.160887 0)
(5.06859 -0.168527 0)
(5.07124 -0.176571 0)
(5.07401 -0.185039 0)
(5.07691 -0.193951 0)
(5.07995 -0.203327 0)
(5.08314 -0.213187 0)
(5.0865 -0.223551 0)
(5.09005 -0.234437 0)
(5.09379 -0.245868 0)
(5.09774 -0.257861 0)
(5.10191 -0.270437 0)
(5.10632 -0.283617 0)
(5.11097 -0.297422 0)
(5.11588 -0.311874 0)
(5.12105 -0.326996 0)
(5.1265 -0.342812 0)
(5.13223 -0.359352 0)
(5.13825 -0.376645 0)
(5.14456 -0.394727 0)
(5.15117 -0.413641 0)
(5.15809 -0.433435 0)
(5.16534 -0.454169 0)
(5.17294 -0.475915 0)
(5.18091 -0.498758 0)
(5.1893 -0.522808 0)
(5.19816 -0.548194 0)
(5.2076 -0.57508 0)
(5.21771 -0.603666 0)
(5.22868 -0.6342 0)
(5.24074 -0.666986 0)
(5.25418 -0.702395 0)
(5.26944 -0.740876 0)
(5.28708 -0.782961 0)
(5.30785 -0.829263 0)
(5.33278 -0.88046 0)
(5.36318 -0.937221 0)
(5.40073 -1.00014 0)
(5.44766 -1.06939 0)
(5.50613 -1.14458 0)
(5.58036 -1.22431 0)
(5.67137 -1.30475 0)
(5.78717 -1.3821 0)
(5.93255 -1.4565 0)
(6.102 -1.52472 0)
(6.28091 -1.58161 0)
(6.45342 -1.62151 0)
(6.60748 -1.6396 0)
(6.73499 -1.6339 0)
(6.83112 -1.60568 0)
(6.8943 -1.55829 0)
(6.9256 -1.49593 0)
(6.92784 -1.42289 0)
(6.90473 -1.34312 0)
(6.8603 -1.25993 0)
(6.79857 -1.17596 0)
(6.72329 -1.09317 0)
(6.63779 -1.01296 0)
(6.54495 -0.93625 0)
(6.44721 -0.863615 0)
(6.34658 -0.795357 0)
(6.2447 -0.73159 0)
(6.14289 -0.672293 0)
(6.04218 -0.617354 0)
(5.94341 -0.566606 0)
(5.84718 -0.519839 0)
(5.75396 -0.476827 0)
(5.66409 -0.43733 0)
(5.5778 -0.401109 0)
(5.49522 -0.367924 0)
(5.41641 -0.337546 0)
(5.34139 -0.309755 0)
(5.27012 -0.284345 0)
(5.20254 -0.261124 0)
(5.13852 -0.239915 0)
(5.07796 -0.220556 0)
(5.02072 -0.202908 0)
(4.96665 -0.186842 0)
(4.91561 -0.172258 0)
(4.86747 -0.159072 0)
(4.82212 -0.147228 0)
(4.7795 -0.136674 0)
(4.73963 -0.127337 0)
(4.70247 -0.11888 0)
(4.66778 -0.111021 0)
(4.63525 -0.103647 0)
(4.60469 -0.096724 0)
(4.57597 -0.0902166 0)
(4.54901 -0.0840933 0)
(4.5237 -0.078328 0)
(4.49994 -0.0728997 0)
(4.47764 -0.0677872 0)
(4.45672 -0.0629709 0)
(4.43711 -0.0584324 0)
(4.41872 -0.0541569 0)
(4.40149 -0.050131 0)
(4.38533 -0.0463457 0)
(4.37018 -0.0427932 0)
(4.35599 -0.0394702 0)
(4.34269 -0.0363724 0)
(4.33023 -0.0334981 0)
(4.31857 -0.030842 0)
(4.30768 -0.0283995 0)
(4.29751 -0.0261586 0)
(4.28804 -0.0241052 0)
(4.27925 -0.0222184 0)
(4.27112 -0.0204751 0)
(4.26362 -0.0188481 0)
(4.25672 -0.0173061 0)
(4.2504 -0.0158206 0)
(4.24461 -0.0143622 0)
(4.23933 -0.012911 0)
(4.2345 -0.0114519 0)
(4.23009 -0.00998005 0)
(4.22605 -0.00849426 0)
(4.22235 -0.00700686 0)
(4.21892 -0.00553894 0)
(4.21574 -0.00411809 0)
(4.21276 -0.00278007 0)
(4.20997 -0.00156506 0)
(4.20734 -0.000514498 0)
(4.20486 0.000334261 0)
(4.20257 0.000954891 0)
(4.20049 0.00134036 0)
(4.19867 0.00150417 0)
(4.19717 0.00148247 0)
(4.19601 0.00132835 0)
(4.19523 0.0011048 0)
(4.19485 0.00088971 0)
(4.19485 0.000760479 0)
(4.19522 0.000805711 0)
(4.1959 0.00109037 0)
(4.19683 0.00167071 0)
(4.19792 0.00255932 0)
(4.19912 0.0037496 0)
(4.20031 0.00519359 0)
(4.2014 0.00680607 0)
(4.20235 0.00847765 0)
(4.2031 0.0100851 0)
(4.20367 0.0115126 0)
(4.20404 0.0126435 0)
(4.20427 0.0133924 0)
(4.20444 0.0136914 0)
(4.20468 0.0135154 0)
(4.20511 0.0129102 0)
(4.20581 0.0119983 0)
(4.20685 0.0109152 0)
(4.20822 0.00979049 0)
(4.20989 0.0087621 0)
(4.21179 0.00793014 0)
(4.21384 0.00740084 0)
(4.21589 0.00723688 0)
(4.21784 0.00743586 0)
(4.21968 0.00789924 0)
(4.22143 0.00850682 0)
(4.2231 0.00914958 0)
(4.22473 0.00976645 0)
(4.22642 0.0102184 0)
(4.22816 0.0104439 0)
(4.22983 0.0103938 0)
(4.2312 0.0104024 0)
(4.23191 0.00965202 0)
(5.00003 -0.00236166 0)
(5.0003 -0.00706632 0)
(5.0009 -0.0117292 0)
(5.00184 -0.016326 0)
(5.00306 -0.0208414 0)
(5.00448 -0.0252661 0)
(5.00605 -0.0295899 0)
(5.00774 -0.0338026 0)
(5.00951 -0.0378985 0)
(5.01134 -0.041878 0)
(5.0132 -0.0457462 0)
(5.01508 -0.0495105 0)
(5.01696 -0.0531803 0)
(5.01883 -0.0567669 0)
(5.0207 -0.0602836 0)
(5.02255 -0.0637449 0)
(5.02437 -0.067166 0)
(5.02618 -0.0705628 0)
(5.02796 -0.0739519 0)
(5.02971 -0.0773502 0)
(5.03143 -0.0807749 0)
(5.03313 -0.0842436 0)
(5.03479 -0.0877741 0)
(5.03644 -0.0913843 0)
(5.03805 -0.0950925 0)
(5.03964 -0.0989171 0)
(5.0412 -0.102877 0)
(5.04274 -0.106991 0)
(5.04426 -0.111278 0)
(5.04575 -0.115758 0)
(5.04723 -0.120452 0)
(5.0487 -0.125379 0)
(5.05016 -0.130559 0)
(5.05161 -0.136015 0)
(5.05306 -0.141767 0)
(5.05452 -0.147836 0)
(5.05598 -0.154246 0)
(5.05747 -0.161017 0)
(5.05899 -0.168172 0)
(5.06054 -0.175733 0)
(5.06213 -0.183722 0)
(5.06379 -0.192162 0)
(5.06552 -0.201074 0)
(5.06732 -0.210481 0)
(5.06923 -0.220402 0)
(5.07125 -0.23086 0)
(5.0734 -0.241874 0)
(5.0757 -0.253465 0)
(5.07817 -0.265651 0)
(5.08082 -0.278452 0)
(5.08369 -0.291887 0)
(5.0868 -0.305975 0)
(5.09017 -0.320736 0)
(5.09385 -0.336192 0)
(5.09786 -0.352366 0)
(5.10224 -0.369287 0)
(5.10705 -0.386987 0)
(5.11233 -0.405506 0)
(5.11813 -0.424892 0)
(5.12453 -0.445206 0)
(5.13159 -0.466525 0)
(5.13941 -0.488944 0)
(5.14806 -0.51258 0)
(5.15765 -0.537585 0)
(5.16828 -0.564141 0)
(5.18007 -0.59248 0)
(5.19314 -0.622891 0)
(5.2076 -0.655732 0)
(5.2236 -0.691459 0)
(5.24127 -0.730646 0)
(5.26078 -0.774029 0)
(5.28236 -0.822554 0)
(5.30635 -0.877435 0)
(5.33333 -0.94026 0)
(5.3642 -1.01296 0)
(5.40078 -1.09815 0)
(5.44551 -1.19803 0)
(5.50286 -1.31641 0)
(5.57857 -1.45106 0)
(5.67353 -1.60231 0)
(5.81014 -1.76184 0)
(5.95737 -1.89105 0)
(6.08377 -1.96797 0)
(6.16414 -1.99076 0)
(6.18685 -1.96193 0)
(6.15256 -1.88776 0)
(6.06632 -1.77924 0)
(5.9356 -1.64882 0)
(5.76994 -1.50753 0)
(5.57937 -1.36392 0)
(5.37288 -1.22407 0)
(5.15798 -1.09191 0)
(4.94069 -0.969698 0)
(4.72568 -0.858438 0)
(4.51639 -0.758295 0)
(4.31519 -0.668886 0)
(4.12362 -0.589515 0)
(3.94255 -0.519336 0)
(3.77235 -0.457449 0)
(3.61303 -0.402975 0)
(3.46436 -0.355082 0)
(3.32596 -0.313008 0)
(3.19734 -0.276062 0)
(3.07797 -0.243629 0)
(2.96729 -0.215157 0)
(2.86476 -0.190163 0)
(2.76985 -0.168214 0)
(2.68203 -0.148933 0)
(2.60081 -0.131983 0)
(2.52572 -0.117074 0)
(2.45632 -0.103949 0)
(2.39219 -0.0923878 0)
(2.33292 -0.0821951 0)
(2.27816 -0.0732089 0)
(2.22754 -0.0652863 0)
(2.18072 -0.058317 0)
(2.13738 -0.0522081 0)
(2.0972 -0.0469213 0)
(2.0599 -0.0424123 0)
(2.02547 -0.038881 0)
(1.99387 -0.0362201 0)
(1.96666 -0.0338937 0)
(1.94316 -0.0316608 0)
(1.92221 -0.0295241 0)
(1.90334 -0.0275112 0)
(1.88643 -0.025624 0)
(1.87136 -0.0238637 0)
(1.85795 -0.0222259 0)
(1.84605 -0.0207022 0)
(1.83554 -0.0192761 0)
(1.82632 -0.0179342 0)
(1.81829 -0.0166633 0)
(1.81132 -0.0154565 0)
(1.80534 -0.0143092 0)
(1.80023 -0.0132241 0)
(1.79592 -0.0122061 0)
(1.79233 -0.0112681 0)
(1.7894 -0.0104223 0)
(1.78707 -0.00968648 0)
(1.78532 -0.00906785 0)
(1.78411 -0.00857888 0)
(1.78344 -0.0082104 0)
(1.7833 -0.00795946 0)
(1.78371 -0.00779225 0)
(1.78464 -0.00769013 0)
(1.78611 -0.00760032 0)
(1.7881 -0.00749474 0)
(1.79057 -0.00732147 0)
(1.79349 -0.00705581 0)
(1.7968 -0.00666298 0)
(1.80042 -0.00613713 0)
(1.8043 -0.00546959 0)
(1.80835 -0.00465577 0)
(1.81246 -0.00371724 0)
(1.81656 -0.00267605 0)
(1.8206 -0.00159142 0)
(1.82451 -0.000525042 0)
(1.82826 0.000427469 0)
(1.83185 0.00117421 0)
(1.83535 0.00161795 0)
(1.83884 0.00168001 0)
(1.84244 0.00132182 0)
(1.84626 0.000536177 0)
(1.85043 -0.000599761 0)
(1.85506 -0.00198794 0)
(1.86023 -0.00344743 0)
(1.86599 -0.0048459 0)
(1.87237 -0.00599217 0)
(1.87934 -0.00677781 0)
(1.88678 -0.00706567 0)
(1.89454 -0.00681241 0)
(1.90237 -0.00599654 0)
(1.91009 -0.0046165 0)
(1.91754 -0.0027421 0)
(1.92455 -0.000473326 0)
(1.93098 0.00196572 0)
(1.93674 0.00439837 0)
(1.94191 0.00656027 0)
(1.94657 0.0082478 0)
(1.95085 0.00923801 0)
(1.95485 0.00940269 0)
(1.95882 0.00863144 0)
(1.96309 0.00700333 0)
(1.96795 0.00483791 0)
(1.97345 0.00238272 0)
(1.97956 -2.51438e-05 0)
(1.98621 -0.00215778 0)
(1.99333 -0.00381741 0)
(2.00098 -0.00493783 0)
(2.00891 -0.00535464 0)
(2.01671 -0.005094 0)
(2.02402 -0.00421984 0)
(2.03085 -0.0028895 0)
(2.03736 -0.0013059 0)
(2.04327 0.000494465 0)
(2.04837 0.00241937 0)
(2.05292 0.00408457 0)
(2.05805 0.00527172 0)
(2.06262 0.00591188 0)
(2.07033 0.00638304 0)
(5.00004 -0.0027316 0)
(5.00038 -0.00812551 0)
(5.00105 -0.0132668 0)
(5.00204 -0.0180071 0)
(5.00326 -0.0223455 0)
(5.00467 -0.0263633 0)
(5.00627 -0.0301324 0)
(5.00801 -0.0336973 0)
(5.00987 -0.037095 0)
(5.01181 -0.0403649 0)
(5.0138 -0.0435443 0)
(5.01582 -0.0466636 0)
(5.01786 -0.0497475 0)
(5.01988 -0.0528168 0)
(5.02189 -0.0558898 0)
(5.02386 -0.0589825 0)
(5.0258 -0.0621093 0)
(5.02768 -0.0652833 0)
(5.0295 -0.0685171 0)
(5.03126 -0.0718224 0)
(5.03296 -0.0752112 0)
(5.03458 -0.0786956 0)
(5.03613 -0.0822878 0)
(5.0376 -0.0860005 0)
(5.039 -0.089847 0)
(5.04032 -0.0938411 0)
(5.04156 -0.0979973 0)
(5.04273 -0.102331 0)
(5.04383 -0.106858 0)
(5.04485 -0.111595 0)
(5.04581 -0.116559 0)
(5.04671 -0.121769 0)
(5.04755 -0.127244 0)
(5.04835 -0.133004 0)
(5.04911 -0.139068 0)
(5.04984 -0.145458 0)
(5.05057 -0.152196 0)
(5.0513 -0.159303 0)
(5.05205 -0.166802 0)
(5.05286 -0.174717 0)
(5.05373 -0.18307 0)
(5.05471 -0.191885 0)
(5.05582 -0.201187 0)
(5.0571 -0.210999 0)
(5.0586 -0.221346 0)
(5.06036 -0.232253 0)
(5.06244 -0.243746 0)
(5.0649 -0.25585 0)
(5.06779 -0.268593 0)
(5.0712 -0.282003 0)
(5.07519 -0.296109 0)
(5.07986 -0.310946 0)
(5.08528 -0.326547 0)
(5.09154 -0.342953 0)
(5.09875 -0.360205 0)
(5.10698 -0.378354 0)
(5.11634 -0.397455 0)
(5.12688 -0.417569 0)
(5.1387 -0.438768 0)
(5.15183 -0.461131 0)
(5.16632 -0.48475 0)
(5.18215 -0.509727 0)
(5.19929 -0.536177 0)
(5.21765 -0.564229 0)
(5.23706 -0.59403 0)
(5.2573 -0.625747 0)
(5.27804 -0.659567 0)
(5.29883 -0.695714 0)
(5.31906 -0.734453 0)
(5.33796 -0.776118 0)
(5.35451 -0.821155 0)
(5.36743 -0.870211 0)
(5.37509 -0.92427 0)
(5.37563 -0.984947 0)
(5.36653 -1.05473 0)
(5.34679 -1.13807 0)
(5.31227 -1.24027 0)
(5.27514 -1.37538 0)
(5.21739 -1.54358 0)
(5.22752 -1.80542 0)
(5.19727 -2.08408 0)
(5.10429 -2.17966 0)
(4.8981 -2.10384 0)
(4.58587 -1.93135 0)
(4.22864 -1.71041 0)
(3.86592 -1.47336 0)
(3.5114 -1.24295 0)
(3.17254 -1.03207 0)
(2.85524 -0.846893 0)
(2.56322 -0.689453 0)
(2.29793 -0.559106 0)
(2.05922 -0.453502 0)
(1.84597 -0.369344 0)
(1.65656 -0.303022 0)
(1.48905 -0.25101 0)
(1.34137 -0.210142 0)
(1.2114 -0.17772 0)
(1.09711 -0.151593 0)
(0.996579 -0.130104 0)
(0.908071 -0.112072 0)
(0.830028 -0.0966565 0)
(0.761089 -0.0833197 0)
(0.700066 -0.0716803 0)
(0.645948 -0.0615139 0)
(0.597859 -0.0526259 0)
(0.555057 -0.0449024 0)
(0.516898 -0.0381981 0)
(0.482835 -0.03243 0)
(0.452387 -0.027462 0)
(0.425142 -0.0232283 0)
(0.400736 -0.0196027 0)
(0.378856 -0.016542 0)
(0.359224 -0.0139344 0)
(0.3416 -0.011767 0)
(0.325785 -0.00995283 0)
(0.311609 -0.00854863 0)
(0.299002 -0.00751982 0)
(0.287934 -0.00741266 0)
(0.27887 -0.00781357 0)
(0.273794 -0.0163588 0)
(0.272847 -0.0238076 0)
(0.284735 -0.0283848 0)
(0.30076 -0.0313568 0)
(0.315486 -0.0331692 0)
(0.328579 -0.033957 0)
(0.340706 -0.0340949 0)
(0.352111 -0.0339349 0)
(0.362813 -0.0336656 0)
(0.372876 -0.0333392 0)
(0.382359 -0.0329609 0)
(0.391299 -0.0325256 0)
(0.399702 -0.0320144 0)
(0.407562 -0.0314178 0)
(0.414871 -0.030723 0)
(0.421632 -0.0299358 0)
(0.427856 -0.0290754 0)
(0.433577 -0.0281597 0)
(0.438829 -0.0272438 0)
(0.443724 -0.0263547 0)
(0.448349 -0.0255802 0)
(0.452887 -0.0249248 0)
(0.457455 -0.0244769 0)
(0.46226 -0.0242059 0)
(0.467389 -0.0241815 0)
(0.473004 -0.0243379 0)
(0.479123 -0.0246826 0)
(0.485745 -0.0251035 0)
(0.492745 -0.0255233 0)
(0.499967 -0.0258318 0)
(0.507214 -0.0259397 0)
(0.514271 -0.0258345 0)
(0.52104 -0.0254184 0)
(0.527252 -0.0247152 0)
(0.532756 -0.02365 0)
(0.537356 -0.0223056 0)
(0.540987 -0.0206973 0)
(0.543589 -0.0190046 0)
(0.545144 -0.0173579 0)
(0.5457 -0.0159572 0)
(0.545398 -0.0149032 0)
(0.544632 -0.0142475 0)
(0.543807 -0.0140573 0)
(0.543624 -0.0143009 0)
(0.544637 -0.0151623 0)
(0.547562 -0.0165976 0)
(0.552588 -0.0186362 0)
(0.55984 -0.0210019 0)
(0.569028 -0.0234762 0)
(0.579739 -0.0257127 0)
(0.591321 -0.0273549 0)
(0.602952 -0.0281962 0)
(0.614006 -0.0279444 0)
(0.623723 -0.0266487 0)
(0.631788 -0.0241242 0)
(0.637514 -0.0207484 0)
(0.640773 -0.0168159 0)
(0.641556 -0.0130681 0)
(0.640093 -0.0096481 0)
(0.636912 -0.00681139 0)
(0.632472 -0.00477426 0)
(0.627551 -0.00390717 0)
(0.622855 -0.00446912 0)
(0.619725 -0.00638728 0)
(0.61919 -0.00915941 0)
(0.622034 -0.0121068 0)
(0.62777 -0.015167 0)
(0.635694 -0.0178799 0)
(0.644627 -0.0201559 0)
(0.654402 -0.0215343 0)
(0.664063 -0.0219096 0)
(0.672798 -0.0213289 0)
(0.680807 -0.020334 0)
(0.687874 -0.0192604 0)
(0.694575 -0.0179662 0)
(0.701358 -0.0165448 0)
(0.706614 -0.0142631 0)
(0.709648 -0.0115389 0)
(0.712076 -0.00893529 0)
(0.713014 -0.00738971 0)
(0.715063 -0.00396151 0)
(5.0001 -0.00320543 0)
(5.00102 -0.0100714 0)
(5.00294 -0.0171743 0)
(5.00548 -0.0240816 0)
(5.00813 -0.0305849 0)
(5.01068 -0.0366458 0)
(5.01313 -0.0422626 0)
(5.01551 -0.0474408 0)
(5.01782 -0.0522032 0)
(5.02002 -0.0565875 0)
(5.02211 -0.0606364 0)
(5.0241 -0.0643928 0)
(5.026 -0.0678987 0)
(5.02783 -0.0711949 0)
(5.02958 -0.0743201 0)
(5.03127 -0.0773103 0)
(5.0329 -0.0801992 0)
(5.03449 -0.0830181 0)
(5.03604 -0.0857964 0)
(5.03756 -0.0885617 0)
(5.03907 -0.0913398 0)
(5.04055 -0.0941555 0)
(5.04204 -0.0970327 0)
(5.04352 -0.0999944 0)
(5.04502 -0.103063 0)
(5.04655 -0.106262 0)
(5.04811 -0.109614 0)
(5.04972 -0.11314 0)
(5.05139 -0.116865 0)
(5.05315 -0.120811 0)
(5.05499 -0.125004 0)
(5.05696 -0.129469 0)
(5.05906 -0.134232 0)
(5.06132 -0.13932 0)
(5.06377 -0.144762 0)
(5.06644 -0.150588 0)
(5.06937 -0.15683 0)
(5.07259 -0.16352 0)
(5.07613 -0.170692 0)
(5.08006 -0.178383 0)
(5.0844 -0.18663 0)
(5.08922 -0.195471 0)
(5.09457 -0.204946 0)
(5.1005 -0.215096 0)
(5.10707 -0.225965 0)
(5.11433 -0.237593 0)
(5.12235 -0.250024 0)
(5.13117 -0.2633 0)
(5.14084 -0.277464 0)
(5.15139 -0.292556 0)
(5.16286 -0.308613 0)
(5.17525 -0.325671 0)
(5.18855 -0.343761 0)
(5.20272 -0.362907 0)
(5.21769 -0.38313 0)
(5.23336 -0.404441 0)
(5.24958 -0.426844 0)
(5.26615 -0.450333 0)
(5.28281 -0.474893 0)
(5.29926 -0.500496 0)
(5.31511 -0.527105 0)
(5.3299 -0.554668 0)
(5.34309 -0.583123 0)
(5.35408 -0.612395 0)
(5.36213 -0.642392 0)
(5.36645 -0.67301 0)
(5.36611 -0.704122 0)
(5.36005 -0.735577 0)
(5.34708 -0.767181 0)
(5.32576 -0.798674 0)
(5.29435 -0.829667 0)
(5.25062 -0.859564 0)
(5.19149 -0.887565 0)
(5.1129 -0.912932 0)
(5.00825 -0.935454 0)
(4.87111 -0.956316 0)
(4.68162 -0.977992 0)
(4.44788 -1.01117 0)
(4.05241 -1.05099 0)
(3.8296 -1.23171 0)
(2.70071 -1.02201 0)
(2.14276 -0.76508 0)
(1.65221 -0.576389 0)
(1.169 -0.478402 0)
(0.826983 -0.430851 0)
(0.591123 -0.400833 0)
(0.420077 -0.372057 0)
(0.301219 -0.338931 0)
(0.220011 -0.302943 0)
(0.164891 -0.267001 0)
(0.12778 -0.23298 0)
(0.102664 -0.201833 0)
(0.0852866 -0.173981 0)
(0.0727105 -0.149491 0)
(0.0629884 -0.128215 0)
(0.0548979 -0.109866 0)
(0.0477342 -0.0941103 0)
(0.0411418 -0.0806027 0)
(0.0349844 -0.0690262 0)
(0.0292455 -0.0590941 0)
(0.0239601 -0.0505649 0)
(0.0191708 -0.0432302 0)
(0.0149052 -0.0369213 0)
(0.0111669 -0.0314922 0)
(0.00793657 -0.0268249 0)
(0.00517702 -0.0228141 0)
(0.00284055 -0.0193742 0)
(0.000874922 -0.0164264 0)
(-0.000771584 -0.0139069 0)
(-0.00214752 -0.0117555 0)
(-0.00329581 -0.00992449 0)
(-0.00425425 -0.00836801 0)
(-0.00505666 -0.00705161 0)
(-0.0057337 -0.00594232 0)
(-0.00632315 -0.00501783 0)
(-0.00685315 -0.00426278 0)
(-0.00748726 -0.00365886 0)
(-0.00800769 -0.00326772 0)
(-0.0106267 -0.00290993 0)
(-0.00795114 -0.00571614 0)
(-0.0197683 -0.0604204 0)
(-0.014862 -0.072143 0)
(-0.0124643 -0.0728478 0)
(-0.0120657 -0.0698158 0)
(-0.0125315 -0.0656751 0)
(-0.0133091 -0.0617872 0)
(-0.0141689 -0.0584747 0)
(-0.0150587 -0.0556118 0)
(-0.0159141 -0.0529791 0)
(-0.016792 -0.0504352 0)
(-0.0177116 -0.0478605 0)
(-0.0187498 -0.0451784 0)
(-0.0199662 -0.0423566 0)
(-0.0213648 -0.0394046 0)
(-0.0230107 -0.0363815 0)
(-0.0247998 -0.0333842 0)
(-0.0267808 -0.0305417 0)
(-0.0287572 -0.0280676 0)
(-0.0307306 -0.0261177 0)
(-0.0324726 -0.0249527 0)
(-0.0339214 -0.0245985 0)
(-0.0349216 -0.0252266 0)
(-0.0353382 -0.0266477 0)
(-0.0351744 -0.0289174 0)
(-0.0342657 -0.0315932 0)
(-0.0327803 -0.0345279 0)
(-0.0305967 -0.0371071 0)
(-0.0281507 -0.0391749 0)
(-0.0252727 -0.0403146 0)
(-0.0225781 -0.0405635 0)
(-0.0200308 -0.0397349 0)
(-0.0182257 -0.0376654 0)
(-0.0172399 -0.0343318 0)
(-0.0174534 -0.0296277 0)
(-0.0189718 -0.0239641 0)
(-0.0215723 -0.0172993 0)
(-0.0252928 -0.0100718 0)
(-0.0296699 -0.00248509 0)
(-0.0350586 0.00435005 0)
(-0.0406117 0.00933695 0)
(-0.0461596 0.0115495 0)
(-0.0508203 0.0100123 0)
(-0.0537546 0.00477025 0)
(-0.0548321 -0.00412207 0)
(-0.0537798 -0.0151511 0)
(-0.0508442 -0.0275036 0)
(-0.0457587 -0.0393438 0)
(-0.0392916 -0.0500685 0)
(-0.03124 -0.0580776 0)
(-0.0228912 -0.0632156 0)
(-0.013731 -0.0645583 0)
(-0.00596289 -0.0623109 0)
(0.00054836 -0.0563671 0)
(0.00402459 -0.0464359 0)
(0.00520096 -0.0339747 0)
(0.00384916 -0.0187643 0)
(0.000743163 -0.00245292 0)
(-0.00565094 0.0140644 0)
(-0.0166748 0.0277897 0)
(-0.0261218 0.036851 0)
(-0.0351053 0.0401767 0)
(-0.0423128 0.0367104 0)
(-0.0481546 0.0272614 0)
(-0.0543451 0.0125076 0)
(-0.0577826 -0.00326877 0)
(-0.0605561 -0.0179693 0)
(-0.0611497 -0.0294096 0)
(-0.0612164 -0.0377508 0)
(-0.0602768 -0.0418545 0)
(-0.0586626 -0.043718 0)
(-0.0542564 -0.0436342 0)
(-0.0484344 -0.0428382 0)
(-0.040562 -0.0413217 0)
(-0.0336605 -0.0372754 0)
(-0.02864 -0.0300777 0)
(-0.0256652 -0.0238726 0)
(-0.0216481 -0.0199306 0)
(-0.0209823 -0.0162787 0)
(-0.0274328 -0.0121689 0)
(-0.024393 -0.00412731 0)
(4.99956 -0.00358717 0)
(4.9985 -0.0094222 0)
(4.99917 -0.013729 0)
(5.00156 -0.0173027 0)
(5.00487 -0.0207375 0)
(5.00867 -0.0241526 0)
(5.01289 -0.0275129 0)
(5.01748 -0.0308353 0)
(5.02236 -0.0341707 0)
(5.02748 -0.037548 0)
(5.03281 -0.040969 0)
(5.03832 -0.0444285 0)
(5.04403 -0.0479246 0)
(5.04991 -0.0514586 0)
(5.05597 -0.0550324 0)
(5.06221 -0.0586484 0)
(5.06863 -0.0623108 0)
(5.07521 -0.0660259 0)
(5.08198 -0.0698018 0)
(5.08891 -0.0736487 0)
(5.09601 -0.077578 0)
(5.10328 -0.081603 0)
(5.11071 -0.0857383 0)
(5.11829 -0.0900004 0)
(5.12603 -0.094407 0)
(5.13391 -0.0989777 0)
(5.14193 -0.103733 0)
(5.15008 -0.108696 0)
(5.15835 -0.113889 0)
(5.16674 -0.11934 0)
(5.17524 -0.125073 0)
(5.18383 -0.131118 0)
(5.1925 -0.137504 0)
(5.20124 -0.144262 0)
(5.21003 -0.151424 0)
(5.21885 -0.159024 0)
(5.22768 -0.167096 0)
(5.2365 -0.175674 0)
(5.24527 -0.184792 0)
(5.25395 -0.194486 0)
(5.2625 -0.204788 0)
(5.27085 -0.21573 0)
(5.27896 -0.227343 0)
(5.28673 -0.239654 0)
(5.29407 -0.252683 0)
(5.30088 -0.266449 0)
(5.30702 -0.280962 0)
(5.31234 -0.296226 0)
(5.31667 -0.312234 0)
(5.31981 -0.328971 0)
(5.32152 -0.346407 0)
(5.32154 -0.364502 0)
(5.31958 -0.383199 0)
(5.31531 -0.40243 0)
(5.30835 -0.422107 0)
(5.29831 -0.442128 0)
(5.28474 -0.462375 0)
(5.26716 -0.482715 0)
(5.24505 -0.502999 0)
(5.21787 -0.523065 0)
(5.18504 -0.54274 0)
(5.14594 -0.561839 0)
(5.09995 -0.580169 0)
(5.04641 -0.597528 0)
(4.98466 -0.613705 0)
(4.91401 -0.62848 0)
(4.83382 -0.641614 0)
(4.7434 -0.652852 0)
(4.64217 -0.661899 0)
(4.52961 -0.668412 0)
(4.40545 -0.671877 0)
(4.26962 -0.671171 0)
(4.12169 -0.664107 0)
(3.96038 -0.647355 0)
(3.78202 -0.616763 0)
(3.58321 -0.56706 0)
(3.35026 -0.49275 0)
(3.09241 -0.379343 0)
(2.72226 -0.225136 0)
(2.5083 0.0337795 0)
(1.6096 0.193379 0)
(1.42365 0.101239 0)
(1.25747 -0.114911 0)
(1.0541 -0.295544 0)
(0.900031 -0.403393 0)
(0.767434 -0.450428 0)
(0.645279 -0.453878 0)
(0.538454 -0.430686 0)
(0.447229 -0.393419 0)
(0.370478 -0.35029 0)
(0.306797 -0.306481 0)
(0.254375 -0.265034 0)
(0.211366 -0.227523 0)
(0.176065 -0.194547 0)
(0.14698 -0.166107 0)
(0.12287 -0.141864 0)
(0.102735 -0.12132 0)
(0.0857941 -0.103933 0)
(0.0714426 -0.089189 0)
(0.0592196 -0.0766359 0)
(0.0487713 -0.0658958 0)
(0.0398229 -0.0566645 0)
(0.0321556 -0.0487001 0)
(0.0255907 -0.0418123 0)
(0.0199782 -0.0358486 0)
(0.0151893 -0.0306857 0)
(0.0111119 -0.0262202 0)
(0.0076477 -0.0223643 0)
(0.00471033 -0.0190409 0)
(0.00222388 -0.0161826 0)
(0.0001214 -0.0137289 0)
(-0.00165601 -0.0116269 0)
(-0.00316116 -0.00982869 0)
(-0.00443984 -0.00829246 0)
(-0.00554295 -0.00697846 0)
(-0.0064872 -0.00585036 0)
(-0.00742239 -0.0048618 0)
(-0.00797453 -0.00395484 0)
(-0.00989051 -0.00303932 0)
(-0.00652855 -0.00282275 0)
(-0.0174542 -0.0355745 0)
(-0.0313419 -0.043722 0)
(-0.0453211 -0.0439474 0)
(-0.0579745 -0.0422145 0)
(-0.0694305 -0.040371 0)
(-0.0799358 -0.0388007 0)
(-0.0896858 -0.0374425 0)
(-0.0988522 -0.0361248 0)
(-0.107529 -0.0346952 0)
(-0.11579 -0.0330594 0)
(-0.123649 -0.0311647 0)
(-0.131118 -0.0290392 0)
(-0.138184 -0.0267397 0)
(-0.144812 -0.024408 0)
(-0.151001 -0.0221914 0)
(-0.156717 -0.0202789 0)
(-0.162015 -0.0188464 0)
(-0.166878 -0.0180535 0)
(-0.171419 -0.0180393 0)
(-0.175692 -0.0188396 0)
(-0.179884 -0.0204863 0)
(-0.184104 -0.0228292 0)
(-0.188491 -0.0257533 0)
(-0.193141 -0.028927 0)
(-0.198126 -0.0320854 0)
(-0.203559 -0.0347696 0)
(-0.209414 -0.0366557 0)
(-0.215687 -0.0373357 0)
(-0.222107 -0.0365819 0)
(-0.228637 -0.0342723 0)
(-0.235122 -0.0303653 0)
(-0.24151 -0.0250493 0)
(-0.247479 -0.0185854 0)
(-0.252767 -0.0115235 0)
(-0.257137 -0.00435327 0)
(-0.260448 0.00221828 0)
(-0.262709 0.00765678 0)
(-0.263893 0.0113502 0)
(-0.264027 0.0127747 0)
(-0.263196 0.0114099 0)
(-0.261996 0.00700267 0)
(-0.260943 -0.000249739 0)
(-0.260831 -0.00981676 0)
(-0.262036 -0.0209875 0)
(-0.264874 -0.0330645 0)
(-0.269452 -0.0448063 0)
(-0.275661 -0.0550952 0)
(-0.283456 -0.0625088 0)
(-0.292449 -0.065966 0)
(-0.302545 -0.0645896 0)
(-0.313148 -0.0579928 0)
(-0.323937 -0.0466303 0)
(-0.333929 -0.0314907 0)
(-0.342354 -0.0143641 0)
(-0.348194 0.00332877 0)
(-0.350803 0.0196716 0)
(-0.350167 0.0336237 0)
(-0.345822 0.0435462 0)
(-0.338673 0.0482104 0)
(-0.32975 0.0468592 0)
(-0.321 0.0398307 0)
(-0.313631 0.0282497 0)
(-0.309022 0.0138568 0)
(-0.308028 -0.00140178 0)
(-0.310192 -0.0157548 0)
(-0.315194 -0.028281 0)
(-0.32191 -0.0385143 0)
(-0.330219 -0.0453872 0)
(-0.339658 -0.0486017 0)
(-0.348542 -0.0481382 0)
(-0.355498 -0.0448993 0)
(-0.362492 -0.0394109 0)
(-0.370084 -0.0322205 0)
(-0.377246 -0.0239246 0)
(-0.383158 -0.0144697 0)
(-0.385236 -0.00432124 0)
(-0.38476 0.00624931 0)
(-0.388392 0.0172113 0)
(-0.391834 0.0289187 0)
(-0.396159 0.0398483 0)
(5.00478 -0.0132355 0)
(5.02144 -0.0341268 0)
(5.0406 -0.0485902 0)
(5.05952 -0.0591341 0)
(5.07842 -0.0676426 0)
(5.09779 -0.0746949 0)
(5.1174 -0.0804656 0)
(5.13679 -0.0852187 0)
(5.15563 -0.0892577 0)
(5.17382 -0.0928046 0)
(5.19127 -0.0959972 0)
(5.20788 -0.0989301 0)
(5.22358 -0.101681 0)
(5.23829 -0.104311 0)
(5.25196 -0.106869 0)
(5.26456 -0.109391 0)
(5.27606 -0.111904 0)
(5.28643 -0.114433 0)
(5.29564 -0.116998 0)
(5.30369 -0.119614 0)
(5.31053 -0.122299 0)
(5.31616 -0.125064 0)
(5.32056 -0.127926 0)
(5.32369 -0.130895 0)
(5.32554 -0.133987 0)
(5.32609 -0.137214 0)
(5.32529 -0.14059 0)
(5.32311 -0.14413 0)
(5.31952 -0.147849 0)
(5.31446 -0.151762 0)
(5.30789 -0.155884 0)
(5.29975 -0.160233 0)
(5.28998 -0.164823 0)
(5.2785 -0.169672 0)
(5.26523 -0.174795 0)
(5.25008 -0.180209 0)
(5.23296 -0.185927 0)
(5.21375 -0.191964 0)
(5.19234 -0.198331 0)
(5.16858 -0.205038 0)
(5.14235 -0.212091 0)
(5.11348 -0.219494 0)
(5.08181 -0.227244 0)
(5.04716 -0.235335 0)
(5.00933 -0.243756 0)
(4.96813 -0.252484 0)
(4.92333 -0.261494 0)
(4.87472 -0.270747 0)
(4.82205 -0.280197 0)
(4.7651 -0.289787 0)
(4.70362 -0.299448 0)
(4.63735 -0.309099 0)
(4.56606 -0.318648 0)
(4.4895 -0.327988 0)
(4.40744 -0.337002 0)
(4.31966 -0.345563 0)
(4.22595 -0.35353 0)
(4.12612 -0.360756 0)
(4.02003 -0.367086 0)
(3.90753 -0.372359 0)
(3.78855 -0.376412 0)
(3.66303 -0.37908 0)
(3.53097 -0.3802 0)
(3.39239 -0.379612 0)
(3.24741 -0.377158 0)
(3.09617 -0.372685 0)
(2.93887 -0.366041 0)
(2.77576 -0.357074 0)
(2.60707 -0.345657 0)
(2.43345 -0.331826 0)
(2.25556 -0.315782 0)
(2.07587 -0.2976 0)
(1.89897 -0.276572 0)
(1.72978 -0.250048 0)
(1.5696 -0.212369 0)
(1.42139 -0.155273 0)
(1.27471 -0.0664964 0)
(1.14942 0.0812115 0)
(0.988038 0.291444 0)
(1.07696 0.753799 0)
(0.679503 0.53763 0)
(0.839232 0.288097 0)
(0.870081 0.0909245 0)
(0.823923 -0.0233868 0)
(0.764682 -0.0902065 0)
(0.690451 -0.130296 0)
(0.610223 -0.150808 0)
(0.532418 -0.157496 0)
(0.460206 -0.154994 0)
(0.395104 -0.146686 0)
(0.337652 -0.135087 0)
(0.287649 -0.121979 0)
(0.244523 -0.108566 0)
(0.207533 -0.0956181 0)
(0.175893 -0.0835808 0)
(0.148852 -0.0726723 0)
(0.125729 -0.0629589 0)
(0.105934 -0.054411 0)
(0.0889655 -0.0469466 0)
(0.0744027 -0.0404584 0)
(0.0618964 -0.0348336 0)
(0.051155 -0.0299631 0)
(0.0419334 -0.0257484 0)
(0.0340237 -0.0221019 0)
(0.0272481 -0.0189483 0)
(0.0214528 -0.016222 0)
(0.0165042 -0.0138671 0)
(0.012286 -0.0118346 0)
(0.0086966 -0.0100822 0)
(0.0056474 -0.00857244 0)
(0.00306126 -0.00727232 0)
(0.000871196 -0.00615181 0)
(-0.000981436 -0.00518362 0)
(-0.00254566 -0.00434141 0)
(-0.00387139 -0.00359937 0)
(-0.00497332 -0.00292835 0)
(-0.00597442 -0.00229979 0)
(-0.00654777 -0.00165393 0)
(-0.00808842 -0.00101984 0)
(-0.00527515 -0.000302807 0)
(-0.0126322 -0.0106338 0)
(-0.0228283 -0.015584 0)
(-0.0344893 -0.0173783 0)
(-0.0458351 -0.0177994 0)
(-0.0565661 -0.0177423 0)
(-0.0667782 -0.0175583 0)
(-0.0765481 -0.0173271 0)
(-0.0859181 -0.0170435 0)
(-0.0948879 -0.0166378 0)
(-0.103442 -0.0160708 0)
(-0.111544 -0.0152803 0)
(-0.119153 -0.0142752 0)
(-0.126255 -0.0130458 0)
(-0.132818 -0.0116731 0)
(-0.138882 -0.0102137 0)
(-0.144457 -0.00881233 0)
(-0.149658 -0.00756311 0)
(-0.154544 -0.00663559 0)
(-0.159289 -0.00611896 0)
(-0.16402 -0.0061573 0)
(-0.168932 -0.00677192 0)
(-0.174166 -0.00801643 0)
(-0.179866 -0.00979179 0)
(-0.186141 -0.0120444 0)
(-0.192987 -0.0145454 0)
(-0.20041 -0.0171222 0)
(-0.208236 -0.0194146 0)
(-0.216326 -0.0211726 0)
(-0.224372 -0.0220433 0)
(-0.232166 -0.0218893 0)
(-0.23937 -0.0205048 0)
(-0.245809 -0.0178994 0)
(-0.251276 -0.0141074 0)
(-0.255641 -0.00941688 0)
(-0.258831 -0.0041655 0)
(-0.26081 0.00117174 0)
(-0.261721 0.00617886 0)
(-0.261481 0.0103429 0)
(-0.260485 0.0132053 0)
(-0.25913 0.0143912 0)
(-0.25811 0.0135609 0)
(-0.257927 0.0105921 0)
(-0.259184 0.00549194 0)
(-0.262321 -0.00140979 0)
(-0.267676 -0.00967824 0)
(-0.275485 -0.018701 0)
(-0.285391 -0.0278096 0)
(-0.296955 -0.0361405 0)
(-0.309279 -0.0427643 0)
(-0.321577 -0.0467543 0)
(-0.332918 -0.0473513 0)
(-0.342865 -0.0441225 0)
(-0.350959 -0.0371246 0)
(-0.356955 -0.0269232 0)
(-0.360735 -0.0146117 0)
(-0.362341 -0.00160545 0)
(-0.361576 0.0105797 0)
(-0.358155 0.020763 0)
(-0.352661 0.0279936 0)
(-0.345807 0.0318278 0)
(-0.338752 0.0320471 0)
(-0.332251 0.0290281 0)
(-0.327485 0.0230356 0)
(-0.325075 0.0148781 0)
(-0.325394 0.00536379 0)
(-0.328633 -0.00457666 0)
(-0.334312 -0.0143117 0)
(-0.341518 -0.0232595 0)
(-0.349216 -0.0305259 0)
(-0.357006 -0.0356674 0)
(-0.36449 -0.0387318 0)
(-0.372386 -0.0398276 0)
(-0.38071 -0.0381634 0)
(-0.388584 -0.0337662 0)
(-0.394418 -0.0269497 0)
(-0.397142 -0.0184122 0)
(-0.397524 -0.0103773 0)
(-0.397072 -0.00302976 0)
(-0.388147 0.0053883 0)
(-0.394269 0.010192 0)
(4.98713 -0.0113696 0)
(4.97047 -0.0303514 0)
(4.94909 -0.0448525 0)
(4.91804 -0.0562867 0)
(4.88075 -0.0657658 0)
(4.8406 -0.0736471 0)
(4.79844 -0.0800595 0)
(4.75416 -0.0851998 0)
(4.70793 -0.0893024 0)
(4.66016 -0.0925601 0)
(4.61118 -0.0951152 0)
(4.56119 -0.0970807 0)
(4.51031 -0.0985555 0)
(4.45864 -0.0996239 0)
(4.40627 -0.100358 0)
(4.35327 -0.100817 0)
(4.29967 -0.101053 0)
(4.24552 -0.101107 0)
(4.19082 -0.101019 0)
(4.13558 -0.100819 0)
(4.0798 -0.100536 0)
(4.02348 -0.100195 0)
(3.96657 -0.0998163 0)
(3.90908 -0.0994191 0)
(3.85095 -0.0990208 0)
(3.79215 -0.0986355 0)
(3.73264 -0.0982774 0)
(3.67236 -0.0979574 0)
(3.61126 -0.0976871 0)
(3.54927 -0.0974745 0)
(3.48634 -0.097329 0)
(3.42238 -0.0972558 0)
(3.35732 -0.0972618 0)
(3.29107 -0.0973494 0)
(3.22355 -0.0975224 0)
(3.15467 -0.0977799 0)
(3.08434 -0.0981219 0)
(3.01246 -0.0985432 0)
(2.93892 -0.0990394 0)
(2.86365 -0.0995997 0)
(2.78653 -0.100214 0)
(2.70748 -0.100864 0)
(2.62641 -0.101534 0)
(2.54323 -0.102197 0)
(2.45788 -0.102828 0)
(2.37028 -0.103392 0)
(2.2804 -0.103853 0)
(2.18821 -0.104166 0)
(2.0937 -0.104287 0)
(1.99689 -0.104161 0)
(1.89782 -0.103733 0)
(1.79658 -0.102941 0)
(1.69327 -0.101722 0)
(1.58805 -0.100008 0)
(1.48112 -0.097734 0)
(1.37272 -0.0948317 0)
(1.26313 -0.0912377 0)
(1.15269 -0.0868901 0)
(1.04179 -0.0817347 0)
(0.930862 -0.0757234 0)
(0.820386 -0.0688187 0)
(0.710895 -0.0609939 0)
(0.602955 -0.0522346 0)
(0.497178 -0.0425412 0)
(0.3942 -0.0319261 0)
(0.294683 -0.0204116 0)
(0.199264 -0.00799587 0)
(0.108575 0.00529424 0)
(0.0244998 0.0187768 0)
(-0.0499745 0.0297491 0)
(-0.119396 0.0330747 0)
(-0.186261 0.0297285 0)
(-0.251029 0.0317731 0)
(-0.312801 0.0574053 0)
(-0.368046 0.119326 0)
(-0.405541 0.216851 0)
(-0.398829 0.339105 0)
(-0.328369 0.492756 0)
(-0.147457 0.704187 0)
(0.243018 1.01596 0)
(0.378192 0.320016 0)
(0.64731 0.0920279 0)
(0.692072 0.0154863 0)
(0.686805 -0.019222 0)
(0.663173 -0.0413841 0)
(0.619966 -0.0555855 0)
(0.566179 -0.0625701 0)
(0.508546 -0.0641677 0)
(0.450842 -0.0622255 0)
(0.395644 -0.058164 0)
(0.34448 -0.05301 0)
(0.298084 -0.047456 0)
(0.256673 -0.0419457 0)
(0.220134 -0.0367424 0)
(0.188158 -0.0319854 0)
(0.160333 -0.0277295 0)
(0.136214 -0.0239777 0)
(0.115359 -0.020701 0)
(0.0973551 -0.0178558 0)
(0.0818287 -0.0153923 0)
(0.0684496 -0.013262 0)
(0.0569293 -0.0114196 0)
(0.0470177 -0.00982572 0)
(0.0384985 -0.00844593 0)
(0.0311845 -0.00725136 0)
(0.0249135 -0.00621711 0)
(0.0195446 -0.00532224 0)
(0.0149555 -0.00454843 0)
(0.0110396 -0.00387999 0)
(0.00770477 -0.00330287 0)
(0.00487076 -0.0028047 0)
(0.00246886 -0.00237403 0)
(0.000440043 -0.00200031 0)
(-0.00126343 -0.00167298 0)
(-0.00268607 -0.00138156 0)
(-0.00383854 -0.00111291 0)
(-0.0048093 -0.000856337 0)
(-0.00533397 -0.000576405 0)
(-0.0064218 -0.000315349 0)
(-0.0041928 0.000213965 0)
(-0.00738637 0.000544956 0)
(-0.00908355 -0.000170259 0)
(-0.0124357 -0.000510403 0)
(-0.0164378 -0.00070682 0)
(-0.0205603 -0.000867426 0)
(-0.0247101 -0.0010196 0)
(-0.0288864 -0.00117501 0)
(-0.0330709 -0.00134072 0)
(-0.0372325 -0.00150945 0)
(-0.0413166 -0.00166869 0)
(-0.0452646 -0.00179265 0)
(-0.0489907 -0.00185642 0)
(-0.0524336 -0.00183281 0)
(-0.0555076 -0.00170407 0)
(-0.0581936 -0.00145142 0)
(-0.0604471 -0.00108031 0)
(-0.0623262 -0.000594716 0)
(-0.0638564 -3.26998e-05 0)
(-0.0651774 0.000581461 0)
(-0.0663875 0.00116647 0)
(-0.0676875 0.00168331 0)
(-0.0692273 0.00203901 0)
(-0.0712043 0.00221693 0)
(-0.0737656 0.00212163 0)
(-0.0770341 0.00176038 0)
(-0.0811068 0.00105739 0)
(-0.085957 7.17837e-05 0)
(-0.0915517 -0.00117768 0)
(-0.0976428 -0.00254415 0)
(-0.10402 -0.00393473 0)
(-0.110267 -0.00518575 0)
(-0.11604 -0.00616962 0)
(-0.120894 -0.00674107 0)
(-0.124493 -0.00675831 0)
(-0.126578 -0.00614383 0)
(-0.127008 -0.00486074 0)
(-0.125851 -0.00299146 0)
(-0.123212 -0.000639353 0)
(-0.119446 0.00197565 0)
(-0.114887 0.00460317 0)
(-0.110121 0.00695903 0)
(-0.105683 0.00882615 0)
(-0.102245 0.0100271 0)
(-0.100371 0.0103691 0)
(-0.100654 0.00978676 0)
(-0.103443 0.00828581 0)
(-0.108992 0.0061262 0)
(-0.117506 0.00346339 0)
(-0.128599 0.000518467 0)
(-0.14181 -0.0026494 0)
(-0.155898 -0.00591164 0)
(-0.169759 -0.00909556 0)
(-0.181917 -0.011864 0)
(-0.191325 -0.0137117 0)
(-0.197079 -0.0143385 0)
(-0.198823 -0.0135113 0)
(-0.19685 -0.0112412 0)
(-0.191607 -0.0075484 0)
(-0.183959 -0.00284335 0)
(-0.174656 0.00246786 0)
(-0.164836 0.00771221 0)
(-0.155298 0.0123647 0)
(-0.146964 0.0157451 0)
(-0.140294 0.017423 0)
(-0.135843 0.0173912 0)
(-0.133956 0.0159155 0)
(-0.135113 0.0137859 0)
(-0.13935 0.0116878 0)
(-0.146169 0.0100361 0)
(-0.154845 0.00822188 0)
(-0.164347 0.00560112 0)
(-0.174302 0.00155549 0)
(-0.184311 -0.0030964 0)
(-0.194242 -0.00658992 0)
(-0.202838 -0.00758645 0)
(-0.209115 -0.00625391 0)
(-0.212592 -0.00443494 0)
(-0.211916 -0.0033642 0)
(-0.207149 -0.00167994 0)
(-0.214476 -0.0014546 0)
)
;

boundaryField
{
    Inlet
    {
        type            fixedValue;
        value           uniform (5 0 0);
    }
    Outlet
    {
        type            zeroGradient;
    }
    Wall
    {
        type            noSlip;
    }
    symmetry
    {
        type            symmetry;
    }
    Frontback
    {
        type            empty;
    }
}


// ************************************************************************* //
