/*--------------------------------*- C++ -*----------------------------------*\
  =========                 |
  \\      /  F ield         | OpenFOAM: The Open Source CFD Toolbox
   \\    /   O peration     | Website:  https://openfoam.org
    \\  /    A nd           | Version:  10
     \\/     M anipulation  |
\*---------------------------------------------------------------------------*/
FoamFile
{
    format      ascii;
    class       volVectorField;
    location    "6000";
    object      Ub;
}
// * * * * * * * * * * * * * * * * * * * * * * * * * * * * * * * * * * * * * //

dimensions      [0 1 -1 0 0 0 0];

internalField   nonuniform List<vector> 
3200
(
(-3.07674e-21 -9.87894e-16 0)
(-9.17707e-21 -9.87894e-16 0)
(-1.5173e-20 -9.87894e-16 0)
(-2.10677e-20 -9.87894e-16 0)
(-2.68641e-20 -9.87894e-16 0)
(-3.25642e-20 -9.87894e-16 0)
(-3.81692e-20 -9.87894e-16 0)
(-4.36797e-20 -9.87894e-16 0)
(-4.90952e-20 -9.87894e-16 0)
(-5.44144e-20 -9.87894e-16 0)
(-5.9635e-20 -9.87894e-16 0)
(-6.47538e-20 -9.87894e-16 0)
(-6.97665e-20 -9.87894e-16 0)
(-7.46674e-20 -9.87894e-16 0)
(-7.94499e-20 -9.87894e-16 0)
(-8.41054e-20 -9.87894e-16 0)
(-8.86238e-20 -9.87894e-16 0)
(-9.29926e-20 -9.87894e-16 0)
(-9.71968e-20 -9.87895e-16 0)
(-1.01217e-19 -9.87895e-16 0)
(-1.05031e-19 -9.87895e-16 0)
(-1.08607e-19 -9.87895e-16 0)
(-1.11909e-19 -9.87895e-16 0)
(-1.14886e-19 -9.87896e-16 0)
(-1.17477e-19 -9.87896e-16 0)
(-1.19598e-19 -9.87897e-16 0)
(-1.21144e-19 -9.87897e-16 0)
(-1.2198e-19 -9.87898e-16 0)
(-1.21933e-19 -9.87899e-16 0)
(-1.20787e-19 -9.87901e-16 0)
(-1.18273e-19 -9.87903e-16 0)
(-1.14072e-19 -9.87905e-16 0)
(-1.0781e-19 -9.87908e-16 0)
(-9.90718e-20 -9.87912e-16 0)
(-8.74314e-20 -9.87916e-16 0)
(-7.24991e-20 -9.87921e-16 0)
(-5.40063e-20 -9.87926e-16 0)
(-3.19247e-20 -9.87932e-16 0)
(-6.61917e-21 -9.87937e-16 0)
(2.09983e-20 -9.8794e-16 0)
(-3.07446e-21 -9.87885e-16 0)
(-9.17048e-21 -9.87885e-16 0)
(-1.51627e-20 -9.87885e-16 0)
(-2.10549e-20 -9.87885e-16 0)
(-2.68501e-20 -9.87885e-16 0)
(-3.25507e-20 -9.87885e-16 0)
(-3.81584e-20 -9.87885e-16 0)
(-4.36741e-20 -9.87885e-16 0)
(-4.90977e-20 -9.87885e-16 0)
(-5.44285e-20 -9.87885e-16 0)
(-5.96647e-20 -9.87885e-16 0)
(-6.48037e-20 -9.87885e-16 0)
(-6.98421e-20 -9.87885e-16 0)
(-7.47753e-20 -9.87885e-16 0)
(-7.95979e-20 -9.87885e-16 0)
(-8.43034e-20 -9.87885e-16 0)
(-8.88841e-20 -9.87886e-16 0)
(-9.33313e-20 -9.87886e-16 0)
(-9.76346e-20 -9.87886e-16 0)
(-1.01782e-19 -9.87886e-16 0)
(-1.0576e-19 -9.87887e-16 0)
(-1.0955e-19 -9.87887e-16 0)
(-1.13134e-19 -9.87888e-16 0)
(-1.16485e-19 -9.87889e-16 0)
(-1.19572e-19 -9.8789e-16 0)
(-1.22354e-19 -9.87891e-16 0)
(-1.24775e-19 -9.87893e-16 0)
(-1.26762e-19 -9.87895e-16 0)
(-1.28212e-19 -9.87898e-16 0)
(-1.28985e-19 -9.87902e-16 0)
(-1.28882e-19 -9.87907e-16 0)
(-1.27622e-19 -9.87914e-16 0)
(-1.24808e-19 -9.87922e-16 0)
(-1.19888e-19 -9.87933e-16 0)
(-1.12101e-19 -9.87946e-16 0)
(-1.00436e-19 -9.87962e-16 0)
(-8.36205e-20 -9.87981e-16 0)
(-6.02139e-20 -9.88003e-16 0)
(-2.89377e-20 -9.88025e-16 0)
(1.04759e-20 -9.88043e-16 0)
(-3.06947e-21 -9.87876e-16 0)
(-9.15599e-21 -9.87876e-16 0)
(-1.514e-20 -9.87876e-16 0)
(-2.10261e-20 -9.87876e-16 0)
(-2.68178e-20 -9.87876e-16 0)
(-3.25184e-20 -9.87876e-16 0)
(-3.81302e-20 -9.87876e-16 0)
(-4.36547e-20 -9.87876e-16 0)
(-4.90928e-20 -9.87876e-16 0)
(-5.44446e-20 -9.87876e-16 0)
(-5.97093e-20 -9.87876e-16 0)
(-6.48854e-20 -9.87876e-16 0)
(-6.99708e-20 -9.87876e-16 0)
(-7.49627e-20 -9.87876e-16 0)
(-7.98576e-20 -9.87876e-16 0)
(-8.46518e-20 -9.87877e-16 0)
(-8.93415e-20 -9.87877e-16 0)
(-9.39228e-20 -9.87877e-16 0)
(-9.83924e-20 -9.87878e-16 0)
(-1.02748e-19 -9.87878e-16 0)
(-1.06989e-19 -9.87879e-16 0)
(-1.11117e-19 -9.87879e-16 0)
(-1.15139e-19 -9.8788e-16 0)
(-1.19064e-19 -9.87881e-16 0)
(-1.22912e-19 -9.87883e-16 0)
(-1.26707e-19 -9.87884e-16 0)
(-1.30488e-19 -9.87886e-16 0)
(-1.34302e-19 -9.87889e-16 0)
(-1.38212e-19 -9.87892e-16 0)
(-1.42287e-19 -9.87897e-16 0)
(-1.46595e-19 -9.87903e-16 0)
(-1.51177e-19 -9.8791e-16 0)
(-1.55998e-19 -9.87921e-16 0)
(-1.60848e-19 -9.87934e-16 0)
(-1.65143e-19 -9.87953e-16 0)
(-1.67576e-19 -9.87979e-16 0)
(-1.65455e-19 -9.88015e-16 0)
(-1.53519e-19 -9.88066e-16 0)
(-1.21813e-19 -9.88139e-16 0)
(-5.19317e-20 -9.92205e-16 0)
(-3.06093e-21 -9.87867e-16 0)
(-9.13107e-21 -9.87867e-16 0)
(-1.51007e-20 -9.87867e-16 0)
(-2.09751e-20 -9.87867e-16 0)
(-2.67592e-20 -9.87867e-16 0)
(-3.24569e-20 -9.87867e-16 0)
(-3.80716e-20 -9.87867e-16 0)
(-4.36059e-20 -9.87867e-16 0)
(-4.90616e-20 -9.87867e-16 0)
(-5.444e-20 -9.87867e-16 0)
(-5.97415e-20 -9.87867e-16 0)
(-6.49659e-20 -9.87867e-16 0)
(-7.01125e-20 -9.87867e-16 0)
(-7.51801e-20 -9.87867e-16 0)
(-8.01673e-20 -9.87867e-16 0)
(-8.50726e-20 -9.87868e-16 0)
(-8.98949e-20 -9.87868e-16 0)
(-9.46339e-20 -9.87868e-16 0)
(-9.92911e-20 -9.87869e-16 0)
(-1.03871e-19 -9.87869e-16 0)
(-1.08381e-19 -9.8787e-16 0)
(-1.12835e-19 -9.8787e-16 0)
(-1.17258e-19 -9.87871e-16 0)
(-1.21686e-19 -9.87872e-16 0)
(-1.2617e-19 -9.87873e-16 0)
(-1.30792e-19 -9.87875e-16 0)
(-1.35663e-19 -9.87876e-16 0)
(-1.40948e-19 -9.87878e-16 0)
(-1.46878e-19 -9.8788e-16 0)
(-1.53789e-19 -9.87883e-16 0)
(-1.62163e-19 -9.87886e-16 0)
(-1.72707e-19 -9.8789e-16 0)
(-1.8647e-19 -9.87894e-16 0)
(-2.05044e-19 -9.879e-16 0)
(-2.30889e-19 -9.87908e-16 0)
(-2.67894e-19 -9.87919e-16 0)
(-3.22315e-19 -9.87934e-16 0)
(-4.04394e-19 -9.87954e-16 0)
(-5.33551e-19 -9.87983e-16 0)
(-6.87486e-09 -7.43747e-13 0)
(-3.04766e-21 -9.87859e-16 0)
(-9.09218e-21 -9.87859e-16 0)
(-1.50386e-20 -9.87859e-16 0)
(-2.08935e-20 -9.87859e-16 0)
(-2.66628e-20 -9.87858e-16 0)
(-3.23517e-20 -9.87858e-16 0)
(-3.79648e-20 -9.87858e-16 0)
(-4.35059e-20 -9.87858e-16 0)
(-4.8978e-20 -9.87858e-16 0)
(-5.43837e-20 -9.87858e-16 0)
(-5.97246e-20 -9.87858e-16 0)
(-6.50021e-20 -9.87858e-16 0)
(-7.02166e-20 -9.87858e-16 0)
(-7.53682e-20 -9.87858e-16 0)
(-8.04566e-20 -9.87858e-16 0)
(-8.54814e-20 -9.87858e-16 0)
(-9.0442e-20 -9.87859e-16 0)
(-9.53387e-20 -9.87859e-16 0)
(-1.00173e-19 -9.87859e-16 0)
(-1.04947e-19 -9.8786e-16 0)
(-1.09667e-19 -9.8786e-16 0)
(-1.14345e-19 -9.87861e-16 0)
(-1.18999e-19 -9.87861e-16 0)
(-1.23657e-19 -9.87862e-16 0)
(-1.28361e-19 -9.87863e-16 0)
(-1.33174e-19 -9.87864e-16 0)
(-1.38184e-19 -9.87864e-16 0)
(-1.43517e-19 -9.87865e-16 0)
(-1.49347e-19 -9.87865e-16 0)
(-1.55909e-19 -9.87865e-16 0)
(-1.6352e-19 -9.87864e-16 0)
(-1.72593e-19 -9.87862e-16 0)
(-1.8366e-19 -9.87859e-16 0)
(-1.97371e-19 -9.87853e-16 0)
(-2.14478e-19 -9.87843e-16 0)
(-2.35753e-19 -9.87828e-16 0)
(-2.6177e-19 -9.87806e-16 0)
(-2.92441e-19 -9.8777e-16 0)
(-2.63927e-16 -9.87716e-16 0)
(-1.90837e-06 -1.20631e-10 0)
(-3.02823e-21 -9.8785e-16 0)
(-9.03496e-21 -9.8785e-16 0)
(-1.49464e-20 -9.8785e-16 0)
(-2.07706e-20 -9.8785e-16 0)
(-2.65147e-20 -9.8785e-16 0)
(-3.21853e-20 -9.87849e-16 0)
(-3.77881e-20 -9.87849e-16 0)
(-4.33284e-20 -9.87849e-16 0)
(-4.88107e-20 -9.87849e-16 0)
(-5.42388e-20 -9.87849e-16 0)
(-5.96161e-20 -9.87849e-16 0)
(-6.49449e-20 -9.87849e-16 0)
(-7.02272e-20 -9.87849e-16 0)
(-7.54642e-20 -9.87849e-16 0)
(-8.06561e-20 -9.87849e-16 0)
(-8.58025e-20 -9.87849e-16 0)
(-9.09023e-20 -9.87849e-16 0)
(-9.59532e-20 -9.87849e-16 0)
(-1.00952e-19 -9.87849e-16 0)
(-1.05896e-19 -9.8785e-16 0)
(-1.10779e-19 -9.8785e-16 0)
(-1.15597e-19 -9.87851e-16 0)
(-1.20344e-19 -9.87852e-16 0)
(-1.25014e-19 -9.87852e-16 0)
(-1.29603e-19 -9.87853e-16 0)
(-1.34106e-19 -9.87853e-16 0)
(-1.38517e-19 -9.87854e-16 0)
(-1.42833e-19 -9.87854e-16 0)
(-1.47046e-19 -9.87853e-16 0)
(-1.51142e-19 -9.87852e-16 0)
(-1.55086e-19 -9.87849e-16 0)
(-1.58809e-19 -9.87845e-16 0)
(-1.6217e-19 -9.87839e-16 0)
(-1.64902e-19 -9.8783e-16 0)
(-1.66525e-19 -9.87817e-16 0)
(-1.6621e-19 -9.87799e-16 0)
(-1.62583e-19 -9.87774e-16 0)
(-1.53452e-19 -9.87742e-16 0)
(-1.63709e-14 -9.87701e-16 0)
(-1.04239e-06 -4.44379e-10 0)
(-3.00103e-21 -9.87841e-16 0)
(-8.95462e-21 -9.87841e-16 0)
(-1.48161e-20 -9.87841e-16 0)
(-2.05949e-20 -9.87841e-16 0)
(-2.62995e-20 -9.87841e-16 0)
(-3.19378e-20 -9.87841e-16 0)
(-3.75171e-20 -9.8784e-16 0)
(-4.3044e-20 -9.8784e-16 0)
(-4.85246e-20 -9.8784e-16 0)
(-5.39644e-20 -9.8784e-16 0)
(-5.93683e-20 -9.8784e-16 0)
(-6.47404e-20 -9.87839e-16 0)
(-7.00842e-20 -9.87839e-16 0)
(-7.54024e-20 -9.87839e-16 0)
(-8.06963e-20 -9.87839e-16 0)
(-8.59662e-20 -9.87839e-16 0)
(-9.12103e-20 -9.87839e-16 0)
(-9.64248e-20 -9.87839e-16 0)
(-1.01603e-19 -9.87839e-16 0)
(-1.06734e-19 -9.8784e-16 0)
(-1.11802e-19 -9.8784e-16 0)
(-1.16786e-19 -9.87841e-16 0)
(-1.21656e-19 -9.87841e-16 0)
(-1.2637e-19 -9.87842e-16 0)
(-1.30874e-19 -9.87843e-16 0)
(-1.35097e-19 -9.87844e-16 0)
(-1.38944e-19 -9.87844e-16 0)
(-1.42295e-19 -9.87845e-16 0)
(-1.44994e-19 -9.87845e-16 0)
(-1.46841e-19 -9.87845e-16 0)
(-1.47587e-19 -9.87844e-16 0)
(-1.46916e-19 -9.87843e-16 0)
(-1.44441e-19 -9.8784e-16 0)
(-1.39688e-19 -9.87835e-16 0)
(-1.32095e-19 -9.87828e-16 0)
(-1.21008e-19 -9.87818e-16 0)
(-1.05709e-19 -9.87806e-16 0)
(-8.54717e-20 -9.87791e-16 0)
(-1.66573e-14 -9.87775e-16 0)
(-1.84081e-07 -6.92941e-10 0)
(-2.96445e-21 -9.87833e-16 0)
(-8.84623e-21 -9.87832e-16 0)
(-1.46393e-20 -9.87832e-16 0)
(-2.03543e-20 -9.87832e-16 0)
(-2.60011e-20 -9.87832e-16 0)
(-3.15889e-20 -9.87832e-16 0)
(-3.71264e-20 -9.87831e-16 0)
(-4.26218e-20 -9.87831e-16 0)
(-4.80827e-20 -9.87831e-16 0)
(-5.35164e-20 -9.87831e-16 0)
(-5.89298e-20 -9.8783e-16 0)
(-6.43292e-20 -9.8783e-16 0)
(-6.97205e-20 -9.8783e-16 0)
(-7.51084e-20 -9.87829e-16 0)
(-8.04972e-20 -9.87829e-16 0)
(-8.58892e-20 -9.87829e-16 0)
(-9.12853e-20 -9.87829e-16 0)
(-9.66833e-20 -9.87829e-16 0)
(-1.02078e-19 -9.87829e-16 0)
(-1.07458e-19 -9.87829e-16 0)
(-1.12806e-19 -9.87829e-16 0)
(-1.18096e-19 -9.8783e-16 0)
(-1.2329e-19 -9.87831e-16 0)
(-1.28332e-19 -9.87832e-16 0)
(-1.33146e-19 -9.87833e-16 0)
(-1.37632e-19 -9.87834e-16 0)
(-1.41652e-19 -9.87836e-16 0)
(-1.45028e-19 -9.87838e-16 0)
(-1.47529e-19 -9.8784e-16 0)
(-1.48867e-19 -9.87843e-16 0)
(-1.48684e-19 -9.87846e-16 0)
(-1.46553e-19 -9.87849e-16 0)
(-1.41976e-19 -9.87852e-16 0)
(-1.34406e-19 -9.87855e-16 0)
(-1.23272e-19 -9.87857e-16 0)
(-1.0804e-19 -9.87859e-16 0)
(-8.82923e-20 -9.87861e-16 0)
(-6.38346e-20 -9.87861e-16 0)
(-8.03988e-15 -9.87861e-16 0)
(-2.86017e-15 -7.48972e-10 0)
(-2.91695e-21 -9.87824e-16 0)
(-8.70517e-21 -9.87824e-16 0)
(-1.44081e-20 -9.87824e-16 0)
(-2.00375e-20 -9.87824e-16 0)
(-2.56043e-20 -9.87823e-16 0)
(-3.11189e-20 -9.87823e-16 0)
(-3.65913e-20 -9.87823e-16 0)
(-4.2031e-20 -9.87822e-16 0)
(-4.74475e-20 -9.87822e-16 0)
(-5.28497e-20 -9.87821e-16 0)
(-5.82468e-20 -9.87821e-16 0)
(-6.36476e-20 -9.8782e-16 0)
(-6.90608e-20 -9.8782e-16 0)
(-7.44948e-20 -9.87819e-16 0)
(-7.99579e-20 -9.87819e-16 0)
(-8.54574e-20 -9.87819e-16 0)
(-9.09997e-20 -9.87818e-16 0)
(-9.659e-20 -9.87818e-16 0)
(-1.02231e-19 -9.87818e-16 0)
(-1.07922e-19 -9.87818e-16 0)
(-1.13657e-19 -9.87818e-16 0)
(-1.19424e-19 -9.87818e-16 0)
(-1.25202e-19 -9.87819e-16 0)
(-1.30956e-19 -9.8782e-16 0)
(-1.36632e-19 -9.87821e-16 0)
(-1.42154e-19 -9.87823e-16 0)
(-1.47411e-19 -9.87826e-16 0)
(-1.52249e-19 -9.87829e-16 0)
(-1.56456e-19 -9.87833e-16 0)
(-1.59748e-19 -9.87839e-16 0)
(-1.61743e-19 -9.87845e-16 0)
(-1.61946e-19 -9.87854e-16 0)
(-1.59727e-19 -9.87864e-16 0)
(-1.54302e-19 -9.87876e-16 0)
(-1.44747e-19 -9.8789e-16 0)
(-1.30035e-19 -9.87906e-16 0)
(-1.09155e-19 -9.87924e-16 0)
(-8.13462e-20 -9.87942e-16 0)
(-1.18793e-14 -9.8796e-16 0)
(-7.08916e-15 -7.58001e-10 0)
(-2.85726e-21 -9.87816e-16 0)
(-8.52757e-21 -9.87816e-16 0)
(-1.41159e-20 -9.87815e-16 0)
(-1.96347e-20 -9.87815e-16 0)
(-2.50959e-20 -9.87815e-16 0)
(-3.05107e-20 -9.87814e-16 0)
(-3.58899e-20 -9.87814e-16 0)
(-4.12444e-20 -9.87813e-16 0)
(-4.65848e-20 -9.87813e-16 0)
(-5.1922e-20 -9.87812e-16 0)
(-5.7267e-20 -9.87812e-16 0)
(-6.26311e-20 -9.87811e-16 0)
(-6.80261e-20 -9.8781e-16 0)
(-7.34644e-20 -9.8781e-16 0)
(-7.89591e-20 -9.87809e-16 0)
(-8.45239e-20 -9.87808e-16 0)
(-9.01732e-20 -9.87807e-16 0)
(-9.59227e-20 -9.87807e-16 0)
(-1.01788e-19 -9.87806e-16 0)
(-1.07787e-19 -9.87806e-16 0)
(-1.13937e-19 -9.87806e-16 0)
(-1.20255e-19 -9.87806e-16 0)
(-1.2676e-19 -9.87806e-16 0)
(-1.33468e-19 -9.87806e-16 0)
(-1.40392e-19 -9.87807e-16 0)
(-1.4754e-19 -9.87809e-16 0)
(-1.54909e-19 -9.87811e-16 0)
(-1.62478e-19 -9.87815e-16 0)
(-1.70195e-19 -9.8782e-16 0)
(-1.77956e-19 -9.87826e-16 0)
(-1.85571e-19 -9.87835e-16 0)
(-1.9271e-19 -9.87846e-16 0)
(-1.98821e-19 -9.87861e-16 0)
(-2.03004e-19 -9.87881e-16 0)
(-2.03822e-19 -9.87908e-16 0)
(-1.99039e-19 -9.87941e-16 0)
(-1.85263e-19 -9.87984e-16 0)
(-1.57504e-19 -9.88036e-16 0)
(-3.34907e-14 -9.88104e-16 0)
(-3.08411e-14 -3.33644e-09 0)
(-2.78449e-21 -9.87808e-16 0)
(-8.3107e-21 -9.87807e-16 0)
(-1.3758e-20 -9.87807e-16 0)
(-1.91392e-20 -9.87807e-16 0)
(-2.44665e-20 -9.87807e-16 0)
(-2.97516e-20 -9.87806e-16 0)
(-3.50059e-20 -9.87805e-16 0)
(-4.02409e-20 -9.87805e-16 0)
(-4.5468e-20 -9.87804e-16 0)
(-5.06991e-20 -9.87803e-16 0)
(-5.59467e-20 -9.87802e-16 0)
(-6.12239e-20 -9.87802e-16 0)
(-6.6545e-20 -9.87801e-16 0)
(-7.19254e-20 -9.878e-16 0)
(-7.73822e-20 -9.87799e-16 0)
(-8.29347e-20 -9.87798e-16 0)
(-8.86046e-20 -9.87797e-16 0)
(-9.4417e-20 -9.87795e-16 0)
(-1.00401e-19 -9.87794e-16 0)
(-1.06591e-19 -9.87793e-16 0)
(-1.13029e-19 -9.87793e-16 0)
(-1.19764e-19 -9.87792e-16 0)
(-1.26858e-19 -9.87791e-16 0)
(-1.34385e-19 -9.87791e-16 0)
(-1.42442e-19 -9.8779e-16 0)
(-1.51149e-19 -9.87791e-16 0)
(-1.60658e-19 -9.87791e-16 0)
(-1.71164e-19 -9.87793e-16 0)
(-1.82918e-19 -9.87796e-16 0)
(-1.96235e-19 -9.87799e-16 0)
(-2.11511e-19 -9.87805e-16 0)
(-2.29227e-19 -9.87814e-16 0)
(-2.49933e-19 -9.87826e-16 0)
(-2.74195e-19 -9.87844e-16 0)
(-3.02438e-19 -9.87869e-16 0)
(-3.34602e-19 -9.87906e-16 0)
(-3.6942e-19 -9.87961e-16 0)
(-4.02981e-19 -9.88043e-16 0)
(-1.58279e-12 -3.81508e-15 0)
(3.24446e-08 -3.43662e-05 0)
(-2.69824e-21 -9.878e-16 0)
(-8.05338e-21 -9.878e-16 0)
(-1.33324e-20 -9.87799e-16 0)
(-1.85478e-20 -9.87799e-16 0)
(-2.37117e-20 -9.87798e-16 0)
(-2.88357e-20 -9.87798e-16 0)
(-3.39311e-20 -9.87797e-16 0)
(-3.90093e-20 -9.87796e-16 0)
(-4.40819e-20 -9.87796e-16 0)
(-4.91611e-20 -9.87795e-16 0)
(-5.42594e-20 -9.87794e-16 0)
(-5.93908e-20 -9.87792e-16 0)
(-6.457e-20 -9.87791e-16 0)
(-6.98138e-20 -9.8779e-16 0)
(-7.51408e-20 -9.87789e-16 0)
(-8.05726e-20 -9.87787e-16 0)
(-8.61341e-20 -9.87786e-16 0)
(-9.18545e-20 -9.87784e-16 0)
(-9.7769e-20 -9.87782e-16 0)
(-1.0392e-19 -9.87781e-16 0)
(-1.1036e-19 -9.87779e-16 0)
(-1.17152e-19 -9.87777e-16 0)
(-1.24379e-19 -9.87775e-16 0)
(-1.32143e-19 -9.87773e-16 0)
(-1.40578e-19 -9.87771e-16 0)
(-1.49859e-19 -9.87769e-16 0)
(-1.60217e-19 -9.87767e-16 0)
(-1.71966e-19 -9.87765e-16 0)
(-1.8554e-19 -9.87763e-16 0)
(-2.01546e-19 -9.87761e-16 0)
(-2.20863e-19 -9.87759e-16 0)
(-2.44787e-19 -9.87757e-16 0)
(-2.75278e-19 -9.87754e-16 0)
(-3.15383e-19 -9.8775e-16 0)
(-3.69939e-19 -9.87746e-16 0)
(-4.46784e-19 -9.87739e-16 0)
(-5.58844e-19 -9.87729e-16 0)
(-3.10828e-18 -9.87716e-16 0)
(-6.88294e-07 -1.18925e-09 0)
(-5.82782e-07 -0.00018678 0)
(-2.59872e-21 -9.87792e-16 0)
(-7.75619e-21 -9.87792e-16 0)
(-1.28399e-20 -9.87792e-16 0)
(-1.78617e-20 -9.87791e-16 0)
(-2.2833e-20 -9.87791e-16 0)
(-2.77645e-20 -9.8779e-16 0)
(-3.26669e-20 -9.87789e-16 0)
(-3.7551e-20 -9.87788e-16 0)
(-4.24275e-20 -9.87787e-16 0)
(-4.73076e-20 -9.87786e-16 0)
(-5.22032e-20 -9.87785e-16 0)
(-5.71268e-20 -9.87784e-16 0)
(-6.20923e-20 -9.87782e-16 0)
(-6.71148e-20 -9.87781e-16 0)
(-7.22113e-20 -9.87779e-16 0)
(-7.74014e-20 -9.87777e-16 0)
(-8.27073e-20 -9.87775e-16 0)
(-8.81552e-20 -9.87773e-16 0)
(-9.37757e-20 -9.87771e-16 0)
(-9.96056e-20 -9.87768e-16 0)
(-1.05689e-19 -9.87766e-16 0)
(-1.12078e-19 -9.87763e-16 0)
(-1.18837e-19 -9.8776e-16 0)
(-1.26044e-19 -9.87757e-16 0)
(-1.33795e-19 -9.87753e-16 0)
(-1.42204e-19 -9.87749e-16 0)
(-1.51411e-19 -9.87744e-16 0)
(-1.61582e-19 -9.87738e-16 0)
(-1.72909e-19 -9.87732e-16 0)
(-1.85606e-19 -9.87724e-16 0)
(-1.99889e-19 -9.87714e-16 0)
(-2.15932e-19 -9.87702e-16 0)
(-2.33774e-19 -9.87686e-16 0)
(-2.53117e-19 -9.87665e-16 0)
(-2.72956e-19 -9.87636e-16 0)
(-2.90856e-19 -9.87596e-16 0)
(-3.01604e-19 -9.87539e-16 0)
(-4.01957e-13 -9.87504e-16 0)
(-3.15417e-06 -1.90907e-08 0)
(-2.12297e-06 -0.000326316 0)
(-2.48672e-21 -9.87785e-16 0)
(-7.42155e-21 -9.87784e-16 0)
(-1.22847e-20 -9.87784e-16 0)
(-1.70868e-20 -9.87784e-16 0)
(-2.18379e-20 -9.87783e-16 0)
(-2.65477e-20 -9.87782e-16 0)
(-3.12255e-20 -9.87781e-16 0)
(-3.58807e-20 -9.8778e-16 0)
(-4.05224e-20 -9.87779e-16 0)
(-4.516e-20 -9.87778e-16 0)
(-4.98033e-20 -9.87777e-16 0)
(-5.44625e-20 -9.87775e-16 0)
(-5.91482e-20 -9.87773e-16 0)
(-6.38721e-20 -9.87772e-16 0)
(-6.86467e-20 -9.8777e-16 0)
(-7.34858e-20 -9.87767e-16 0)
(-7.84046e-20 -9.87765e-16 0)
(-8.34199e-20 -9.87763e-16 0)
(-8.85507e-20 -9.8776e-16 0)
(-9.38179e-20 -9.87757e-16 0)
(-9.92448e-20 -9.87754e-16 0)
(-1.04857e-19 -9.8775e-16 0)
(-1.10681e-19 -9.87746e-16 0)
(-1.16746e-19 -9.87742e-16 0)
(-1.23078e-19 -9.87737e-16 0)
(-1.29701e-19 -9.87731e-16 0)
(-1.36627e-19 -9.87725e-16 0)
(-1.43849e-19 -9.87717e-16 0)
(-1.5133e-19 -9.87709e-16 0)
(-1.58974e-19 -9.87698e-16 0)
(-1.66603e-19 -9.87686e-16 0)
(-1.73905e-19 -9.87672e-16 0)
(-1.80375e-19 -9.87655e-16 0)
(-1.85245e-19 -9.87634e-16 0)
(-1.87397e-19 -9.87609e-16 0)
(-1.85312e-19 -9.8758e-16 0)
(-1.77123e-19 -9.87548e-16 0)
(-3.75712e-12 -9.87753e-16 0)
(-2.13954e-06 -7.2723e-08 0)
(-1.43741e-06 -0.000359266 0)
(-2.3636e-21 -9.87778e-16 0)
(-7.05353e-21 -9.87777e-16 0)
(-1.16736e-20 -9.87777e-16 0)
(-1.62329e-20 -9.87777e-16 0)
(-2.07398e-20 -9.87776e-16 0)
(-2.52025e-20 -9.87775e-16 0)
(-2.96284e-20 -9.87774e-16 0)
(-3.40251e-20 -9.87773e-16 0)
(-3.83996e-20 -9.87772e-16 0)
(-4.27589e-20 -9.8777e-16 0)
(-4.711e-20 -9.87769e-16 0)
(-5.14597e-20 -9.87767e-16 0)
(-5.58146e-20 -9.87765e-16 0)
(-6.01816e-20 -9.87763e-16 0)
(-6.45673e-20 -9.87761e-16 0)
(-6.89781e-20 -9.87759e-16 0)
(-7.34202e-20 -9.87756e-16 0)
(-7.78991e-20 -9.87753e-16 0)
(-8.24197e-20 -9.8775e-16 0)
(-8.69854e-20 -9.87747e-16 0)
(-9.15973e-20 -9.87743e-16 0)
(-9.62533e-20 -9.87739e-16 0)
(-1.00946e-19 -9.87735e-16 0)
(-1.05662e-19 -9.8773e-16 0)
(-1.10376e-19 -9.87724e-16 0)
(-1.15049e-19 -9.87718e-16 0)
(-1.19621e-19 -9.87711e-16 0)
(-1.24003e-19 -9.87704e-16 0)
(-1.28072e-19 -9.87695e-16 0)
(-1.31655e-19 -9.87685e-16 0)
(-1.34518e-19 -9.87674e-16 0)
(-1.36358e-19 -9.87661e-16 0)
(-1.36792e-19 -9.87648e-16 0)
(-1.35359e-19 -9.87632e-16 0)
(-1.3154e-19 -9.87615e-16 0)
(-1.248e-19 -9.87598e-16 0)
(-1.14696e-19 -9.8758e-16 0)
(-7.94345e-12 -9.88234e-16 0)
(-1.47914e-06 -1.6471e-07 0)
(-9.36982e-07 -0.000378379 0)
(-2.23115e-21 -9.87771e-16 0)
(-6.65754e-21 -9.87771e-16 0)
(-1.10158e-20 -9.8777e-16 0)
(-1.53133e-20 -9.8777e-16 0)
(-1.95565e-20 -9.87769e-16 0)
(-2.37517e-20 -9.87768e-16 0)
(-2.79044e-20 -9.87767e-16 0)
(-3.20201e-20 -9.87766e-16 0)
(-3.61036e-20 -9.87765e-16 0)
(-4.01591e-20 -9.87763e-16 0)
(-4.41907e-20 -9.87762e-16 0)
(-4.82017e-20 -9.8776e-16 0)
(-5.21947e-20 -9.87758e-16 0)
(-5.61717e-20 -9.87756e-16 0)
(-6.01334e-20 -9.87753e-16 0)
(-6.40794e-20 -9.87751e-16 0)
(-6.80076e-20 -9.87748e-16 0)
(-7.19138e-20 -9.87745e-16 0)
(-7.57911e-20 -9.87742e-16 0)
(-7.96291e-20 -9.87738e-16 0)
(-8.34127e-20 -9.87735e-16 0)
(-8.71213e-20 -9.8773e-16 0)
(-9.0727e-20 -9.87726e-16 0)
(-9.41927e-20 -9.87721e-16 0)
(-9.74701e-20 -9.87716e-16 0)
(-1.00497e-19 -9.8771e-16 0)
(-1.03194e-19 -9.87703e-16 0)
(-1.05464e-19 -9.87696e-16 0)
(-1.07187e-19 -9.87689e-16 0)
(-1.08221e-19 -9.8768e-16 0)
(-1.084e-19 -9.87671e-16 0)
(-1.07538e-19 -9.87662e-16 0)
(-1.05441e-19 -9.87652e-16 0)
(-1.01911e-19 -9.87641e-16 0)
(-9.67757e-20 -9.8763e-16 0)
(-8.99107e-20 -9.87619e-16 0)
(-8.13105e-20 -9.87609e-16 0)
(-1.22111e-11 -9.88964e-16 0)
(-1.1219e-06 -2.88756e-07 0)
(-5.82375e-07 -0.00039208 0)
(-2.09144e-21 -9.87765e-16 0)
(-6.23984e-21 -9.87765e-16 0)
(-1.0322e-20 -9.87764e-16 0)
(-1.43433e-20 -9.87764e-16 0)
(-1.83083e-20 -9.87763e-16 0)
(-2.22215e-20 -9.87762e-16 0)
(-2.60864e-20 -9.87761e-16 0)
(-2.99065e-20 -9.8776e-16 0)
(-3.36842e-20 -9.87758e-16 0)
(-3.74216e-20 -9.87757e-16 0)
(-4.112e-20 -9.87755e-16 0)
(-4.47797e-20 -9.87753e-16 0)
(-4.83998e-20 -9.87751e-16 0)
(-5.19785e-20 -9.87749e-16 0)
(-5.55121e-20 -9.87746e-16 0)
(-5.89952e-20 -9.87744e-16 0)
(-6.24198e-20 -9.87741e-16 0)
(-6.57753e-20 -9.87738e-16 0)
(-6.90476e-20 -9.87735e-16 0)
(-7.22185e-20 -9.87731e-16 0)
(-7.52648e-20 -9.87728e-16 0)
(-7.81576e-20 -9.87724e-16 0)
(-8.08613e-20 -9.87719e-16 0)
(-8.33326e-20 -9.87715e-16 0)
(-8.55196e-20 -9.8771e-16 0)
(-8.73613e-20 -9.87705e-16 0)
(-8.87873e-20 -9.87699e-16 0)
(-8.97176e-20 -9.87693e-16 0)
(-9.00643e-20 -9.87687e-16 0)
(-8.97337e-20 -9.8768e-16 0)
(-8.86298e-20 -9.87674e-16 0)
(-8.66601e-20 -9.87667e-16 0)
(-8.37427e-20 -9.87659e-16 0)
(-7.98158e-20 -9.87652e-16 0)
(-7.48472e-20 -9.87645e-16 0)
(-6.88454e-20 -9.87639e-16 0)
(-6.19194e-20 -9.87633e-16 0)
(-1.63207e-11 -9.89983e-16 0)
(-9.01848e-07 -4.43429e-07 0)
(-3.04416e-07 -0.000403451 0)
(-1.94668e-21 -9.87759e-16 0)
(-5.80709e-21 -9.87759e-16 0)
(-9.60337e-21 -9.87758e-16 0)
(-1.33389e-20 -9.87758e-16 0)
(-1.70166e-20 -9.87757e-16 0)
(-2.0639e-20 -9.87756e-16 0)
(-2.42081e-20 -9.87755e-16 0)
(-2.77253e-20 -9.87754e-16 0)
(-3.11914e-20 -9.87752e-16 0)
(-3.46066e-20 -9.87751e-16 0)
(-3.797e-20 -9.87749e-16 0)
(-4.12799e-20 -9.87747e-16 0)
(-4.45332e-20 -9.87745e-16 0)
(-4.77256e-20 -9.87743e-16 0)
(-5.08508e-20 -9.8774e-16 0)
(-5.39008e-20 -9.87738e-16 0)
(-5.6865e-20 -9.87735e-16 0)
(-5.97301e-20 -9.87732e-16 0)
(-6.24795e-20 -9.87729e-16 0)
(-6.5093e-20 -9.87726e-16 0)
(-6.75459e-20 -9.87722e-16 0)
(-6.9809e-20 -9.87718e-16 0)
(-7.18478e-20 -9.87715e-16 0)
(-7.36224e-20 -9.8771e-16 0)
(-7.50873e-20 -9.87706e-16 0)
(-7.61916e-20 -9.87702e-16 0)
(-7.68797e-20 -9.87697e-16 0)
(-7.70923e-20 -9.87692e-16 0)
(-7.67686e-20 -9.87688e-16 0)
(-7.58487e-20 -9.87683e-16 0)
(-7.42776e-20 -9.87678e-16 0)
(-7.20093e-20 -9.87673e-16 0)
(-6.90127e-20 -9.87668e-16 0)
(-6.52767e-20 -9.87663e-16 0)
(-6.08166e-20 -9.87659e-16 0)
(-5.56783e-20 -9.87655e-16 0)
(-5.00112e-20 -9.87651e-16 0)
(-2.09409e-11 -9.91462e-16 0)
(-7.52675e-07 -6.41641e-07 0)
(-7.577e-08 -0.000413723 0)
(-1.79904e-21 -9.87754e-16 0)
(-5.36582e-21 -9.87753e-16 0)
(-8.87087e-21 -9.87753e-16 0)
(-1.23158e-20 -9.87752e-16 0)
(-1.57019e-20 -9.87752e-16 0)
(-1.90301e-20 -9.87751e-16 0)
(-2.2301e-20 -9.8775e-16 0)
(-2.55146e-20 -9.87748e-16 0)
(-2.86704e-20 -9.87747e-16 0)
(-3.17672e-20 -9.87745e-16 0)
(-3.4803e-20 -9.87744e-16 0)
(-3.77748e-20 -9.87742e-16 0)
(-4.06786e-20 -9.8774e-16 0)
(-4.35091e-20 -9.87737e-16 0)
(-4.62597e-20 -9.87735e-16 0)
(-4.89218e-20 -9.87732e-16 0)
(-5.1485e-20 -9.8773e-16 0)
(-5.39367e-20 -9.87727e-16 0)
(-5.62617e-20 -9.87724e-16 0)
(-5.8442e-20 -9.87721e-16 0)
(-6.04565e-20 -9.87718e-16 0)
(-6.22806e-20 -9.87714e-16 0)
(-6.38863e-20 -9.87711e-16 0)
(-6.52416e-20 -9.87707e-16 0)
(-6.63111e-20 -9.87704e-16 0)
(-6.70554e-20 -9.877e-16 0)
(-6.74323e-20 -9.87696e-16 0)
(-6.73969e-20 -9.87693e-16 0)
(-6.69031e-20 -9.87689e-16 0)
(-6.59049e-20 -9.87686e-16 0)
(-6.43589e-20 -9.87682e-16 0)
(-6.22275e-20 -9.87679e-16 0)
(-5.94822e-20 -9.87676e-16 0)
(-5.61095e-20 -9.87673e-16 0)
(-5.21163e-20 -9.87671e-16 0)
(-4.75375e-20 -9.87669e-16 0)
(-4.2538e-20 -9.87667e-16 0)
(-2.68875e-11 -9.9356e-16 0)
(-6.34884e-07 -8.89445e-07 0)
(1.41698e-07 -0.00042348 0)
(-1.65056e-21 -9.87749e-16 0)
(-4.92214e-21 -9.87748e-16 0)
(-8.1347e-21 -9.87748e-16 0)
(-1.12883e-20 -9.87747e-16 0)
(-1.43828e-20 -9.87747e-16 0)
(-1.7418e-20 -9.87746e-16 0)
(-2.03931e-20 -9.87745e-16 0)
(-2.33073e-20 -9.87743e-16 0)
(-2.61591e-20 -9.87742e-16 0)
(-2.89467e-20 -9.8774e-16 0)
(-3.16675e-20 -9.87739e-16 0)
(-3.43184e-20 -9.87737e-16 0)
(-3.68954e-20 -9.87735e-16 0)
(-3.93937e-20 -9.87733e-16 0)
(-4.18074e-20 -9.8773e-16 0)
(-4.41297e-20 -9.87728e-16 0)
(-4.63522e-20 -9.87725e-16 0)
(-4.84656e-20 -9.87723e-16 0)
(-5.04587e-20 -9.8772e-16 0)
(-5.23188e-20 -9.87717e-16 0)
(-5.40317e-20 -9.87714e-16 0)
(-5.55807e-20 -9.87711e-16 0)
(-5.69476e-20 -9.87708e-16 0)
(-5.81117e-20 -9.87705e-16 0)
(-5.90495e-20 -9.87702e-16 0)
(-5.9735e-20 -9.87699e-16 0)
(-6.01385e-20 -9.87696e-16 0)
(-6.02268e-20 -9.87693e-16 0)
(-5.99615e-20 -9.87691e-16 0)
(-5.92988e-20 -9.87688e-16 0)
(-5.81885e-20 -9.87686e-16 0)
(-5.65732e-20 -9.87685e-16 0)
(-5.43887e-20 -9.87683e-16 0)
(-5.1566e-20 -9.87682e-16 0)
(-4.80364e-20 -9.87682e-16 0)
(-4.37422e-20 -9.87681e-16 0)
(-3.87849e-20 -9.87681e-16 0)
(-3.39175e-11 -9.96641e-16 0)
(-5.26336e-07 -1.1974e-06 0)
(3.76334e-07 -0.000433059 0)
(-1.50306e-21 -9.87744e-16 0)
(-4.4815e-21 -9.87744e-16 0)
(-7.40393e-21 -9.87743e-16 0)
(-1.02691e-20 -9.87743e-16 0)
(-1.30756e-20 -9.87742e-16 0)
(-1.58223e-20 -9.87741e-16 0)
(-1.85075e-20 -9.8774e-16 0)
(-2.11298e-20 -9.87739e-16 0)
(-2.36871e-20 -9.87737e-16 0)
(-2.61774e-20 -9.87736e-16 0)
(-2.85983e-20 -9.87734e-16 0)
(-3.09468e-20 -9.87732e-16 0)
(-3.32198e-20 -9.8773e-16 0)
(-3.54139e-20 -9.87728e-16 0)
(-3.75249e-20 -9.87726e-16 0)
(-3.95486e-20 -9.87724e-16 0)
(-4.14802e-20 -9.87721e-16 0)
(-4.33147e-20 -9.87719e-16 0)
(-4.50465e-20 -9.87716e-16 0)
(-4.66702e-20 -9.87714e-16 0)
(-4.81798e-20 -9.87711e-16 0)
(-4.95693e-20 -9.87708e-16 0)
(-5.08327e-20 -9.87705e-16 0)
(-5.19633e-20 -9.87703e-16 0)
(-5.29541e-20 -9.877e-16 0)
(-5.37969e-20 -9.87697e-16 0)
(-5.44813e-20 -9.87695e-16 0)
(-5.49931e-20 -9.87693e-16 0)
(-5.53116e-20 -9.87691e-16 0)
(-5.54057e-20 -9.87689e-16 0)
(-5.52286e-20 -9.87688e-16 0)
(-5.4709e-20 -9.87688e-16 0)
(-5.37417e-20 -9.87688e-16 0)
(-5.2173e-20 -9.87689e-16 0)
(-4.97863e-20 -9.87691e-16 0)
(-4.62867e-20 -9.87693e-16 0)
(-4.15031e-20 -9.87697e-16 0)
(-4.94862e-11 -1.00275e-15 0)
(-4.35865e-07 -1.68158e-06 0)
(6.04456e-07 -0.000442693 0)
(-1.35813e-21 -9.8774e-16 0)
(-4.04863e-21 -9.8774e-16 0)
(-6.68635e-21 -9.87739e-16 0)
(-9.26886e-21 -9.87739e-16 0)
(-1.17939e-20 -9.87738e-16 0)
(-1.42593e-20 -9.87737e-16 0)
(-1.6663e-20 -9.87736e-16 0)
(-1.90028e-20 -9.87735e-16 0)
(-2.12767e-20 -9.87733e-16 0)
(-2.34825e-20 -9.87732e-16 0)
(-2.56181e-20 -9.8773e-16 0)
(-2.76814e-20 -9.87729e-16 0)
(-2.96701e-20 -9.87727e-16 0)
(-3.15823e-20 -9.87725e-16 0)
(-3.34162e-20 -9.87723e-16 0)
(-3.51702e-20 -9.8772e-16 0)
(-3.68431e-20 -9.87718e-16 0)
(-3.84345e-20 -9.87716e-16 0)
(-3.99447e-20 -9.87713e-16 0)
(-4.13751e-20 -9.87711e-16 0)
(-4.27286e-20 -9.87708e-16 0)
(-4.401e-20 -9.87705e-16 0)
(-4.52262e-20 -9.87703e-16 0)
(-4.63867e-20 -9.877e-16 0)
(-4.75041e-20 -9.87698e-16 0)
(-4.85943e-20 -9.87695e-16 0)
(-4.96766e-20 -9.87693e-16 0)
(-5.07734e-20 -9.87691e-16 0)
(-5.19089e-20 -9.87689e-16 0)
(-5.31069e-20 -9.87688e-16 0)
(-5.43853e-20 -9.87687e-16 0)
(-5.57472e-20 -9.87687e-16 0)
(-5.71642e-20 -9.87688e-16 0)
(-5.85475e-20 -9.8769e-16 0)
(-5.96982e-20 -9.87693e-16 0)
(-6.02219e-20 -9.87699e-16 0)
(-5.99559e-20 -9.87707e-16 0)
(-1.38973e-10 -1.03155e-15 0)
(-4.22796e-07 -3.59978e-06 0)
(6.79426e-07 -0.000452499 0)
(-1.21713e-21 -9.87736e-16 0)
(-3.62756e-21 -9.87736e-16 0)
(-5.98857e-21 -9.87736e-16 0)
(-8.29674e-21 -9.87735e-16 0)
(-1.0549e-20 -9.87734e-16 0)
(-1.27425e-20 -9.87733e-16 0)
(-1.48745e-20 -9.87732e-16 0)
(-1.69427e-20 -9.87731e-16 0)
(-1.89447e-20 -9.8773e-16 0)
(-2.08786e-20 -9.87729e-16 0)
(-2.27425e-20 -9.87727e-16 0)
(-2.45347e-20 -9.87725e-16 0)
(-2.62542e-20 -9.87723e-16 0)
(-2.79001e-20 -9.87722e-16 0)
(-2.94724e-20 -9.87719e-16 0)
(-3.09717e-20 -9.87717e-16 0)
(-3.23997e-20 -9.87715e-16 0)
(-3.37592e-20 -9.87713e-16 0)
(-3.50549e-20 -9.8771e-16 0)
(-3.62935e-20 -9.87708e-16 0)
(-3.74843e-20 -9.87705e-16 0)
(-3.86398e-20 -9.87703e-16 0)
(-3.97769e-20 -9.877e-16 0)
(-4.09175e-20 -9.87698e-16 0)
(-4.20904e-20 -9.87695e-16 0)
(-4.33327e-20 -9.87693e-16 0)
(-4.46928e-20 -9.8769e-16 0)
(-4.62332e-20 -9.87688e-16 0)
(-4.80359e-20 -9.87686e-16 0)
(-5.02085e-20 -9.87684e-16 0)
(-5.28944e-20 -9.87682e-16 0)
(-5.62871e-20 -9.8768e-16 0)
(-6.0651e-20 -9.8768e-16 0)
(-6.63546e-20 -9.8768e-16 0)
(-7.39186e-20 -9.87681e-16 0)
(-8.40923e-20 -9.87683e-16 0)
(-1.01644e-19 -9.87688e-16 0)
(-1.18573e-09 -1.3748e-15 0)
(-4.04182e-07 -1.4054e-05 0)
(7.78103e-07 -0.000462527 0)
(-1.08123e-21 -9.87733e-16 0)
(-3.22177e-21 -9.87733e-16 0)
(-5.31628e-21 -9.87732e-16 0)
(-7.36046e-21 -9.87732e-16 0)
(-9.3505e-21 -9.87731e-16 0)
(-1.12829e-20 -9.8773e-16 0)
(-1.31546e-20 -9.87729e-16 0)
(-1.49628e-20 -9.87728e-16 0)
(-1.67049e-20 -9.87727e-16 0)
(-1.8379e-20 -9.87726e-16 0)
(-1.99832e-20 -9.87724e-16 0)
(-2.15163e-20 -9.87722e-16 0)
(-2.29777e-20 -9.87721e-16 0)
(-2.43671e-20 -9.87719e-16 0)
(-2.56855e-20 -9.87717e-16 0)
(-2.69344e-20 -9.87715e-16 0)
(-2.81168e-20 -9.87713e-16 0)
(-2.92373e-20 -9.8771e-16 0)
(-3.03019e-20 -9.87708e-16 0)
(-3.13192e-20 -9.87706e-16 0)
(-3.23005e-20 -9.87703e-16 0)
(-3.32605e-20 -9.87701e-16 0)
(-3.4218e-20 -9.87698e-16 0)
(-3.51974e-20 -9.87695e-16 0)
(-3.62295e-20 -9.87693e-16 0)
(-3.73541e-20 -9.8769e-16 0)
(-3.86219e-20 -9.87687e-16 0)
(-4.00984e-20 -9.87684e-16 0)
(-4.18692e-20 -9.87681e-16 0)
(-4.40468e-20 -9.87678e-16 0)
(-4.67815e-20 -9.87674e-16 0)
(-5.02773e-20 -9.87671e-16 0)
(-5.48147e-20 -9.87667e-16 0)
(-6.07866e-20 -9.87662e-16 0)
(-6.87513e-20 -9.87657e-16 0)
(-7.95144e-20 -9.87651e-16 0)
(-1.31037e-19 -9.87642e-16 0)
(-1.05928e-08 -3.35108e-15 0)
(-3.98993e-07 -3.29794e-05 0)
(8.7043e-07 -0.000472828 0)
(-9.51436e-22 -9.8773e-16 0)
(-2.83428e-21 -9.8773e-16 0)
(-4.67439e-21 -9.87729e-16 0)
(-6.46675e-21 -9.87729e-16 0)
(-8.20683e-21 -9.87728e-16 0)
(-9.89059e-21 -9.87727e-16 0)
(-1.15144e-20 -9.87727e-16 0)
(-1.30751e-20 -9.87725e-16 0)
(-1.45698e-20 -9.87724e-16 0)
(-1.59963e-20 -9.87723e-16 0)
(-1.73526e-20 -9.87722e-16 0)
(-1.86374e-20 -9.8772e-16 0)
(-1.98499e-20 -9.87718e-16 0)
(-2.099e-20 -9.87717e-16 0)
(-2.20583e-20 -9.87715e-16 0)
(-2.30565e-20 -9.87713e-16 0)
(-2.39871e-20 -9.87711e-16 0)
(-2.48539e-20 -9.87709e-16 0)
(-2.56624e-20 -9.87706e-16 0)
(-2.64193e-20 -9.87704e-16 0)
(-2.71335e-20 -9.87702e-16 0)
(-2.7816e-20 -9.87699e-16 0)
(-2.848e-20 -9.87696e-16 0)
(-2.91418e-20 -9.87694e-16 0)
(-2.98206e-20 -9.87691e-16 0)
(-3.05386e-20 -9.87688e-16 0)
(-3.13218e-20 -9.87684e-16 0)
(-3.21991e-20 -9.87681e-16 0)
(-3.32019e-20 -9.87677e-16 0)
(-3.43621e-20 -9.87673e-16 0)
(-3.57086e-20 -9.87669e-16 0)
(-3.72598e-20 -9.87664e-16 0)
(-3.90106e-20 -9.87658e-16 0)
(-4.09085e-20 -9.87651e-16 0)
(-4.28112e-20 -9.87643e-16 0)
(-4.44137e-20 -9.87632e-16 0)
(-1.37277e-19 -9.87619e-16 0)
(-1.05609e-08 -5.9939e-15 0)
(-5.34956e-07 -4.41912e-05 0)
(6.95757e-07 -0.000483515 0)
(-8.28655e-22 -9.87727e-16 0)
(-2.46773e-21 -9.87727e-16 0)
(-4.0673e-21 -9.87727e-16 0)
(-5.62162e-21 -9.87726e-16 0)
(-7.12555e-21 -9.87726e-16 0)
(-8.57447e-21 -9.87725e-16 0)
(-9.96424e-21 -9.87724e-16 0)
(-1.12912e-20 -9.87723e-16 0)
(-1.25521e-20 -9.87722e-16 0)
(-1.37442e-20 -9.87721e-16 0)
(-1.48651e-20 -9.87719e-16 0)
(-1.59131e-20 -9.87718e-16 0)
(-1.68868e-20 -9.87716e-16 0)
(-1.77855e-20 -9.87715e-16 0)
(-1.86089e-20 -9.87713e-16 0)
(-1.93577e-20 -9.87711e-16 0)
(-2.0033e-20 -9.87709e-16 0)
(-2.06367e-20 -9.87707e-16 0)
(-2.11714e-20 -9.87705e-16 0)
(-2.16407e-20 -9.87703e-16 0)
(-2.20484e-20 -9.877e-16 0)
(-2.23992e-20 -9.87698e-16 0)
(-2.26979e-20 -9.87695e-16 0)
(-2.29492e-20 -9.87693e-16 0)
(-2.31571e-20 -9.8769e-16 0)
(-2.33237e-20 -9.87687e-16 0)
(-2.34481e-20 -9.87683e-16 0)
(-2.35238e-20 -9.8768e-16 0)
(-2.35359e-20 -9.87676e-16 0)
(-2.34564e-20 -9.87672e-16 0)
(-2.32381e-20 -9.87667e-16 0)
(-2.28057e-20 -9.87662e-16 0)
(-2.20437e-20 -9.87657e-16 0)
(-2.0782e-20 -9.8765e-16 0)
(-1.87765e-20 -9.87643e-16 0)
(-1.56897e-20 -9.87635e-16 0)
(-3.63815e-20 -9.87626e-16 0)
(-1.00976e-10 -6.81465e-15 0)
(-6.66158e-07 -4.28449e-05 0)
(5.01617e-07 -0.000494664 0)
(-7.13673e-22 -9.87725e-16 0)
(-2.12449e-21 -9.87725e-16 0)
(-3.49888e-21 -9.87725e-16 0)
(-4.83049e-21 -9.87724e-16 0)
(-6.11358e-21 -9.87724e-16 0)
(-7.34298e-21 -9.87723e-16 0)
(-8.51404e-21 -9.87722e-16 0)
(-9.62257e-21 -9.87721e-16 0)
(-1.06648e-20 -9.8772e-16 0)
(-1.16374e-20 -9.87719e-16 0)
(-1.25375e-20 -9.87718e-16 0)
(-1.33625e-20 -9.87716e-16 0)
(-1.41103e-20 -9.87715e-16 0)
(-1.47793e-20 -9.87713e-16 0)
(-1.53679e-20 -9.87712e-16 0)
(-1.58753e-20 -9.8771e-16 0)
(-1.63007e-20 -9.87708e-16 0)
(-1.66438e-20 -9.87706e-16 0)
(-1.69043e-20 -9.87704e-16 0)
(-1.7082e-20 -9.87702e-16 0)
(-1.71762e-20 -9.877e-16 0)
(-1.7186e-20 -9.87698e-16 0)
(-1.71093e-20 -9.87695e-16 0)
(-1.69424e-20 -9.87693e-16 0)
(-1.66793e-20 -9.8769e-16 0)
(-1.63104e-20 -9.87687e-16 0)
(-1.58215e-20 -9.87684e-16 0)
(-1.51917e-20 -9.87681e-16 0)
(-1.43917e-20 -9.87677e-16 0)
(-1.33811e-20 -9.87674e-16 0)
(-1.21058e-20 -9.8767e-16 0)
(-1.04948e-20 -9.87665e-16 0)
(-8.4577e-21 -9.87661e-16 0)
(-5.88287e-21 -9.87656e-16 0)
(-2.63695e-21 -9.87651e-16 0)
(1.43201e-21 -9.87646e-16 0)
(6.48703e-21 -9.87641e-16 0)
(5.88884e-20 -6.39318e-15 0)
(-7.27553e-07 -3.68921e-05 0)
(4.30372e-07 -0.000506142 0)
(-6.07177e-22 -9.87723e-16 0)
(-1.80661e-21 -9.87723e-16 0)
(-2.97257e-21 -9.87723e-16 0)
(-4.09816e-21 -9.87722e-16 0)
(-5.17714e-21 -9.87722e-16 0)
(-6.20385e-21 -9.87721e-16 0)
(-7.17312e-21 -9.8772e-16 0)
(-8.08026e-21 -9.8772e-16 0)
(-8.92098e-21 -9.87719e-16 0)
(-9.69134e-21 -9.87718e-16 0)
(-1.03878e-20 -9.87716e-16 0)
(-1.1007e-20 -9.87715e-16 0)
(-1.15459e-20 -9.87714e-16 0)
(-1.20019e-20 -9.87712e-16 0)
(-1.23723e-20 -9.87711e-16 0)
(-1.26547e-20 -9.87709e-16 0)
(-1.28467e-20 -9.87708e-16 0)
(-1.29459e-20 -9.87706e-16 0)
(-1.29497e-20 -9.87704e-16 0)
(-1.28552e-20 -9.87702e-16 0)
(-1.26588e-20 -9.877e-16 0)
(-1.23562e-20 -9.87698e-16 0)
(-1.19419e-20 -9.87696e-16 0)
(-1.14086e-20 -9.87693e-16 0)
(-1.07472e-20 -9.87691e-16 0)
(-9.94556e-21 -9.87688e-16 0)
(-8.98869e-21 -9.87686e-16 0)
(-7.85764e-21 -9.87683e-16 0)
(-6.52935e-21 -9.8768e-16 0)
(-4.9764e-21 -9.87677e-16 0)
(-3.16744e-21 -9.87674e-16 0)
(-1.06833e-21 -9.8767e-16 0)
(1.3554e-21 -9.87667e-16 0)
(4.13436e-21 -9.87664e-16 0)
(7.28864e-21 -9.87661e-16 0)
(1.0818e-20 -9.87657e-16 0)
(1.46883e-20 -9.87655e-16 0)
(7.34347e-20 -5.79037e-15 0)
(-7.53347e-07 -2.95689e-05 0)
(3.71226e-07 -0.000517656 0)
(-5.0973e-22 -9.87722e-16 0)
(-1.51579e-21 -9.87721e-16 0)
(-2.49121e-21 -9.87721e-16 0)
(-3.42868e-21 -9.87721e-16 0)
(-4.32155e-21 -9.8772e-16 0)
(-5.16375e-21 -9.8772e-16 0)
(-5.94969e-21 -9.87719e-16 0)
(-6.67424e-21 -9.87718e-16 0)
(-7.33261e-21 -9.87717e-16 0)
(-7.92032e-21 -9.87717e-16 0)
(-8.43318e-21 -9.87715e-16 0)
(-8.86721e-21 -9.87714e-16 0)
(-9.21862e-21 -9.87713e-16 0)
(-9.48372e-21 -9.87712e-16 0)
(-9.65892e-21 -9.87711e-16 0)
(-9.74063e-21 -9.87709e-16 0)
(-9.72519e-21 -9.87708e-16 0)
(-9.6088e-21 -9.87706e-16 0)
(-9.38741e-21 -9.87704e-16 0)
(-9.05663e-21 -9.87703e-16 0)
(-8.61155e-21 -9.87701e-16 0)
(-8.04666e-21 -9.87699e-16 0)
(-7.35565e-21 -9.87697e-16 0)
(-6.53133e-21 -9.87695e-16 0)
(-5.56542e-21 -9.87693e-16 0)
(-4.44851e-21 -9.87691e-16 0)
(-3.17003e-21 -9.87689e-16 0)
(-1.71833e-21 -9.87686e-16 0)
(-8.10026e-23 -9.87684e-16 0)
(1.75457e-21 -9.87681e-16 0)
(3.80021e-21 -9.87679e-16 0)
(6.06536e-21 -9.87676e-16 0)
(8.55472e-21 -9.87674e-16 0)
(1.12649e-20 -9.87671e-16 0)
(1.41796e-20 -9.87669e-16 0)
(1.7264e-20 -9.87667e-16 0)
(2.04577e-20 -9.87665e-16 0)
(8.07538e-20 -5.02942e-15 0)
(-7.01338e-07 -2.17415e-05 0)
(3.15048e-07 -0.000528575 0)
(-4.21752e-22 -9.8772e-16 0)
(-1.25329e-21 -9.8772e-16 0)
(-2.05694e-21 -9.8772e-16 0)
(-2.8251e-21 -9.8772e-16 0)
(-3.55087e-21 -9.87719e-16 0)
(-4.22789e-21 -9.87719e-16 0)
(-4.85028e-21 -9.87718e-16 0)
(-5.41254e-21 -9.87717e-16 0)
(-5.90953e-21 -9.87717e-16 0)
(-6.33634e-21 -9.87716e-16 0)
(-6.68831e-21 -9.87715e-16 0)
(-6.96091e-21 -9.87714e-16 0)
(-7.14973e-21 -9.87713e-16 0)
(-7.25042e-21 -9.87712e-16 0)
(-7.25864e-21 -9.8771e-16 0)
(-7.17e-21 -9.87709e-16 0)
(-6.98004e-21 -9.87708e-16 0)
(-6.68412e-21 -9.87707e-16 0)
(-6.27745e-21 -9.87705e-16 0)
(-5.755e-21 -9.87704e-16 0)
(-5.1115e-21 -9.87702e-16 0)
(-4.34144e-21 -9.87701e-16 0)
(-3.4391e-21 -9.87699e-16 0)
(-2.3986e-21 -9.87697e-16 0)
(-1.21406e-21 -9.87696e-16 0)
(1.20309e-22 -9.87694e-16 0)
(1.60993e-21 -9.87692e-16 0)
(3.25967e-21 -9.8769e-16 0)
(5.07357e-21 -9.87688e-16 0)
(7.05469e-21 -9.87686e-16 0)
(9.20505e-21 -9.87684e-16 0)
(1.15258e-20 -9.87682e-16 0)
(1.40174e-20 -9.8768e-16 0)
(1.66805e-20 -9.87679e-16 0)
(1.95152e-20 -9.87677e-16 0)
(2.25201e-20 -9.87675e-16 0)
(2.56856e-20 -9.87673e-16 0)
(8.53221e-20 -4.13938e-15 0)
(-4.79122e-07 -1.40861e-05 0)
(2.58458e-07 -0.000537433 0)
(-3.43483e-22 -9.87719e-16 0)
(-1.01985e-21 -9.87719e-16 0)
(-1.671e-21 -9.87719e-16 0)
(-2.28925e-21 -9.87719e-16 0)
(-2.8676e-21 -9.87718e-16 0)
(-3.39954e-21 -9.87718e-16 0)
(-3.87904e-21 -9.87717e-16 0)
(-4.30044e-21 -9.87717e-16 0)
(-4.65836e-21 -9.87716e-16 0)
(-4.94764e-21 -9.87715e-16 0)
(-5.1633e-21 -9.87714e-16 0)
(-5.30049e-21 -9.87714e-16 0)
(-5.3544e-21 -9.87713e-16 0)
(-5.32027e-21 -9.87712e-16 0)
(-5.1933e-21 -9.87711e-16 0)
(-4.96863e-21 -9.8771e-16 0)
(-4.64131e-21 -9.87709e-16 0)
(-4.20628e-21 -9.87707e-16 0)
(-3.65834e-21 -9.87706e-16 0)
(-2.99221e-21 -9.87705e-16 0)
(-2.20255e-21 -9.87704e-16 0)
(-1.28403e-21 -9.87703e-16 0)
(-2.31506e-22 -9.87701e-16 0)
(9.59776e-22 -9.877e-16 0)
(2.29391e-21 -9.87698e-16 0)
(3.77391e-21 -9.87697e-16 0)
(5.40132e-21 -9.87696e-16 0)
(7.17562e-21 -9.87694e-16 0)
(9.09381e-21 -9.87693e-16 0)
(1.11502e-20 -9.87691e-16 0)
(1.33367e-20 -9.8769e-16 0)
(1.56443e-20 -9.87688e-16 0)
(1.80669e-20 -9.87687e-16 0)
(2.0609e-20 -9.87685e-16 0)
(2.32999e-20 -9.87684e-16 0)
(2.62182e-20 -9.87683e-16 0)
(2.95327e-20 -9.87683e-16 0)
(8.21427e-20 -3.15916e-15 0)
(5.09937e-11 -7.94498e-06 0)
(1.98148e-07 -0.000541512 0)
(-2.74959e-22 -9.87718e-16 0)
(-8.15572e-22 -9.87718e-16 0)
(-1.33362e-21 -9.87718e-16 0)
(-1.82151e-21 -9.87718e-16 0)
(-2.27232e-21 -9.87717e-16 0)
(-2.67959e-21 -9.87717e-16 0)
(-3.03732e-21 -9.87717e-16 0)
(-3.33981e-21 -9.87716e-16 0)
(-3.58166e-21 -9.87715e-16 0)
(-3.75764e-21 -9.87715e-16 0)
(-3.86269e-21 -9.87714e-16 0)
(-3.89181e-21 -9.87713e-16 0)
(-3.84005e-21 -9.87713e-16 0)
(-3.70248e-21 -9.87712e-16 0)
(-3.4741e-21 -9.87711e-16 0)
(-3.14986e-21 -9.8771e-16 0)
(-2.72458e-21 -9.87709e-16 0)
(-2.19298e-21 -9.87708e-16 0)
(-1.54964e-21 -9.87708e-16 0)
(-7.89028e-22 -9.87707e-16 0)
(9.44464e-23 -9.87706e-16 0)
(1.10637e-21 -9.87705e-16 0)
(2.25219e-21 -9.87704e-16 0)
(3.53697e-21 -9.87703e-16 0)
(4.96507e-21 -9.87702e-16 0)
(6.53961e-21 -9.87701e-16 0)
(8.26168e-21 -9.877e-16 0)
(1.01292e-20 -9.87699e-16 0)
(1.21351e-20 -9.87698e-16 0)
(1.42649e-20 -9.87696e-16 0)
(1.64927e-20 -9.87695e-16 0)
(1.87766e-20 -9.87694e-16 0)
(2.1051e-20 -9.87693e-16 0)
(2.32186e-20 -9.87692e-16 0)
(2.51409e-20 -9.8769e-16 0)
(2.66321e-20 -9.87689e-16 0)
(2.7465e-20 -9.87688e-16 0)
(5.02884e-20 -2.1525e-15 0)
(1.79396e-11 -3.88832e-06 0)
(1.54985e-07 -0.000542248 0)
(-2.1599e-22 -9.87718e-16 0)
(-6.39903e-22 -9.87717e-16 0)
(-1.04388e-21 -9.87717e-16 0)
(-1.42065e-21 -9.87717e-16 0)
(-1.76353e-21 -9.87717e-16 0)
(-2.06631e-21 -9.87716e-16 0)
(-2.32318e-21 -9.87716e-16 0)
(-2.52864e-21 -9.87716e-16 0)
(-2.67741e-21 -9.87715e-16 0)
(-2.76441e-21 -9.87715e-16 0)
(-2.78468e-21 -9.87714e-16 0)
(-2.73333e-21 -9.87714e-16 0)
(-2.6055e-21 -9.87713e-16 0)
(-2.39632e-21 -9.87712e-16 0)
(-2.10089e-21 -9.87712e-16 0)
(-1.71419e-21 -9.87711e-16 0)
(-1.23109e-21 -9.8771e-16 0)
(-6.46312e-22 -9.8771e-16 0)
(4.56308e-23 -9.87709e-16 0)
(8.50447e-22 -9.87708e-16 0)
(1.77412e-21 -9.87708e-16 0)
(2.82292e-21 -9.87707e-16 0)
(4.00351e-21 -9.87706e-16 0)
(5.32289e-21 -9.87706e-16 0)
(6.7885e-21 -9.87705e-16 0)
(8.40817e-21 -9.87704e-16 0)
(1.019e-20 -9.87704e-16 0)
(1.21419e-20 -9.87703e-16 0)
(1.42709e-20 -9.87703e-16 0)
(1.6581e-20 -9.87702e-16 0)
(1.90693e-20 -9.87701e-16 0)
(2.17184e-20 -9.877e-16 0)
(2.44802e-20 -9.87699e-16 0)
(2.72469e-20 -9.87698e-16 0)
(2.97943e-20 -9.87696e-16 0)
(3.16777e-20 -9.87693e-16 0)
(3.20381e-20 -9.87688e-16 0)
(3.8231e-20 -1.31941e-15 0)
(2.11174e-12 -1.14702e-06 0)
(1.06653e-07 -0.000271283 0)
(-1.6615e-22 -9.87717e-16 0)
(-4.91571e-22 -9.87717e-16 0)
(-7.99695e-22 -9.87717e-16 0)
(-1.08375e-21 -9.87717e-16 0)
(-1.33751e-21 -9.87716e-16 0)
(-1.55518e-21 -9.87716e-16 0)
(-1.73134e-21 -9.87716e-16 0)
(-1.86083e-21 -9.87715e-16 0)
(-1.93873e-21 -9.87715e-16 0)
(-1.96027e-21 -9.87715e-16 0)
(-1.92081e-21 -9.87714e-16 0)
(-1.81578e-21 -9.87714e-16 0)
(-1.64064e-21 -9.87713e-16 0)
(-1.39084e-21 -9.87713e-16 0)
(-1.06182e-21 -9.87712e-16 0)
(-6.48919e-22 -9.87712e-16 0)
(-1.47376e-22 -9.87711e-16 0)
(4.47737e-22 -9.87711e-16 0)
(1.14157e-21 -9.8771e-16 0)
(1.93957e-21 -9.8771e-16 0)
(2.8476e-21 -9.8771e-16 0)
(3.87208e-21 -9.87709e-16 0)
(5.02027e-21 -9.87709e-16 0)
(6.30056e-21 -9.87709e-16 0)
(7.72307e-21 -9.87708e-16 0)
(9.30045e-21 -9.87708e-16 0)
(1.10493e-20 -9.87708e-16 0)
(1.29922e-20 -9.87708e-16 0)
(1.51616e-20 -9.87708e-16 0)
(1.76053e-20 -9.87708e-16 0)
(2.03971e-20 -9.87708e-16 0)
(2.36541e-20 -9.87708e-16 0)
(2.75669e-20 -9.87708e-16 0)
(3.24527e-20 -9.87708e-16 0)
(3.88489e-20 -9.87709e-16 0)
(4.76763e-20 -9.87708e-16 0)
(6.05283e-20 -9.87708e-16 0)
(8.0154e-20 -9.87707e-16 0)
(8.3952e-20 -9.87705e-16 0)
(5.45282e-20 -9.877e-16 0)
(-1.24779e-22 -9.87717e-16 0)
(-3.68598e-22 -9.87716e-16 0)
(-5.97766e-22 -9.87716e-16 0)
(-8.06204e-22 -9.87716e-16 0)
(-9.88316e-22 -9.87716e-16 0)
(-1.1389e-21 -9.87716e-16 0)
(-1.25309e-21 -9.87716e-16 0)
(-1.32625e-21 -9.87715e-16 0)
(-1.35396e-21 -9.87715e-16 0)
(-1.33195e-21 -9.87715e-16 0)
(-1.25609e-21 -9.87714e-16 0)
(-1.12229e-21 -9.87714e-16 0)
(-9.2656e-22 -9.87714e-16 0)
(-6.64903e-22 -9.87713e-16 0)
(-3.33345e-22 -9.87713e-16 0)
(7.21147e-23 -9.87713e-16 0)
(5.55523e-22 -9.87712e-16 0)
(1.121e-21 -9.87712e-16 0)
(1.7728e-21 -9.87712e-16 0)
(2.51532e-21 -9.87712e-16 0)
(3.35324e-21 -9.87712e-16 0)
(4.29157e-21 -9.87711e-16 0)
(5.33585e-21 -9.87711e-16 0)
(6.4923e-21 -9.87711e-16 0)
(7.76817e-21 -9.87712e-16 0)
(9.17208e-21 -9.87712e-16 0)
(1.07145e-20 -9.87712e-16 0)
(1.24084e-20 -9.87712e-16 0)
(1.42694e-20 -9.87713e-16 0)
(1.63169e-20 -9.87714e-16 0)
(1.85725e-20 -9.87715e-16 0)
(2.10585e-20 -9.87716e-16 0)
(2.379e-20 -9.87717e-16 0)
(2.67593e-20 -9.8772e-16 0)
(2.99004e-20 -9.87722e-16 0)
(3.30171e-20 -9.87726e-16 0)
(3.56421e-20 -9.87732e-16 0)
(3.67658e-20 -9.87741e-16 0)
(3.43286e-20 -9.87753e-16 0)
(2.75994e-20 -9.87763e-16 0)
(-9.09891e-23 -9.87716e-16 0)
(-2.68332e-22 -9.87716e-16 0)
(-4.3368e-22 -9.87716e-16 0)
(-5.81816e-22 -9.87716e-16 0)
(-7.07939e-22 -9.87716e-16 0)
(-8.0759e-22 -9.87716e-16 0)
(-8.76588e-22 -9.87715e-16 0)
(-9.10976e-22 -9.87715e-16 0)
(-9.06982e-22 -9.87715e-16 0)
(-8.60977e-22 -9.87715e-16 0)
(-7.69454e-22 -9.87715e-16 0)
(-6.28998e-22 -9.87714e-16 0)
(-4.3628e-22 -9.87714e-16 0)
(-1.88036e-22 -9.87714e-16 0)
(1.18935e-22 -9.87714e-16 0)
(4.87774e-22 -9.87714e-16 0)
(9.2156e-22 -9.87713e-16 0)
(1.4233e-21 -9.87713e-16 0)
(1.99594e-21 -9.87713e-16 0)
(2.64232e-21 -9.87713e-16 0)
(3.36517e-21 -9.87713e-16 0)
(4.16707e-21 -9.87713e-16 0)
(5.0504e-21 -9.87714e-16 0)
(6.01728e-21 -9.87714e-16 0)
(7.06935e-21 -9.87714e-16 0)
(8.20762e-21 -9.87715e-16 0)
(9.43198e-21 -9.87715e-16 0)
(1.07405e-20 -9.87716e-16 0)
(1.21284e-20 -9.87717e-16 0)
(1.35859e-20 -9.87718e-16 0)
(1.50959e-20 -9.87719e-16 0)
(1.6629e-20 -9.87721e-16 0)
(1.81379e-20 -9.87723e-16 0)
(1.95487e-20 -9.87725e-16 0)
(2.07511e-20 -9.87728e-16 0)
(2.15891e-20 -9.87731e-16 0)
(2.18597e-20 -9.87735e-16 0)
(2.1334e-20 -9.87739e-16 0)
(1.98357e-20 -9.87743e-16 0)
(1.74446e-20 -9.87747e-16 0)
(-6.36951e-23 -9.87716e-16 0)
(-1.87519e-22 -9.87716e-16 0)
(-3.0201e-22 -9.87716e-16 0)
(-4.0296e-22 -9.87716e-16 0)
(-4.86494e-22 -9.87716e-16 0)
(-5.4902e-22 -9.87716e-16 0)
(-5.87171e-22 -9.87715e-16 0)
(-5.97772e-22 -9.87715e-16 0)
(-5.778e-22 -9.87715e-16 0)
(-5.24368e-22 -9.87715e-16 0)
(-4.34701e-22 -9.87715e-16 0)
(-3.06129e-22 -9.87715e-16 0)
(-1.36081e-22 -9.87714e-16 0)
(7.79126e-23 -9.87714e-16 0)
(3.38211e-22 -9.87714e-16 0)
(6.47044e-22 -9.87714e-16 0)
(1.00648e-21 -9.87714e-16 0)
(1.41841e-21 -9.87714e-16 0)
(1.88445e-21 -9.87714e-16 0)
(2.40591e-21 -9.87714e-16 0)
(2.9837e-21 -9.87715e-16 0)
(3.61816e-21 -9.87715e-16 0)
(4.30896e-21 -9.87715e-16 0)
(5.05482e-21 -9.87716e-16 0)
(5.8532e-21 -9.87716e-16 0)
(6.69996e-21 -9.87717e-16 0)
(7.58875e-21 -9.87718e-16 0)
(8.51037e-21 -9.87719e-16 0)
(9.45184e-21 -9.8772e-16 0)
(1.03953e-20 -9.87721e-16 0)
(1.13169e-20 -9.87722e-16 0)
(1.21852e-20 -9.87724e-16 0)
(1.29606e-20 -9.87726e-16 0)
(1.35946e-20 -9.87728e-16 0)
(1.40315e-20 -9.8773e-16 0)
(1.42123e-20 -9.87732e-16 0)
(1.4083e-20 -9.87735e-16 0)
(1.3609e-20 -9.87737e-16 0)
(1.27925e-20 -9.87739e-16 0)
(1.16898e-20 -9.87741e-16 0)
(-4.16371e-23 -9.87716e-16 0)
(-1.22385e-22 -9.87716e-16 0)
(-1.96468e-22 -9.87716e-16 0)
(-2.60796e-22 -9.87716e-16 0)
(-3.1253e-22 -9.87716e-16 0)
(-3.49035e-22 -9.87715e-16 0)
(-3.67852e-22 -9.87715e-16 0)
(-3.6666e-22 -9.87715e-16 0)
(-3.43264e-22 -9.87715e-16 0)
(-2.95575e-22 -9.87715e-16 0)
(-2.21601e-22 -9.87715e-16 0)
(-1.19446e-22 -9.87715e-16 0)
(1.26872e-23 -9.87715e-16 0)
(1.76489e-22 -9.87715e-16 0)
(3.73521e-22 -9.87715e-16 0)
(6.05193e-22 -9.87715e-16 0)
(8.72723e-22 -9.87715e-16 0)
(1.17708e-21 -9.87715e-16 0)
(1.51894e-21 -9.87715e-16 0)
(1.89857e-21 -9.87715e-16 0)
(2.31573e-21 -9.87716e-16 0)
(2.76954e-21 -9.87716e-16 0)
(3.25834e-21 -9.87717e-16 0)
(3.77942e-21 -9.87717e-16 0)
(4.32884e-21 -9.87718e-16 0)
(4.90112e-21 -9.87719e-16 0)
(5.48891e-21 -9.8772e-16 0)
(6.0827e-21 -9.87721e-16 0)
(6.67046e-21 -9.87722e-16 0)
(7.23743e-21 -9.87723e-16 0)
(7.76599e-21 -9.87724e-16 0)
(8.23585e-21 -9.87726e-16 0)
(8.62462e-21 -9.87727e-16 0)
(8.909e-21 -9.87729e-16 0)
(9.06669e-21 -9.8773e-16 0)
(9.07909e-21 -9.87732e-16 0)
(8.93472e-21 -9.87734e-16 0)
(8.63269e-21 -9.87735e-16 0)
(8.18541e-21 -9.87737e-16 0)
(7.61886e-21 -9.87738e-16 0)
(-2.34186e-23 -9.87716e-16 0)
(-6.87491e-23 -9.87716e-16 0)
(-1.10081e-22 -9.87716e-16 0)
(-1.45528e-22 -9.87716e-16 0)
(-1.73357e-22 -9.87716e-16 0)
(-1.91962e-22 -9.87715e-16 0)
(-1.99845e-22 -9.87715e-16 0)
(-1.95595e-22 -9.87715e-16 0)
(-1.77883e-22 -9.87715e-16 0)
(-1.45447e-22 -9.87715e-16 0)
(-9.70949e-23 -9.87715e-16 0)
(-3.17e-23 -9.87715e-16 0)
(5.17916e-23 -9.87715e-16 0)
(1.54351e-22 -9.87715e-16 0)
(2.76849e-22 -9.87715e-16 0)
(4.20037e-22 -9.87715e-16 0)
(5.8451e-22 -9.87715e-16 0)
(7.70672e-22 -9.87715e-16 0)
(9.78679e-22 -9.87716e-16 0)
(1.20838e-21 -9.87716e-16 0)
(1.45923e-21 -9.87716e-16 0)
(1.7302e-21 -9.87717e-16 0)
(2.01969e-21 -9.87718e-16 0)
(2.32537e-21 -9.87718e-16 0)
(2.64407e-21 -9.87719e-16 0)
(2.97164e-21 -9.8772e-16 0)
(3.30286e-21 -9.87721e-16 0)
(3.63131e-21 -9.87722e-16 0)
(3.94937e-21 -9.87723e-16 0)
(4.24826e-21 -9.87724e-16 0)
(4.51827e-21 -9.87725e-16 0)
(4.74907e-21 -9.87726e-16 0)
(4.93031e-21 -9.87728e-16 0)
(5.05237e-21 -9.87729e-16 0)
(5.10729e-21 -9.87731e-16 0)
(5.08981e-21 -9.87732e-16 0)
(4.99836e-21 -9.87733e-16 0)
(4.83572e-21 -9.87735e-16 0)
(4.60919e-21 -9.87736e-16 0)
(4.33006e-21 -9.87737e-16 0)
(-7.54358e-24 -9.87716e-16 0)
(-2.213e-23 -9.87716e-16 0)
(-3.53838e-23 -9.87716e-16 0)
(-4.66707e-23 -9.87716e-16 0)
(-5.54081e-23 -9.87716e-16 0)
(-6.10567e-23 -9.87715e-16 0)
(-6.3113e-23 -9.87715e-16 0)
(-6.11047e-23 -9.87715e-16 0)
(-5.45862e-23 -9.87715e-16 0)
(-4.31367e-23 -9.87715e-16 0)
(-2.6359e-23 -9.87715e-16 0)
(-3.88058e-24 -9.87715e-16 0)
(2.46447e-23 -9.87715e-16 0)
(5.9532e-23 -9.87715e-16 0)
(1.01059e-22 -9.87715e-16 0)
(1.49457e-22 -9.87715e-16 0)
(2.04901e-22 -9.87715e-16 0)
(2.67489e-22 -9.87716e-16 0)
(3.37231e-22 -9.87716e-16 0)
(4.14018e-22 -9.87716e-16 0)
(4.97599e-22 -9.87717e-16 0)
(5.87547e-22 -9.87717e-16 0)
(6.83222e-22 -9.87718e-16 0)
(7.83735e-22 -9.87719e-16 0)
(8.8791e-22 -9.87719e-16 0)
(9.94244e-22 -9.8772e-16 0)
(1.10089e-21 -9.87721e-16 0)
(1.20564e-21 -9.87722e-16 0)
(1.30595e-21 -9.87723e-16 0)
(1.39899e-21 -9.87724e-16 0)
(1.48173e-21 -9.87726e-16 0)
(1.55108e-21 -9.87727e-16 0)
(1.60411e-21 -9.87728e-16 0)
(1.63825e-21 -9.87729e-16 0)
(1.65157e-21 -9.87731e-16 0)
(1.64301e-21 -9.87732e-16 0)
(1.61259e-21 -9.87733e-16 0)
(1.56146e-21 -9.87734e-16 0)
(1.49191e-21 -9.87735e-16 0)
(1.40712e-21 -9.87736e-16 0)
(3.19753e-17 -9.86034e-13 0)
(7.76257e-17 -9.86032e-13 0)
(1.03484e-16 -9.86027e-13 0)
(1.2572e-16 -9.8602e-13 0)
(1.4368e-16 -9.86014e-13 0)
(1.57286e-16 -9.86008e-13 0)
(1.66836e-16 -9.86003e-13 0)
(1.72827e-16 -9.85998e-13 0)
(1.75834e-16 -9.85995e-13 0)
(1.7642e-16 -9.85992e-13 0)
(1.751e-16 -9.8599e-13 0)
(1.72315e-16 -9.85989e-13 0)
(1.68429e-16 -9.85988e-13 0)
(1.63735e-16 -9.85987e-13 0)
(1.58461e-16 -9.85986e-13 0)
(1.52781e-16 -9.85986e-13 0)
(1.46828e-16 -9.85986e-13 0)
(1.40699e-16 -9.85986e-13 0)
(1.34463e-16 -9.85986e-13 0)
(1.28172e-16 -9.85986e-13 0)
(1.21858e-16 -9.85986e-13 0)
(1.15546e-16 -9.85986e-13 0)
(1.09249e-16 -9.85987e-13 0)
(1.02977e-16 -9.85987e-13 0)
(9.67327e-17 -9.85987e-13 0)
(9.05167e-17 -9.85987e-13 0)
(8.43273e-17 -9.85987e-13 0)
(7.81607e-17 -9.85987e-13 0)
(7.20122e-17 -9.85987e-13 0)
(6.58756e-17 -9.85987e-13 0)
(5.97442e-17 -9.85988e-13 0)
(5.36103e-17 -9.85988e-13 0)
(4.74656e-17 -9.85988e-13 0)
(4.13011e-17 -9.85988e-13 0)
(3.51069e-17 -9.85988e-13 0)
(2.88725e-17 -9.85988e-13 0)
(2.25863e-17 -9.85988e-13 0)
(1.62358e-17 -9.85988e-13 0)
(9.80728e-18 -9.85988e-13 0)
(3.28588e-18 -9.85988e-13 0)
(3.95996e-17 -2.91633e-12 0)
(9.94214e-17 -9.86058e-13 0)
(1.34869e-16 -9.86033e-13 0)
(1.60428e-16 -9.86006e-13 0)
(1.77214e-16 -9.85982e-13 0)
(1.87064e-16 -9.85962e-13 0)
(1.91762e-16 -9.85946e-13 0)
(1.9278e-16 -9.85933e-13 0)
(1.91233e-16 -9.85924e-13 0)
(1.87932e-16 -9.85917e-13 0)
(1.8345e-16 -9.85912e-13 0)
(1.78183e-16 -9.85908e-13 0)
(1.72406e-16 -9.85906e-13 0)
(1.66304e-16 -9.85904e-13 0)
(1.60006e-16 -9.85903e-13 0)
(1.53598e-16 -9.85903e-13 0)
(1.47137e-16 -9.85903e-13 0)
(1.40664e-16 -9.85903e-13 0)
(1.34203e-16 -9.85903e-13 0)
(1.27771e-16 -9.85903e-13 0)
(1.21376e-16 -9.85903e-13 0)
(1.15024e-16 -9.85904e-13 0)
(1.08716e-16 -9.85904e-13 0)
(1.0245e-16 -9.85905e-13 0)
(9.62243e-17 -9.85905e-13 0)
(9.00345e-17 -9.85906e-13 0)
(8.38757e-17 -9.85906e-13 0)
(7.77424e-17 -9.85906e-13 0)
(7.16282e-17 -9.85907e-13 0)
(6.55263e-17 -9.85907e-13 0)
(5.94296e-17 -9.85907e-13 0)
(5.333e-17 -9.85907e-13 0)
(4.72191e-17 -9.85908e-13 0)
(4.1088e-17 -9.85908e-13 0)
(3.49269e-17 -9.85908e-13 0)
(2.87252e-17 -9.85908e-13 0)
(2.24715e-17 -9.85908e-13 0)
(1.61535e-17 -9.85908e-13 0)
(9.75771e-18 -9.85908e-13 0)
(3.26929e-18 -9.85909e-13 0)
(3.83993e-16 -4.06431e-06 0)
(5.00533e-16 -9.90025e-13 0)
(2.47366e-16 -9.86115e-13 0)
(2.63906e-16 -9.86041e-13 0)
(2.62816e-16 -9.85991e-13 0)
(2.53856e-16 -9.85956e-13 0)
(2.41951e-16 -9.85933e-13 0)
(2.29467e-16 -9.85917e-13 0)
(2.17438e-16 -9.85906e-13 0)
(2.06237e-16 -9.85898e-13 0)
(1.95922e-16 -9.85894e-13 0)
(1.86418e-16 -9.85891e-13 0)
(1.77604e-16 -9.85889e-13 0)
(1.69357e-16 -9.85888e-13 0)
(1.61564e-16 -9.85887e-13 0)
(1.54132e-16 -9.85887e-13 0)
(1.46987e-16 -9.85888e-13 0)
(1.40069e-16 -9.85888e-13 0)
(1.33334e-16 -9.85889e-13 0)
(1.26745e-16 -9.8589e-13 0)
(1.20274e-16 -9.85891e-13 0)
(1.13901e-16 -9.85891e-13 0)
(1.07608e-16 -9.85892e-13 0)
(1.01382e-16 -9.85893e-13 0)
(9.52094e-17 -9.85893e-13 0)
(8.90819e-17 -9.85894e-13 0)
(8.29902e-17 -9.85895e-13 0)
(7.69259e-17 -9.85895e-13 0)
(7.08813e-17 -9.85896e-13 0)
(6.48486e-17 -9.85896e-13 0)
(5.882e-17 -9.85897e-13 0)
(5.27874e-17 -9.85897e-13 0)
(4.67424e-17 -9.85898e-13 0)
(4.06761e-17 -9.85898e-13 0)
(3.45789e-17 -9.85898e-13 0)
(2.84405e-17 -9.85899e-13 0)
(2.22498e-17 -9.85899e-13 0)
(1.59947e-17 -9.85899e-13 0)
(9.66195e-18 -9.85899e-13 0)
(3.23724e-18 -9.85899e-13 0)
(1.37782e-09 -0.00017306 0)
(8.25268e-09 -1.36644e-10 0)
(6.51498e-16 -9.85906e-13 0)
(5.01512e-16 -9.85889e-13 0)
(4.05176e-16 -9.85878e-13 0)
(3.40118e-16 -9.85871e-13 0)
(2.94681e-16 -9.85867e-13 0)
(2.61807e-16 -9.85865e-13 0)
(2.37158e-16 -9.85864e-13 0)
(2.18009e-16 -9.85864e-13 0)
(2.02615e-16 -9.85865e-13 0)
(1.8983e-16 -9.85866e-13 0)
(1.78889e-16 -9.85867e-13 0)
(1.69266e-16 -9.85868e-13 0)
(1.60598e-16 -9.8587e-13 0)
(1.52626e-16 -9.85871e-13 0)
(1.45168e-16 -9.85872e-13 0)
(1.3809e-16 -9.85874e-13 0)
(1.31297e-16 -9.85875e-13 0)
(1.24719e-16 -9.85876e-13 0)
(1.18305e-16 -9.85878e-13 0)
(1.12015e-16 -9.85879e-13 0)
(1.05823e-16 -9.8588e-13 0)
(9.97055e-17 -9.85881e-13 0)
(9.3647e-17 -9.85882e-13 0)
(8.7634e-17 -9.85883e-13 0)
(8.16556e-17 -9.85884e-13 0)
(7.57026e-17 -9.85885e-13 0)
(6.97665e-17 -9.85885e-13 0)
(6.38394e-17 -9.85886e-13 0)
(5.79137e-17 -9.85887e-13 0)
(5.19815e-17 -9.85887e-13 0)
(4.60346e-17 -9.85888e-13 0)
(4.00646e-17 -9.85888e-13 0)
(3.40623e-17 -9.85889e-13 0)
(2.80179e-17 -9.85889e-13 0)
(2.19206e-17 -9.85889e-13 0)
(1.57588e-17 -9.8589e-13 0)
(9.51978e-18 -9.8589e-13 0)
(3.18966e-18 -9.8589e-13 0)
(1.24013e-07 -0.000404225 0)
(2.03239e-06 -7.06284e-09 0)
(5.40033e-14 -9.85625e-13 0)
(3.40183e-16 -9.85688e-13 0)
(3.09789e-16 -9.85735e-13 0)
(2.81911e-16 -9.85767e-13 0)
(2.57685e-16 -9.85789e-13 0)
(2.37119e-16 -9.85806e-13 0)
(2.19776e-16 -9.85818e-13 0)
(2.05094e-16 -9.85827e-13 0)
(1.92531e-16 -9.85834e-13 0)
(1.81619e-16 -9.8584e-13 0)
(1.71973e-16 -9.85844e-13 0)
(1.63291e-16 -9.85848e-13 0)
(1.55337e-16 -9.85852e-13 0)
(1.4793e-16 -9.85855e-13 0)
(1.40934e-16 -9.85857e-13 0)
(1.34247e-16 -9.85859e-13 0)
(1.27791e-16 -9.85861e-13 0)
(1.21509e-16 -9.85863e-13 0)
(1.15358e-16 -9.85865e-13 0)
(1.09307e-16 -9.85867e-13 0)
(1.03331e-16 -9.85868e-13 0)
(9.7414e-17 -9.85869e-13 0)
(9.15409e-17 -9.85871e-13 0)
(8.57012e-17 -9.85872e-13 0)
(7.98859e-17 -9.85873e-13 0)
(7.40873e-17 -9.85874e-13 0)
(6.82985e-17 -9.85875e-13 0)
(6.25127e-17 -9.85876e-13 0)
(5.67232e-17 -9.85877e-13 0)
(5.09232e-17 -9.85878e-13 0)
(4.51053e-17 -9.85878e-13 0)
(3.92617e-17 -9.85879e-13 0)
(3.33839e-17 -9.85879e-13 0)
(2.74627e-17 -9.8588e-13 0)
(2.1488e-17 -9.8588e-13 0)
(1.54488e-17 -9.8588e-13 0)
(9.3329e-18 -9.85881e-13 0)
(3.12711e-18 -9.85881e-13 0)
(2.68329e-07 -0.000483766 0)
(1.31072e-06 -2.52996e-08 0)
(1.1369e-12 -9.85649e-13 0)
(1.83418e-16 -9.85663e-13 0)
(1.9256e-16 -9.85701e-13 0)
(1.94985e-16 -9.85732e-13 0)
(1.93305e-16 -9.85756e-13 0)
(1.89236e-16 -9.85775e-13 0)
(1.83862e-16 -9.85791e-13 0)
(1.77841e-16 -9.85803e-13 0)
(1.71554e-16 -9.85812e-13 0)
(1.65209e-16 -9.8582e-13 0)
(1.58911e-16 -9.85826e-13 0)
(1.52703e-16 -9.85832e-13 0)
(1.46598e-16 -9.85836e-13 0)
(1.4059e-16 -9.8584e-13 0)
(1.34666e-16 -9.85843e-13 0)
(1.28813e-16 -9.85846e-13 0)
(1.23018e-16 -9.85849e-13 0)
(1.1727e-16 -9.85851e-13 0)
(1.11557e-16 -9.85853e-13 0)
(1.05874e-16 -9.85855e-13 0)
(1.00215e-16 -9.85857e-13 0)
(9.45733e-17 -9.85858e-13 0)
(8.89459e-17 -9.8586e-13 0)
(8.3329e-17 -9.85861e-13 0)
(7.77188e-17 -9.85863e-13 0)
(7.21117e-17 -9.85864e-13 0)
(6.65038e-17 -9.85865e-13 0)
(6.08905e-17 -9.85866e-13 0)
(5.52671e-17 -9.85867e-13 0)
(4.96281e-17 -9.85868e-13 0)
(4.39673e-17 -9.85869e-13 0)
(3.82779e-17 -9.8587e-13 0)
(3.25522e-17 -9.8587e-13 0)
(2.67817e-17 -9.85871e-13 0)
(2.09572e-17 -9.85871e-13 0)
(1.50683e-17 -9.85871e-13 0)
(9.10348e-18 -9.85872e-13 0)
(3.05032e-18 -9.85872e-13 0)
(3.67382e-07 -0.000500829 0)
(5.51465e-07 -4.62588e-08 0)
(1.46632e-12 -9.85764e-13 0)
(1.07752e-16 -9.85709e-13 0)
(1.24905e-16 -9.85727e-13 0)
(1.36918e-16 -9.85745e-13 0)
(1.44768e-16 -9.8576e-13 0)
(1.49346e-16 -9.85773e-13 0)
(1.51405e-16 -9.85785e-13 0)
(1.51553e-16 -9.85794e-13 0)
(1.50265e-16 -9.85802e-13 0)
(1.47905e-16 -9.85809e-13 0)
(1.4475e-16 -9.85815e-13 0)
(1.41004e-16 -9.8582e-13 0)
(1.36821e-16 -9.85824e-13 0)
(1.32314e-16 -9.85828e-13 0)
(1.27568e-16 -9.85832e-13 0)
(1.22645e-16 -9.85835e-13 0)
(1.17591e-16 -9.85837e-13 0)
(1.12441e-16 -9.8584e-13 0)
(1.07222e-16 -9.85842e-13 0)
(1.01952e-16 -9.85844e-13 0)
(9.66448e-17 -9.85846e-13 0)
(9.13114e-17 -9.85848e-13 0)
(8.59586e-17 -9.8585e-13 0)
(8.05911e-17 -9.85851e-13 0)
(7.52114e-17 -9.85853e-13 0)
(6.98204e-17 -9.85854e-13 0)
(6.44176e-17 -9.85855e-13 0)
(5.90013e-17 -9.85857e-13 0)
(5.35683e-17 -9.85858e-13 0)
(4.81148e-17 -9.85859e-13 0)
(4.26359e-17 -9.8586e-13 0)
(3.71256e-17 -9.85861e-13 0)
(3.15772e-17 -9.85861e-13 0)
(2.59829e-17 -9.85862e-13 0)
(2.03342e-17 -9.85862e-13 0)
(1.46215e-17 -9.85863e-13 0)
(8.83402e-18 -9.85863e-13 0)
(2.96011e-18 -9.85863e-13 0)
(4.50999e-07 -0.000505921 0)
(4.51001e-07 -6.92874e-08 0)
(1.63481e-12 -9.85882e-13 0)
(8.05613e-17 -9.8576e-13 0)
(9.64256e-17 -9.85766e-13 0)
(1.09224e-16 -9.85772e-13 0)
(1.19086e-16 -9.85779e-13 0)
(1.26272e-16 -9.85785e-13 0)
(1.31105e-16 -9.8579e-13 0)
(1.33926e-16 -9.85796e-13 0)
(1.35067e-16 -9.858e-13 0)
(1.3483e-16 -9.85805e-13 0)
(1.33478e-16 -9.85809e-13 0)
(1.31239e-16 -9.85813e-13 0)
(1.28299e-16 -9.85816e-13 0)
(1.24812e-16 -9.85819e-13 0)
(1.20902e-16 -9.85822e-13 0)
(1.16668e-16 -9.85825e-13 0)
(1.12187e-16 -9.85827e-13 0)
(1.0752e-16 -9.8583e-13 0)
(1.02713e-16 -9.85832e-13 0)
(9.78027e-17 -9.85834e-13 0)
(9.28154e-17 -9.85836e-13 0)
(8.77713e-17 -9.85838e-13 0)
(8.26852e-17 -9.8584e-13 0)
(7.75673e-17 -9.85841e-13 0)
(7.24243e-17 -9.85843e-13 0)
(6.72603e-17 -9.85845e-13 0)
(6.2077e-17 -9.85846e-13 0)
(5.68742e-17 -9.85847e-13 0)
(5.16505e-17 -9.85849e-13 0)
(4.64028e-17 -9.8585e-13 0)
(4.11269e-17 -9.85851e-13 0)
(3.58179e-17 -9.85852e-13 0)
(3.04695e-17 -9.85853e-13 0)
(2.50747e-17 -9.85853e-13 0)
(1.96255e-17 -9.85854e-13 0)
(1.41129e-17 -9.85854e-13 0)
(8.52723e-18 -9.85855e-13 0)
(2.85739e-18 -9.85855e-13 0)
(5.61184e-07 -0.000509319 0)
(5.61187e-07 -1.05309e-07 0)
(2.57696e-12 -9.86017e-13 0)
(7.81944e-17 -9.85804e-13 0)
(9.20162e-17 -9.85802e-13 0)
(1.03459e-16 -9.85801e-13 0)
(1.12487e-16 -9.858e-13 0)
(1.19222e-16 -9.85799e-13 0)
(1.2388e-16 -9.858e-13 0)
(1.26716e-16 -9.858e-13 0)
(1.27996e-16 -9.85802e-13 0)
(1.27974e-16 -9.85803e-13 0)
(1.26881e-16 -9.85805e-13 0)
(1.24921e-16 -9.85807e-13 0)
(1.22267e-16 -9.85809e-13 0)
(1.19064e-16 -9.85811e-13 0)
(1.15431e-16 -9.85813e-13 0)
(1.11467e-16 -9.85816e-13 0)
(1.07248e-16 -9.85818e-13 0)
(1.02835e-16 -9.8582e-13 0)
(9.82772e-17 -9.85822e-13 0)
(9.36103e-17 -9.85824e-13 0)
(8.88626e-17 -9.85826e-13 0)
(8.40551e-17 -9.85828e-13 0)
(7.92029e-17 -9.8583e-13 0)
(7.43168e-17 -9.85832e-13 0)
(6.94038e-17 -9.85834e-13 0)
(6.4468e-17 -9.85836e-13 0)
(5.95114e-17 -9.85837e-13 0)
(5.4534e-17 -9.85839e-13 0)
(4.95342e-17 -9.8584e-13 0)
(4.45092e-17 -9.85841e-13 0)
(3.94552e-17 -9.85842e-13 0)
(3.43672e-17 -9.85843e-13 0)
(2.92394e-17 -9.85844e-13 0)
(2.40653e-17 -9.85845e-13 0)
(1.88374e-17 -9.85846e-13 0)
(1.35473e-17 -9.85846e-13 0)
(8.1859e-18 -9.85846e-13 0)
(2.74309e-18 -9.85847e-13 0)
(7.29441e-07 -0.000514634 0)
(7.29446e-07 -1.75861e-07 0)
(5.11575e-12 -9.86259e-13 0)
(9.36796e-17 -9.85845e-13 0)
(1.06485e-16 -9.85834e-13 0)
(1.15847e-16 -9.85824e-13 0)
(1.22295e-16 -9.85817e-13 0)
(1.26364e-16 -9.8581e-13 0)
(1.28526e-16 -9.85806e-13 0)
(1.29171e-16 -9.85803e-13 0)
(1.28617e-16 -9.85801e-13 0)
(1.27117e-16 -9.858e-13 0)
(1.24872e-16 -9.858e-13 0)
(1.22044e-16 -9.85801e-13 0)
(1.1876e-16 -9.85802e-13 0)
(1.15124e-16 -9.85803e-13 0)
(1.11215e-16 -9.85805e-13 0)
(1.07099e-16 -9.85807e-13 0)
(1.02825e-16 -9.85809e-13 0)
(9.84322e-17 -9.85811e-13 0)
(9.3952e-17 -9.85813e-13 0)
(8.94071e-17 -9.85815e-13 0)
(8.48148e-17 -9.85817e-13 0)
(8.01875e-17 -9.85819e-13 0)
(7.55341e-17 -9.85821e-13 0)
(7.08601e-17 -9.85823e-13 0)
(6.61688e-17 -9.85825e-13 0)
(6.14615e-17 -9.85827e-13 0)
(5.67379e-17 -9.85829e-13 0)
(5.19964e-17 -9.8583e-13 0)
(4.72342e-17 -9.85832e-13 0)
(4.24479e-17 -9.85833e-13 0)
(3.7633e-17 -9.85834e-13 0)
(3.27845e-17 -9.85835e-13 0)
(2.78966e-17 -9.85836e-13 0)
(2.29629e-17 -9.85837e-13 0)
(1.79764e-17 -9.85838e-13 0)
(1.29292e-17 -9.85838e-13 0)
(7.81287e-18 -9.85839e-13 0)
(2.61817e-18 -9.85839e-13 0)
(1.08721e-06 -0.000522015 0)
(1.05478e-06 -5.36376e-07 0)
(1.52122e-11 -9.873e-13 0)
(1.39895e-16 -9.8588e-13 0)
(1.47416e-16 -9.85854e-13 0)
(1.49613e-16 -9.85835e-13 0)
(1.48801e-16 -9.85821e-13 0)
(1.46305e-16 -9.8581e-13 0)
(1.42871e-16 -9.85803e-13 0)
(1.38918e-16 -9.85798e-13 0)
(1.34677e-16 -9.85794e-13 0)
(1.30281e-16 -9.85793e-13 0)
(1.25801e-16 -9.85792e-13 0)
(1.21279e-16 -9.85792e-13 0)
(1.16738e-16 -9.85793e-13 0)
(1.12192e-16 -9.85794e-13 0)
(1.07648e-16 -9.85795e-13 0)
(1.03111e-16 -9.85797e-13 0)
(9.85839e-17 -9.85799e-13 0)
(9.40682e-17 -9.85802e-13 0)
(8.95641e-17 -9.85804e-13 0)
(8.50711e-17 -9.85806e-13 0)
(8.0588e-17 -9.85808e-13 0)
(7.61129e-17 -9.85811e-13 0)
(7.16436e-17 -9.85813e-13 0)
(6.71772e-17 -9.85815e-13 0)
(6.27103e-17 -9.85817e-13 0)
(5.82393e-17 -9.85819e-13 0)
(5.37602e-17 -9.85821e-13 0)
(4.92686e-17 -9.85822e-13 0)
(4.47599e-17 -9.85824e-13 0)
(4.02291e-17 -9.85825e-13 0)
(3.56711e-17 -9.85827e-13 0)
(3.10801e-17 -9.85828e-13 0)
(2.64504e-17 -9.85829e-13 0)
(2.17756e-17 -9.8583e-13 0)
(1.7049e-17 -9.8583e-13 0)
(1.22634e-17 -9.85831e-13 0)
(7.41111e-18 -9.85831e-13 0)
(2.48362e-18 -9.85832e-13 0)
(5.62192e-06 -0.000540765 0)
(5.5166e-06 -4.14551e-06 0)
(1.91081e-10 -1.00557e-12 0)
(2.59758e-16 -9.85845e-13 0)
(2.27974e-16 -9.85824e-13 0)
(2.04593e-16 -9.85809e-13 0)
(1.86515e-16 -9.85798e-13 0)
(1.72037e-16 -9.8579e-13 0)
(1.60088e-16 -9.85785e-13 0)
(1.49969e-16 -9.85781e-13 0)
(1.41207e-16 -9.85779e-13 0)
(1.33473e-16 -9.85779e-13 0)
(1.26526e-16 -9.85779e-13 0)
(1.20192e-16 -9.8578e-13 0)
(1.14335e-16 -9.85781e-13 0)
(1.08852e-16 -9.85783e-13 0)
(1.03665e-16 -9.85785e-13 0)
(9.87107e-17 -9.85787e-13 0)
(9.39402e-17 -9.8579e-13 0)
(8.93146e-17 -9.85792e-13 0)
(8.4803e-17 -9.85795e-13 0)
(8.03803e-17 -9.85797e-13 0)
(7.60264e-17 -9.858e-13 0)
(7.17244e-17 -9.85802e-13 0)
(6.74606e-17 -9.85805e-13 0)
(6.32233e-17 -9.85807e-13 0)
(5.90023e-17 -9.85809e-13 0)
(5.47888e-17 -9.85811e-13 0)
(5.0575e-17 -9.85813e-13 0)
(4.63536e-17 -9.85815e-13 0)
(4.21181e-17 -9.85816e-13 0)
(3.7862e-17 -9.85818e-13 0)
(3.35794e-17 -9.85819e-13 0)
(2.92642e-17 -9.85821e-13 0)
(2.49103e-17 -9.85822e-13 0)
(2.05118e-17 -9.85823e-13 0)
(1.60623e-17 -9.85823e-13 0)
(1.15552e-17 -9.85824e-13 0)
(6.9838e-18 -9.85824e-13 0)
(2.34054e-18 -9.85825e-13 0)
(5.54981e-06 -0.000569895 0)
(4.52104e-06 -1.63088e-05 0)
(2.43509e-09 -1.13313e-12 0)
(2.83483e-16 -9.85748e-13 0)
(2.46221e-16 -9.8575e-13 0)
(2.19821e-16 -9.8575e-13 0)
(1.97927e-16 -9.85751e-13 0)
(1.79742e-16 -9.85752e-13 0)
(1.64551e-16 -9.85754e-13 0)
(1.51753e-16 -9.85755e-13 0)
(1.40857e-16 -9.85757e-13 0)
(1.31468e-16 -9.8576e-13 0)
(1.23272e-16 -9.85762e-13 0)
(1.16019e-16 -9.85765e-13 0)
(1.09514e-16 -9.85768e-13 0)
(1.036e-16 -9.85771e-13 0)
(9.81539e-17 -9.85774e-13 0)
(9.30764e-17 -9.85777e-13 0)
(8.82897e-17 -9.8578e-13 0)
(8.37313e-17 -9.85783e-13 0)
(7.9351e-17 -9.85786e-13 0)
(7.51087e-17 -9.85789e-13 0)
(7.0972e-17 -9.85792e-13 0)
(6.69145e-17 -9.85794e-13 0)
(6.29147e-17 -9.85797e-13 0)
(5.89551e-17 -9.85799e-13 0)
(5.50209e-17 -9.85802e-13 0)
(5.10999e-17 -9.85804e-13 0)
(4.71816e-17 -9.85806e-13 0)
(4.3257e-17 -9.85808e-13 0)
(3.93183e-17 -9.8581e-13 0)
(3.53582e-17 -9.85811e-13 0)
(3.13704e-17 -9.85813e-13 0)
(2.73488e-17 -9.85814e-13 0)
(2.32877e-17 -9.85815e-13 0)
(1.91813e-17 -9.85816e-13 0)
(1.50242e-17 -9.85817e-13 0)
(1.08106e-17 -9.85817e-13 0)
(6.53461e-18 -9.85818e-13 0)
(2.19015e-18 -9.85818e-13 0)
(3.53833e-06 -0.000592562 0)
(2.84688e-06 -3.8447e-05 0)
(1.06798e-08 -1.63399e-12 0)
(2.82256e-16 -9.85663e-13 0)
(2.22369e-16 -9.85679e-13 0)
(2.00515e-16 -9.85692e-13 0)
(1.81887e-16 -9.85703e-13 0)
(1.65993e-16 -9.85712e-13 0)
(1.52396e-16 -9.8572e-13 0)
(1.40716e-16 -9.85727e-13 0)
(1.30622e-16 -9.85734e-13 0)
(1.21834e-16 -9.8574e-13 0)
(1.14115e-16 -9.85745e-13 0)
(1.07268e-16 -9.8575e-13 0)
(1.01129e-16 -9.85754e-13 0)
(9.55611e-17 -9.85759e-13 0)
(9.04533e-17 -9.85763e-13 0)
(8.57137e-17 -9.85767e-13 0)
(8.12671e-17 -9.8577e-13 0)
(7.7052e-17 -9.85774e-13 0)
(7.30181e-17 -9.85778e-13 0)
(6.91241e-17 -9.85781e-13 0)
(6.53364e-17 -9.85784e-13 0)
(6.16273e-17 -9.85787e-13 0)
(5.79742e-17 -9.8579e-13 0)
(5.43584e-17 -9.85792e-13 0)
(5.07644e-17 -9.85795e-13 0)
(4.71794e-17 -9.85797e-13 0)
(4.35925e-17 -9.85799e-13 0)
(3.99946e-17 -9.85801e-13 0)
(3.63778e-17 -9.85803e-13 0)
(3.27355e-17 -9.85805e-13 0)
(2.90614e-17 -9.85806e-13 0)
(2.53501e-17 -9.85808e-13 0)
(2.15966e-17 -9.85809e-13 0)
(1.77963e-17 -9.8581e-13 0)
(1.39444e-17 -9.85811e-13 0)
(1.00364e-17 -9.85811e-13 0)
(6.06784e-18 -9.85812e-13 0)
(2.03391e-18 -9.85812e-13 0)
(2.44584e-06 -0.000605805 0)
(1.92541e-06 -6.09978e-05 0)
(2.17108e-08 -2.6749e-12 0)
(2.80579e-16 -9.85606e-13 0)
(1.68077e-16 -9.8563e-13 0)
(1.5613e-16 -9.85651e-13 0)
(1.45319e-16 -9.85668e-13 0)
(1.35564e-16 -9.85682e-13 0)
(1.26779e-16 -9.85694e-13 0)
(1.18874e-16 -9.85705e-13 0)
(1.11754e-16 -9.85714e-13 0)
(1.05325e-16 -9.85723e-13 0)
(9.94975e-17 -9.8573e-13 0)
(9.4185e-17 -9.85736e-13 0)
(8.93097e-17 -9.85742e-13 0)
(8.48008e-17 -9.85748e-13 0)
(8.05958e-17 -9.85753e-13 0)
(7.66396e-17 -9.85758e-13 0)
(7.28849e-17 -9.85762e-13 0)
(6.92904e-17 -9.85766e-13 0)
(6.58214e-17 -9.8577e-13 0)
(6.24481e-17 -9.85774e-13 0)
(5.91455e-17 -9.85777e-13 0)
(5.58923e-17 -9.8578e-13 0)
(5.2671e-17 -9.85783e-13 0)
(4.94666e-17 -9.85786e-13 0)
(4.62667e-17 -9.85789e-13 0)
(4.30608e-17 -9.85791e-13 0)
(3.98401e-17 -9.85793e-13 0)
(3.65972e-17 -9.85795e-13 0)
(3.33257e-17 -9.85797e-13 0)
(3.00202e-17 -9.85799e-13 0)
(2.6676e-17 -9.85801e-13 0)
(2.32889e-17 -9.85802e-13 0)
(1.98552e-17 -9.85803e-13 0)
(1.63715e-17 -9.85804e-13 0)
(1.28345e-17 -9.85805e-13 0)
(9.24123e-18 -9.85806e-13 0)
(5.58857e-18 -9.85806e-13 0)
(1.87352e-18 -9.85806e-13 0)
(1.9988e-06 -0.000614281 0)
(1.47649e-06 -7.20675e-05 0)
(1.72041e-08 -3.64498e-12 0)
(2.23796e-16 -9.8559e-13 0)
(1.0333e-16 -9.85613e-13 0)
(1.02388e-16 -9.85633e-13 0)
(1.00395e-16 -9.85651e-13 0)
(9.77436e-17 -9.85666e-13 0)
(9.47028e-17 -9.8568e-13 0)
(9.1458e-17 -9.85692e-13 0)
(8.81329e-17 -9.85702e-13 0)
(8.48072e-17 -9.85711e-13 0)
(8.1529e-17 -9.8572e-13 0)
(7.83246e-17 -9.85727e-13 0)
(7.52051e-17 -9.85734e-13 0)
(7.21712e-17 -9.8574e-13 0)
(6.92172e-17 -9.85745e-13 0)
(6.63333e-17 -9.85751e-13 0)
(6.3508e-17 -9.85755e-13 0)
(6.07284e-17 -9.8576e-13 0)
(5.79822e-17 -9.85764e-13 0)
(5.52572e-17 -9.85768e-13 0)
(5.25424e-17 -9.85771e-13 0)
(4.98277e-17 -9.85774e-13 0)
(4.71041e-17 -9.85778e-13 0)
(4.43639e-17 -9.8578e-13 0)
(4.16001e-17 -9.85783e-13 0)
(3.88068e-17 -9.85786e-13 0)
(3.5979e-17 -9.85788e-13 0)
(3.31123e-17 -9.8579e-13 0)
(3.02032e-17 -9.85792e-13 0)
(2.72484e-17 -9.85794e-13 0)
(2.42453e-17 -9.85795e-13 0)
(2.11916e-17 -9.85797e-13 0)
(1.80853e-17 -9.85798e-13 0)
(1.49247e-17 -9.85799e-13 0)
(1.17083e-17 -9.858e-13 0)
(8.43471e-18 -9.858e-13 0)
(5.10264e-18 -9.85801e-13 0)
(1.71092e-18 -9.85801e-13 0)
(1.78318e-06 -0.000619851 0)
(1.19078e-06 -7.10318e-05 0)
(5.01383e-09 -3.83467e-12 0)
(1.00168e-16 -9.85604e-13 0)
(5.02719e-17 -9.85622e-13 0)
(5.58297e-17 -9.85637e-13 0)
(5.96602e-17 -9.85652e-13 0)
(6.2138e-17 -9.85665e-13 0)
(6.35649e-17 -9.85677e-13 0)
(6.41806e-17 -9.85688e-13 0)
(6.41737e-17 -9.85698e-13 0)
(6.36911e-17 -9.85707e-13 0)
(6.28456e-17 -9.85715e-13 0)
(6.17232e-17 -9.85722e-13 0)
(6.03886e-17 -9.85729e-13 0)
(5.88896e-17 -9.85735e-13 0)
(5.72612e-17 -9.8574e-13 0)
(5.55287e-17 -9.85746e-13 0)
(5.37096e-17 -9.8575e-13 0)
(5.18161e-17 -9.85755e-13 0)
(4.9856e-17 -9.85759e-13 0)
(4.78344e-17 -9.85763e-13 0)
(4.57544e-17 -9.85766e-13 0)
(4.36173e-17 -9.8577e-13 0)
(4.14239e-17 -9.85773e-13 0)
(3.9174e-17 -9.85776e-13 0)
(3.68673e-17 -9.85778e-13 0)
(3.45033e-17 -9.85781e-13 0)
(3.20815e-17 -9.85783e-13 0)
(2.96012e-17 -9.85785e-13 0)
(2.70621e-17 -9.85787e-13 0)
(2.44637e-17 -9.85789e-13 0)
(2.18059e-17 -9.85791e-13 0)
(1.90887e-17 -9.85792e-13 0)
(1.63119e-17 -9.85793e-13 0)
(1.34759e-17 -9.85794e-13 0)
(1.0581e-17 -9.85795e-13 0)
(7.62766e-18 -9.85796e-13 0)
(4.61647e-18 -9.85796e-13 0)
(1.54826e-18 -9.85796e-13 0)
(1.61027e-06 -0.000623034 0)
(9.33385e-07 -6.34616e-05 0)
(-2.80128e-17 -3.52254e-12 0)
(2.61615e-18 -9.85631e-13 0)
(1.39296e-17 -9.85642e-13 0)
(2.19483e-17 -9.85653e-13 0)
(2.84427e-17 -9.85663e-13 0)
(3.36123e-17 -9.85673e-13 0)
(3.76465e-17 -9.85683e-13 0)
(4.07177e-17 -9.85691e-13 0)
(4.29785e-17 -9.857e-13 0)
(4.45613e-17 -9.85707e-13 0)
(4.55788e-17 -9.85714e-13 0)
(4.61255e-17 -9.85721e-13 0)
(4.62799e-17 -9.85727e-13 0)
(4.61064e-17 -9.85733e-13 0)
(4.56575e-17 -9.85738e-13 0)
(4.49755e-17 -9.85743e-13 0)
(4.40943e-17 -9.85747e-13 0)
(4.3041e-17 -9.85752e-13 0)
(4.18369e-17 -9.85756e-13 0)
(4.04991e-17 -9.85759e-13 0)
(3.90409e-17 -9.85763e-13 0)
(3.74731e-17 -9.85766e-13 0)
(3.58039e-17 -9.85769e-13 0)
(3.404e-17 -9.85772e-13 0)
(3.21869e-17 -9.85775e-13 0)
(3.0249e-17 -9.85777e-13 0)
(2.82298e-17 -9.85779e-13 0)
(2.61325e-17 -9.85781e-13 0)
(2.39599e-17 -9.85783e-13 0)
(2.17143e-17 -9.85785e-13 0)
(1.9398e-17 -9.85786e-13 0)
(1.70132e-17 -9.85788e-13 0)
(1.45619e-17 -9.85789e-13 0)
(1.20464e-17 -9.8579e-13 0)
(9.46879e-18 -9.85791e-13 0)
(6.83144e-18 -9.85791e-13 0)
(4.13685e-18 -9.85792e-13 0)
(1.38779e-18 -9.85792e-13 0)
(1.43125e-06 -0.000623745 0)
(6.54695e-07 -5.35368e-05 0)
(-7.16507e-17 -3.17804e-12 0)
(-1.84668e-17 -9.8566e-13 0)
(-8.78856e-18 -9.85666e-13 0)
(-3.70081e-19 -9.85673e-13 0)
(6.86739e-18 -9.8568e-13 0)
(1.30174e-17 -9.85686e-13 0)
(1.81809e-17 -9.85693e-13 0)
(2.24603e-17 -9.85699e-13 0)
(2.59549e-17 -9.85706e-13 0)
(2.87582e-17 -9.85712e-13 0)
(3.09562e-17 -9.85717e-13 0)
(3.26261e-17 -9.85723e-13 0)
(3.38363e-17 -9.85728e-13 0)
(3.46469e-17 -9.85733e-13 0)
(3.51095e-17 -9.85738e-13 0)
(3.52687e-17 -9.85742e-13 0)
(3.5162e-17 -9.85746e-13 0)
(3.48215e-17 -9.8575e-13 0)
(3.42739e-17 -9.85754e-13 0)
(3.35418e-17 -9.85757e-13 0)
(3.26441e-17 -9.8576e-13 0)
(3.15965e-17 -9.85764e-13 0)
(3.04121e-17 -9.85766e-13 0)
(2.91022e-17 -9.85769e-13 0)
(2.76761e-17 -9.85772e-13 0)
(2.61418e-17 -9.85774e-13 0)
(2.45063e-17 -9.85776e-13 0)
(2.27754e-17 -9.85778e-13 0)
(2.09546e-17 -9.8578e-13 0)
(1.90485e-17 -9.85781e-13 0)
(1.70617e-17 -9.85783e-13 0)
(1.49983e-17 -9.85784e-13 0)
(1.28622e-17 -9.85785e-13 0)
(1.06574e-17 -9.85786e-13 0)
(8.38775e-18 -9.85787e-13 0)
(6.05735e-18 -9.85788e-13 0)
(3.67048e-18 -9.85788e-13 0)
(1.23174e-18 -9.85788e-13 0)
(1.24704e-06 -0.000621663 0)
(3.44408e-07 -4.3572e-05 0)
(-8.53077e-17 -2.87044e-12 0)
(-2.98787e-17 -9.85686e-13 0)
(-2.12191e-17 -9.85689e-13 0)
(-1.34603e-17 -9.85693e-13 0)
(-6.56822e-18 -9.85697e-13 0)
(-4.98447e-19 -9.85701e-13 0)
(4.80013e-18 -9.85705e-13 0)
(9.38267e-18 -9.85709e-13 0)
(1.33061e-17 -9.85714e-13 0)
(1.66271e-17 -9.85718e-13 0)
(1.9401e-17 -9.85723e-13 0)
(2.16803e-17 -9.85727e-13 0)
(2.35143e-17 -9.85731e-13 0)
(2.49483e-17 -9.85735e-13 0)
(2.60236e-17 -9.85739e-13 0)
(2.67773e-17 -9.85743e-13 0)
(2.72426e-17 -9.85746e-13 0)
(2.74487e-17 -9.8575e-13 0)
(2.74214e-17 -9.85753e-13 0)
(2.71833e-17 -9.85756e-13 0)
(2.67541e-17 -9.85759e-13 0)
(2.61508e-17 -9.85762e-13 0)
(2.53885e-17 -9.85764e-13 0)
(2.448e-17 -9.85767e-13 0)
(2.34367e-17 -9.85769e-13 0)
(2.22687e-17 -9.85771e-13 0)
(2.09845e-17 -9.85773e-13 0)
(1.95923e-17 -9.85775e-13 0)
(1.80989e-17 -9.85777e-13 0)
(1.65109e-17 -9.85778e-13 0)
(1.48343e-17 -9.8578e-13 0)
(1.30748e-17 -9.85781e-13 0)
(1.12378e-17 -9.85782e-13 0)
(9.32872e-18 -9.85783e-13 0)
(7.35292e-18 -9.85784e-13 0)
(5.31597e-18 -9.85784e-13 0)
(3.22366e-18 -9.85785e-13 0)
(1.08221e-18 -9.85785e-13 0)
(1.08977e-06 -0.000616607 0)
(4.94999e-08 -3.50192e-05 0)
(-8.07146e-17 -2.59889e-12 0)
(-3.31757e-17 -9.85709e-13 0)
(-2.60714e-17 -9.8571e-13 0)
(-1.95837e-17 -9.85711e-13 0)
(-1.368e-17 -9.85712e-13 0)
(-8.33595e-18 -9.85714e-13 0)
(-3.52979e-18 -9.85717e-13 0)
(7.60767e-19 -9.8572e-13 0)
(4.55965e-18 -9.85723e-13 0)
(7.89258e-18 -9.85726e-13 0)
(1.07867e-17 -9.85729e-13 0)
(1.32701e-17 -9.85732e-13 0)
(1.53709e-17 -9.85735e-13 0)
(1.71171e-17 -9.85738e-13 0)
(1.85356e-17 -9.85741e-13 0)
(1.96522e-17 -9.85744e-13 0)
(2.04911e-17 -9.85747e-13 0)
(2.10748e-17 -9.8575e-13 0)
(2.14241e-17 -9.85753e-13 0)
(2.15581e-17 -9.85756e-13 0)
(2.14939e-17 -9.85758e-13 0)
(2.12471e-17 -9.85761e-13 0)
(2.0832e-17 -9.85763e-13 0)
(2.02611e-17 -9.85765e-13 0)
(1.95459e-17 -9.85767e-13 0)
(1.86969e-17 -9.85769e-13 0)
(1.77233e-17 -9.85771e-13 0)
(1.66339e-17 -9.85773e-13 0)
(1.54366e-17 -9.85775e-13 0)
(1.41387e-17 -9.85776e-13 0)
(1.27473e-17 -9.85777e-13 0)
(1.1269e-17 -9.85778e-13 0)
(9.71023e-18 -9.85779e-13 0)
(8.07756e-18 -9.8578e-13 0)
(6.37743e-18 -9.85781e-13 0)
(4.61653e-18 -9.85782e-13 0)
(2.80189e-18 -9.85782e-13 0)
(9.41019e-19 -9.85782e-13 0)
(1.10198e-06 -0.00060958 0)
(-1.05431e-10 -2.84549e-05 0)
(-6.39833e-17 -2.3574e-12 0)
(-3.04593e-17 -9.85726e-13 0)
(-2.55831e-17 -9.85725e-13 0)
(-2.08568e-17 -9.85725e-13 0)
(-1.63431e-17 -9.85725e-13 0)
(-1.20855e-17 -9.85726e-13 0)
(-8.11313e-18 -9.85727e-13 0)
(-4.44452e-18 -9.85729e-13 0)
(-1.08957e-18 -9.85731e-13 0)
(1.94847e-18 -9.85733e-13 0)
(4.6717e-18 -9.85735e-13 0)
(7.08631e-18 -9.85737e-13 0)
(9.20156e-18 -9.85739e-13 0)
(1.1029e-17 -9.85742e-13 0)
(1.25817e-17 -9.85744e-13 0)
(1.38735e-17 -9.85747e-13 0)
(1.49189e-17 -9.85749e-13 0)
(1.57324e-17 -9.85752e-13 0)
(1.63281e-17 -9.85754e-13 0)
(1.67197e-17 -9.85756e-13 0)
(1.69205e-17 -9.85758e-13 0)
(1.69428e-17 -9.8576e-13 0)
(1.67984e-17 -9.85762e-13 0)
(1.64984e-17 -9.85764e-13 0)
(1.60528e-17 -9.85766e-13 0)
(1.54714e-17 -9.85768e-13 0)
(1.47632e-17 -9.8577e-13 0)
(1.39366e-17 -9.85771e-13 0)
(1.29996e-17 -9.85773e-13 0)
(1.19599e-17 -9.85774e-13 0)
(1.08246e-17 -9.85775e-13 0)
(9.60115e-18 -9.85776e-13 0)
(8.29643e-18 -9.85777e-13 0)
(6.91755e-18 -9.85778e-13 0)
(5.47174e-18 -9.85779e-13 0)
(3.96646e-18 -9.85779e-13 0)
(2.40962e-18 -9.85779e-13 0)
(8.09658e-19 -9.8578e-13 0)
(1.18101e-06 -0.000601853 0)
(-8.40385e-11 -2.34273e-05 0)
(-4.96346e-17 -2.14053e-12 0)
(-2.66452e-17 -9.85737e-13 0)
(-2.33963e-17 -9.85736e-13 0)
(-2.00744e-17 -9.85736e-13 0)
(-1.67568e-17 -9.85735e-13 0)
(-1.35042e-17 -9.85736e-13 0)
(-1.03636e-17 -9.85736e-13 0)
(-7.37097e-18 -9.85737e-13 0)
(-4.5532e-18 -9.85738e-13 0)
(-1.92954e-18 -9.85739e-13 0)
(4.86934e-19 -9.85741e-13 0)
(2.68828e-18 -9.85742e-13 0)
(4.67074e-18 -9.85744e-13 0)
(6.43395e-18 -9.85746e-13 0)
(7.9802e-18 -9.85747e-13 0)
(9.31391e-18 -9.85749e-13 0)
(1.0441e-17 -9.85751e-13 0)
(1.13687e-17 -9.85753e-13 0)
(1.21048e-17 -9.85755e-13 0)
(1.26578e-17 -9.85757e-13 0)
(1.30363e-17 -9.85759e-13 0)
(1.32491e-17 -9.85761e-13 0)
(1.33049e-17 -9.85762e-13 0)
(1.32123e-17 -9.85764e-13 0)
(1.29796e-17 -9.85766e-13 0)
(1.2615e-17 -9.85767e-13 0)
(1.21264e-17 -9.85769e-13 0)
(1.15215e-17 -9.8577e-13 0)
(1.08076e-17 -9.85771e-13 0)
(9.99217e-18 -9.85772e-13 0)
(9.08233e-18 -9.85773e-13 0)
(8.08526e-18 -9.85774e-13 0)
(7.00815e-18 -9.85775e-13 0)
(5.85833e-18 -9.85776e-13 0)
(4.64336e-18 -9.85776e-13 0)
(3.37114e-18 -9.85777e-13 0)
(2.05007e-18 -9.85777e-13 0)
(6.89206e-19 -9.85777e-13 0)
(1.25875e-06 -0.000593678 0)
(-7.64732e-11 -1.93341e-05 0)
(-4.03789e-17 -1.94772e-12 0)
(-2.36978e-17 -9.85745e-13 0)
(-2.1321e-17 -9.85744e-13 0)
(-1.8854e-17 -9.85743e-13 0)
(-1.63422e-17 -9.85743e-13 0)
(-1.38267e-17 -9.85743e-13 0)
(-1.13442e-17 -9.85743e-13 0)
(-8.92628e-18 -9.85743e-13 0)
(-6.59953e-18 -9.85744e-13 0)
(-4.38586e-18 -9.85745e-13 0)
(-2.30275e-18 -9.85746e-13 0)
(-3.6374e-19 -9.85747e-13 0)
(1.42121e-18 -9.85748e-13 0)
(3.04526e-18 -9.85749e-13 0)
(4.50425e-18 -9.8575e-13 0)
(5.79634e-18 -9.85752e-13 0)
(6.92159e-18 -9.85753e-13 0)
(7.88166e-18 -9.85755e-13 0)
(8.6795e-18 -9.85756e-13 0)
(9.31906e-18 -9.85758e-13 0)
(9.80507e-18 -9.85759e-13 0)
(1.01429e-17 -9.85761e-13 0)
(1.03382e-17 -9.85762e-13 0)
(1.03972e-17 -9.85764e-13 0)
(1.0326e-17 -9.85765e-13 0)
(1.0131e-17 -9.85766e-13 0)
(9.81878e-18 -9.85768e-13 0)
(9.39579e-18 -9.85769e-13 0)
(8.86862e-18 -9.8577e-13 0)
(8.24388e-18 -9.85771e-13 0)
(7.52827e-18 -9.85772e-13 0)
(6.72863e-18 -9.85773e-13 0)
(5.85194e-18 -9.85774e-13 0)
(4.90544e-18 -9.85774e-13 0)
(3.89673e-18 -9.85775e-13 0)
(2.8338e-18 -9.85775e-13 0)
(1.72524e-18 -9.85775e-13 0)
(5.80329e-19 -9.85776e-13 0)
(1.22008e-06 -0.00058539 0)
(-7.01397e-11 -1.58787e-05 0)
(-3.39849e-17 -1.77507e-12 0)
(-2.14792e-17 -9.8575e-13 0)
(-1.95898e-17 -9.8575e-13 0)
(-1.76411e-17 -9.85749e-13 0)
(-1.5653e-17 -9.85749e-13 0)
(-1.36476e-17 -9.85749e-13 0)
(-1.16476e-17 -9.85749e-13 0)
(-9.67481e-18 -9.85749e-13 0)
(-7.74964e-18 -9.85749e-13 0)
(-5.89046e-18 -9.85749e-13 0)
(-4.11343e-18 -9.8575e-13 0)
(-2.43231e-18 -9.85751e-13 0)
(-8.58534e-19 -9.85751e-13 0)
(5.98734e-19 -9.85752e-13 0)
(1.93246e-18 -9.85753e-13 0)
(3.13757e-18 -9.85754e-13 0)
(4.21073e-18 -9.85755e-13 0)
(5.15017e-18 -9.85757e-13 0)
(5.9555e-18 -9.85758e-13 0)
(6.62747e-18 -9.85759e-13 0)
(7.16783e-18 -9.8576e-13 0)
(7.57917e-18 -9.85761e-13 0)
(7.86475e-18 -9.85763e-13 0)
(8.02842e-18 -9.85764e-13 0)
(8.07448e-18 -9.85765e-13 0)
(8.0076e-18 -9.85766e-13 0)
(7.83278e-18 -9.85767e-13 0)
(7.5553e-18 -9.85768e-13 0)
(7.18067e-18 -9.85769e-13 0)
(6.71465e-18 -9.8577e-13 0)
(6.16322e-18 -9.85771e-13 0)
(5.53264e-18 -9.85772e-13 0)
(4.82946e-18 -9.85772e-13 0)
(4.06059e-18 -9.85773e-13 0)
(3.23337e-18 -9.85773e-13 0)
(2.35564e-18 -9.85774e-13 0)
(1.43587e-18 -9.85774e-13 0)
(4.83289e-19 -9.85774e-13 0)
(1.16762e-06 -0.000577421 0)
(-5.50201e-11 -1.28975e-05 0)
(-2.88617e-17 -1.62166e-12 0)
(-1.95753e-17 -9.85755e-13 0)
(-1.80426e-17 -9.85754e-13 0)
(-1.64602e-17 -9.85754e-13 0)
(-1.48422e-17 -9.85754e-13 0)
(-1.32034e-17 -9.85753e-13 0)
(-1.15595e-17 -9.85753e-13 0)
(-9.92599e-18 -9.85753e-13 0)
(-8.31799e-18 -9.85753e-13 0)
(-6.74984e-18 -9.85753e-13 0)
(-5.23484e-18 -9.85754e-13 0)
(-3.785e-18 -9.85754e-13 0)
(-2.41093e-18 -9.85755e-13 0)
(-1.12175e-18 -9.85755e-13 0)
(7.48678e-20 -9.85756e-13 0)
(1.17272e-18 -9.85757e-13 0)
(2.167e-18 -9.85758e-13 0)
(3.0542e-18 -9.85758e-13 0)
(3.832e-18 -9.85759e-13 0)
(4.49919e-18 -9.8576e-13 0)
(5.05555e-18 -9.85761e-13 0)
(5.50172e-18 -9.85762e-13 0)
(5.83912e-18 -9.85763e-13 0)
(6.06983e-18 -9.85764e-13 0)
(6.19654e-18 -9.85765e-13 0)
(6.22245e-18 -9.85766e-13 0)
(6.15121e-18 -9.85767e-13 0)
(5.9869e-18 -9.85768e-13 0)
(5.73399e-18 -9.85769e-13 0)
(5.39729e-18 -9.85769e-13 0)
(4.98199e-18 -9.8577e-13 0)
(4.49366e-18 -9.85771e-13 0)
(3.93824e-18 -9.85771e-13 0)
(3.32215e-18 -9.85772e-13 0)
(2.65226e-18 -9.85772e-13 0)
(1.93606e-18 -9.85772e-13 0)
(1.18166e-18 -9.85773e-13 0)
(3.97989e-19 -9.85773e-13 0)
(1.15788e-06 -0.000569706 0)
(-4.19046e-11 -1.02924e-05 0)
(-2.48351e-17 -1.48655e-12 0)
(-1.79402e-17 -9.85759e-13 0)
(-1.66558e-17 -9.85758e-13 0)
(-1.53309e-17 -9.85758e-13 0)
(-1.39766e-17 -9.85757e-13 0)
(-1.2604e-17 -9.85757e-13 0)
(-1.12242e-17 -9.85757e-13 0)
(-9.84881e-18 -9.85757e-13 0)
(-8.48886e-18 -9.85757e-13 0)
(-7.15526e-18 -9.85757e-13 0)
(-5.85839e-18 -9.85757e-13 0)
(-4.60796e-18 -9.85757e-13 0)
(-3.41289e-18 -9.85757e-13 0)
(-2.2812e-18 -9.85758e-13 0)
(-1.21994e-18 -9.85758e-13 0)
(-2.35181e-19 -9.85759e-13 0)
(6.68028e-19 -9.85759e-13 0)
(1.48561e-18 -9.8576e-13 0)
(2.21446e-18 -9.85761e-13 0)
(2.85237e-18 -9.85761e-13 0)
(3.39799e-18 -9.85762e-13 0)
(3.85076e-18 -9.85763e-13 0)
(4.21086e-18 -9.85764e-13 0)
(4.47913e-18 -9.85764e-13 0)
(4.65703e-18 -9.85765e-13 0)
(4.7466e-18 -9.85766e-13 0)
(4.75036e-18 -9.85767e-13 0)
(4.67136e-18 -9.85767e-13 0)
(4.51308e-18 -9.85768e-13 0)
(4.27945e-18 -9.85769e-13 0)
(3.97485e-18 -9.85769e-13 0)
(3.60409e-18 -9.8577e-13 0)
(3.17246e-18 -9.8577e-13 0)
(2.68574e-18 -9.85771e-13 0)
(2.15025e-18 -9.85771e-13 0)
(1.57292e-18 -9.85771e-13 0)
(9.61382e-19 -9.85772e-13 0)
(3.24028e-19 -9.85772e-13 0)
(1.12454e-06 -0.000562176 0)
(-3.18758e-11 -8.00139e-06 0)
(-2.16467e-17 -1.36863e-12 0)
(-1.65214e-17 -9.85762e-13 0)
(-1.5394e-17 -9.85762e-13 0)
(-1.42418e-17 -9.85761e-13 0)
(-1.30721e-17 -9.85761e-13 0)
(-1.18919e-17 -9.8576e-13 0)
(-1.0709e-17 -9.8576e-13 0)
(-9.53114e-18 -9.8576e-13 0)
(-8.36617e-18 -9.8576e-13 0)
(-7.22193e-18 -9.8576e-13 0)
(-6.10612e-18 -9.8576e-13 0)
(-5.02608e-18 -9.8576e-13 0)
(-3.98878e-18 -9.8576e-13 0)
(-3.00067e-18 -9.8576e-13 0)
(-2.06762e-18 -9.8576e-13 0)
(-1.19486e-18 -9.85761e-13 0)
(-3.86967e-19 -9.85761e-13 0)
(3.52186e-19 -9.85762e-13 0)
(1.01941e-18 -9.85762e-13 0)
(1.61221e-18 -9.85763e-13 0)
(2.12876e-18 -9.85763e-13 0)
(2.56787e-18 -9.85764e-13 0)
(2.92899e-18 -9.85764e-13 0)
(3.21218e-18 -9.85765e-13 0)
(3.41803e-18 -9.85766e-13 0)
(3.54769e-18 -9.85766e-13 0)
(3.60284e-18 -9.85767e-13 0)
(3.58564e-18 -9.85767e-13 0)
(3.49873e-18 -9.85768e-13 0)
(3.34525e-18 -9.85768e-13 0)
(3.12879e-18 -9.85769e-13 0)
(2.85344e-18 -9.85769e-13 0)
(2.52377e-18 -9.8577e-13 0)
(2.1449e-18 -9.8577e-13 0)
(1.72252e-18 -9.8577e-13 0)
(1.26292e-18 -9.85771e-13 0)
(7.73089e-19 -9.85771e-13 0)
(2.60765e-19 -9.85771e-13 0)
(1.01636e-06 -0.000555116 0)
(-2.31812e-11 -5.98536e-06 0)
(-1.8988e-17 -1.26763e-12 0)
(-1.51897e-17 -9.85765e-13 0)
(-1.41644e-17 -9.85764e-13 0)
(-1.31325e-17 -9.85764e-13 0)
(-1.2097e-17 -9.85764e-13 0)
(-1.10617e-17 -9.85763e-13 0)
(-1.0031e-17 -9.85763e-13 0)
(-9.00954e-18 -9.85763e-13 0)
(-8.00255e-18 -9.85762e-13 0)
(-7.01527e-18 -9.85762e-13 0)
(-6.053e-18 -9.85762e-13 0)
(-5.12094e-18 -9.85762e-13 0)
(-4.22409e-18 -9.85762e-13 0)
(-3.36722e-18 -9.85762e-13 0)
(-2.55477e-18 -9.85762e-13 0)
(-1.79083e-18 -9.85762e-13 0)
(-1.07907e-18 -9.85763e-13 0)
(-4.22773e-19 -9.85763e-13 0)
(1.75249e-19 -9.85763e-13 0)
(7.12642e-19 -9.85764e-13 0)
(1.18752e-18 -9.85764e-13 0)
(1.5985e-18 -9.85764e-13 0)
(1.94465e-18 -9.85765e-13 0)
(2.22554e-18 -9.85765e-13 0)
(2.44123e-18 -9.85766e-13 0)
(2.59225e-18 -9.85766e-13 0)
(2.67959e-18 -9.85767e-13 0)
(2.70472e-18 -9.85767e-13 0)
(2.6696e-18 -9.85768e-13 0)
(2.57664e-18 -9.85768e-13 0)
(2.42872e-18 -9.85769e-13 0)
(2.22925e-18 -9.85769e-13 0)
(1.98211e-18 -9.85769e-13 0)
(1.69174e-18 -9.8577e-13 0)
(1.36313e-18 -9.8577e-13 0)
(1.0019e-18 -9.8577e-13 0)
(6.14319e-19 -9.8577e-13 0)
(2.07383e-19 -9.8577e-13 0)
(7.37565e-07 -0.000549263 0)
(-1.54215e-11 -4.22111e-06 0)
(-1.65788e-17 -1.18186e-12 0)
(-1.37945e-17 -9.85768e-13 0)
(-1.28512e-17 -9.85767e-13 0)
(-1.19197e-17 -9.85767e-13 0)
(-1.09968e-17 -9.85766e-13 0)
(-1.00829e-17 -9.85766e-13 0)
(-9.18017e-18 -9.85765e-13 0)
(-8.29149e-18 -9.85765e-13 0)
(-7.42027e-18 -9.85765e-13 0)
(-6.56995e-18 -9.85764e-13 0)
(-5.74391e-18 -9.85764e-13 0)
(-4.94545e-18 -9.85764e-13 0)
(-4.17774e-18 -9.85764e-13 0)
(-3.44385e-18 -9.85764e-13 0)
(-2.74671e-18 -9.85764e-13 0)
(-2.08913e-18 -9.85764e-13 0)
(-1.47373e-18 -9.85764e-13 0)
(-9.0298e-19 -9.85764e-13 0)
(-3.79115e-19 -9.85764e-13 0)
(9.58777e-20 -9.85765e-13 0)
(5.20291e-19 -9.85765e-13 0)
(8.92729e-19 -9.85765e-13 0)
(1.21214e-18 -9.85765e-13 0)
(1.47781e-18 -9.85766e-13 0)
(1.68945e-18 -9.85766e-13 0)
(1.84712e-18 -9.85767e-13 0)
(1.95133e-18 -9.85767e-13 0)
(2.00298e-18 -9.85767e-13 0)
(2.00344e-18 -9.85768e-13 0)
(1.95451e-18 -9.85768e-13 0)
(1.85844e-18 -9.85768e-13 0)
(1.71799e-18 -9.85769e-13 0)
(1.5364e-18 -9.85769e-13 0)
(1.31742e-18 -9.85769e-13 0)
(1.06537e-18 -9.85769e-13 0)
(7.8514e-19 -9.85769e-13 0)
(4.82266e-19 -9.8577e-13 0)
(1.6295e-19 -9.8577e-13 0)
(1.9809e-07 -0.00054598 0)
(-6.77077e-12 -2.69885e-06 0)
(-1.39038e-17 -1.10899e-12 0)
(-1.21123e-17 -9.8577e-13 0)
(-1.13313e-17 -9.85769e-13 0)
(-1.05311e-17 -9.85769e-13 0)
(-9.72622e-18 -9.85768e-13 0)
(-8.92711e-18 -9.85768e-13 0)
(-8.14105e-18 -9.85767e-13 0)
(-7.37306e-18 -9.85767e-13 0)
(-6.6265e-18 -9.85767e-13 0)
(-5.90365e-18 -9.85766e-13 0)
(-5.20613e-18 -9.85766e-13 0)
(-4.53527e-18 -9.85766e-13 0)
(-3.89228e-18 -9.85765e-13 0)
(-3.2784e-18 -9.85765e-13 0)
(-2.695e-18 -9.85765e-13 0)
(-2.14354e-18 -9.85765e-13 0)
(-1.62561e-18 -9.85765e-13 0)
(-1.14282e-18 -9.85765e-13 0)
(-6.96838e-19 -9.85765e-13 0)
(-2.89243e-19 -9.85765e-13 0)
(7.8471e-20 -9.85766e-13 0)
(4.04972e-19 -9.85766e-13 0)
(6.89136e-19 -9.85766e-13 0)
(9.30088e-19 -9.85766e-13 0)
(1.12724e-18 -9.85767e-13 0)
(1.28034e-18 -9.85767e-13 0)
(1.38945e-18 -9.85767e-13 0)
(1.45505e-18 -9.85767e-13 0)
(1.47799e-18 -9.85768e-13 0)
(1.45953e-18 -9.85768e-13 0)
(1.40137e-18 -9.85768e-13 0)
(1.30568e-18 -9.85768e-13 0)
(1.17507e-18 -9.85769e-13 0)
(1.01267e-18 -9.85769e-13 0)
(8.22121e-19 -9.85769e-13 0)
(6.07618e-19 -9.85769e-13 0)
(3.73936e-19 -9.85769e-13 0)
(1.26467e-19 -9.85769e-13 0)
(1.54964e-07 -0.000544552 0)
(-3.25875e-12 -1.42339e-06 0)
(-1.19186e-17 -1.04819e-12 0)
(-1.06244e-17 -9.85772e-13 0)
(-9.84909e-18 -9.85772e-13 0)
(-9.07615e-18 -9.85771e-13 0)
(-8.32138e-18 -9.8577e-13 0)
(-7.59504e-18 -9.8577e-13 0)
(-6.90202e-18 -9.85769e-13 0)
(-6.24335e-18 -9.85769e-13 0)
(-5.6178e-18 -9.85768e-13 0)
(-5.02315e-18 -9.85768e-13 0)
(-4.45701e-18 -9.85767e-13 0)
(-3.91729e-18 -9.85767e-13 0)
(-3.40249e-18 -9.85767e-13 0)
(-2.91172e-18 -9.85766e-13 0)
(-2.44475e-18 -9.85766e-13 0)
(-2.00184e-18 -9.85766e-13 0)
(-1.5837e-18 -9.85766e-13 0)
(-1.19139e-18 -9.85766e-13 0)
(-8.26165e-19 -9.85766e-13 0)
(-4.89398e-19 -9.85766e-13 0)
(-1.82503e-19 -9.85766e-13 0)
(9.31618e-20 -9.85766e-13 0)
(3.36352e-19 -9.85766e-13 0)
(5.46e-19 -9.85767e-13 0)
(7.21261e-19 -9.85767e-13 0)
(8.6156e-19 -9.85767e-13 0)
(9.6662e-19 -9.85767e-13 0)
(1.0365e-18 -9.85767e-13 0)
(1.07162e-18 -9.85768e-13 0)
(1.07277e-18 -9.85768e-13 0)
(1.04115e-18 -9.85768e-13 0)
(9.78391e-19 -9.85768e-13 0)
(8.86551e-19 -9.85768e-13 0)
(7.68156e-19 -9.85769e-13 0)
(6.26215e-19 -9.85769e-13 0)
(4.6424e-19 -9.85769e-13 0)
(2.86275e-19 -9.85769e-13 0)
(9.69173e-20 -9.85769e-13 0)
(1.0665e-07 -0.000271957 0)
(-6.42587e-13 -4.24487e-07 0)
(-1.01269e-17 -1.00337e-12 0)
(-9.14435e-18 -9.85774e-13 0)
(-8.25112e-18 -9.85774e-13 0)
(-7.40026e-18 -9.85773e-13 0)
(-6.63658e-18 -9.85772e-13 0)
(-5.96429e-18 -9.85771e-13 0)
(-5.37185e-18 -9.85771e-13 0)
(-4.84362e-18 -9.8577e-13 0)
(-4.36485e-18 -9.85769e-13 0)
(-3.92345e-18 -9.85769e-13 0)
(-3.51031e-18 -9.85768e-13 0)
(-3.11901e-18 -9.85768e-13 0)
(-2.74536e-18 -9.85768e-13 0)
(-2.38693e-18 -9.85767e-13 0)
(-2.04261e-18 -9.85767e-13 0)
(-1.71227e-18 -9.85767e-13 0)
(-1.39651e-18 -9.85767e-13 0)
(-1.0964e-18 -9.85767e-13 0)
(-8.13311e-19 -9.85767e-13 0)
(-5.48814e-19 -9.85767e-13 0)
(-3.04528e-19 -9.85767e-13 0)
(-8.20524e-20 -9.85767e-13 0)
(1.17113e-19 -9.85767e-13 0)
(2.91624e-19 -9.85767e-13 0)
(4.4034e-19 -9.85767e-13 0)
(5.6237e-19 -9.85767e-13 0)
(6.57099e-19 -9.85767e-13 0)
(7.24224e-19 -9.85768e-13 0)
(7.63774e-19 -9.85768e-13 0)
(7.76134e-19 -9.85768e-13 0)
(7.6206e-19 -9.85768e-13 0)
(7.22701e-19 -9.85768e-13 0)
(6.59615e-19 -9.85768e-13 0)
(5.7478e-19 -9.85768e-13 0)
(4.70617e-19 -9.85768e-13 0)
(3.50002e-19 -9.85769e-13 0)
(2.16284e-19 -9.85769e-13 0)
(7.32986e-20 -9.85769e-13 0)
(-3.92347e-18 -9.85788e-13 0)
(-1.08697e-17 -9.85785e-13 0)
(-1.16953e-17 -9.85782e-13 0)
(-8.26353e-18 -9.85779e-13 0)
(-6.23894e-18 -9.85777e-13 0)
(-5.01616e-18 -9.85775e-13 0)
(-4.24914e-18 -9.85774e-13 0)
(-3.73993e-18 -9.85773e-13 0)
(-3.37503e-18 -9.85772e-13 0)
(-3.0892e-18 -9.85771e-13 0)
(-2.84498e-18 -9.8577e-13 0)
(-2.62102e-18 -9.8577e-13 0)
(-2.40546e-18 -9.85769e-13 0)
(-2.19205e-18 -9.85769e-13 0)
(-1.97797e-18 -9.85768e-13 0)
(-1.76245e-18 -9.85768e-13 0)
(-1.54605e-18 -9.85768e-13 0)
(-1.3301e-18 -9.85768e-13 0)
(-1.11643e-18 -9.85767e-13 0)
(-9.07117e-19 -9.85767e-13 0)
(-7.04379e-19 -9.85767e-13 0)
(-5.10451e-19 -9.85767e-13 0)
(-3.27512e-19 -9.85767e-13 0)
(-1.57625e-19 -9.85767e-13 0)
(-2.69248e-21 -9.85767e-13 0)
(1.35586e-19 -9.85767e-13 0)
(2.55744e-19 -9.85767e-13 0)
(3.56575e-19 -9.85767e-13 0)
(4.37154e-19 -9.85767e-13 0)
(4.96858e-19 -9.85768e-13 0)
(5.35386e-19 -9.85768e-13 0)
(5.52768e-19 -9.85768e-13 0)
(5.49384e-19 -9.85768e-13 0)
(5.25973e-19 -9.85768e-13 0)
(4.83649e-19 -9.85768e-13 0)
(4.23906e-19 -9.85768e-13 0)
(3.48633e-19 -9.85768e-13 0)
(2.60125e-19 -9.85768e-13 0)
(1.61088e-19 -9.85768e-13 0)
(5.46509e-20 -9.85768e-13 0)
(7.21038e-18 -9.85791e-13 0)
(1.13492e-17 -9.85787e-13 0)
(6.49548e-18 -9.85783e-13 0)
(3.59445e-18 -9.8578e-13 0)
(1.81484e-18 -9.85777e-13 0)
(6.91058e-19 -9.85775e-13 0)
(-3.8344e-20 -9.85774e-13 0)
(-5.21291e-19 -9.85773e-13 0)
(-8.4272e-19 -9.85772e-13 0)
(-1.0526e-18 -9.85771e-13 0)
(-1.18143e-18 -9.8577e-13 0)
(-1.24876e-18 -9.8577e-13 0)
(-1.26792e-18 -9.85769e-13 0)
(-1.24864e-18 -9.85769e-13 0)
(-1.19845e-18 -9.85769e-13 0)
(-1.12356e-18 -9.85768e-13 0)
(-1.02926e-18 -9.85768e-13 0)
(-9.20244e-19 -9.85768e-13 0)
(-8.007e-19 -9.85768e-13 0)
(-6.74449e-19 -9.85768e-13 0)
(-5.44971e-19 -9.85768e-13 0)
(-4.15446e-19 -9.85767e-13 0)
(-2.88762e-19 -9.85767e-13 0)
(-1.67527e-19 -9.85767e-13 0)
(-5.40681e-20 -9.85767e-13 0)
(4.957e-20 -9.85767e-13 0)
(1.41628e-19 -9.85767e-13 0)
(2.20637e-19 -9.85768e-13 0)
(2.85426e-19 -9.85768e-13 0)
(3.35125e-19 -9.85768e-13 0)
(3.69176e-19 -9.85768e-13 0)
(3.87334e-19 -9.85768e-13 0)
(3.89676e-19 -9.85768e-13 0)
(3.76608e-19 -9.85768e-13 0)
(3.48869e-19 -9.85768e-13 0)
(3.0754e-19 -9.85768e-13 0)
(2.54044e-19 -9.85768e-13 0)
(1.90157e-19 -9.85768e-13 0)
(1.18007e-19 -9.85768e-13 0)
(4.00772e-20 -9.85768e-13 0)
(6.49685e-18 -9.85773e-13 0)
(1.15488e-17 -9.85774e-13 0)
(8.90013e-18 -9.85774e-13 0)
(6.68894e-18 -9.85774e-13 0)
(4.91284e-18 -9.85773e-13 0)
(3.51631e-18 -9.85773e-13 0)
(2.43173e-18 -9.85772e-13 0)
(1.59627e-18 -9.85771e-13 0)
(9.57388e-19 -9.85771e-13 0)
(4.73281e-19 -9.8577e-13 0)
(1.11434e-19 -9.8577e-13 0)
(-1.53252e-19 -9.8577e-13 0)
(-3.40231e-19 -9.85769e-13 0)
(-4.64736e-19 -9.85769e-13 0)
(-5.38891e-19 -9.85769e-13 0)
(-5.72514e-19 -9.85768e-13 0)
(-5.73709e-19 -9.85768e-13 0)
(-5.49279e-19 -9.85768e-13 0)
(-5.05025e-19 -9.85768e-13 0)
(-4.45956e-19 -9.85768e-13 0)
(-3.76437e-19 -9.85768e-13 0)
(-3.00292e-19 -9.85768e-13 0)
(-2.20885e-19 -9.85768e-13 0)
(-1.41168e-19 -9.85768e-13 0)
(-6.37242e-20 -9.85768e-13 0)
(9.2098e-21 -9.85768e-13 0)
(7.57198e-20 -9.85768e-13 0)
(1.34203e-19 -9.85768e-13 0)
(1.83358e-19 -9.85768e-13 0)
(2.2218e-19 -9.85768e-13 0)
(2.49955e-19 -9.85768e-13 0)
(2.66259e-19 -9.85768e-13 0)
(2.70959e-19 -9.85768e-13 0)
(2.64209e-19 -9.85768e-13 0)
(2.46458e-19 -9.85768e-13 0)
(2.18442e-19 -9.85768e-13 0)
(1.81194e-19 -9.85768e-13 0)
(1.36037e-19 -9.85768e-13 0)
(8.45892e-20 -9.85768e-13 0)
(2.87564e-20 -9.85768e-13 0)
(4.84418e-18 -9.85767e-13 0)
(8.96805e-18 -9.85768e-13 0)
(7.57174e-18 -9.85769e-13 0)
(6.25127e-18 -9.85769e-13 0)
(5.05464e-18 -9.8577e-13 0)
(4.00402e-18 -9.8577e-13 0)
(3.10364e-18 -9.8577e-13 0)
(2.34677e-18 -9.8577e-13 0)
(1.72089e-18 -9.85769e-13 0)
(1.21115e-18 -9.85769e-13 0)
(8.02351e-19 -9.85769e-13 0)
(4.80128e-19 -9.85769e-13 0)
(2.31428e-19 -9.85769e-13 0)
(4.46839e-20 -9.85769e-13 0)
(-9.02244e-20 -9.85768e-13 0)
(-1.82088e-19 -9.85768e-13 0)
(-2.38528e-19 -9.85768e-13 0)
(-2.66151e-19 -9.85768e-13 0)
(-2.70694e-19 -9.85768e-13 0)
(-2.57153e-19 -9.85768e-13 0)
(-2.29884e-19 -9.85768e-13 0)
(-1.92688e-19 -9.85768e-13 0)
(-1.48886e-19 -9.85768e-13 0)
(-1.01372e-19 -9.85768e-13 0)
(-5.26572e-20 -9.85768e-13 0)
(-4.9079e-21 -9.85768e-13 0)
(4.00296e-20 -9.85768e-13 0)
(8.06058e-20 -9.85768e-13 0)
(1.15552e-19 -9.85768e-13 0)
(1.43866e-19 -9.85768e-13 0)
(1.64804e-19 -9.85768e-13 0)
(1.77876e-19 -9.85768e-13 0)
(1.82833e-19 -9.85768e-13 0)
(1.79673e-19 -9.85768e-13 0)
(1.68631e-19 -9.85768e-13 0)
(1.5018e-19 -9.85768e-13 0)
(1.2503e-19 -9.85768e-13 0)
(9.41218e-20 -9.85768e-13 0)
(5.86291e-20 -9.85768e-13 0)
(1.99487e-20 -9.85768e-13 0)
(3.30107e-18 -9.85764e-13 0)
(6.22269e-18 -9.85765e-13 0)
(5.47073e-18 -9.85766e-13 0)
(4.71908e-18 -9.85767e-13 0)
(3.99562e-18 -9.85767e-13 0)
(3.32088e-18 -9.85768e-13 0)
(2.70808e-18 -9.85768e-13 0)
(2.16411e-18 -9.85768e-13 0)
(1.69095e-18 -9.85768e-13 0)
(1.28698e-18 -9.85768e-13 0)
(9.48216e-19 -9.85768e-13 0)
(6.69259e-19 -9.85768e-13 0)
(4.44002e-19 -9.85768e-13 0)
(2.66134e-19 -9.85768e-13 0)
(1.29466e-19 -9.85768e-13 0)
(2.8131e-20 -9.85768e-13 0)
(-4.33033e-20 -9.85768e-13 0)
(-8.97883e-20 -9.85768e-13 0)
(-1.15784e-19 -9.85768e-13 0)
(-1.25276e-19 -9.85768e-13 0)
(-1.218e-19 -9.85768e-13 0)
(-1.08477e-19 -9.85768e-13 0)
(-8.80522e-20 -9.85768e-13 0)
(-6.29231e-20 -9.85768e-13 0)
(-3.51741e-20 -9.85768e-13 0)
(-6.60249e-21 -9.85768e-13 0)
(2.12578e-20 -9.85768e-13 0)
(4.71165e-20 -9.85768e-13 0)
(6.99106e-20 -9.85768e-13 0)
(8.87915e-20 -9.85768e-13 0)
(1.03114e-19 -9.85768e-13 0)
(1.12429e-19 -9.85768e-13 0)
(1.16474e-19 -9.85768e-13 0)
(1.15173e-19 -9.85768e-13 0)
(1.08627e-19 -9.85768e-13 0)
(9.71173e-20 -9.85768e-13 0)
(8.10942e-20 -9.85768e-13 0)
(6.11806e-20 -9.85768e-13 0)
(3.81646e-20 -9.85768e-13 0)
(1.29949e-20 -9.85768e-13 0)
(1.91578e-18 -9.85763e-13 0)
(3.64284e-18 -9.85764e-13 0)
(3.26558e-18 -9.85764e-13 0)
(2.87873e-18 -9.85765e-13 0)
(2.49511e-18 -9.85766e-13 0)
(2.12575e-18 -9.85766e-13 0)
(1.7793e-18 -9.85767e-13 0)
(1.46194e-18 -9.85767e-13 0)
(1.1774e-18 -9.85767e-13 0)
(9.27381e-19 -9.85768e-13 0)
(7.11892e-19 -9.85768e-13 0)
(5.2968e-19 -9.85768e-13 0)
(3.78618e-19 -9.85768e-13 0)
(2.5602e-19 -9.85768e-13 0)
(1.58908e-19 -9.85768e-13 0)
(8.4206e-20 -9.85768e-13 0)
(2.88797e-20 -9.85768e-13 0)
(-9.96947e-21 -9.85768e-13 0)
(-3.50463e-20 -9.85768e-13 0)
(-4.88313e-20 -9.85768e-13 0)
(-5.35687e-20 -9.85768e-13 0)
(-5.12673e-20 -9.85768e-13 0)
(-4.37086e-20 -9.85768e-13 0)
(-3.24601e-20 -9.85768e-13 0)
(-1.88892e-20 -9.85768e-13 0)
(-4.17839e-21 -9.85768e-13 0)
(1.0661e-20 -9.85768e-13 0)
(2.47761e-20 -9.85768e-13 0)
(3.74616e-20 -9.85768e-13 0)
(4.81504e-20 -9.85768e-13 0)
(5.64057e-20 -9.85768e-13 0)
(6.19151e-20 -9.85768e-13 0)
(6.44852e-20 -9.85768e-13 0)
(6.40376e-20 -9.85768e-13 0)
(6.06055e-20 -9.85768e-13 0)
(5.43309e-20 -9.85768e-13 0)
(4.54623e-20 -9.85768e-13 0)
(3.43514e-20 -9.85768e-13 0)
(2.14503e-20 -9.85768e-13 0)
(7.30747e-21 -9.85768e-13 0)
(6.27988e-19 -9.85762e-13 0)
(1.19845e-18 -9.85763e-13 0)
(1.0831e-18 -9.85764e-13 0)
(9.63601e-19 -9.85764e-13 0)
(8.43618e-19 -9.85765e-13 0)
(7.26493e-19 -9.85766e-13 0)
(6.1505e-19 -9.85766e-13 0)
(5.1148e-19 -9.85767e-13 0)
(4.17307e-19 -9.85767e-13 0)
(3.33425e-19 -9.85767e-13 0)
(2.60175e-19 -9.85767e-13 0)
(1.97448e-19 -9.85768e-13 0)
(1.44794e-19 -9.85768e-13 0)
(1.01517e-19 -9.85768e-13 0)
(6.67702e-20 -9.85768e-13 0)
(3.96258e-20 -9.85768e-13 0)
(1.91307e-20 -9.85768e-13 0)
(4.34787e-21 -9.85768e-13 0)
(-5.6161e-21 -9.85768e-13 0)
(-1.15939e-20 -9.85768e-13 0)
(-1.43479e-20 -9.85768e-13 0)
(-1.45664e-20 -9.85768e-13 0)
(-1.28639e-20 -9.85768e-13 0)
(-9.78294e-21 -9.85768e-13 0)
(-5.79874e-21 -9.85768e-13 0)
(-1.32286e-21 -9.85768e-13 0)
(3.29203e-21 -9.85768e-13 0)
(7.74811e-21 -9.85768e-13 0)
(1.17985e-20 -9.85768e-13 0)
(1.52441e-20 -9.85768e-13 0)
(1.79306e-20 -9.85768e-13 0)
(1.97466e-20 -9.85768e-13 0)
(2.0621e-20 -9.85768e-13 0)
(2.05222e-20 -9.85768e-13 0)
(1.94563e-20 -9.85768e-13 0)
(1.74663e-20 -9.85768e-13 0)
(1.46311e-20 -9.85768e-13 0)
(1.10641e-20 -9.85768e-13 0)
(6.91249e-21 -9.85768e-13 0)
(2.3555e-21 -9.85768e-13 0)
)
;

boundaryField
{
    top
    {
        type            zeroGradient;
    }
    inlet
    {
        type            fixedValue;
        value           uniform (0 0 0);
    }
    axis
    {
        type            fixedValue;
        value           uniform (0 0 0);
    }
    frontAndBack
    {
        type            empty;
    }
}


// ************************************************************************* //
