/*--------------------------------*- C++ -*----------------------------------*\
  =========                 |
  \\      /  F ield         | OpenFOAM: The Open Source CFD Toolbox
   \\    /   O peration     | Website:  https://openfoam.org
    \\  /    A nd           | Version:  10
     \\/     M anipulation  |
\*---------------------------------------------------------------------------*/
FoamFile
{
    format      ascii;
    class       volScalarField;
    location    "15000";
    object      p;
}
// * * * * * * * * * * * * * * * * * * * * * * * * * * * * * * * * * * * * * //

dimensions      [1 -1 -2 0 0 0 0];

internalField   nonuniform List<scalar> 
6400
(
111.346
111.363
111.397
111.449
111.519
111.608
111.719
111.853
112.013
112.204
112.432
112.707
113.048
113.485
161.661
412.072
663.614
904.957
1121.92
1357.78
1590.38
1808.68
2020.37
2223.32
2422.99
2623.93
2823.79
3021.14
3214.06
3403.46
3589.32
3769.51
3892.44
3964.56
4031.9
4092.84
4145.48
4187.68
4217.31
4232.63
4232.63
4217.31
4187.68
4145.48
4092.84
4031.9
3964.56
3892.44
3769.51
3589.32
3403.46
3214.06
3021.14
2823.79
2623.93
2422.99
2223.32
2020.37
1808.68
1590.38
1357.78
1121.92
904.957
663.614
412.072
161.661
113.485
113.048
112.707
112.432
112.204
112.013
111.853
111.719
111.608
111.519
111.449
111.397
111.363
111.346
111.051
111.068
111.102
111.154
111.224
111.313
111.424
111.558
111.718
111.908
112.136
112.41
112.75
113.191
113.943
117.647
369.918
611.983
827.035
1063.88
1296.99
1514.96
1726.74
1929.46
2128.93
2329.97
2529.9
2727.34
2920.22
3109.62
3295.57
3475.96
3599.23
3671.65
3739.34
3800.71
3853.84
3896.52
3926.54
3942.08
3942.08
3926.54
3896.52
3853.84
3800.71
3739.34
3671.65
3599.23
3475.96
3295.57
3109.62
2920.22
2727.34
2529.9
2329.97
2128.93
1929.46
1726.74
1514.96
1296.99
1063.88
827.035
611.983
369.918
117.647
113.943
113.191
112.75
112.41
112.136
111.908
111.718
111.558
111.424
111.313
111.224
111.154
111.102
111.068
111.051
110.727
110.744
110.778
110.83
110.899
110.989
111.099
111.233
111.392
111.582
111.809
112.082
112.418
112.852
113.505
113.993
114.328
292.328
502.28
741.634
975.96
1193.08
1405.15
1607.29
1806.29
2007.59
2207.67
2405.32
2598.1
2787.51
2973.68
3154.5
3278.58
3351.66
3420.19
3482.56
3536.81
3580.62
3611.58
3627.64
3627.64
3611.58
3580.62
3536.81
3482.56
3420.19
3351.66
3278.58
3154.5
2973.68
2787.51
2598.1
2405.32
2207.67
2007.59
1806.29
1607.29
1405.15
1193.08
975.96
741.634
502.28
292.328
114.328
113.993
113.505
112.852
112.418
112.082
111.809
111.582
111.392
111.233
111.099
110.989
110.899
110.83
110.778
110.744
110.727
110.371
110.388
110.421
110.473
110.542
110.631
110.741
110.874
111.033
111.222
111.447
111.717
112.047
112.467
113.035
113.473
113.624
113.64
143.707
388.351
624.93
840.308
1053.01
1254.09
1452.23
1654.05
1854.38
2052.43
2245
2434.41
2620.96
2802.51
2927.97
3002.19
3072.17
3136.3
3192.55
3238.4
3271.05
3288.09
3288.09
3271.05
3238.4
3192.55
3136.3
3072.17
3002.19
2927.97
2802.51
2620.96
2434.41
2245
2052.43
1854.38
1654.05
1452.23
1254.09
1053.01
840.308
624.93
388.351
143.707
113.64
113.624
113.473
113.035
112.467
112.047
111.717
111.447
111.222
111.033
110.874
110.741
110.631
110.542
110.473
110.421
110.388
110.371
109.978
109.995
110.029
110.08
110.149
110.238
110.347
110.48
110.637
110.824
111.047
111.312
111.634
112.033
112.53
112.924
113.105
113.205
113.729
113.559
243.533
453.532
667.674
866.871
1063.54
1266.35
1467.04
1665.78
1857.95
2047.33
2234.48
2417.06
2544.61
2620.61
2692.82
2759.68
2819.14
2868.35
2903.84
2922.49
2922.49
2903.84
2868.35
2819.14
2759.68
2692.82
2620.61
2544.61
2417.06
2234.48
2047.33
1857.95
1665.78
1467.04
1266.35
1063.54
866.871
667.674
453.532
243.533
113.559
113.729
113.205
113.105
112.924
112.53
112.033
111.634
111.312
111.047
110.824
110.637
110.48
110.347
110.238
110.149
110.08
110.029
109.995
109.978
109.547
109.563
109.597
109.648
109.717
109.805
109.913
110.044
110.2
110.385
110.604
110.863
111.174
111.549
111.984
112.342
112.542
112.69
113.054
112.963
112.864
112.989
248.23
442.34
636.552
841.251
1042.33
1242.28
1433.66
1622.97
1811.01
1994.87
2125.37
2203.93
2279.35
2350.23
2414.59
2469.14
2509.24
2530.55
2530.55
2509.24
2469.14
2414.59
2350.23
2279.35
2203.93
2125.37
1994.87
1811.01
1622.97
1433.66
1242.28
1042.33
841.251
636.552
442.34
248.23
112.989
112.864
112.963
113.054
112.69
112.542
112.342
111.984
111.549
111.174
110.863
110.604
110.385
110.2
110.044
109.913
109.805
109.717
109.648
109.597
109.563
109.547
109.071
109.088
109.121
109.171
109.24
109.327
109.434
109.564
109.718
109.9
110.114
110.366
110.663
111.011
111.395
111.72
111.931
112.101
112.364
112.344
112.293
112.34
112.278
112.332
166.628
375.307
576.568
778.739
968.505
1157.66
1347.01
1532.19
1666.59
1748.81
1828.6
1905.04
1976.7
2039.8
2087.45
2113.14
2113.14
2087.45
2039.8
1976.7
1905.04
1828.6
1748.81
1666.59
1532.19
1347.01
1157.66
968.505
778.739
576.568
375.307
166.628
112.332
112.278
112.34
112.293
112.344
112.364
112.101
111.931
111.72
111.395
111.011
110.663
110.366
110.114
109.9
109.718
109.564
109.434
109.327
109.24
109.171
109.121
109.088
109.071
108.547
108.564
108.597
108.647
108.714
108.8
108.906
109.034
109.185
109.363
109.571
109.814
110.095
110.415
110.757
111.052
111.267
111.444
111.644
111.669
111.655
111.686
111.668
111.736
112.021
111.72
112.383
273.288
458.446
647.259
838.675
1024.65
1163.84
1251.45
1336.72
1420.32
1502.67
1579.91
1640.35
1673.44
1673.44
1640.35
1579.91
1502.67
1420.32
1336.72
1251.45
1163.84
1024.65
838.675
647.259
458.446
273.288
112.383
111.72
112.021
111.736
111.668
111.686
111.655
111.669
111.644
111.444
111.267
111.052
110.757
110.415
110.095
109.814
109.571
109.363
109.185
109.034
108.906
108.8
108.714
108.647
108.597
108.564
108.547
107.97
107.986
108.019
108.068
108.135
108.22
108.324
108.449
108.597
108.77
108.97
109.202
109.466
109.759
110.063
110.333
110.544
110.719
110.882
110.934
110.948
110.977
110.986
111.051
111.204
111.058
111.105
110.82
110.786
112.704
283.081
467.226
611.286
708.509
799.189
890.328
987.681
1090.09
1173.33
1219.34
1219.34
1173.33
1090.09
987.681
890.328
799.189
708.509
611.286
467.226
283.081
112.704
110.786
110.82
111.105
111.058
111.204
111.051
110.986
110.977
110.948
110.934
110.882
110.719
110.544
110.333
110.063
109.759
109.466
109.202
108.97
108.77
108.597
108.449
108.324
108.22
108.135
108.068
108.019
107.986
107.97
107.334
107.35
107.382
107.431
107.496
107.579
107.681
107.803
107.946
108.113
108.306
108.525
108.771
109.038
109.31
109.555
109.757
109.926
110.067
110.136
110.169
110.202
110.227
110.282
110.365
110.296
110.284
110.12
110.092
110.231
109.931
109.886
110.168
147.808
217.196
307.906
422.497
575.505
700.306
769.135
769.135
700.306
575.505
422.497
307.906
217.196
147.808
110.168
109.886
109.931
110.231
110.092
110.12
110.284
110.296
110.365
110.282
110.227
110.202
110.169
110.136
110.067
109.926
109.757
109.555
109.31
109.038
108.771
108.525
108.306
108.113
107.946
107.803
107.681
107.579
107.496
107.431
107.382
107.35
107.334
106.633
106.649
106.68
106.727
106.791
106.872
106.971
107.089
107.228
107.388
107.57
107.776
108.003
108.246
108.489
108.712
108.902
109.062
109.19
109.269
109.316
109.354
109.387
109.433
109.48
109.447
109.418
109.322
109.292
109.326
109.167
109.122
109.16
109.109
109.079
109.111
109.51
136.465
269.88
369.369
369.369
269.88
136.465
109.51
109.111
109.079
109.109
109.16
109.122
109.167
109.326
109.292
109.322
109.418
109.447
109.48
109.433
109.387
109.354
109.316
109.269
109.19
109.062
108.902
108.712
108.489
108.246
108.003
107.776
107.57
107.388
107.228
107.089
106.971
106.872
106.791
106.727
106.68
106.649
106.633
105.86
105.875
105.905
105.951
106.013
106.092
106.187
106.301
106.434
106.586
106.758
106.949
107.157
107.376
107.594
107.797
107.973
108.123
108.243
108.325
108.382
108.426
108.463
108.501
108.53
108.515
108.487
108.428
108.397
108.388
108.298
108.256
108.253
108.238
108.228
108.234
108.245
108.285
113.608
152.826
152.826
113.608
108.285
108.245
108.234
108.228
108.238
108.253
108.256
108.298
108.388
108.397
108.428
108.487
108.515
108.53
108.501
108.463
108.426
108.382
108.325
108.243
108.123
107.973
107.797
107.594
107.376
107.157
106.949
106.758
106.586
106.434
106.301
106.187
106.092
106.013
105.951
105.905
105.875
105.86
105.006
105.021
105.051
105.095
105.155
105.23
105.322
105.43
105.556
105.699
105.86
106.036
106.226
106.423
106.618
106.801
106.963
107.102
107.215
107.3
107.362
107.41
107.449
107.482
107.503
107.497
107.476
107.438
107.409
107.385
107.329
107.293
107.281
107.272
107.267
107.266
107.267
107.271
107.793
115.463
115.463
107.793
107.271
107.267
107.266
107.267
107.272
107.281
107.293
107.329
107.385
107.409
107.438
107.476
107.497
107.503
107.482
107.449
107.41
107.362
107.3
107.215
107.102
106.963
106.801
106.618
106.423
106.226
106.036
105.86
105.699
105.556
105.43
105.322
105.23
105.155
105.095
105.051
105.021
105.006
104.065
104.079
104.107
104.15
104.207
104.279
104.366
104.469
104.587
104.72
104.869
105.03
105.202
105.378
105.553
105.717
105.865
105.994
106.1
106.184
106.248
106.299
106.339
106.369
106.388
106.387
106.373
106.348
106.323
106.297
106.26
106.23
106.216
106.208
106.203
106.199
106.196
106.193
106.19
109.63
109.63
106.19
106.193
106.196
106.199
106.203
106.208
106.216
106.23
106.26
106.297
106.323
106.348
106.373
106.387
106.388
106.369
106.339
106.299
106.248
106.184
106.1
105.994
105.865
105.717
105.553
105.378
105.202
105.03
104.869
104.72
104.587
104.469
104.366
104.279
104.207
104.15
104.107
104.079
104.065
103.025
103.038
103.065
103.106
103.16
103.228
103.31
103.406
103.516
103.639
103.775
103.922
104.076
104.233
104.388
104.536
104.67
104.788
104.888
104.969
105.034
105.085
105.125
105.155
105.173
105.177
105.169
105.152
105.132
105.11
105.082
105.058
105.045
105.037
105.031
105.026
105.02
105.015
105.003
107.332
107.332
105.003
105.015
105.02
105.026
105.031
105.037
105.045
105.058
105.082
105.11
105.132
105.152
105.169
105.177
105.173
105.155
105.125
105.085
105.034
104.969
104.888
104.788
104.67
104.536
104.388
104.233
104.076
103.922
103.775
103.639
103.516
103.406
103.31
103.228
103.16
103.106
103.065
103.038
103.025
101.877
101.89
101.915
101.953
102.004
102.067
102.144
102.233
102.334
102.447
102.57
102.701
102.839
102.979
103.116
103.247
103.368
103.476
103.569
103.646
103.71
103.761
103.801
103.83
103.848
103.856
103.853
103.843
103.828
103.81
103.789
103.77
103.757
103.75
103.744
103.738
103.732
103.726
103.714
105.804
105.804
103.714
103.726
103.732
103.738
103.744
103.75
103.757
103.77
103.789
103.81
103.828
103.843
103.853
103.856
103.848
103.83
103.801
103.761
103.71
103.646
103.569
103.476
103.368
103.247
103.116
102.979
102.839
102.701
102.57
102.447
102.334
102.233
102.144
102.067
102.004
101.953
101.915
101.89
101.877
100.529
100.54
100.564
100.599
100.646
100.704
100.774
100.855
100.946
101.048
101.157
101.274
101.395
101.517
101.637
101.752
101.859
101.956
102.041
102.114
102.174
102.224
102.263
102.292
102.312
102.322
102.324
102.319
102.309
102.296
102.281
102.265
102.254
102.247
102.241
102.235
102.229
102.223
102.211
104.287
104.287
102.211
102.223
102.229
102.235
102.241
102.247
102.254
102.265
102.281
102.296
102.309
102.319
102.324
102.322
102.312
102.292
102.263
102.224
102.174
102.114
102.041
101.956
101.859
101.752
101.637
101.517
101.395
101.274
101.157
101.048
100.946
100.855
100.774
100.704
100.646
100.599
100.564
100.54
100.529
99.0294
99.0401
99.0616
99.0936
99.1362
99.1891
99.2521
99.3247
99.4063
99.4961
99.5927
99.6947
99.7999
99.9061
100.011
100.111
100.206
100.292
100.369
100.435
100.492
100.539
100.577
100.606
100.626
100.638
100.644
100.643
100.637
100.628
100.617
100.604
100.594
100.588
100.583
100.577
100.571
100.565
100.552
102.678
102.678
100.552
100.565
100.571
100.577
100.583
100.588
100.594
100.604
100.617
100.628
100.637
100.643
100.644
100.638
100.626
100.606
100.577
100.539
100.492
100.435
100.369
100.292
100.206
100.111
100.011
99.9061
99.7999
99.6947
99.5927
99.4961
99.4063
99.3247
99.2521
99.1891
99.1362
99.0936
99.0616
99.0401
99.0294
97.5195
97.5292
97.5487
97.5777
97.6162
97.6639
97.7205
97.7854
97.8581
97.9376
98.0227
98.1122
98.2042
98.297
98.3885
98.4768
98.56
98.6367
98.7058
98.7668
98.8194
98.8635
98.8996
98.9277
98.9484
98.962
98.9694
98.9713
98.9687
98.9626
98.9538
98.9433
98.9349
98.9295
98.924
98.9183
98.9125
98.9066
98.8941
101.083
101.083
98.8941
98.9066
98.9125
98.9183
98.924
98.9295
98.9349
98.9433
98.9538
98.9626
98.9687
98.9713
98.9694
98.962
98.9484
98.9277
98.8996
98.8635
98.8194
98.7668
98.7058
98.6367
98.56
98.4768
98.3885
98.297
98.2042
98.1122
98.0227
97.9376
97.8581
97.7854
97.7205
97.6639
97.6162
97.5777
97.5487
97.5292
97.5195
95.9998
96.0086
96.0262
96.0524
96.0871
96.1299
96.1805
96.2384
96.303
96.3733
96.4484
96.5271
96.6079
96.6892
96.7695
96.8471
96.9208
96.9891
97.0513
97.1067
97.155
97.1961
97.2301
97.2572
97.2777
97.2919
97.3006
97.3043
97.3037
97.2997
97.2929
97.284
97.2763
97.2713
97.2661
97.2606
97.2549
97.2489
97.2366
99.4951
99.4951
97.2366
97.2489
97.2549
97.2606
97.2661
97.2713
97.2763
97.284
97.2929
97.2997
97.3037
97.3043
97.3006
97.2919
97.2777
97.2572
97.2301
97.1961
97.155
97.1067
97.0513
96.9891
96.9208
96.8471
96.7695
96.6892
96.6079
96.5271
96.4484
96.3733
96.303
96.2384
96.1805
96.1299
96.0871
96.0524
96.0262
96.0086
95.9998
94.4714
94.4793
94.4951
94.5186
94.5497
94.5881
94.6332
94.6848
94.7421
94.8043
94.8706
94.9399
95.0109
95.0824
95.1531
95.2216
95.2868
95.3478
95.4036
95.4538
95.4979
95.5359
95.5676
95.5933
95.6132
95.6275
95.6368
95.6415
95.6423
95.6396
95.6341
95.6263
95.6192
95.6145
95.6094
95.6041
95.5984
95.5924
95.5802
97.9148
97.9148
95.5802
95.5924
95.5984
95.6041
95.6094
95.6145
95.6192
95.6263
95.6341
95.6396
95.6423
95.6415
95.6368
95.6275
95.6132
95.5933
95.5676
95.5359
95.4979
95.4538
95.4036
95.3478
95.2868
95.2216
95.1531
95.0824
95.0109
94.9399
94.8706
94.8043
94.7421
94.6848
94.6332
94.5881
94.5497
94.5186
94.4951
94.4793
94.4714
92.935
92.9421
92.9562
92.9773
93.0051
93.0393
93.0796
93.1254
93.1763
93.2313
93.2899
93.3509
93.4135
93.4764
93.5387
93.5993
93.6572
93.7115
93.7616
93.8068
93.847
93.8818
93.9112
93.9353
93.9542
93.9682
93.9776
93.9828
93.9842
93.9824
93.9777
93.9705
93.9638
93.9592
93.9543
93.949
93.9434
93.9374
93.9253
96.3429
96.3429
93.9253
93.9374
93.9434
93.949
93.9543
93.9592
93.9638
93.9705
93.9777
93.9824
93.9842
93.9828
93.9776
93.9682
93.9542
93.9353
93.9112
93.8818
93.847
93.8068
93.7616
93.7115
93.6572
93.5993
93.5387
93.4764
93.4135
93.3509
93.2899
93.2313
93.1763
93.1254
93.0796
93.0393
93.0051
92.9773
92.9562
92.9421
92.935
91.3914
91.3978
91.4105
91.4293
91.4541
91.4846
91.5204
91.5611
91.6061
91.6549
91.7066
91.7604
91.8156
91.8712
91.9262
91.9798
92.0311
92.0795
92.1243
92.165
92.2014
92.2331
92.2601
92.2824
92.3001
92.3134
92.3225
92.3278
92.3295
92.3281
92.3238
92.317
92.3104
92.3059
92.3011
92.2958
92.2902
92.2842
92.2721
94.7805
94.7805
92.2721
92.2842
92.2902
92.2958
92.3011
92.3059
92.3104
92.317
92.3238
92.3281
92.3295
92.3278
92.3225
92.3134
92.3001
92.2824
92.2601
92.2331
92.2014
92.165
92.1243
92.0795
92.0311
91.9798
91.9262
91.8712
91.8156
91.7604
91.7066
91.6549
91.6061
91.5611
91.5204
91.4846
91.4541
91.4293
91.4105
91.3978
91.3914
89.8415
89.8472
89.8585
89.8753
89.8974
89.9245
89.9563
89.9924
90.0323
90.0754
90.1211
90.1687
90.2173
90.2664
90.315
90.3625
90.408
90.4511
90.4911
90.5276
90.5604
90.5891
90.6137
90.6341
90.6504
90.6628
90.6713
90.6763
90.6779
90.6765
90.6724
90.6657
90.6591
90.6547
90.6498
90.6446
90.6389
90.6328
90.6209
93.2291
93.2291
90.6209
90.6328
90.6389
90.6446
90.6498
90.6547
90.6591
90.6657
90.6724
90.6765
90.6779
90.6763
90.6713
90.6628
90.6504
90.6341
90.6137
90.5891
90.5604
90.5276
90.4911
90.4511
90.408
90.3625
90.315
90.2664
90.2173
90.1687
90.1211
90.0754
90.0323
89.9924
89.9563
89.9245
89.8974
89.8753
89.8585
89.8472
89.8415
88.286
88.291
88.3011
88.316
88.3357
88.3598
88.388
88.42
88.4553
88.4934
88.5338
88.5758
88.6187
88.6621
88.705
88.747
88.7874
88.8257
88.8614
88.894
88.9234
88.9492
88.9714
88.9899
89.0047
89.016
89.0237
89.0281
89.0294
89.0278
89.0235
89.0167
89.0101
89.0056
89.0007
88.9953
88.9896
88.9834
88.9716
91.6903
91.6903
88.9716
88.9834
88.9896
88.9953
89.0007
89.0056
89.0101
89.0167
89.0235
89.0278
89.0294
89.0281
89.0237
89.016
89.0047
88.9899
88.9714
88.9492
88.9234
88.894
88.8614
88.8257
88.7874
88.747
88.705
88.6621
88.6187
88.5758
88.5338
88.4934
88.4553
88.42
88.388
88.3598
88.3357
88.316
88.3011
88.291
88.286
86.7254
86.7298
86.7388
86.7521
86.7695
86.7908
86.8159
86.8442
86.8754
86.9091
86.9448
86.9819
87.0198
87.0581
87.0961
87.1332
87.169
87.2029
87.2346
87.2637
87.2899
87.313
87.3329
87.3494
87.3627
87.3726
87.3794
87.383
87.3838
87.3817
87.3771
87.37
87.3633
87.3587
87.3536
87.3482
87.3424
87.3361
87.3244
90.1659
90.1659
87.3244
87.3361
87.3424
87.3482
87.3536
87.3587
87.3633
87.37
87.3771
87.3817
87.3838
87.383
87.3794
87.3726
87.3627
87.3494
87.3329
87.313
87.2899
87.2637
87.2346
87.2029
87.169
87.1332
87.0961
87.0581
87.0198
86.9819
86.9448
86.9091
86.8754
86.8442
86.8159
86.7908
86.7695
86.7521
86.7388
86.7298
86.7254
85.1602
85.1642
85.1721
85.1839
85.1994
85.2183
85.2404
85.2655
85.2931
85.3229
85.3544
85.3871
85.4206
85.4544
85.4879
85.5207
85.5524
85.5824
85.6105
85.6363
85.6595
85.68
85.6976
85.7123
85.7239
85.7325
85.7381
85.7409
85.7409
85.7383
85.7331
85.7257
85.7186
85.7139
85.7087
85.7031
85.6972
85.6908
85.6791
88.6582
88.6582
85.6791
85.6908
85.6972
85.7031
85.7087
85.7139
85.7186
85.7257
85.7331
85.7383
85.7409
85.7409
85.7381
85.7325
85.7239
85.7123
85.6976
85.68
85.6595
85.6363
85.6105
85.5824
85.5524
85.5207
85.4879
85.4544
85.4206
85.3871
85.3544
85.3229
85.2931
85.2655
85.2404
85.2183
85.1994
85.1839
85.1721
85.1642
85.1602
83.5911
83.5946
83.6017
83.6121
83.6258
83.6425
83.6621
83.6842
83.7086
83.7349
83.7627
83.7916
83.8211
83.8509
83.8805
83.9094
83.9373
83.9639
83.9886
84.0114
84.0319
84.05
84.0654
84.0781
84.0881
84.0953
84.0998
84.1016
84.1007
84.0973
84.0916
84.0835
84.0761
84.0712
84.0658
84.0601
84.054
84.0475
84.0358
87.17
87.17
84.0358
84.0475
84.054
84.0601
84.0658
84.0712
84.0761
84.0835
84.0916
84.0973
84.1007
84.1016
84.0998
84.0953
84.0881
84.0781
84.0654
84.05
84.0319
84.0114
83.9886
83.9639
83.9373
83.9094
83.8805
83.8509
83.8211
83.7916
83.7627
83.7349
83.7086
83.6842
83.6621
83.6425
83.6258
83.6121
83.6017
83.5946
83.5911
82.0185
82.0216
82.0278
82.037
82.0491
82.0639
82.0812
82.1008
82.1223
82.1454
82.1699
82.1954
82.2214
82.2476
82.2737
82.2991
82.3237
82.347
82.3688
82.3888
82.4067
82.4225
82.4358
82.4467
82.4551
82.4609
82.4641
82.4648
82.463
82.4588
82.4523
82.4435
82.4357
82.4305
82.4249
82.419
82.4127
82.406
82.3943
85.7051
85.7051
82.3943
82.406
82.4127
82.419
82.4249
82.4305
82.4357
82.4435
82.4523
82.4588
82.463
82.4648
82.4641
82.4609
82.4551
82.4467
82.4358
82.4225
82.4067
82.3888
82.3688
82.347
82.3237
82.2991
82.2737
82.2476
82.2214
82.1954
82.1699
82.1454
82.1223
82.1008
82.0812
82.0639
82.0491
82.037
82.0278
82.0216
82.0185
80.4427
80.4454
80.4509
80.4591
80.4697
80.4828
80.4981
80.5153
80.5342
80.5547
80.5762
80.5986
80.6215
80.6445
80.6674
80.6898
80.7113
80.7318
80.7508
80.7682
80.7838
80.7974
80.8088
80.8179
80.8247
80.829
80.831
80.8306
80.8277
80.8226
80.8152
80.8056
80.7973
80.7918
80.7859
80.7797
80.7731
80.7663
80.7546
84.2683
84.2683
80.7546
80.7663
80.7731
80.7797
80.7859
80.7918
80.7973
80.8056
80.8152
80.8226
80.8277
80.8306
80.831
80.829
80.8247
80.8179
80.8088
80.7974
80.7838
80.7682
80.7508
80.7318
80.7113
80.6898
80.6674
80.6445
80.6215
80.5986
80.5762
80.5547
80.5342
80.5153
80.4981
80.4828
80.4697
80.4591
80.4509
80.4454
80.4427
78.8641
78.8666
78.8714
78.8786
78.888
78.8995
78.9129
78.9281
78.9448
78.9627
78.9817
79.0013
79.0214
79.0416
79.0617
79.0812
79.1
79.1179
79.1344
79.1495
79.1629
79.1744
79.184
79.1914
79.1966
79.1996
79.2003
79.1987
79.1948
79.1886
79.1802
79.1698
79.1608
79.1549
79.1487
79.1421
79.1353
79.1281
79.1163
82.8658
82.8658
79.1163
79.1281
79.1353
79.1421
79.1487
79.1549
79.1608
79.1698
79.1802
79.1886
79.1948
79.1987
79.2003
79.1996
79.1966
79.1914
79.184
79.1744
79.1629
79.1495
79.1344
79.1179
79.1
79.0812
79.0617
79.0416
79.0214
79.0013
78.9817
78.9627
78.9448
78.9281
78.9129
78.8995
78.888
78.8786
78.8714
78.8666
78.8641
77.2831
77.2853
77.2895
77.2959
77.3041
77.3143
77.3261
77.3394
77.3541
77.3698
77.3864
77.4036
77.4212
77.4389
77.4564
77.4734
77.4898
77.5052
77.5195
77.5324
77.5438
77.5534
77.5613
77.5671
77.5709
77.5725
77.5719
77.5691
77.564
77.5568
77.5473
77.5358
77.5261
77.5198
77.5131
77.5061
77.4989
77.4913
77.4794
81.5064
81.5064
77.4794
77.4913
77.4989
77.5061
77.5131
77.5198
77.5261
77.5358
77.5473
77.5568
77.564
77.5691
77.5719
77.5725
77.5709
77.5671
77.5613
77.5534
77.5438
77.5324
77.5195
77.5052
77.4898
77.4734
77.4564
77.4389
77.4212
77.4036
77.3864
77.3698
77.3541
77.3394
77.3261
77.3143
77.3041
77.2959
77.2895
77.2853
77.2831
75.7
75.7019
75.7056
75.7112
75.7184
75.7273
75.7377
75.7494
75.7622
75.776
75.7905
75.8056
75.8209
75.8363
75.8515
75.8663
75.8805
75.8937
75.906
75.9169
75.9264
75.9343
75.9405
75.9448
75.9472
75.9475
75.9457
75.9417
75.9356
75.9272
75.9166
75.9038
75.8932
75.8863
75.8791
75.8716
75.8638
75.8558
75.8435
80.2029
80.2029
75.8435
75.8558
75.8638
75.8716
75.8791
75.8863
75.8932
75.9038
75.9166
75.9272
75.9356
75.9417
75.9457
75.9475
75.9472
75.9448
75.9405
75.9343
75.9264
75.9169
75.906
75.8937
75.8805
75.8663
75.8515
75.8363
75.8209
75.8056
75.7905
75.776
75.7622
75.7494
75.7377
75.7273
75.7184
75.7112
75.7056
75.7019
75.7
74.115
74.1166
74.1199
74.1248
74.1311
74.1389
74.148
74.1582
74.1694
74.1815
74.1941
74.2073
74.2206
74.2339
74.2471
74.2599
74.272
74.2833
74.2937
74.3028
74.3106
74.317
74.3216
74.3246
74.3256
74.3247
74.3217
74.3166
74.3093
74.2997
74.2879
74.2738
74.2622
74.2546
74.2467
74.2385
74.2299
74.2212
74.2083
78.9706
78.9706
74.2083
74.2212
74.2299
74.2385
74.2467
74.2546
74.2622
74.2738
74.2879
74.2997
74.3093
74.3166
74.3217
74.3247
74.3256
74.3246
74.3216
74.317
74.3106
74.3028
74.2937
74.2833
74.272
74.2599
74.2471
74.2339
74.2206
74.2073
74.1941
74.1815
74.1694
74.1582
74.148
74.1389
74.1311
74.1248
74.1199
74.1166
74.115
72.5283
72.5297
72.5326
72.5369
72.5424
72.5492
72.5571
72.5661
72.5758
72.5863
72.5973
72.6087
72.6202
72.6318
72.6431
72.654
72.6643
72.6739
72.6826
72.6901
72.6964
72.7012
72.7045
72.7062
72.706
72.704
72.6999
72.6937
72.6853
72.6745
72.6614
72.6459
72.633
72.6246
72.6158
72.6067
72.5972
72.5875
72.5737
77.8274
77.8274
72.5737
72.5875
72.5972
72.6067
72.6158
72.6246
72.633
72.6459
72.6614
72.6745
72.6853
72.6937
72.6999
72.704
72.706
72.7062
72.7045
72.7012
72.6964
72.6901
72.6826
72.6739
72.6643
72.654
72.6431
72.6318
72.6202
72.6087
72.5973
72.5863
72.5758
72.5661
72.5571
72.5492
72.5424
72.5369
72.5326
72.5297
72.5283
70.9402
70.9414
70.9439
70.9476
70.9525
70.9584
70.9653
70.973
70.9815
70.9906
71.0001
71.0099
71.0199
71.0298
71.0394
71.0487
71.0575
71.0654
71.0726
71.0786
71.0835
71.087
71.0891
71.0896
71.0883
71.0852
71.0801
71.073
71.0635
71.0517
71.0374
71.0204
71.0061
70.9967
70.9869
70.9765
70.9657
70.9546
70.9395
76.7788
76.7788
70.9395
70.9546
70.9657
70.9765
70.9869
70.9967
71.0061
71.0204
71.0374
71.0517
71.0635
71.073
71.0801
71.0852
71.0883
71.0896
71.0891
71.087
71.0835
71.0786
71.0726
71.0654
71.0575
71.0487
71.0394
71.0298
71.0199
71.0099
71.0001
70.9906
70.9815
70.973
70.9653
70.9584
70.9525
70.9476
70.9439
70.9414
70.9402
69.3508
69.3519
69.3541
69.3573
69.3615
69.3666
69.3726
69.3793
69.3866
69.3945
69.4027
69.4111
69.4196
69.428
69.4362
69.444
69.4513
69.4579
69.4636
69.4683
69.472
69.4743
69.4753
69.4747
69.4725
69.4684
69.4625
69.4545
69.4442
69.4315
69.416
69.3976
69.3819
69.3715
69.3604
69.3486
69.336
69.3228
69.3056
75.7463
75.7463
69.3056
69.3228
69.336
69.3486
69.3604
69.3715
69.3819
69.3976
69.416
69.4315
69.4442
69.4545
69.4625
69.4684
69.4725
69.4747
69.4753
69.4743
69.472
69.4683
69.4636
69.4579
69.4513
69.444
69.4362
69.428
69.4196
69.4111
69.4027
69.3945
69.3866
69.3793
69.3726
69.3666
69.3615
69.3573
69.3541
69.3519
69.3508
67.7603
67.7612
67.7631
67.7659
67.7696
67.774
67.7791
67.7849
67.7912
67.7979
67.805
67.8121
67.8194
67.8265
67.8334
67.8399
67.8458
67.8511
67.8556
67.8592
67.8617
67.863
67.8629
67.8615
67.8584
67.8536
67.847
67.8383
67.8273
67.8139
67.7977
67.7782
67.7613
67.75
67.7377
67.7243
67.7096
67.6936
67.6734
74.2191
74.2191
67.6734
67.6936
67.7096
67.7243
67.7377
67.75
67.7613
67.7782
67.7977
67.8139
67.8273
67.8383
67.847
67.8536
67.8584
67.8615
67.8629
67.863
67.8617
67.8592
67.8556
67.8511
67.8458
67.8399
67.8334
67.8265
67.8194
67.8121
67.805
67.7979
67.7912
67.7849
67.7791
67.774
67.7696
67.7659
67.7631
67.7612
67.7603
66.1689
66.1697
66.1713
66.1737
66.1768
66.1806
66.1851
66.19
66.1954
66.2011
66.2071
66.2132
66.2192
66.2252
66.2309
66.2362
66.241
66.2452
66.2486
66.2511
66.2526
66.253
66.2521
66.2498
66.246
66.2406
66.2334
66.2243
66.2129
66.1992
66.1826
66.1627
66.1453
66.1335
66.1206
66.1063
66.0902
66.0717
66.0487
70.2918
70.2918
66.0487
66.0717
66.0902
66.1063
66.1206
66.1335
66.1453
66.1627
66.1826
66.1992
66.2129
66.2243
66.2334
66.2406
66.246
66.2498
66.2521
66.253
66.2526
66.2511
66.2486
66.2452
66.241
66.2362
66.2309
66.2252
66.2192
66.2132
66.2071
66.2011
66.1954
66.19
66.1851
66.1806
66.1768
66.1737
66.1713
66.1697
66.1689
64.5766
64.5773
64.5787
64.5808
64.5834
64.5867
64.5905
64.5947
64.5992
64.6041
64.6091
64.6142
64.6192
64.6242
64.6288
64.6331
64.6369
64.64
64.6424
64.644
64.6447
64.6442
64.6426
64.6397
64.6353
64.6295
64.6219
64.6125
64.601
64.5872
64.5708
64.5513
64.5344
64.523
64.5107
64.4972
64.4825
64.4668
64.4526
64.4466
64.4466
64.4526
64.4668
64.4825
64.4972
64.5107
64.523
64.5344
64.5513
64.5708
64.5872
64.601
64.6125
64.6219
64.6295
64.6353
64.6397
64.6426
64.6442
64.6447
64.644
64.6424
64.64
64.6369
64.6331
64.6288
64.6242
64.6192
64.6142
64.6091
64.6041
64.5992
64.5947
64.5905
64.5867
64.5834
64.5808
64.5787
64.5773
64.5766
62.9837
62.9843
62.9854
62.9872
62.9895
62.9922
62.9954
62.999
63.0028
63.0069
63.011
63.0152
63.0194
63.0234
63.0271
63.0304
63.0333
63.0356
63.0371
63.0379
63.0378
63.0367
63.0344
63.031
63.0262
63.02
63.0122
63.0027
62.9913
62.9779
62.9622
62.9438
62.9282
62.9178
62.9065
62.894
62.8799
62.8634
62.8485
62.8457
62.8457
62.8485
62.8634
62.8799
62.894
62.9065
62.9178
62.9282
62.9438
62.9622
62.9779
62.9913
63.0027
63.0122
63.02
63.0262
63.031
63.0344
63.0367
63.0378
63.0379
63.0371
63.0356
63.0333
63.0304
63.0271
63.0234
63.0194
63.0152
63.011
63.0069
63.0028
62.999
62.9954
62.9922
62.9895
62.9872
62.9854
62.9843
62.9837
61.3903
61.3908
61.3918
61.3933
61.3952
61.3975
61.4002
61.4032
61.4064
61.4097
61.4132
61.4166
61.4199
61.4231
61.426
61.4285
61.4306
61.432
61.4329
61.4329
61.4322
61.4304
61.4277
61.4238
61.4187
61.4122
61.4044
61.395
61.384
61.3712
61.3565
61.3398
61.3262
61.3175
61.3084
61.2992
61.29
61.2813
61.2742
61.2716
61.2716
61.2742
61.2813
61.29
61.2992
61.3084
61.3175
61.3262
61.3398
61.3565
61.3712
61.384
61.395
61.4044
61.4122
61.4187
61.4238
61.4277
61.4304
61.4322
61.4329
61.4329
61.432
61.4306
61.4285
61.426
61.4231
61.4199
61.4166
61.4132
61.4097
61.4064
61.4032
61.4002
61.3975
61.3952
61.3933
61.3918
61.3908
61.3903
59.7965
59.7969
59.7978
59.799
59.8006
59.8025
59.8047
59.8072
59.8098
59.8125
59.8153
59.818
59.8207
59.8231
59.8253
59.827
59.8284
59.8292
59.8294
59.8288
59.8275
59.8253
59.8221
59.8179
59.8125
59.806
59.7981
59.789
59.7784
59.7663
59.7528
59.7378
59.7262
59.7189
59.7115
59.7042
59.6971
59.6905
59.6845
59.682
59.682
59.6845
59.6905
59.6971
59.7042
59.7115
59.7189
59.7262
59.7378
59.7528
59.7663
59.7784
59.789
59.7981
59.806
59.8125
59.8179
59.8221
59.8253
59.8275
59.8288
59.8294
59.8292
59.8284
59.827
59.8253
59.8231
59.8207
59.818
59.8153
59.8125
59.8098
59.8072
59.8047
59.8025
59.8006
59.799
59.7978
59.7969
59.7965
58.2022
58.2026
58.2033
58.2043
58.2056
58.2072
58.209
58.211
58.2131
58.2153
58.2174
58.2196
58.2216
58.2234
58.2249
58.226
58.2267
58.2269
58.2265
58.2255
58.2237
58.221
58.2175
58.213
58.2075
58.201
58.1932
58.1843
58.1742
58.1629
58.1505
58.1371
58.1268
58.1205
58.1142
58.1079
58.1019
58.0961
58.0905
58.088
58.088
58.0905
58.0961
58.1019
58.1079
58.1142
58.1205
58.1268
58.1371
58.1505
58.1629
58.1742
58.1843
58.1932
58.201
58.2075
58.213
58.2175
58.221
58.2237
58.2255
58.2265
58.2269
58.2267
58.226
58.2249
58.2234
58.2216
58.2196
58.2174
58.2153
58.2131
58.211
58.209
58.2072
58.2056
58.2043
58.2033
58.2026
58.2022
56.6076
56.6079
56.6085
56.6093
56.6104
56.6116
56.6131
56.6146
56.6163
56.618
56.6197
56.6213
56.6227
56.6239
56.6249
56.6255
56.6256
56.6253
56.6244
56.6229
56.6207
56.6177
56.6139
56.6092
56.6037
56.5971
56.5895
56.5809
56.5713
56.5607
56.5492
56.537
56.5278
56.5221
56.5165
56.5108
56.5053
56.4999
56.4946
56.4922
56.4922
56.4946
56.4999
56.5053
56.5108
56.5165
56.5221
56.5278
56.537
56.5492
56.5607
56.5713
56.5809
56.5895
56.5971
56.6037
56.6092
56.6139
56.6177
56.6207
56.6229
56.6244
56.6253
56.6256
56.6255
56.6249
56.6239
56.6227
56.6213
56.6197
56.618
56.6163
56.6146
56.6131
56.6116
56.6104
56.6093
56.6085
56.6079
56.6076
55.0127
55.013
55.0134
55.0141
55.0149
55.0159
55.017
55.0182
55.0195
55.0208
55.022
55.0231
55.024
55.0248
55.0252
55.0253
55.025
55.0242
55.0229
55.021
55.0185
55.0152
55.0112
55.0064
55.0007
54.9942
54.9868
54.9785
54.9694
54.9594
54.9486
54.9374
54.9289
54.9237
54.9185
54.9133
54.9081
54.903
54.8979
54.8955
54.8955
54.8979
54.903
54.9081
54.9133
54.9185
54.9237
54.9289
54.9374
54.9486
54.9594
54.9694
54.9785
54.9868
54.9942
55.0007
55.0064
55.0112
55.0152
55.0185
55.021
55.0229
55.0242
55.025
55.0253
55.0252
55.0248
55.024
55.0231
55.022
55.0208
55.0195
55.0182
55.017
55.0159
55.0149
55.0141
55.0134
55.013
55.0127
53.4176
53.4178
53.4181
53.4186
53.4193
53.42
53.4209
53.4218
53.4227
53.4236
53.4244
53.4251
53.4256
53.4259
53.4259
53.4256
53.4248
53.4237
53.422
53.4198
53.4169
53.4134
53.4093
53.4044
53.3987
53.3922
53.385
53.377
53.3682
53.3588
53.3487
53.3381
53.3302
53.3253
53.3204
53.3155
53.3106
53.3057
53.3007
53.2984
53.2984
53.3007
53.3057
53.3106
53.3155
53.3204
53.3253
53.3302
53.3381
53.3487
53.3588
53.3682
53.377
53.385
53.3922
53.3987
53.4044
53.4093
53.4134
53.4169
53.4198
53.422
53.4237
53.4248
53.4256
53.4259
53.4259
53.4256
53.4251
53.4244
53.4236
53.4227
53.4218
53.4209
53.42
53.4193
53.4186
53.4181
53.4178
53.4176
51.8223
51.8225
51.8227
51.8231
51.8236
51.8241
51.8247
51.8253
51.8259
51.8265
51.8269
51.8272
51.8274
51.8273
51.8269
51.8262
51.8251
51.8236
51.8216
51.8191
51.8161
51.8124
51.8081
51.8031
51.7974
51.791
51.784
51.7762
51.7678
51.7588
51.7492
51.7392
51.7317
51.7271
51.7224
51.7177
51.713
51.7083
51.7035
51.7012
51.7012
51.7035
51.7083
51.713
51.7177
51.7224
51.7271
51.7317
51.7392
51.7492
51.7588
51.7678
51.7762
51.784
51.791
51.7974
51.8031
51.8081
51.8124
51.8161
51.8191
51.8216
51.8236
51.8251
51.8262
51.8269
51.8273
51.8274
51.8272
51.8269
51.8265
51.8259
51.8253
51.8247
51.8241
51.8236
51.8231
51.8227
51.8225
51.8223
50.2269
50.227
50.2272
50.2274
50.2278
50.2281
50.2285
50.2288
50.2292
50.2294
50.2296
50.2296
50.2294
50.229
50.2283
50.2272
50.2258
50.224
50.2218
50.2191
50.2158
50.212
50.2075
50.2025
50.1969
50.1906
50.1836
50.1761
50.168
50.1593
50.1501
50.1406
50.1335
50.129
50.1245
50.12
50.1155
50.1109
50.1062
50.104
50.104
50.1062
50.1109
50.1155
50.12
50.1245
50.129
50.1335
50.1406
50.1501
50.1593
50.168
50.1761
50.1836
50.1906
50.1969
50.2025
50.2075
50.212
50.2158
50.2191
50.2218
50.224
50.2258
50.2272
50.2283
50.229
50.2294
50.2296
50.2296
50.2294
50.2292
50.2288
50.2285
50.2281
50.2278
50.2274
50.2272
50.227
50.2269
48.6314
48.6315
48.6316
48.6317
48.6319
48.6321
48.6323
48.6324
48.6325
48.6325
48.6324
48.6321
48.6316
48.6309
48.6299
48.6286
48.627
48.6249
48.6224
48.6195
48.6161
48.6121
48.6076
48.6026
48.5969
48.5907
48.5839
48.5766
48.5687
48.5603
48.5515
48.5423
48.5355
48.5312
48.5269
48.5225
48.5181
48.5136
48.5091
48.5069
48.5069
48.5091
48.5136
48.5181
48.5225
48.5269
48.5312
48.5355
48.5423
48.5515
48.5603
48.5687
48.5766
48.5839
48.5907
48.5969
48.6026
48.6076
48.6121
48.6161
48.6195
48.6224
48.6249
48.627
48.6286
48.6299
48.6309
48.6316
48.6321
48.6324
48.6325
48.6325
48.6324
48.6323
48.6321
48.6319
48.6317
48.6316
48.6315
48.6314
47.0359
47.0359
47.0359
47.036
47.036
47.0361
47.0361
47.0361
47.036
47.0357
47.0354
47.0348
47.0341
47.0331
47.0319
47.0304
47.0285
47.0262
47.0236
47.0205
47.0169
47.0128
47.0083
47.0032
46.9976
46.9914
46.9847
46.9776
46.9699
46.9618
46.9533
46.9444
46.9377
46.9336
46.9294
46.9251
46.9209
46.9165
46.9121
46.9099
46.9099
46.9121
46.9165
46.9209
46.9251
46.9294
46.9336
46.9377
46.9444
46.9533
46.9618
46.9699
46.9776
46.9847
46.9914
46.9976
47.0032
47.0083
47.0128
47.0169
47.0205
47.0236
47.0262
47.0285
47.0304
47.0319
47.0331
47.0341
47.0348
47.0354
47.0357
47.036
47.0361
47.0361
47.0361
47.036
47.036
47.0359
47.0359
47.0359
45.4403
45.4403
45.4403
45.4402
45.4402
45.4401
45.44
45.4398
45.4395
45.4391
45.4385
45.4378
45.4368
45.4356
45.4342
45.4325
45.4304
45.4279
45.4251
45.4219
45.4182
45.4141
45.4094
45.4043
45.3987
45.3927
45.3861
45.379
45.3716
45.3636
45.3554
45.3467
45.3403
45.3362
45.3322
45.328
45.3239
45.3196
45.3153
45.3132
45.3132
45.3153
45.3196
45.3239
45.328
45.3322
45.3362
45.3403
45.3467
45.3554
45.3636
45.3716
45.379
45.3861
45.3927
45.3987
45.4043
45.4094
45.4141
45.4182
45.4219
45.4251
45.4279
45.4304
45.4325
45.4342
45.4356
45.4368
45.4378
45.4385
45.4391
45.4395
45.4398
45.44
45.4401
45.4402
45.4402
45.4403
45.4403
45.4403
43.8447
43.8446
43.8446
43.8445
43.8444
43.8442
43.8439
43.8436
43.8432
43.8426
43.8418
43.8409
43.8398
43.8384
43.8368
43.8349
43.8326
43.83
43.8271
43.8237
43.82
43.8157
43.8111
43.806
43.8004
43.7944
43.7879
43.781
43.7736
43.7659
43.7578
43.7494
43.7431
43.7392
43.7352
43.7312
43.7271
43.723
43.7188
43.7167
43.7167
43.7188
43.723
43.7271
43.7312
43.7352
43.7392
43.7431
43.7494
43.7578
43.7659
43.7736
43.781
43.7879
43.7944
43.8004
43.806
43.8111
43.8157
43.82
43.8237
43.8271
43.83
43.8326
43.8349
43.8368
43.8384
43.8398
43.8409
43.8418
43.8426
43.8432
43.8436
43.8439
43.8442
43.8444
43.8445
43.8446
43.8446
43.8447
42.2491
42.2491
42.249
42.2488
42.2486
42.2484
42.248
42.2475
42.2469
42.2462
42.2453
42.2443
42.243
42.2415
42.2397
42.2376
42.2352
42.2325
42.2294
42.226
42.2222
42.2179
42.2132
42.2081
42.2025
42.1966
42.1901
42.1833
42.1761
42.1685
42.1606
42.1523
42.1462
42.1424
42.1385
42.1345
42.1305
42.1265
42.1224
42.1204
42.1204
42.1224
42.1265
42.1305
42.1345
42.1385
42.1424
42.1462
42.1523
42.1606
42.1685
42.1761
42.1833
42.1901
42.1966
42.2025
42.2081
42.2132
42.2179
42.2222
42.226
42.2294
42.2325
42.2352
42.2376
42.2397
42.2415
42.243
42.2443
42.2453
42.2462
42.2469
42.2475
42.248
42.2484
42.2486
42.2488
42.249
42.2491
42.2491
40.6536
40.6535
40.6534
40.6532
40.6529
40.6526
40.6521
40.6516
40.6509
40.65
40.649
40.6478
40.6464
40.6447
40.6428
40.6407
40.6382
40.6354
40.6322
40.6287
40.6248
40.6205
40.6158
40.6106
40.6051
40.5992
40.5928
40.5861
40.5789
40.5715
40.5637
40.5556
40.5496
40.5458
40.542
40.5381
40.5342
40.5303
40.5263
40.5243
40.5243
40.5263
40.5303
40.5342
40.5381
40.542
40.5458
40.5496
40.5556
40.5637
40.5715
40.5789
40.5861
40.5928
40.5992
40.6051
40.6106
40.6158
40.6205
40.6248
40.6287
40.6322
40.6354
40.6382
40.6407
40.6428
40.6447
40.6464
40.6478
40.649
40.65
40.6509
40.6516
40.6521
40.6526
40.6529
40.6532
40.6534
40.6535
40.6536
39.0581
39.0581
39.0579
39.0577
39.0573
39.0569
39.0564
39.0557
39.055
39.054
39.0529
39.0516
39.0501
39.0483
39.0463
39.044
39.0414
39.0385
39.0353
39.0317
39.0278
39.0234
39.0187
39.0136
39.0081
39.0022
38.9959
38.9892
38.9821
38.9747
38.9671
38.9591
38.9532
38.9495
38.9457
38.9419
38.9381
38.9343
38.9303
38.9284
38.9284
38.9303
38.9343
38.9381
38.9419
38.9457
38.9495
38.9532
38.9591
38.9671
38.9747
38.9821
38.9892
38.9959
39.0022
39.0081
39.0136
39.0187
39.0234
39.0278
39.0317
39.0353
39.0385
39.0414
39.044
39.0463
39.0483
39.0501
39.0516
39.0529
39.054
39.055
39.0557
39.0564
39.0569
39.0573
39.0577
39.0579
39.0581
39.0581
37.4627
37.4627
37.4625
37.4622
37.4618
37.4614
37.4608
37.4601
37.4592
37.4582
37.457
37.4556
37.4539
37.4521
37.45
37.4477
37.445
37.442
37.4388
37.4351
37.4312
37.4268
37.4221
37.4169
37.4114
37.4056
37.3993
37.3926
37.3857
37.3783
37.3707
37.3628
37.357
37.3533
37.3497
37.3459
37.3422
37.3384
37.3346
37.3326
37.3326
37.3346
37.3384
37.3422
37.3459
37.3497
37.3533
37.357
37.3628
37.3707
37.3783
37.3857
37.3926
37.3993
37.4056
37.4114
37.4169
37.4221
37.4268
37.4312
37.4351
37.4388
37.442
37.445
37.4477
37.45
37.4521
37.4539
37.4556
37.457
37.4582
37.4592
37.4601
37.4608
37.4614
37.4618
37.4622
37.4625
37.4627
37.4627
35.8675
35.8674
35.8672
35.8669
35.8665
35.8659
35.8653
35.8645
35.8636
35.8625
35.8612
35.8597
35.8581
35.8562
35.854
35.8516
35.8489
35.8459
35.8426
35.8389
35.8349
35.8305
35.8258
35.8207
35.8152
35.8093
35.8031
35.7965
35.7895
35.7822
35.7747
35.7668
35.761
35.7574
35.7538
35.7501
35.7464
35.7427
35.7389
35.7371
35.7371
35.7389
35.7427
35.7464
35.7501
35.7538
35.7574
35.761
35.7668
35.7747
35.7822
35.7895
35.7965
35.8031
35.8093
35.8152
35.8207
35.8258
35.8305
35.8349
35.8389
35.8426
35.8459
35.8489
35.8516
35.854
35.8562
35.8581
35.8597
35.8612
35.8625
35.8636
35.8645
35.8653
35.8659
35.8665
35.8669
35.8672
35.8674
35.8675
34.2722
34.2721
34.2719
34.2716
34.2712
34.2706
34.2699
34.2691
34.2681
34.267
34.2657
34.2641
34.2624
34.2605
34.2583
34.2558
34.2531
34.25
34.2467
34.243
34.239
34.2347
34.2299
34.2248
34.2193
34.2135
34.2072
34.2006
34.1937
34.1864
34.1788
34.171
34.1653
34.1617
34.1581
34.1544
34.1508
34.1471
34.1434
34.1416
34.1416
34.1434
34.1471
34.1508
34.1544
34.1581
34.1617
34.1653
34.171
34.1788
34.1864
34.1937
34.2006
34.2072
34.2135
34.2193
34.2248
34.2299
34.2347
34.239
34.243
34.2467
34.25
34.2531
34.2558
34.2583
34.2605
34.2624
34.2641
34.2657
34.267
34.2681
34.2691
34.2699
34.2706
34.2712
34.2716
34.2719
34.2721
34.2722
32.6772
32.677
32.6768
32.6765
32.676
32.6754
32.6747
32.6739
32.6729
32.6717
32.6703
32.6688
32.667
32.665
32.6628
32.6603
32.6576
32.6545
32.6512
32.6475
32.6435
32.6391
32.6344
32.6293
32.6239
32.618
32.6118
32.6051
32.5982
32.5909
32.5833
32.5754
32.5696
32.5661
32.5625
32.5588
32.5552
32.5516
32.548
32.5462
32.5462
32.548
32.5516
32.5552
32.5588
32.5625
32.5661
32.5696
32.5754
32.5833
32.5909
32.5982
32.6051
32.6118
32.618
32.6239
32.6293
32.6344
32.6391
32.6435
32.6475
32.6512
32.6545
32.6576
32.6603
32.6628
32.665
32.667
32.6688
32.6703
32.6717
32.6729
32.6739
32.6747
32.6754
32.676
32.6765
32.6768
32.677
32.6772
31.0822
31.0821
31.0818
31.0815
31.081
31.0804
31.0797
31.0788
31.0777
31.0765
31.0752
31.0736
31.0718
31.0698
31.0676
31.0651
31.0623
31.0593
31.056
31.0523
31.0483
31.044
31.0393
31.0342
31.0288
31.0229
31.0167
31.01
31.003
30.9956
30.9879
30.98
30.9741
30.9705
30.9669
30.9633
30.9597
30.9561
30.9525
30.9508
30.9508
30.9525
30.9561
30.9597
30.9633
30.9669
30.9705
30.9741
30.98
30.9879
30.9956
31.003
31.01
31.0167
31.0229
31.0288
31.0342
31.0393
31.044
31.0483
31.0523
31.056
31.0593
31.0623
31.0651
31.0676
31.0698
31.0718
31.0736
31.0752
31.0765
31.0777
31.0788
31.0797
31.0804
31.081
31.0815
31.0818
31.0821
31.0822
29.4873
29.4872
29.4869
29.4866
29.4861
29.4855
29.4847
29.4838
29.4828
29.4816
29.4802
29.4786
29.4768
29.4748
29.4726
29.4701
29.4674
29.4644
29.4611
29.4574
29.4535
29.4492
29.4445
29.4395
29.4341
29.4282
29.422
29.4153
29.4082
29.4007
29.3928
29.3847
29.3787
29.375
29.3713
29.3677
29.364
29.3604
29.3569
29.3552
29.3552
29.3569
29.3604
29.364
29.3677
29.3713
29.375
29.3787
29.3847
29.3928
29.4007
29.4082
29.4153
29.422
29.4282
29.4341
29.4395
29.4445
29.4492
29.4535
29.4574
29.4611
29.4644
29.4674
29.4701
29.4726
29.4748
29.4768
29.4786
29.4802
29.4816
29.4828
29.4838
29.4847
29.4855
29.4861
29.4866
29.4869
29.4872
29.4873
27.8925
27.8924
27.8922
27.8918
27.8913
27.8907
27.89
27.8891
27.888
27.8868
27.8854
27.8838
27.8821
27.8801
27.8779
27.8754
27.8727
27.8697
27.8665
27.8629
27.859
27.8547
27.8501
27.8452
27.8398
27.8339
27.8277
27.821
27.8138
27.8061
27.798
27.7896
27.7834
27.7795
27.7757
27.7719
27.7681
27.7645
27.761
27.7593
27.7593
27.761
27.7645
27.7681
27.7719
27.7757
27.7795
27.7834
27.7896
27.798
27.8061
27.8138
27.821
27.8277
27.8339
27.8398
27.8452
27.8501
27.8547
27.859
27.8629
27.8665
27.8697
27.8727
27.8754
27.8779
27.8801
27.8821
27.8838
27.8854
27.8868
27.888
27.8891
27.89
27.8907
27.8913
27.8918
27.8922
27.8924
27.8925
26.2979
26.2978
26.2975
26.2972
26.2967
26.2961
26.2953
26.2944
26.2934
26.2922
26.2908
26.2893
26.2875
26.2856
26.2834
26.281
26.2783
26.2754
26.2722
26.2687
26.2648
26.2607
26.2561
26.2512
26.2459
26.2401
26.2339
26.2271
26.2198
26.212
26.2036
26.1947
26.1881
26.1839
26.1798
26.1758
26.1718
26.168
26.1644
26.1629
26.1629
26.1644
26.168
26.1718
26.1758
26.1798
26.1839
26.1881
26.1947
26.2036
26.212
26.2198
26.2271
26.2339
26.2401
26.2459
26.2512
26.2561
26.2607
26.2648
26.2687
26.2722
26.2754
26.2783
26.281
26.2834
26.2856
26.2875
26.2893
26.2908
26.2922
26.2934
26.2944
26.2953
26.2961
26.2967
26.2972
26.2975
26.2978
26.2979
24.7034
24.7033
24.703
24.7027
24.7022
24.7016
24.7008
24.7
24.6989
24.6978
24.6964
24.6949
24.6932
24.6913
24.6891
24.6868
24.6842
24.6813
24.6782
24.6748
24.671
24.667
24.6625
24.6577
24.6525
24.6467
24.6405
24.6338
24.6264
24.6184
24.6096
24.6002
24.5929
24.5883
24.5837
24.5792
24.5747
24.5706
24.5668
24.5653
24.5653
24.5668
24.5706
24.5747
24.5792
24.5837
24.5883
24.5929
24.6002
24.6096
24.6184
24.6264
24.6338
24.6405
24.6467
24.6525
24.6577
24.6625
24.667
24.671
24.6748
24.6782
24.6813
24.6842
24.6868
24.6891
24.6913
24.6932
24.6949
24.6964
24.6978
24.6989
24.7
24.7008
24.7016
24.7022
24.7027
24.703
24.7033
24.7034
23.109
23.1089
23.1086
23.1083
23.1078
23.1072
23.1065
23.1056
23.1046
23.1035
23.1022
23.1007
23.099
23.0972
23.0951
23.0928
23.0903
23.0876
23.0845
23.0812
23.0776
23.0736
23.0693
23.0646
23.0595
23.0539
23.0478
23.041
23.0337
23.0255
23.0164
23.0062
22.998
22.9928
22.9874
22.9819
22.9764
22.9713
22.9669
22.9655
22.9655
22.9669
22.9713
22.9764
22.9819
22.9874
22.9928
22.998
23.0062
23.0164
23.0255
23.0337
23.041
23.0478
23.0539
23.0595
23.0646
23.0693
23.0736
23.0776
23.0812
23.0845
23.0876
23.0903
23.0928
23.0951
23.0972
23.099
23.1007
23.1022
23.1035
23.1046
23.1056
23.1065
23.1072
23.1078
23.1083
23.1086
23.1089
23.109
21.5147
21.5146
21.5144
21.514
21.5136
21.513
21.5123
21.5115
21.5105
21.5094
21.5081
21.5067
21.5051
21.5033
21.5013
21.4991
21.4967
21.494
21.4911
21.4879
21.4844
21.4806
21.4765
21.4719
21.467
21.4615
21.4556
21.449
21.4417
21.4335
21.4242
21.4135
21.4043
21.3982
21.3915
21.3842
21.3765
21.3686
21.3618
21.3608
21.3608
21.3618
21.3686
21.3765
21.3842
21.3915
21.3982
21.4043
21.4135
21.4242
21.4335
21.4417
21.449
21.4556
21.4615
21.467
21.4719
21.4765
21.4806
21.4844
21.4879
21.4911
21.494
21.4967
21.4991
21.5013
21.5033
21.5051
21.5067
21.5081
21.5094
21.5105
21.5115
21.5123
21.513
21.5136
21.514
21.5144
21.5146
21.5147
19.9205
19.9204
19.9202
19.9199
19.9194
19.9189
19.9182
19.9174
19.9165
19.9154
19.9142
19.9128
19.9113
19.9096
19.9077
19.9056
19.9033
19.9008
19.898
19.895
19.8916
19.888
19.884
19.8797
19.875
19.8697
19.864
19.8577
19.8506
19.8426
19.8335
19.8227
19.813
19.8063
19.7984
19.789
19.777
19.7609
19.7375
19.7075
19.7075
19.7375
19.7609
19.777
19.789
19.7984
19.8063
19.813
19.8227
19.8335
19.8426
19.8506
19.8577
19.864
19.8697
19.875
19.8797
19.884
19.888
19.8916
19.895
19.898
19.9008
19.9033
19.9056
19.9077
19.9096
19.9113
19.9128
19.9142
19.9154
19.9165
19.9174
19.9182
19.9189
19.9194
19.9199
19.9202
19.9204
19.9205
18.3264
18.3263
18.3261
18.3258
18.3254
18.3249
18.3242
18.3235
18.3226
18.3216
18.3205
18.3192
18.3177
18.3161
18.3143
18.3123
18.3102
18.3078
18.3051
18.3023
18.2991
18.2957
18.292
18.2879
18.2834
18.2785
18.2731
18.2671
18.2604
18.253
18.2444
18.2345
18.2259
18.22
18.2136
18.2065
18.1986
18.1902
18.1819
18.1758
18.1758
18.1819
18.1902
18.1986
18.2065
18.2136
18.22
18.2259
18.2345
18.2444
18.253
18.2604
18.2671
18.2731
18.2785
18.2834
18.2879
18.292
18.2957
18.2991
18.3023
18.3051
18.3078
18.3102
18.3123
18.3143
18.3161
18.3177
18.3192
18.3205
18.3216
18.3226
18.3235
18.3242
18.3249
18.3254
18.3258
18.3261
18.3263
18.3264
16.7325
16.7324
16.7322
16.7319
16.7315
16.731
16.7304
16.7297
16.7289
16.7279
16.7269
16.7256
16.7243
16.7228
16.7211
16.7193
16.7172
16.715
16.7125
16.7099
16.7069
16.7037
16.7002
16.6964
16.6922
16.6877
16.6827
16.6772
16.6711
16.6643
16.6568
16.6483
16.6414
16.6369
16.6323
16.6276
16.623
16.6187
16.6153
16.6132
16.6132
16.6153
16.6187
16.623
16.6276
16.6323
16.6369
16.6414
16.6483
16.6568
16.6643
16.6711
16.6772
16.6827
16.6877
16.6922
16.6964
16.7002
16.7037
16.7069
16.7099
16.7125
16.715
16.7172
16.7193
16.7211
16.7228
16.7243
16.7256
16.7269
16.7279
16.7289
16.7297
16.7304
16.731
16.7315
16.7319
16.7322
16.7324
16.7325
15.1386
15.1385
15.1383
15.1381
15.1377
15.1372
15.1367
15.136
15.1353
15.1344
15.1334
15.1323
15.131
15.1296
15.1281
15.1264
15.1245
15.1224
15.1202
15.1177
15.115
15.112
15.1088
15.1053
15.1015
15.0973
15.0928
15.0878
15.0824
15.0765
15.0701
15.0631
15.0578
15.0546
15.0514
15.0483
15.0455
15.0431
15.0414
15.0404
15.0404
15.0414
15.0431
15.0455
15.0483
15.0514
15.0546
15.0578
15.0631
15.0701
15.0765
15.0824
15.0878
15.0928
15.0973
15.1015
15.1053
15.1088
15.112
15.115
15.1177
15.1202
15.1224
15.1245
15.1264
15.1281
15.1296
15.131
15.1323
15.1334
15.1344
15.1353
15.136
15.1367
15.1372
15.1377
15.1381
15.1383
15.1385
15.1386
13.5448
13.5447
13.5446
13.5443
13.544
13.5436
13.5431
13.5425
13.5418
13.541
13.5401
13.539
13.5379
13.5366
13.5352
13.5336
13.5319
13.53
13.528
13.5257
13.5233
13.5206
13.5177
13.5145
13.5111
13.5074
13.5033
13.499
13.4942
13.4892
13.4839
13.4783
13.4744
13.472
13.4698
13.4677
13.4659
13.4644
13.4634
13.4629
13.4629
13.4634
13.4644
13.4659
13.4677
13.4698
13.472
13.4744
13.4783
13.4839
13.4892
13.4942
13.499
13.5033
13.5074
13.5111
13.5145
13.5177
13.5206
13.5233
13.5257
13.528
13.53
13.5319
13.5336
13.5352
13.5366
13.5379
13.539
13.5401
13.541
13.5418
13.5425
13.5431
13.5436
13.544
13.5443
13.5446
13.5447
13.5448
11.9511
11.951
11.9509
11.9507
11.9504
11.95
11.9495
11.949
11.9484
11.9476
11.9468
11.9459
11.9449
11.9437
11.9425
11.9411
11.9395
11.9379
11.936
11.934
11.9318
11.9294
11.9268
11.924
11.921
11.9177
11.9142
11.9104
11.9064
11.9022
11.8979
11.8935
11.8905
11.8888
11.8872
11.8858
11.8845
11.8836
11.8829
11.8826
11.8826
11.8829
11.8836
11.8845
11.8858
11.8872
11.8888
11.8905
11.8935
11.8979
11.9022
11.9064
11.9104
11.9142
11.9177
11.921
11.924
11.9268
11.9294
11.9318
11.934
11.936
11.9379
11.9395
11.9411
11.9425
11.9437
11.9449
11.9459
11.9468
11.9476
11.9484
11.949
11.9495
11.95
11.9504
11.9507
11.9509
11.951
11.9511
10.3575
10.3574
10.3573
10.3571
10.3568
10.3565
10.3561
10.3556
10.3551
10.3544
10.3537
10.3529
10.352
10.351
10.3499
10.3486
10.3473
10.3458
10.3442
10.3424
10.3405
10.3384
10.3362
10.3337
10.3311
10.3283
10.3253
10.3221
10.3188
10.3153
10.3118
10.3085
10.3062
10.3049
10.3038
10.3028
10.3019
10.3012
10.3008
10.3005
10.3005
10.3008
10.3012
10.3019
10.3028
10.3038
10.3049
10.3062
10.3085
10.3118
10.3153
10.3188
10.3221
10.3253
10.3283
10.3311
10.3337
10.3362
10.3384
10.3405
10.3424
10.3442
10.3458
10.3473
10.3486
10.3499
10.351
10.352
10.3529
10.3537
10.3544
10.3551
10.3556
10.3561
10.3565
10.3568
10.3571
10.3573
10.3574
10.3575
8.7639
8.76384
8.76373
8.76357
8.76334
8.76306
8.76271
8.76231
8.76183
8.76129
8.76067
8.75998
8.7592
8.75834
8.75739
8.75634
8.75518
8.75392
8.75254
8.75104
8.7494
8.74763
8.74572
8.74365
8.74144
8.73908
8.73658
8.73395
8.73123
8.72846
8.72573
8.72313
8.72145
8.7205
8.71965
8.7189
8.71829
8.71781
8.71749
8.71732
8.71732
8.71749
8.71781
8.71829
8.7189
8.71965
8.7205
8.72145
8.72313
8.72573
8.72846
8.73123
8.73395
8.73658
8.73908
8.74144
8.74365
8.74572
8.74763
8.7494
8.75104
8.75254
8.75392
8.75518
8.75634
8.75739
8.75834
8.7592
8.75998
8.76067
8.76129
8.76183
8.76231
8.76271
8.76306
8.76334
8.76357
8.76373
8.76384
8.7639
7.17039
7.17034
7.17025
7.17011
7.16992
7.16969
7.1694
7.16907
7.16867
7.16822
7.16771
7.16714
7.1665
7.16579
7.165
7.16413
7.16318
7.16214
7.161
7.15976
7.15842
7.15696
7.1554
7.15371
7.15191
7.15
7.14799
7.14589
7.14374
7.14158
7.13948
7.13752
7.13627
7.13557
7.13495
7.13441
7.13397
7.13362
7.13339
7.13328
7.13328
7.13339
7.13362
7.13397
7.13441
7.13495
7.13557
7.13627
7.13752
7.13948
7.14158
7.14374
7.14589
7.14799
7.15
7.15191
7.15371
7.1554
7.15696
7.15842
7.15976
7.161
7.16214
7.16318
7.16413
7.165
7.16579
7.1665
7.16714
7.16771
7.16822
7.16867
7.16907
7.1694
7.16969
7.16992
7.17011
7.17025
7.17034
7.17039
5.57692
5.57688
5.57681
5.5767
5.57656
5.57637
5.57615
5.57588
5.57558
5.57522
5.57482
5.57437
5.57387
5.57331
5.57269
5.57202
5.57127
5.57045
5.56956
5.5686
5.56755
5.56641
5.56519
5.56389
5.56249
5.56102
5.55948
5.55789
5.55626
5.55465
5.5531
5.55166
5.55077
5.55026
5.54982
5.54944
5.54912
5.54888
5.54872
5.54864
5.54864
5.54872
5.54888
5.54912
5.54944
5.54982
5.55026
5.55077
5.55166
5.5531
5.55465
5.55626
5.55789
5.55948
5.56102
5.56249
5.56389
5.56519
5.56641
5.56755
5.5686
5.56956
5.57045
5.57127
5.57202
5.57269
5.57331
5.57387
5.57437
5.57482
5.57522
5.57558
5.57588
5.57615
5.57637
5.57656
5.5767
5.57681
5.57688
5.57692
3.98349
3.98346
3.98341
3.98333
3.98323
3.98309
3.98293
3.98274
3.98252
3.98227
3.98198
3.98166
3.9813
3.98089
3.98045
3.97996
3.97943
3.97884
3.9782
3.97751
3.97676
3.97595
3.97508
3.97415
3.97316
3.97211
3.97103
3.96991
3.96878
3.96766
3.96659
3.96561
3.96501
3.96467
3.96437
3.96412
3.96391
3.96375
3.96364
3.96358
3.96358
3.96364
3.96375
3.96391
3.96412
3.96437
3.96467
3.96501
3.96561
3.96659
3.96766
3.96878
3.96991
3.97103
3.97211
3.97316
3.97415
3.97508
3.97595
3.97676
3.97751
3.9782
3.97884
3.97943
3.97996
3.98045
3.98089
3.9813
3.98166
3.98198
3.98227
3.98252
3.98274
3.98293
3.98309
3.98323
3.98333
3.98341
3.98346
3.98349
2.39008
2.39007
2.39004
2.38999
2.38993
2.38985
2.38975
2.38963
2.3895
2.38935
2.38917
2.38898
2.38876
2.38852
2.38825
2.38796
2.38764
2.38728
2.3869
2.38648
2.38603
2.38555
2.38502
2.38447
2.38387
2.38325
2.38261
2.38194
2.38127
2.38062
2.37999
2.37942
2.37907
2.37888
2.37871
2.37856
2.37844
2.37835
2.37829
2.37826
2.37826
2.37829
2.37835
2.37844
2.37856
2.37871
2.37888
2.37907
2.37942
2.37999
2.38062
2.38127
2.38194
2.38261
2.38325
2.38387
2.38447
2.38502
2.38555
2.38603
2.38648
2.3869
2.38728
2.38764
2.38796
2.38825
2.38852
2.38876
2.38898
2.38917
2.38935
2.3895
2.38963
2.38975
2.38985
2.38993
2.38999
2.39004
2.39007
2.39008
0.796692
0.796687
0.796677
0.796661
0.79664
0.796613
0.796581
0.796542
0.796498
0.796447
0.796389
0.796324
0.796251
0.796171
0.796081
0.795983
0.795876
0.795758
0.79563
0.795491
0.79534
0.795178
0.795004
0.794818
0.794622
0.794415
0.7942
0.79398
0.793759
0.793542
0.793337
0.79315
0.793036
0.792972
0.792916
0.792868
0.792829
0.792799
0.792779
0.792769
0.792769
0.792779
0.792799
0.792829
0.792868
0.792916
0.792972
0.793036
0.79315
0.793337
0.793542
0.793759
0.79398
0.7942
0.794415
0.794622
0.794818
0.795004
0.795178
0.79534
0.795491
0.79563
0.795758
0.795876
0.795983
0.796081
0.796171
0.796251
0.796324
0.796389
0.796447
0.796498
0.796542
0.796581
0.796613
0.79664
0.796661
0.796677
0.796687
0.796692
)
;

boundaryField
{
    top
    {
        type            fixedValue;
        value           uniform 0;
    }
    inlet
    {
        type            darcyGradPressure;
        gradient        nonuniform List<scalar> 
80
(
9.81
9.81
9.81
9.81
9.81
9.81
9.81
9.81
9.81
9.81
9.81
9.81
9.81
9.81
6795.57
9801.19
9807.13
9808.41
9808.93
9809.21
9809.38
9809.49
9809.56
9809.62
9809.66
9809.7
9809.73
9809.75
9809.77
9809.78
9809.79
9809.8
9809.81
9809.82
9809.82
9809.82
9809.82
9809.83
9809.83
9809.83
9809.83
9809.83
9809.83
9809.82
9809.82
9809.82
9809.82
9809.81
9809.8
9809.79
9809.78
9809.77
9809.75
9809.73
9809.7
9809.66
9809.62
9809.56
9809.49
9809.38
9809.21
9808.93
9808.41
9807.13
9801.19
6795.57
9.81
9.81
9.81
9.81
9.81
9.81
9.81
9.81
9.81
9.81
9.81
9.81
9.81
9.81
)
;
        value           nonuniform List<scalar> 
80
(
111.486
111.503
111.537
111.589
111.659
111.748
111.859
111.993
112.153
112.344
112.572
112.847
113.188
113.625
258.785
552.154
803.781
1045.14
1262.11
1497.98
1730.58
1948.88
2160.57
2363.52
2563.19
2764.13
2963.99
3161.35
3354.26
3543.66
3729.52
3909.71
4032.64
4104.77
4172.1
4233.05
4285.69
4327.89
4357.52
4372.83
4372.83
4357.52
4327.89
4285.69
4233.05
4172.1
4104.77
4032.64
3909.71
3729.52
3543.66
3354.26
3161.35
2963.99
2764.13
2563.19
2363.52
2160.57
1948.88
1730.58
1497.98
1262.11
1045.14
803.781
552.154
258.785
113.625
113.188
112.847
112.572
112.344
112.153
111.993
111.859
111.748
111.659
111.589
111.537
111.503
111.486
)
;
    }
    axis
    {
        type            darcyGradPressure;
        gradient        uniform -0;
        value           nonuniform List<scalar> 
160
(
111.346
111.051
110.727
110.371
109.978
109.547
109.071
108.547
107.97
107.334
106.633
105.86
105.006
104.065
103.025
101.877
100.529
99.0294
97.5195
95.9998
94.4714
92.935
91.3914
89.8415
88.286
86.7254
85.1602
83.5911
82.0185
80.4427
78.8641
77.2831
75.7
74.115
72.5283
70.9402
69.3508
67.7603
66.1689
64.5766
62.9837
61.3903
59.7965
58.2022
56.6076
55.0127
53.4176
51.8223
50.2269
48.6314
47.0359
45.4403
43.8447
42.2491
40.6536
39.0581
37.4627
35.8675
34.2722
32.6772
31.0822
29.4873
27.8925
26.2979
24.7034
23.109
21.5147
19.9205
18.3264
16.7325
15.1386
13.5448
11.9511
10.3575
8.7639
7.17039
5.57692
3.98349
2.39008
0.796692
111.346
111.051
110.727
110.371
109.978
109.547
109.071
108.547
107.97
107.334
106.633
105.86
105.006
104.065
103.025
101.877
100.529
99.0294
97.5195
95.9998
94.4714
92.935
91.3914
89.8415
88.286
86.7254
85.1602
83.5911
82.0185
80.4427
78.8641
77.2831
75.7
74.115
72.5283
70.9402
69.3508
67.7603
66.1689
64.5766
62.9837
61.3903
59.7965
58.2022
56.6076
55.0127
53.4176
51.8223
50.2269
48.6314
47.0359
45.4403
43.8447
42.2491
40.6536
39.0581
37.4627
35.8675
34.2722
32.6772
31.0822
29.4873
27.8925
26.2979
24.7034
23.109
21.5147
19.9205
18.3264
16.7325
15.1386
13.5448
11.9511
10.3575
8.7639
7.17039
5.57692
3.98349
2.39008
0.796692
)
;
    }
    frontAndBack
    {
        type            empty;
    }
}


// ************************************************************************* //
