/*--------------------------------*- C++ -*----------------------------------*\
  =========                 |
  \\      /  F ield         | OpenFOAM: The Open Source CFD Toolbox
   \\    /   O peration     | Website:  https://openfoam.org
    \\  /    A nd           | Version:  11
     \\/     M anipulation  |
\*---------------------------------------------------------------------------*/
FoamFile
{
    format      ascii;
    class       volVectorField;
    location    "14";
    object      U;
}
// * * * * * * * * * * * * * * * * * * * * * * * * * * * * * * * * * * * * * //

dimensions      [0 1 -1 0 0 0 0];

internalField   nonuniform List<vector> 
2048
(
(1.00014 -0.000602901 0)
(1.00258 -0.00181918 0)
(1.0074 -0.00306122 0)
(1.01476 -0.00434377 0)
(1.02476 -0.00567802 0)
(1.03749 -0.00706802 0)
(1.05302 -0.00850798 0)
(1.07146 -0.00998036 0)
(1.09284 -0.011455 0)
(1.11716 -0.0128892 0)
(1.14429 -0.0142285 0)
(1.174 -0.0154097 0)
(1.20592 -0.0163664 0)
(1.23955 -0.017038 0)
(1.27428 -0.0173816 0)
(1.30943 -0.0173833 0)
(1.34432 -0.0170641 0)
(1.37831 -0.0164796 0)
(1.4109 -0.0157078 0)
(1.44174 -0.0148295 0)
(1.47067 -0.0139126 0)
(1.49769 -0.0130067 0)
(1.52286 -0.0121447 0)
(1.54632 -0.0113464 0)
(1.56823 -0.0106194 0)
(1.58874 -0.00996169 0)
(1.60799 -0.00936368 0)
(1.62609 -0.00881154 0)
(1.64313 -0.00828937 0)
(1.65917 -0.00778043 0)
(1.67419 -0.00726824 0)
(1.6882 -0.0067374 0)
(1.70113 -0.00617435 0)
(1.71291 -0.00556779 0)
(1.72344 -0.00490881 0)
(1.7326 -0.00419096 0)
(1.74027 -0.00340993 0)
(1.74632 -0.0025638 0)
(1.75062 -0.00165238 0)
(1.75303 -0.000677383 0)
(1.75343 0.000358327 0)
(1.7517 0.00145103 0)
(1.74773 0.00259542 0)
(1.74142 0.00378324 0)
(1.7327 0.0050035 0)
(1.72151 0.00624404 0)
(1.70783 0.00749165 0)
(1.69163 0.00873117 0)
(1.67298 0.0099451 0)
(1.6519 0.011114 0)
(1.62855 0.012218 0)
(1.603 0.0132368 0)
(1.57559 0.0141518 0)
(1.54626 0.0149451 0)
(1.51575 0.0156054 0)
(1.48355 0.0161192 0)
(1.4513 0.0164898 0)
(1.41701 0.0167025 0)
(1.38488 0.0167917 0)
(1.34856 0.0167101 0)
(1.31964 0.0165789 0)
(1.27896 0.0162031 0)
(1.26003 0.0159998 0)
(1.20573 0.0152124 0)
(1.00014 -0.00180318 0)
(1.00255 -0.00544082 0)
(1.00732 -0.0091576 0)
(1.0146 -0.0130008 0)
(1.02452 -0.0170065 0)
(1.03717 -0.0211888 0)
(1.05266 -0.0255322 0)
(1.0711 -0.0299851 0)
(1.09258 -0.0344563 0)
(1.11709 -0.0388146 0)
(1.14454 -0.0428918 0)
(1.1747 -0.0464932 0)
(1.2072 -0.0494129 0)
(1.24152 -0.0514611 0)
(1.27701 -0.0525005 0)
(1.31291 -0.0524818 0)
(1.34846 -0.05147 0)
(1.38298 -0.0496443 0)
(1.41593 -0.0472548 0)
(1.44699 -0.0445549 0)
(1.47602 -0.0417528 0)
(1.50304 -0.038998 0)
(1.52816 -0.0363894 0)
(1.55154 -0.033984 0)
(1.57336 -0.0318027 0)
(1.59378 -0.0298361 0)
(1.61297 -0.0280533 0)
(1.63104 -0.0264111 0)
(1.64807 -0.0248601 0)
(1.66413 -0.0233486 0)
(1.67921 -0.021826 0)
(1.6933 -0.0202452 0)
(1.70633 -0.0185653 0)
(1.71823 -0.0167523 0)
(1.72889 -0.0147795 0)
(1.73819 -0.0126279 0)
(1.746 -0.0102849 0)
(1.75219 -0.00774442 0)
(1.75661 -0.00500596 0)
(1.75915 -0.00207429 0)
(1.75966 0.00104141 0)
(1.75802 0.0043295 0)
(1.75413 0.0077734 0)
(1.74787 0.0113482 0)
(1.73917 0.0150224 0)
(1.72797 0.0187603 0)
(1.71424 0.0225227 0)
(1.69796 0.026263 0)
(1.67918 0.0299277 0)
(1.65792 0.0334575 0)
(1.63436 0.036792 0)
(1.60854 0.0398685 0)
(1.58082 0.0426313 0)
(1.55116 0.045024 0)
(1.52028 0.0470139 0)
(1.4877 0.0485566 0)
(1.45506 0.0496683 0)
(1.42038 0.0502952 0)
(1.38789 0.0505574 0)
(1.35121 0.0502889 0)
(1.32199 0.049893 0)
(1.28097 0.0487288 0)
(1.26186 0.0481283 0)
(1.20721 0.0457243 0)
(1.00013 -0.00298018 0)
(1.00249 -0.00899467 0)
(1.00713 -0.0151495 0)
(1.01426 -0.0215318 0)
(1.02399 -0.02821 0)
(1.03646 -0.0352152 0)
(1.05183 -0.0425292 0)
(1.07027 -0.0500706 0)
(1.0919 -0.0576879 0)
(1.11678 -0.0651531 0)
(1.14486 -0.0721671 0)
(1.17594 -0.0783818 0)
(1.20963 -0.0834262 0)
(1.24537 -0.0869568 0)
(1.28241 -0.0887184 0)
(1.31986 -0.0886072 0)
(1.35679 -0.0867406 0)
(1.39238 -0.0834618 0)
(1.42605 -0.0792392 0)
(1.45751 -0.0745281 0)
(1.48668 -0.0696887 0)
(1.51368 -0.0649746 0)
(1.53867 -0.0605505 0)
(1.56185 -0.0565067 0)
(1.58346 -0.0528688 0)
(1.6037 -0.0496111 0)
(1.62274 -0.0466748 0)
(1.64072 -0.0439826 0)
(1.65774 -0.0414473 0)
(1.67384 -0.0389782 0)
(1.68903 -0.0364867 0)
(1.70327 -0.0338919 0)
(1.71651 -0.0311238 0)
(1.72865 -0.0281255 0)
(1.73957 -0.0248525 0)
(1.74914 -0.0212739 0)
(1.75723 -0.0173696 0)
(1.7637 -0.0131304 0)
(1.76839 -0.00855515 0)
(1.77117 -0.00364938 0)
(1.7719 0.00157094 0)
(1.77045 0.00708639 0)
(1.76671 0.0128657 0)
(1.76055 0.0188643 0)
(1.7519 0.0250323 0)
(1.74069 0.0313151 0)
(1.72687 0.0376485 0)
(1.71043 0.0439529 0)
(1.6914 0.0501366 0)
(1.66981 0.0560979 0)
(1.64582 0.0617332 0)
(1.61947 0.0669334 0)
(1.59115 0.0716025 0)
(1.56081 0.075641 0)
(1.52921 0.0789941 0)
(1.49585 0.0815809 0)
(1.46244 0.0834363 0)
(1.42699 0.0844584 0)
(1.39377 0.0848716 0)
(1.35637 0.0843689 0)
(1.32656 0.0836785 0)
(1.2849 0.0816571 0)
(1.26543 0.0806455 0)
(1.21008 0.0765381 0)
(1.00013 -0.00411072 0)
(1.00238 -0.0124155 0)
(1.00683 -0.0209371 0)
(1.01367 -0.0298133 0)
(1.02307 -0.0391563 0)
(1.03522 -0.0490254 0)
(1.05035 -0.059414 0)
(1.0687 -0.0702206 0)
(1.09049 -0.0812431 0)
(1.11588 -0.0921473 0)
(1.14488 -0.102476 0)
(1.17735 -0.111676 0)
(1.21289 -0.119142 0)
(1.25087 -0.124327 0)
(1.29037 -0.126815 0)
(1.33028 -0.126429 0)
(1.36936 -0.123381 0)
(1.40659 -0.118268 0)
(1.44129 -0.11185 0)
(1.47327 -0.104819 0)
(1.50258 -0.0976972 0)
(1.52945 -0.0908503 0)
(1.55414 -0.0845108 0)
(1.57696 -0.078793 0)
(1.5982 -0.0737092 0)
(1.61811 -0.0692014 0)
(1.63691 -0.065172 0)
(1.65474 -0.0615022 0)
(1.67171 -0.0580605 0)
(1.68786 -0.0547105 0)
(1.7032 -0.0513211 0)
(1.71767 -0.0477737 0)
(1.7312 -0.0439669 0)
(1.74368 -0.0398194 0)
(1.75498 -0.035269 0)
(1.76494 -0.0302738 0)
(1.77343 -0.0248081 0)
(1.78028 -0.0188622 0)
(1.78534 -0.0124373 0)
(1.78846 -0.00553836 0)
(1.78949 0.0018155 0)
(1.78831 0.00960972 0)
(1.78478 0.0177903 0)
(1.77877 0.0262817 0)
(1.7702 0.0350149 0)
(1.75899 0.0439216 0)
(1.74508 0.0529159 0)
(1.72844 0.0618848 0)
(1.70909 0.0706961 0)
(1.68703 0.0792025 0)
(1.66244 0.0872525 0)
(1.63535 0.0946847 0)
(1.60616 0.101357 0)
(1.57483 0.107119 0)
(1.54216 0.111891 0)
(1.50768 0.115551 0)
(1.47313 0.118152 0)
(1.43653 0.119545 0)
(1.40224 0.120061 0)
(1.36379 0.119258 0)
(1.33311 0.1182 0)
(1.2905 0.115233 0)
(1.2705 0.113747 0)
(1.21415 0.107822 0)
(1.00012 -0.0051689 0)
(1.00221 -0.0156285 0)
(1.00635 -0.0264018 0)
(1.01275 -0.0376937 0)
(1.02163 -0.0496744 0)
(1.03324 -0.0624498 0)
(1.0479 -0.0760441 0)
(1.06598 -0.0903492 0)
(1.08782 -0.105141 0)
(1.11376 -0.119976 0)
(1.14394 -0.134233 0)
(1.17831 -0.147075 0)
(1.21648 -0.157517 0)
(1.25768 -0.164681 0)
(1.30077 -0.167871 0)
(1.34422 -0.16681 0)
(1.38631 -0.161958 0)
(1.42568 -0.154362 0)
(1.46165 -0.145183 0)
(1.49418 -0.135371 0)
(1.52352 -0.125616 0)
(1.55005 -0.116401 0)
(1.57421 -0.108027 0)
(1.59642 -0.100612 0)
(1.61706 -0.0941236 0)
(1.63646 -0.0884476 0)
(1.65485 -0.0834313 0)
(1.6724 -0.0789015 0)
(1.68922 -0.0746717 0)
(1.70534 -0.0705524 0)
(1.72075 -0.0663645 0)
(1.7354 -0.0619485 0)
(1.74917 -0.0571695 0)
(1.76193 -0.0519208 0)
(1.77354 -0.0461218 0)
(1.78383 -0.0397218 0)
(1.79263 -0.0326909 0)
(1.79978 -0.0250242 0)
(1.80514 -0.0167312 0)
(1.80854 -0.00782323 0)
(1.80986 0.0016671 0)
(1.80895 0.0117738 0)
(1.80563 0.0224137 0)
(1.7998 0.0334749 0)
(1.79136 0.0448682 0)
(1.78024 0.05651 0)
(1.76636 0.0682921 0)
(1.74963 0.0800684 0)
(1.73004 0.0916651 0)
(1.7076 0.102884 0)
(1.68244 0.113519 0)
(1.6546 0.123346 0)
(1.62446 0.132166 0)
(1.59201 0.139773 0)
(1.55809 0.14605 0)
(1.52225 0.150831 0)
(1.48629 0.154185 0)
(1.44828 0.155917 0)
(1.41265 0.156476 0)
(1.37288 0.155279 0)
(1.3411 0.153755 0)
(1.29733 0.149712 0)
(1.27667 0.147669 0)
(1.2191 0.139752 0)
(1.0001 -0.00612 0)
(1.00196 -0.0185339 0)
(1.00565 -0.0313785 0)
(1.0114 -0.0449557 0)
(1.01948 -0.0595048 0)
(1.03023 -0.0752167 0)
(1.04408 -0.0921642 0)
(1.06154 -0.11025 0)
(1.08316 -0.129267 0)
(1.10949 -0.148646 0)
(1.14094 -0.167686 0)
(1.1777 -0.185176 0)
(1.21944 -0.199609 0)
(1.2652 -0.209513 0)
(1.31342 -0.213492 0)
(1.36182 -0.211099 0)
(1.40788 -0.203415 0)
(1.44988 -0.192314 0)
(1.48727 -0.179511 0)
(1.52028 -0.166241 0)
(1.54942 -0.153357 0)
(1.57525 -0.141464 0)
(1.59839 -0.130911 0)
(1.61945 -0.121771 0)
(1.63896 -0.11393 0)
(1.65727 -0.10719 0)
(1.67464 -0.101324 0)
(1.69126 -0.096082 0)
(1.70723 -0.0912047 0)
(1.72259 -0.086439 0)
(1.73732 -0.0815545 0)
(1.75134 -0.07635 0)
(1.76453 -0.0706583 0)
(1.77674 -0.0643488 0)
(1.78781 -0.0573263 0)
(1.79759 -0.0495337 0)
(1.80592 -0.0409399 0)
(1.81265 -0.0315471 0)
(1.81766 -0.0213761 0)
(1.82083 -0.0104538 0)
(1.82207 0.00114086 0)
(1.82128 0.0135 0)
(1.81819 0.0265263 0)
(1.8127 0.0401131 0)
(1.80474 0.0541717 0)
(1.79422 0.0685992 0)
(1.781 0.0832605 0)
(1.76494 0.0979788 0)
(1.74598 0.11254 0)
(1.72403 0.12669 0)
(1.69917 0.140153 0)
(1.67139 0.152628 0)
(1.64104 0.163841 0)
(1.60811 0.173505 0)
(1.57342 0.181454 0)
(1.53659 0.187465 0)
(1.49949 0.191623 0)
(1.46021 0.193681 0)
(1.42331 0.194228 0)
(1.38225 0.192535 0)
(1.34938 0.190443 0)
(1.30442 0.185177 0)
(1.28309 0.182498 0)
(1.22428 0.172403 0)
(1.00008 -0.00691895 0)
(1.00161 -0.0210047 0)
(1.00466 -0.0356455 0)
(1.00947 -0.0513027 0)
(1.01638 -0.068262 0)
(1.02579 -0.0869103 0)
(1.03835 -0.107349 0)
(1.05465 -0.129578 0)
(1.07558 -0.153419 0)
(1.10191 -0.178066 0)
(1.1344 -0.202926 0)
(1.17387 -0.226223 0)
(1.22012 -0.246114 0)
(1.27215 -0.260085 0)
(1.3279 -0.265084 0)
(1.38351 -0.260469 0)
(1.43499 -0.248611 0)
(1.48022 -0.232669 0)
(1.51894 -0.215066 0)
(1.55179 -0.197367 0)
(1.57952 -0.180643 0)
(1.60299 -0.165631 0)
(1.62314 -0.15265 0)
(1.64086 -0.141642 0)
(1.65684 -0.132375 0)
(1.67152 -0.124568 0)
(1.6852 -0.117903 0)
(1.69811 -0.11203 0)
(1.71038 -0.106591 0)
(1.72206 -0.101257 0)
(1.73314 -0.0957419 0)
(1.74356 -0.0898059 0)
(1.75322 -0.0832572 0)
(1.76204 -0.0759474 0)
(1.76991 -0.0677796 0)
(1.77674 -0.0586927 0)
(1.78243 -0.0486643 0)
(1.7869 -0.0376977 0)
(1.79012 -0.0258064 0)
(1.79198 -0.0130389 0)
(1.79255 0.000560976 0)
(1.79177 0.0148735 0)
(1.78929 0.0298894 0)
(1.78502 0.04562 0)
(1.77891 0.06202 0)
(1.77078 0.0789816 0)
(1.76044 0.0963551 0)
(1.74762 0.11395 0)
(1.73213 0.131525 0)
(1.71373 0.148774 0)
(1.69236 0.165346 0)
(1.66783 0.180839 0)
(1.64037 0.194872 0)
(1.60985 0.207041 0)
(1.57706 0.21709 0)
(1.54157 0.224694 0)
(1.5053 0.229931 0)
(1.46638 0.232483 0)
(1.42953 0.233091 0)
(1.38821 0.230873 0)
(1.35502 0.228152 0)
(1.30948 0.221518 0)
(1.28787 0.218138 0)
(1.22828 0.205656 0)
(1.00005 -0.00751081 0)
(1.00115 -0.0228918 0)
(1.0033 -0.0389196 0)
(1.00685 -0.056356 0)
(1.01204 -0.0753825 0)
(1.01952 -0.0969134 0)
(1.02999 -0.120827 0)
(1.0443 -0.14773 0)
(1.06389 -0.177223 0)
(1.08943 -0.208249 0)
(1.12269 -0.240519 0)
(1.16496 -0.270691 0)
(1.21602 -0.297328 0)
(1.27682 -0.316478 0)
(1.34463 -0.322274 0)
(1.41136 -0.314351 0)
(1.46968 -0.297022 0)
(1.51687 -0.274731 0)
(1.55345 -0.250666 0)
(1.58093 -0.226934 0)
(1.60089 -0.205097 0)
(1.61499 -0.186136 0)
(1.62491 -0.17016 0)
(1.632 -0.156821 0)
(1.63717 -0.145749 0)
(1.64098 -0.136592 0)
(1.64387 -0.128946 0)
(1.64615 -0.12234 0)
(1.64802 -0.116306 0)
(1.64959 -0.110429 0)
(1.65093 -0.104366 0)
(1.65208 -0.0978414 0)
(1.65306 -0.0906466 0)
(1.6539 -0.0826301 0)
(1.65462 -0.0737062 0)
(1.65523 -0.06382 0)
(1.65577 -0.0529662 0)
(1.65622 -0.041147 0)
(1.65664 -0.028359 0)
(1.65696 -0.0146618 0)
(1.65715 5.70091e-05 0)
(1.65721 0.0153757 0)
(1.657 0.0314071 0)
(1.6564 0.048304 0)
(1.65524 0.0660915 0)
(1.65325 0.0846978 0)
(1.65015 0.104005 0)
(1.64555 0.12385 0)
(1.63909 0.144003 0)
(1.6303 0.164134 0)
(1.61886 0.183838 0)
(1.60433 0.202615 0)
(1.58665 0.219966 0)
(1.56541 0.235325 0)
(1.5412 0.248294 0)
(1.51338 0.258373 0)
(1.4838 0.265572 0)
(1.4505 0.269414 0)
(1.4183 0.270781 0)
(1.38062 0.268551 0)
(1.35032 0.265635 0)
(1.30691 0.257836 0)
(1.28678 0.254015 0)
(1.2286 0.239154 0)
(0.999992 -0.00783644 0)
(1.00059 -0.0240329 0)
(1.0015 -0.0408722 0)
(1.00354 -0.0596756 0)
(1.00616 -0.0801084 0)
(1.0112 -0.104397 0)
(1.01797 -0.1312 0)
(1.02947 -0.163604 0)
(1.04597 -0.19932 0)
(1.06969 -0.239114 0)
(1.10419 -0.282416 0)
(1.14838 -0.320916 0)
(1.20524 -0.356641 0)
(1.28143 -0.382651 0)
(1.3676 -0.388264 0)
(1.44474 -0.374802 0)
(1.50129 -0.349048 0)
(1.53645 -0.316556 0)
(1.55393 -0.281876 0)
(1.55806 -0.248293 0)
(1.55268 -0.218576 0)
(1.54103 -0.194003 0)
(1.52594 -0.174012 0)
(1.50919 -0.15767 0)
(1.4917 -0.144341 0)
(1.47407 -0.133531 0)
(1.45685 -0.124703 0)
(1.4405 -0.117289 0)
(1.42534 -0.110757 0)
(1.41158 -0.104636 0)
(1.39936 -0.0985301 0)
(1.38881 -0.0921202 0)
(1.37999 -0.0851665 0)
(1.37293 -0.0775039 0)
(1.3676 -0.0690258 0)
(1.36392 -0.0596801 0)
(1.36183 -0.0494421 0)
(1.36119 -0.038313 0)
(1.36197 -0.0263013 0)
(1.36405 -0.0134067 0)
(1.36719 0.000353948 0)
(1.37132 0.0150598 0)
(1.37671 0.0306382 0)
(1.38321 0.0471905 0)
(1.39055 0.0648013 0)
(1.39844 0.0834915 0)
(1.40661 0.103236 0)
(1.41464 0.123947 0)
(1.42211 0.145452 0)
(1.42841 0.167451 0)
(1.43303 0.189538 0)
(1.43529 0.211164 0)
(1.43484 0.23174 0)
(1.43092 0.25055 0)
(1.42378 0.267046 0)
(1.41242 0.280498 0)
(1.39841 0.290807 0)
(1.37948 0.297214 0)
(1.36031 0.30072 0)
(1.33421 0.299776 0)
(1.31381 0.297975 0)
(1.27933 0.290118 0)
(1.26522 0.286866 0)
(1.21527 0.270772 0)
(0.999887 -0.0078479 0)
(0.999987 -0.0242563 0)
(0.999217 -0.0411921 0)
(0.999698 -0.0607746 0)
(0.998471 -0.0816151 0)
(1.00117 -0.108339 0)
(1.00091 -0.136391 0)
(1.01032 -0.175472 0)
(1.0169 -0.215439 0)
(1.04101 -0.26977 0)
(1.07202 -0.328188 0)
(1.11807 -0.380861 0)
(1.192 -0.444773 0)
(1.29083 -0.483553 0)
(1.38201 -0.479454 0)
(1.43745 -0.4457 0)
(1.45226 -0.396739 0)
(1.43709 -0.341443 0)
(1.40153 -0.286973 0)
(1.35485 -0.237541 0)
(1.30239 -0.197156 0)
(1.24816 -0.166049 0)
(1.19674 -0.142319 0)
(1.14978 -0.124215 0)
(1.10741 -0.110517 0)
(1.06981 -0.100261 0)
(1.03741 -0.0926507 0)
(1.01055 -0.087045 0)
(0.989307 -0.0828885 0)
(0.973486 -0.0796371 0)
(0.962691 -0.0767579 0)
(0.956355 -0.0737609 0)
(0.953796 -0.0702339 0)
(0.954284 -0.065863 0)
(0.957119 -0.060437 0)
(0.961696 -0.0538547 0)
(0.967551 -0.0460807 0)
(0.97434 -0.0371636 0)
(0.981915 -0.0271674 0)
(0.990113 -0.0161543 0)
(0.999162 -0.00425301 0)
(1.00908 0.00882495 0)
(1.02006 0.0230655 0)
(1.03246 0.0383654 0)
(1.04626 0.0547771 0)
(1.0614 0.0724218 0)
(1.07783 0.0913886 0)
(1.09538 0.111683 0)
(1.11379 0.133217 0)
(1.13259 0.155768 0)
(1.15134 0.178994 0)
(1.16932 0.202366 0)
(1.1861 0.225285 0)
(1.20071 0.246946 0)
(1.21314 0.266716 0)
(1.22198 0.283656 0)
(1.22848 0.297593 0)
(1.2299 0.30742 0)
(1.23047 0.314267 0)
(1.22349 0.316026 0)
(1.2202 0.31693 0)
(1.20332 0.310857 0)
(1.20062 0.309597 0)
(1.16994 0.295102 0)
(0.999761 -0.00752414 0)
(0.999339 -0.0233835 0)
(0.996577 -0.0396818 0)
(0.995443 -0.0591078 0)
(0.989281 -0.0793479 0)
(0.989883 -0.10739 0)
(0.978654 -0.134637 0)
(0.988167 -0.180386 0)
(0.970872 -0.218702 0)
(1.0059 -0.297057 0)
(1.00008 -0.359652 0)
(1.07379 -0.459834 0)
(1.16484 -0.599186 0)
(1.2484 -0.625948 0)
(1.27467 -0.565069 0)
(1.23254 -0.471417 0)
(1.14709 -0.373582 0)
(1.04697 -0.283629 0)
(0.941819 -0.208416 0)
(0.844385 -0.147051 0)
(0.751593 -0.104148 0)
(0.670629 -0.0760705 0)
(0.609891 -0.0592853 0)
(0.568277 -0.0517571 0)
(0.542408 -0.051158 0)
(0.529486 -0.0549313 0)
(0.527055 -0.0609513 0)
(0.532588 -0.0676875 0)
(0.543621 -0.0740483 0)
(0.557967 -0.0792576 0)
(0.573841 -0.0827875 0)
(0.589899 -0.0843163 0)
(0.605215 -0.0836971 0)
(0.619221 -0.0809284 0)
(0.631645 -0.0761269 0)
(0.642457 -0.0695017 0)
(0.651811 -0.0613043 0)
(0.659988 -0.0518119 0)
(0.66738 -0.0412811 0)
(0.674343 -0.0298567 0)
(0.681484 -0.0176836 0)
(0.6891 -0.00485564 0)
(0.69759 0.00885186 0)
(0.707387 0.0232779 0)
(0.718911 0.0385334 0)
(0.732433 0.0548563 0)
(0.748152 0.0724454 0)
(0.766148 0.0914131 0)
(0.786424 0.11179 0)
(0.808785 0.133476 0)
(0.833033 0.156247 0)
(0.858634 0.179667 0)
(0.885288 0.203214 0)
(0.912036 0.226093 0)
(0.938826 0.247685 0)
(0.964063 0.266928 0)
(0.988675 0.283669 0)
(1.00972 0.296495 0)
(1.03049 0.306668 0)
(1.04508 0.31161 0)
(1.06147 0.3159 0)
(1.06797 0.313185 0)
(1.07929 0.314744 0)
(1.07802 0.305428 0)
(0.999687 -0.00685931 0)
(0.998553 -0.0212858 0)
(0.993986 -0.036274 0)
(0.990632 -0.0542013 0)
(0.979971 -0.0731952 0)
(0.976856 -0.0999668 0)
(0.955039 -0.125865 0)
(0.961382 -0.173109 0)
(0.914402 -0.207153 0)
(0.961027 -0.306296 0)
(0.86298 -0.346304 0)
(1.02675 -0.565794 0)
(0.973009 -0.719114 0)
(0.949189 -0.632768 0)
(0.835841 -0.475638 0)
(0.667818 -0.322737 0)
(0.507143 -0.197485 0)
(0.379312 -0.109199 0)
(0.279684 -0.0560663 0)
(0.208555 -0.0160832 0)
(0.153266 -0.0149743 0)
(0.145389 -0.0331813 0)
(0.168215 -0.0513508 0)
(0.1983 -0.0668616 0)
(0.228408 -0.0797803 0)
(0.256539 -0.0905225 0)
(0.281903 -0.0991808 0)
(0.304047 -0.105613 0)
(0.322764 -0.109658 0)
(0.338025 -0.111261 0)
(0.349952 -0.110473 0)
(0.358809 -0.107429 0)
(0.364977 -0.102329 0)
(0.368918 -0.0954287 0)
(0.371137 -0.087027 0)
(0.372152 -0.0774463 0)
(0.372472 -0.0669995 0)
(0.372579 -0.0559655 0)
(0.37292 -0.0445573 0)
(0.373907 -0.0329071 0)
(0.37597 -0.0210241 0)
(0.379345 -0.00901462 0)
(0.383925 0.00309607 0)
(0.390205 0.0155497 0)
(0.398742 0.02854 0)
(0.409655 0.0423828 0)
(0.423109 0.0573412 0)
(0.439287 0.0736022 0)
(0.458377 0.0912801 0)
(0.480435 0.110367 0)
(0.505551 0.130742 0)
(0.533506 0.152073 0)
(0.564298 0.173938 0)
(0.597233 0.195615 0)
(0.632409 0.216591 0)
(0.668419 0.235838 0)
(0.705978 0.25328 0)
(0.74239 0.267343 0)
(0.779736 0.279369 0)
(0.813974 0.28661 0)
(0.848129 0.293497 0)
(0.879391 0.294545 0)
(0.903899 0.298552 0)
(0.937577 0.297139 0)
(0.99969 -0.00583518 0)
(0.997642 -0.0179937 0)
(0.99176 -0.0309234 0)
(0.985447 -0.0460413 0)
(0.971876 -0.0630357 0)
(0.962195 -0.0855641 0)
(0.935117 -0.110314 0)
(0.927757 -0.149915 0)
(0.868503 -0.185478 0)
(0.890318 -0.272904 0)
(0.723735 -0.302775 0)
(0.907884 -0.591581 0)
(0.330904 -0.393554 0)
(0.235312 -0.237654 0)
(0.116345 -0.177695 0)
(0.0538195 -0.133926 0)
(0.0286279 -0.0922457 0)
(0.0172579 -0.0599331 0)
(0.0115505 -0.0356523 0)
(0.00538402 -0.0147859 0)
(0.0186105 -0.0596464 0)
(0.0413876 -0.0925985 0)
(0.0698793 -0.105751 0)
(0.0902632 -0.111022 0)
(0.105465 -0.113042 0)
(0.115555 -0.114141 0)
(0.120915 -0.114659 0)
(0.122079 -0.114329 0)
(0.119774 -0.112872 0)
(0.114776 -0.110167 0)
(0.107868 -0.10619 0)
(0.0997648 -0.10097 0)
(0.0911003 -0.0945795 0)
(0.0824065 -0.0871446 0)
(0.0741227 -0.078841 0)
(0.0666038 -0.0698759 0)
(0.0601297 -0.0604618 0)
(0.0549243 -0.0507957 0)
(0.0511742 -0.041033 0)
(0.0490435 -0.031266 0)
(0.0487056 -0.0215108 0)
(0.0503212 -0.011711 0)
(0.0536724 -0.00171264 0)
(0.0588103 0.00881657 0)
(0.0664041 0.0196963 0)
(0.0764349 0.0312357 0)
(0.089056 0.0436891 0)
(0.104525 0.0572327 0)
(0.123129 0.0719808 0)
(0.145111 0.087955 0)
(0.170749 0.105086 0)
(0.200108 0.123142 0)
(0.233422 0.141834 0)
(0.270234 0.160568 0)
(0.310857 0.178753 0)
(0.354379 0.195709 0)
(0.401225 0.211522 0)
(0.449264 0.224654 0)
(0.499273 0.236409 0)
(0.549919 0.244262 0)
(0.598323 0.252033 0)
(0.652863 0.256005 0)
(0.687986 0.2612 0)
(0.757937 0.268543 0)
(0.999691 -0.0044515 0)
(0.996849 -0.0136913 0)
(0.989838 -0.0236565 0)
(0.980918 -0.0351532 0)
(0.964917 -0.0486252 0)
(0.949095 -0.065591 0)
(0.918477 -0.0864966 0)
(0.895929 -0.114732 0)
(0.835375 -0.149978 0)
(0.813599 -0.202183 0)
(0.671724 -0.258121 0)
(0.731594 -0.385089 0)
(0.309833 -0.266865 0)
(0.29811 -0.253587 0)
(0.205763 -0.229283 0)
(0.127272 -0.177891 0)
(0.0772854 -0.121244 0)
(0.0462333 -0.075152 0)
(0.029487 -0.042408 0)
(0.0146529 -0.0188024 0)
(0.0315286 -0.0663608 0)
(0.0126072 -0.0978657 0)
(0.00996387 -0.10444 0)
(-0.00402741 -0.104344 0)
(-0.0195733 -0.103116 0)
(-0.0375783 -0.102094 0)
(-0.0572999 -0.100941 0)
(-0.0783529 -0.0993244 0)
(-0.10021 -0.0970197 0)
(-0.122415 -0.0939125 0)
(-0.144496 -0.089948 0)
(-0.166007 -0.0851279 0)
(-0.186515 -0.079505 0)
(-0.205634 -0.0731813 0)
(-0.223036 -0.0662955 0)
(-0.238465 -0.0590047 0)
(-0.251735 -0.0514623 0)
(-0.262732 -0.0437986 0)
(-0.271385 -0.0361061 0)
(-0.27765 -0.0284311 0)
(-0.281485 -0.020773 0)
(-0.282852 -0.0130949 0)
(-0.281643 -0.00526648 0)
(-0.278337 0.00289115 0)
(-0.27239 0.0114931 0)
(-0.263548 0.0206111 0)
(-0.25171 0.0304187 0)
(-0.236603 0.0410398 0)
(-0.217909 0.0525537 0)
(-0.195298 0.0649782 0)
(-0.168448 0.0782582 0)
(-0.13711 0.0922324 0)
(-0.101052 0.106659 0)
(-0.0604157 0.1211 0)
(-0.0146326 0.13522 0)
(0.0353828 0.148446 0)
(0.0897891 0.160881 0)
(0.147067 0.171402 0)
(0.207129 0.181116 0)
(0.270993 0.187789 0)
(0.330638 0.194719 0)
(0.405485 0.199827 0)
(0.448488 0.205026 0)
(0.554041 0.21932 0)
(0.999658 -0.00278212 0)
(0.996339 -0.00859058 0)
(0.988284 -0.0148177 0)
(0.977837 -0.0221381 0)
(0.959253 -0.0305344 0)
(0.940391 -0.0416237 0)
(0.904195 -0.0544116 0)
(0.876602 -0.0736359 0)
(0.804219 -0.0935465 0)
(0.777539 -0.130393 0)
(0.61444 -0.153224 0)
(0.681701 -0.238814 0)
(0.289343 -0.14404 0)
(0.298395 -0.112343 0)
(0.213937 -0.0963682 0)
(0.138718 -0.0776006 0)
(0.0888657 -0.0566593 0)
(0.0560593 -0.037719 0)
(0.0375621 -0.0226616 0)
(0.0202408 -0.0125918 0)
(0.032444 -0.0519984 0)
(-0.022783 -0.0730431 0)
(-0.0516205 -0.0762508 0)
(-0.0927683 -0.074834 0)
(-0.131563 -0.0730157 0)
(-0.170549 -0.071406 0)
(-0.20924 -0.0698329 0)
(-0.247612 -0.0681213 0)
(-0.285307 -0.066108 0)
(-0.322031 -0.0636973 0)
(-0.357418 -0.0608373 0)
(-0.391121 -0.0575166 0)
(-0.422799 -0.0537555 0)
(-0.452148 -0.0496045 0)
(-0.478912 -0.0451372 0)
(-0.502897 -0.0404399 0)
(-0.523973 -0.0355991 0)
(-0.542068 -0.0306895 0)
(-0.557155 -0.0257647 0)
(-0.569229 -0.0208534 0)
(-0.578275 -0.0159543 0)
(-0.584237 -0.0110244 0)
(-0.587131 -0.00602901 0)
(-0.587006 -0.000913695 0)
(-0.583786 0.00473745 0)
(-0.577245 0.0107866 0)
(-0.567117 0.0172828 0)
(-0.55312 0.0242781 0)
(-0.534916 0.031822 0)
(-0.51214 0.0399221 0)
(-0.484435 0.0485363 0)
(-0.451487 0.0575616 0)
(-0.413071 0.0668359 0)
(-0.369094 0.0761399 0)
(-0.319473 0.0852566 0)
(-0.264685 0.093768 0)
(-0.204737 0.101728 0)
(-0.140758 0.108617 0)
(-0.0729145 0.114803 0)
(-0.000158871 0.119605 0)
(0.0689436 0.124806 0)
(0.158289 0.128144 0)
(0.20748 0.134013 0)
(0.346127 0.149282 0)
(0.99965 -0.000950143 0)
(0.996047 -0.00291996 0)
(0.9875 -0.00506015 0)
(0.976119 -0.00753022 0)
(0.956398 -0.0104652 0)
(0.935465 -0.014161 0)
(0.897231 -0.0187666 0)
(0.86543 -0.0249745 0)
(0.790395 -0.0324494 0)
(0.756239 -0.0435671 0)
(0.593144 -0.0528398 0)
(0.650438 -0.077889 0)
(0.272517 -0.0453015 0)
(0.292088 -0.0415199 0)
(0.217805 -0.0401284 0)
(0.147797 -0.0331211 0)
(0.0982284 -0.0237561 0)
(0.0636222 -0.015353 0)
(0.0431161 -0.00902222 0)
(0.0237291 -0.00519261 0)
(0.030858 -0.0202156 0)
(-0.0458747 -0.0266331 0)
(-0.0903519 -0.027666 0)
(-0.146235 -0.0270024 0)
(-0.198433 -0.026244 0)
(-0.249748 -0.0255951 0)
(-0.299669 -0.0249843 0)
(-0.348432 -0.0243461 0)
(-0.395806 -0.0236181 0)
(-0.441607 -0.022763 0)
(-0.485535 -0.0217602 0)
(-0.527293 -0.0206052 0)
(-0.56657 -0.0193044 0)
(-0.603088 -0.0178746 0)
(-0.636613 -0.0163395 0)
(-0.666964 -0.0147269 0)
(-0.694026 -0.0130645 0)
(-0.717735 -0.011376 0)
(-0.738073 -0.00967832 0)
(-0.75504 -0.00798005 0)
(-0.76863 -0.00628081 0)
(-0.778813 -0.00457802 0)
(-0.785507 -0.00286176 0)
(-0.788601 -0.0010327 0)
(-0.788212 0.000974331 0)
(-0.784215 0.00315653 0)
(-0.776306 0.00551109 0)
(-0.764118 0.00803285 0)
(-0.747263 0.0107405 0)
(-0.72536 0.0136333 0)
(-0.698034 0.0166941 0)
(-0.66496 0.0198852 0)
(-0.625903 0.0231478 0)
(-0.580743 0.0264087 0)
(-0.529501 0.0295901 0)
(-0.472408 0.032585 0)
(-0.409792 0.0353609 0)
(-0.342174 0.0377382 0)
(-0.26977 0.0398391 0)
(-0.194104 0.0419653 0)
(-0.1176 0.043787 0)
(-0.0228371 0.0446051 0)
(0.0329556 0.0485442 0)
(0.193651 0.0551806 0)
(0.99965 0.000950833 0)
(0.996047 0.00292199 0)
(0.9875 0.0050637 0)
(0.976119 0.00753546 0)
(0.956398 0.0104723 0)
(0.935465 0.01417 0)
(0.897231 0.0187776 0)
(0.86543 0.0249876 0)
(0.790395 0.0324646 0)
(0.756239 0.0435847 0)
(0.593144 0.0528586 0)
(0.650439 0.0779126 0)
(0.272517 0.0453134 0)
(0.292088 0.0415289 0)
(0.217805 0.040138 0)
(0.147798 0.0331322 0)
(0.098229 0.0237694 0)
(0.063623 0.0153693 0)
(0.0431178 0.00904259 0)
(0.0237304 0.00522597 0)
(0.0308681 0.0203848 0)
(-0.0458586 0.0268385 0)
(-0.090329 0.0278837 0)
(-0.146205 0.0272234 0)
(-0.198396 0.0264529 0)
(-0.249704 0.0257735 0)
(-0.29962 0.0251135 0)
(-0.348378 0.0244097 0)
(-0.395749 0.023603 0)
(-0.441549 0.0226617 0)
(-0.485479 0.0215702 0)
(-0.527241 0.0203281 0)
(-0.566525 0.0189458 0)
(-0.603055 0.0174427 0)
(-0.636594 0.015845 0)
(-0.666963 0.0141819 0)
(-0.694046 0.0124825 0)
(-0.717779 0.0107713 0)
(-0.738142 0.0090656 0)
(-0.755136 0.0073749 0)
(-0.768753 0.00570021 0)
(-0.778965 0.00404171 0)
(-0.78569 0.00239607 0)
(-0.788803 0.000661291 0)
(-0.788439 -0.00126187 0)
(-0.784473 -0.00333458 0)
(-0.776576 -0.00556474 0)
(-0.764398 -0.0079493 0)
(-0.747551 -0.0105153 0)
(-0.72565 -0.0132675 0)
(-0.698318 -0.0161957 0)
(-0.66523 -0.0192692 0)
(-0.626153 -0.022436 0)
(-0.580967 -0.0256285 0)
(-0.529692 -0.0287744 0)
(-0.472561 -0.0317683 0)
(-0.409903 -0.0345764 0)
(-0.34224 -0.0370262 0)
(-0.269783 -0.0392352 0)
(-0.194075 -0.0414776 0)
(-0.11753 -0.0434628 0)
(-0.0227292 -0.0444439 0)
(0.0330982 -0.0485724 0)
(0.193796 -0.055511 0)
(0.999658 0.0027828 0)
(0.996339 0.00859259 0)
(0.988284 0.0148213 0)
(0.977837 0.0221433 0)
(0.959254 0.0305414 0)
(0.940391 0.0416327 0)
(0.904196 0.0544224 0)
(0.876603 0.0736489 0)
(0.80422 0.0935614 0)
(0.777541 0.13041 0)
(0.614441 0.153242 0)
(0.681703 0.238838 0)
(0.289345 0.144052 0)
(0.298396 0.112351 0)
(0.213938 0.0963773 0)
(0.138719 0.0776112 0)
(0.0888672 0.056672 0)
(0.0560615 0.0377342 0)
(0.0375664 0.02268 0)
(0.0202435 0.0126203 0)
(0.0324726 0.0521554 0)
(-0.0227358 0.073236 0)
(-0.0515582 0.0764551 0)
(-0.0926863 0.0750433 0)
(-0.131463 0.0732134 0)
(-0.17043 0.0715745 0)
(-0.209105 0.0699544 0)
(-0.247464 0.0681803 0)
(-0.285151 0.0660933 0)
(-0.321872 0.0636018 0)
(-0.357262 0.0606584 0)
(-0.390978 0.0572561 0)
(-0.422676 0.053419 0)
(-0.452053 0.0492004 0)
(-0.478854 0.044676 0)
(-0.502883 0.0399334 0)
(-0.524011 0.0350603 0)
(-0.542165 0.0301318 0)
(-0.557316 0.0252021 0)
(-0.569458 0.0203013 0)
(-0.578575 0.0154286 0)
(-0.584603 0.01054 0)
(-0.587552 0.00559999 0)
(-0.587527 0.000558499 0)
(-0.584378 -0.00500122 0)
(-0.577864 -0.0109407 0)
(-0.567773 -0.0173173 0)
(-0.553804 -0.0241879 0)
(-0.535617 -0.031603 0)
(-0.512845 -0.0395753 0)
(-0.485129 -0.0480693 0)
(-0.452157 -0.056989 0)
(-0.4137 -0.066179 0)
(-0.369667 -0.075424 0)
(-0.319978 -0.0845097 0)
(-0.265107 -0.0930243 0)
(-0.205072 -0.101021 0)
(-0.140997 -0.107983 0)
(-0.0730411 -0.114272 0)
(-0.000188794 -0.119199 0)
(0.0690047 -0.124552 0)
(0.158427 -0.128039 0)
(0.207691 -0.13405 0)
(0.346347 -0.14956 0)
(0.999691 0.00445217 0)
(0.996849 0.0136933 0)
(0.989839 0.0236599 0)
(0.980918 0.0351583 0)
(0.964917 0.048632 0)
(0.949096 0.0655997 0)
(0.918478 0.0865073 0)
(0.89593 0.114745 0)
(0.835376 0.149993 0)
(0.8136 0.2022 0)
(0.671726 0.25814 0)
(0.731596 0.385112 0)
(0.309835 0.266878 0)
(0.298112 0.253597 0)
(0.205765 0.229293 0)
(0.127273 0.177902 0)
(0.0772878 0.121256 0)
(0.0462364 0.0751668 0)
(0.0294929 0.0424248 0)
(0.0146566 0.0188223 0)
(0.0315692 0.0664933 0)
(0.0126778 0.0980322 0)
(0.0100589 0.104623 0)
(-0.00390578 0.104532 0)
(-0.0194309 0.103295 0)
(-0.0374146 0.102247 0)
(-0.0571176 0.10105 0)
(-0.0781565 0.0993755 0)
(-0.100005 0.0970027 0)
(-0.12221 0.0938214 0)
(-0.144299 0.0897815 0)
(-0.165827 0.0848886 0)
(-0.186363 0.0791986 0)
(-0.205521 0.0728161 0)
(-0.222971 0.0658816 0)
(-0.238456 0.0585535 0)
(-0.251792 0.0509858 0)
(-0.262861 0.043309 0)
(-0.271592 0.0356159 0)
(-0.27794 0.0279536 0)
(-0.28186 0.0203213 0)
(-0.283313 0.0126837 0)
(-0.28219 0.00490755 0)
(-0.27896 -0.00320537 0)
(-0.273065 -0.0117027 0)
(-0.264284 -0.0207231 0)
(-0.252491 -0.0304269 0)
(-0.237416 -0.0409386 0)
(-0.218741 -0.05234 0)
(-0.196135 -0.0646533 0)
(-0.169275 -0.0778289 0)
(-0.137913 -0.0917123 0)
(-0.10182 -0.106069 0)
(-0.0611369 -0.120465 0)
(-0.0152879 -0.134564 0)
(0.0348137 -0.147801 0)
(0.089312 -0.160281 0)
(0.146689 -0.170878 0)
(0.206859 -0.180692 0)
(0.270823 -0.187491 0)
(0.33057 -0.19456 0)
(0.405489 -0.199805 0)
(0.448565 -0.205125 0)
(0.554135 -0.219591 0)
(0.99969 0.00583584 0)
(0.997642 0.0179956 0)
(0.99176 0.0309267 0)
(0.985448 0.0460462 0)
(0.971876 0.0630423 0)
(0.962196 0.0855726 0)
(0.935118 0.110324 0)
(0.927759 0.149927 0)
(0.868505 0.185492 0)
(0.89032 0.27292 0)
(0.723738 0.302792 0)
(0.907888 0.591604 0)
(0.330906 0.393565 0)
(0.235311 0.237662 0)
(0.116345 0.177704 0)
(0.0538198 0.133936 0)
(0.0286292 0.0922567 0)
(0.0172598 0.0599448 0)
(0.0115531 0.0356634 0)
(0.00538445 0.0147939 0)
(0.0186334 0.0597409 0)
(0.0414593 0.0927335 0)
(0.0699882 0.105911 0)
(0.0903997 0.111189 0)
(0.10562 0.113202 0)
(0.115723 0.114279 0)
(0.121094 0.114758 0)
(0.122267 0.114376 0)
(0.119966 0.112858 0)
(0.114967 0.110087 0)
(0.108048 0.106044 0)
(0.0999264 0.10076 0)
(0.0912331 0.0943117 0)
(0.0825009 0.0868264 0)
(0.0741696 0.0784818 0)
(0.066595 0.0694862 0)
(0.0600582 0.0600527 0)
(0.0547837 0.0503782 0)
(0.05096 0.0406189 0)
(0.0487544 0.0308673 0)
(0.0483392 0.0211396 0)
(0.0498874 0.0113786 0)
(0.0531541 0.00142875 0)
(0.0582185 -0.00903182 0)
(0.0657655 -0.0198432 0)
(0.0757483 -0.031301 0)
(0.0883299 -0.0436639 0)
(0.103769 -0.0571108 0)
(0.122355 -0.0717591 0)
(0.144329 -0.087635 0)
(0.169971 -0.104675 0)
(0.199345 -0.122651 0)
(0.232691 -0.141287 0)
(0.269544 -0.159987 0)
(0.310218 -0.178164 0)
(0.353807 -0.195141 0)
(0.400736 -0.211009 0)
(0.448861 -0.224223 0)
(0.498965 -0.236085 0)
(0.549697 -0.244056 0)
(0.59819 -0.251957 0)
(0.652788 -0.25605 0)
(0.687973 -0.26135 0)
(0.757934 -0.268812 0)
(0.999687 0.00685994 0)
(0.998553 0.0212877 0)
(0.993986 0.0362772 0)
(0.990632 0.0542061 0)
(0.979972 0.0732016 0)
(0.976857 0.099975 0)
(0.95504 0.125875 0)
(0.961384 0.173121 0)
(0.914405 0.207167 0)
(0.961031 0.306314 0)
(0.862982 0.34632 0)
(1.02676 0.565818 0)
(0.973012 0.719135 0)
(0.949186 0.632782 0)
(0.83583 0.475648 0)
(0.667798 0.322746 0)
(0.507117 0.197496 0)
(0.379286 0.109214 0)
(0.279657 0.0560859 0)
(0.208529 0.0160949 0)
(0.153239 0.0150228 0)
(0.145405 0.033273 0)
(0.168279 0.0514761 0)
(0.198403 0.067006 0)
(0.22854 0.0799263 0)
(0.256688 0.0906502 0)
(0.28206 0.0992721 0)
(0.304202 0.105655 0)
(0.322908 0.109643 0)
(0.338153 0.111184 0)
(0.350059 0.110337 0)
(0.358891 0.107238 0)
(0.365031 0.102089 0)
(0.368939 0.0951475 0)
(0.371122 0.0867134 0)
(0.372096 0.0771096 0)
(0.37237 0.0666494 0)
(0.372426 0.0556117 0)
(0.372714 0.0442092 0)
(0.373645 0.0325744 0)
(0.37565 0.0207163 0)
(0.378968 0.0087456 0)
(0.383489 -0.00332383 0)
(0.38972 -0.0157157 0)
(0.398211 -0.0286394 0)
(0.409082 -0.0424077 0)
(0.422499 -0.0572835 0)
(0.438647 -0.0734561 0)
(0.457714 -0.091043 0)
(0.479757 -0.110041 0)
(0.504869 -0.130335 0)
(0.532831 -0.151599 0)
(0.563644 -0.173417 0)
(0.596613 -0.195072 0)
(0.631838 -0.216054 0)
(0.667909 -0.235336 0)
(0.705544 -0.252843 0)
(0.742036 -0.266994 0)
(0.779469 -0.279128 0)
(0.81378 -0.286482 0)
(0.848013 -0.293487 0)
(0.879317 -0.294643 0)
(0.903874 -0.298737 0)
(0.937549 -0.297404 0)
(0.999761 0.00752473 0)
(0.999339 0.0233852 0)
(0.996577 0.0396848 0)
(0.995444 0.0591123 0)
(0.989282 0.0793539 0)
(0.989884 0.107398 0)
(0.978656 0.134646 0)
(0.988169 0.180398 0)
(0.970875 0.218714 0)
(1.00591 0.297073 0)
(1.00008 0.359668 0)
(1.0738 0.459854 0)
(1.16485 0.59921 0)
(1.24841 0.625972 0)
(1.27467 0.565091 0)
(1.23253 0.471437 0)
(1.14707 0.373601 0)
(1.04695 0.283646 0)
(0.941784 0.208434 0)
(0.844345 0.147068 0)
(0.751541 0.104173 0)
(0.670578 0.0761101 0)
(0.609864 0.0593458 0)
(0.568293 0.0518393 0)
(0.542478 0.0512549 0)
(0.529609 0.0550288 0)
(0.527221 0.061032 0)
(0.532777 0.0677349 0)
(0.543815 0.0740495 0)
(0.558148 0.0792047 0)
(0.573996 0.0826776 0)
(0.590021 0.0841509 0)
(0.605298 0.0834816 0)
(0.619264 0.0806708 0)
(0.631647 0.0758374 0)
(0.642419 0.0691912 0)
(0.651734 0.060984 0)
(0.659872 0.0514919 0)
(0.667225 0.0409716 0)
(0.674147 0.0295666 0)
(0.681249 0.0174213 0)
(0.688822 0.00462883 0)
(0.697265 -0.00902836 0)
(0.70702 -0.0233973 0)
(0.718501 -0.0385884 0)
(0.731981 -0.0548392 0)
(0.74766 -0.0723497 0)
(0.765619 -0.0912347 0)
(0.785865 -0.111528 0)
(0.808205 -0.133135 0)
(0.832444 -0.155837 0)
(0.85805 -0.179202 0)
(0.884727 -0.202717 0)
(0.911513 -0.225589 0)
(0.938357 -0.247201 0)
(0.963661 -0.266492 0)
(0.988351 -0.283306 0)
(1.00947 -0.296223 0)
(1.03033 -0.306502 0)
(1.04497 -0.31155 0)
(1.06143 -0.315945 0)
(1.06795 -0.313318 0)
(1.0793 -0.314949 0)
(1.07802 -0.305683 0)
(0.999887 0.00784846 0)
(0.999987 0.024258 0)
(0.999217 0.0411949 0)
(0.999699 0.0607788 0)
(0.998472 0.0816206 0)
(1.00117 0.108346 0)
(1.00091 0.1364 0)
(1.01032 0.175483 0)
(1.01691 0.215451 0)
(1.04102 0.269785 0)
(1.07202 0.328204 0)
(1.11807 0.380879 0)
(1.19201 0.444794 0)
(1.29085 0.483577 0)
(1.38202 0.47948 0)
(1.43746 0.445726 0)
(1.45227 0.396766 0)
(1.43709 0.34147 0)
(1.40152 0.287002 0)
(1.35484 0.237571 0)
(1.30238 0.197191 0)
(1.24815 0.166092 0)
(1.19673 0.142368 0)
(1.14979 0.124268 0)
(1.10745 0.110568 0)
(1.06989 0.100306 0)
(1.03753 0.092683 0)
(1.01072 0.0870584 0)
(0.989523 0.0828758 0)
(0.973739 0.0795919 0)
(0.962968 0.0766751 0)
(0.956642 0.0736383 0)
(0.954076 0.0700719 0)
(0.954545 0.0656652 0)
(0.95735 0.0602094 0)
(0.961888 0.0536055 0)
(0.967697 0.0458192 0)
(0.974439 0.0368999 0)
(0.981962 0.0269113 0)
(0.990107 0.0159159 0)
(0.999104 0.00403947 0)
(1.00897 -0.00900307 0)
(1.0199 -0.0231944 0)
(1.03224 -0.038437 0)
(1.04598 -0.0547848 0)
(1.06107 -0.0723594 0)
(1.07745 -0.0912517 0)
(1.09496 -0.11147 0)
(1.11333 -0.132929 0)
(1.13211 -0.155414 0)
(1.15087 -0.178585 0)
(1.16886 -0.201919 0)
(1.18568 -0.224822 0)
(1.20034 -0.246492 0)
(1.21283 -0.266296 0)
(1.22175 -0.283292 0)
(1.22832 -0.297306 0)
(1.22982 -0.307223 0)
(1.23045 -0.314167 0)
(1.22352 -0.316019 0)
(1.22027 -0.317009 0)
(1.2034 -0.311006 0)
(1.2007 -0.309801 0)
(1.16997 -0.295335 0)
(0.999992 0.00783696 0)
(1.00059 0.0240344 0)
(1.0015 0.0408748 0)
(1.00354 0.0596794 0)
(1.00616 0.0801136 0)
(1.0112 0.104403 0)
(1.01798 0.131208 0)
(1.02948 0.163613 0)
(1.04598 0.199331 0)
(1.0697 0.239127 0)
(1.1042 0.282431 0)
(1.14839 0.320933 0)
(1.20525 0.35666 0)
(1.28145 0.382672 0)
(1.36761 0.388287 0)
(1.44476 0.374828 0)
(1.5013 0.349075 0)
(1.53647 0.316585 0)
(1.55395 0.281907 0)
(1.55808 0.248327 0)
(1.5527 0.218614 0)
(1.54106 0.194044 0)
(1.52598 0.174055 0)
(1.50924 0.157711 0)
(1.49177 0.144374 0)
(1.47416 0.133551 0)
(1.45697 0.124704 0)
(1.44065 0.117266 0)
(1.42551 0.110705 0)
(1.41178 0.104553 0)
(1.39959 0.0984157 0)
(1.38905 0.0919757 0)
(1.38025 0.0849952 0)
(1.3732 0.0773103 0)
(1.36786 0.0688159 0)
(1.36416 0.0594606 0)
(1.36205 0.0492204 0)
(1.36138 0.0380972 0)
(1.36211 0.0260997 0)
(1.36415 0.0132282 0)
(1.36724 -0.00050003 0)
(1.37131 -0.0151661 0)
(1.37665 -0.0306984 0)
(1.38309 -0.0471969 0)
(1.39036 -0.0647476 0)
(1.39821 -0.0833733 0)
(1.40633 -0.103051 0)
(1.41434 -0.123698 0)
(1.42178 -0.145143 0)
(1.42808 -0.167091 0)
(1.43272 -0.189141 0)
(1.43501 -0.210747 0)
(1.43461 -0.231323 0)
(1.43075 -0.250155 0)
(1.42369 -0.266694 0)
(1.41239 -0.280206 0)
(1.39845 -0.290589 0)
(1.37958 -0.297076 0)
(1.36045 -0.300665 0)
(1.33437 -0.299799 0)
(1.31399 -0.298066 0)
(1.27949 -0.290261 0)
(1.26537 -0.287049 0)
(1.21536 -0.270973 0)
(1.00005 0.00751128 0)
(1.00115 0.0228931 0)
(1.0033 0.0389219 0)
(1.00685 0.0563595 0)
(1.01204 0.0753871 0)
(1.01952 0.0969193 0)
(1.03 0.120835 0)
(1.04431 0.147738 0)
(1.0639 0.177233 0)
(1.08944 0.208261 0)
(1.1227 0.240533 0)
(1.16497 0.270706 0)
(1.21603 0.297345 0)
(1.27683 0.316496 0)
(1.34465 0.322294 0)
(1.41138 0.314373 0)
(1.46971 0.297046 0)
(1.5169 0.274757 0)
(1.55348 0.250695 0)
(1.58096 0.226964 0)
(1.60093 0.205129 0)
(1.61504 0.186169 0)
(1.62496 0.17019 0)
(1.63207 0.156847 0)
(1.63725 0.145765 0)
(1.64108 0.136593 0)
(1.64398 0.128927 0)
(1.64626 0.122296 0)
(1.64814 0.116233 0)
(1.64972 0.110326 0)
(1.65106 0.104234 0)
(1.65221 0.0976824 0)
(1.65318 0.0904645 0)
(1.65401 0.0824303 0)
(1.65472 0.0734953 0)
(1.6553 0.0636055 0)
(1.65582 0.052756 0)
(1.65624 0.0409493 0)
(1.65664 0.0281826 0)
(1.65691 0.0145142 0)
(1.65707 -0.000163903 0)
(1.65709 -0.0154396 0)
(1.65684 -0.0314242 0)
(1.65621 -0.0482685 0)
(1.65502 -0.0659994 0)
(1.65302 -0.0845476 0)
(1.6499 -0.103798 0)
(1.64531 -0.12359 0)
(1.63885 -0.143697 0)
(1.63009 -0.163793 0)
(1.6187 -0.183475 0)
(1.60422 -0.202246 0)
(1.5866 -0.219609 0)
(1.56543 -0.234996 0)
(1.54128 -0.248009 0)
(1.51352 -0.258144 0)
(1.48399 -0.265407 0)
(1.45073 -0.269316 0)
(1.41855 -0.27075 0)
(1.38087 -0.26858 0)
(1.35056 -0.265715 0)
(1.30712 -0.257955 0)
(1.28697 -0.254163 0)
(1.22872 -0.239316 0)
(1.00008 0.00691937 0)
(1.00161 0.0210059 0)
(1.00466 0.0356476 0)
(1.00947 0.0513058 0)
(1.01638 0.068266 0)
(1.0258 0.0869155 0)
(1.03835 0.107355 0)
(1.05466 0.129585 0)
(1.07558 0.153428 0)
(1.10191 0.178076 0)
(1.13441 0.202938 0)
(1.17388 0.226236 0)
(1.22013 0.246129 0)
(1.27216 0.260102 0)
(1.32792 0.265102 0)
(1.38353 0.260488 0)
(1.43502 0.248632 0)
(1.48024 0.232691 0)
(1.51898 0.215089 0)
(1.55182 0.197392 0)
(1.57956 0.180667 0)
(1.60304 0.165654 0)
(1.62319 0.15267 0)
(1.64093 0.141656 0)
(1.65691 0.132379 0)
(1.6716 0.124558 0)
(1.68529 0.117876 0)
(1.6982 0.111981 0)
(1.71046 0.106518 0)
(1.72214 0.101159 0)
(1.7332 0.0956191 0)
(1.7436 0.0896607 0)
(1.75324 0.0830931 0)
(1.76204 0.0757694 0)
(1.76988 0.0675939 0)
(1.77667 0.0585061 0)
(1.78233 0.0484844 0)
(1.78677 0.0375321 0)
(1.78996 0.0256627 0)
(1.79179 0.0129246 0)
(1.79233 -0.000640014 0)
(1.79152 -0.0149119 0)
(1.78903 -0.0298832 0)
(1.78475 -0.0455662 0)
(1.77864 -0.0619169 0)
(1.77052 -0.0788296 0)
(1.76019 -0.096157 0)
(1.7474 -0.113711 0)
(1.73195 -0.131253 0)
(1.7136 -0.148478 0)
(1.69228 -0.165039 0)
(1.66782 -0.180533 0)
(1.64042 -0.194582 0)
(1.60996 -0.206778 0)
(1.57723 -0.216864 0)
(1.54178 -0.224514 0)
(1.50554 -0.229802 0)
(1.46665 -0.232406 0)
(1.42981 -0.233065 0)
(1.38848 -0.230893 0)
(1.35527 -0.228211 0)
(1.3097 -0.221608 0)
(1.28807 -0.218249 0)
(1.22842 -0.205783 0)
(1.0001 0.00612037 0)
(1.00196 0.018535 0)
(1.00565 0.0313803 0)
(1.0114 0.0449583 0)
(1.01948 0.0595083 0)
(1.03023 0.0752211 0)
(1.04408 0.0921696 0)
(1.06154 0.110256 0)
(1.08317 0.129275 0)
(1.1095 0.148655 0)
(1.14095 0.167695 0)
(1.17771 0.185187 0)
(1.21945 0.199622 0)
(1.26521 0.209526 0)
(1.31344 0.213506 0)
(1.36184 0.211115 0)
(1.4079 0.203432 0)
(1.4499 0.192331 0)
(1.4873 0.17953 0)
(1.52032 0.16626 0)
(1.54946 0.153375 0)
(1.57529 0.14148 0)
(1.59844 0.130924 0)
(1.61951 0.121778 0)
(1.63902 0.113928 0)
(1.65733 0.107176 0)
(1.67471 0.101296 0)
(1.69132 0.0960368 0)
(1.70728 0.0911407 0)
(1.72264 0.0863556 0)
(1.73735 0.081452 0)
(1.75134 0.0762301 0)
(1.7645 0.070524 0)
(1.77668 0.0642042 0)
(1.78772 0.0571763 0)
(1.79747 0.0493842 0)
(1.80577 0.0407969 0)
(1.81246 0.0314169 0)
(1.81744 0.0212647 0)
(1.82058 0.010367 0)
(1.82181 -0.00119968 0)
(1.821 -0.0135243 0)
(1.8179 -0.0265126 0)
(1.81241 -0.0400597 0)
(1.80446 -0.0540785 0)
(1.79396 -0.0684673 0)
(1.78077 -0.083093 0)
(1.76475 -0.0977804 0)
(1.74583 -0.112317 0)
(1.72393 -0.126451 0)
(1.69913 -0.139907 0)
(1.67141 -0.152385 0)
(1.64112 -0.163611 0)
(1.60824 -0.173296 0)
(1.5736 -0.181274 0)
(1.53681 -0.18732 0)
(1.49973 -0.191516 0)
(1.46047 -0.193614 0)
(1.42358 -0.1942 0)
(1.38251 -0.192542 0)
(1.34963 -0.190481 0)
(1.30464 -0.18524 0)
(1.2833 -0.182579 0)
(1.22444 -0.1725 0)
(1.00012 0.00516922 0)
(1.00221 0.0156294 0)
(1.00635 0.0264033 0)
(1.01275 0.0376958 0)
(1.02163 0.0496773 0)
(1.03324 0.0624535 0)
(1.04791 0.0760486 0)
(1.06598 0.0903546 0)
(1.08783 0.105147 0)
(1.11376 0.119983 0)
(1.14395 0.134241 0)
(1.17832 0.147084 0)
(1.21649 0.157528 0)
(1.25769 0.164692 0)
(1.30079 0.167883 0)
(1.34424 0.166823 0)
(1.38633 0.161971 0)
(1.42571 0.154376 0)
(1.46168 0.145197 0)
(1.49421 0.135385 0)
(1.52356 0.125629 0)
(1.5501 0.116412 0)
(1.57426 0.108035 0)
(1.59647 0.100614 0)
(1.61711 0.094119 0)
(1.63652 0.0884338 0)
(1.65491 0.0834062 0)
(1.67245 0.0788634 0)
(1.68925 0.0746193 0)
(1.70536 0.0704854 0)
(1.72076 0.0662833 0)
(1.73538 0.0618544 0)
(1.74913 0.0570648 0)
(1.76186 0.0518086 0)
(1.77344 0.046006 0)
(1.78369 0.0396069 0)
(1.79247 0.0325815 0)
(1.79959 0.024925 0)
(1.80491 0.0166469 0)
(1.8083 0.00775817 0)
(1.8096 -0.00170948 0)
(1.80867 -0.011789 0)
(1.80536 -0.0223992 0)
(1.79953 -0.0334297 0)
(1.79111 -0.0447923 0)
(1.78001 -0.0564047 0)
(1.76615 -0.06816 0)
(1.74946 -0.0799132 0)
(1.72992 -0.0914918 0)
(1.70753 -0.102699 0)
(1.68242 -0.113328 0)
(1.65463 -0.123157 0)
(1.62454 -0.131987 0)
(1.59214 -0.13961 0)
(1.55826 -0.145908 0)
(1.52245 -0.150715 0)
(1.48652 -0.154098 0)
(1.44852 -0.155859 0)
(1.41289 -0.156448 0)
(1.37312 -0.155278 0)
(1.34134 -0.153778 0)
(1.29754 -0.149755 0)
(1.27687 -0.147727 0)
(1.21926 -0.139823 0)
(1.00013 0.00411096 0)
(1.00238 0.0124161 0)
(1.00683 0.0209383 0)
(1.01367 0.029815 0)
(1.02307 0.0391586 0)
(1.03523 0.0490283 0)
(1.05035 0.0594175 0)
(1.0687 0.0702248 0)
(1.0905 0.081248 0)
(1.11589 0.0921529 0)
(1.14489 0.102482 0)
(1.17736 0.111683 0)
(1.21291 0.11915 0)
(1.25088 0.124335 0)
(1.29039 0.126824 0)
(1.3303 0.126439 0)
(1.36939 0.123391 0)
(1.40661 0.118278 0)
(1.44132 0.111861 0)
(1.4733 0.104829 0)
(1.50262 0.0977063 0)
(1.52949 0.0908575 0)
(1.55418 0.0845153 0)
(1.577 0.0787934 0)
(1.59824 0.073704 0)
(1.61816 0.0691891 0)
(1.63695 0.0651514 0)
(1.65478 0.061472 0)
(1.67174 0.0580199 0)
(1.68788 0.0546593 0)
(1.7032 0.0512597 0)
(1.71765 0.0477031 0)
(1.73116 0.0438888 0)
(1.74361 0.0397362 0)
(1.75487 0.0351834 0)
(1.76481 0.0301891 0)
(1.77327 0.0247277 0)
(1.78009 0.0187895 0)
(1.78513 0.0123759 0)
(1.78823 0.00549143 0)
(1.78925 -0.00184512 0)
(1.78806 -0.0096194 0)
(1.78453 -0.0177782 0)
(1.77853 -0.0262471 0)
(1.76997 -0.0349577 0)
(1.75878 -0.0438427 0)
(1.7449 -0.0528173 0)
(1.72829 -0.0617693 0)
(1.70898 -0.0705674 0)
(1.68697 -0.079065 0)
(1.66242 -0.087111 0)
(1.63538 -0.0945444 0)
(1.60623 -0.101223 0)
(1.57495 -0.106997 0)
(1.54231 -0.111784 0)
(1.50786 -0.115462 0)
(1.47333 -0.118084 0)
(1.43675 -0.119497 0)
(1.40247 -0.120036 0)
(1.36402 -0.119252 0)
(1.33333 -0.118212 0)
(1.29071 -0.115261 0)
(1.2707 -0.113786 0)
(1.21432 -0.107873 0)
(1.00013 0.00298036 0)
(1.00249 0.00899516 0)
(1.00714 0.0151503 0)
(1.01426 0.021533 0)
(1.02399 0.0282117 0)
(1.03646 0.0352173 0)
(1.05183 0.0425317 0)
(1.07027 0.0500736 0)
(1.09191 0.0576914 0)
(1.11679 0.0651572 0)
(1.14487 0.0721717 0)
(1.17595 0.0783869 0)
(1.20964 0.0834318 0)
(1.24539 0.0869629 0)
(1.28243 0.088725 0)
(1.31988 0.0886142 0)
(1.35681 0.0867479 0)
(1.39241 0.0834692 0)
(1.42608 0.0792465 0)
(1.45754 0.074535 0)
(1.48672 0.0696947 0)
(1.51372 0.0649791 0)
(1.53871 0.0605528 0)
(1.56189 0.0565061 0)
(1.5835 0.0528643 0)
(1.60374 0.0496016 0)
(1.62277 0.0466595 0)
(1.64075 0.0439607 0)
(1.65776 0.0414184 0)
(1.67385 0.0389421 0)
(1.68902 0.0364437 0)
(1.70324 0.0338428 0)
(1.71646 0.0310698 0)
(1.72857 0.0280681 0)
(1.73947 0.0247937 0)
(1.74901 0.0212158 0)
(1.75708 0.0173146 0)
(1.76352 0.0130808 0)
(1.76819 0.00851347 0)
(1.77095 0.00361771 0)
(1.77167 -0.00159063 0)
(1.77022 -0.00709244 0)
(1.76648 -0.0128568 0)
(1.76033 -0.01884 0)
(1.75169 -0.0249925 0)
(1.74049 -0.0312605 0)
(1.72671 -0.0375804 0)
(1.7103 -0.0438732 0)
(1.69131 -0.0500478 0)
(1.66975 -0.056003 0)
(1.6458 -0.0616354 0)
(1.6195 -0.0668362 0)
(1.59122 -0.0715094 0)
(1.56091 -0.0755551 0)
(1.52934 -0.0789182 0)
(1.49602 -0.0815172 0)
(1.46263 -0.0833864 0)
(1.4272 -0.0844231 0)
(1.39399 -0.0848509 0)
(1.35659 -0.0843622 0)
(1.32678 -0.0836845 0)
(1.2851 -0.0816743 0)
(1.26563 -0.0806705 0)
(1.21026 -0.0765728 0)
(1.00014 0.0018033 0)
(1.00255 0.00544112 0)
(1.00732 0.00915811 0)
(1.0146 0.0130015 0)
(1.02452 0.0170074 0)
(1.03717 0.02119 0)
(1.05266 0.0255338 0)
(1.07111 0.0299869 0)
(1.09258 0.0344584 0)
(1.1171 0.038817 0)
(1.14455 0.0428945 0)
(1.17471 0.0464962 0)
(1.20722 0.0494163 0)
(1.24154 0.0514648 0)
(1.27702 0.0525045 0)
(1.31293 0.0524859 0)
(1.34849 0.0514742 0)
(1.38301 0.0496486 0)
(1.41596 0.047259 0)
(1.44702 0.0445588 0)
(1.47605 0.0417561 0)
(1.50308 0.0390004 0)
(1.5282 0.0363905 0)
(1.55158 0.0339833 0)
(1.5734 0.0317997 0)
(1.59382 0.0298302 0)
(1.613 0.028044 0)
(1.63106 0.0263979 0)
(1.64809 0.0248428 0)
(1.66413 0.0233272 0)
(1.6792 0.0218006 0)
(1.69326 0.0202163 0)
(1.70628 0.0185336 0)
(1.71815 0.0167187 0)
(1.72879 0.0147451 0)
(1.73806 0.012594 0)
(1.74585 0.0102528 0)
(1.75202 0.00771563 0)
(1.75643 0.00498177 0)
(1.75895 0.002056 0)
(1.75945 -0.0010527 0)
(1.7578 -0.0043328 0)
(1.75391 -0.00776802 0)
(1.74766 -0.0113338 0)
(1.73897 -0.0149989 0)
(1.72779 -0.0187283 0)
(1.71408 -0.0224827 0)
(1.69783 -0.0262162 0)
(1.67908 -0.0298755 0)
(1.65787 -0.0334017 0)
(1.63434 -0.0367344 0)
(1.60856 -0.0398111 0)
(1.58088 -0.042576 0)
(1.55125 -0.0449728 0)
(1.52041 -0.0469683 0)
(1.48785 -0.048518 0)
(1.45524 -0.0496376 0)
(1.42058 -0.0502729 0)
(1.3881 -0.0505437 0)
(1.35142 -0.0502836 0)
(1.3222 -0.0498952 0)
(1.28118 -0.0487377 0)
(1.26207 -0.0481419 0)
(1.20739 -0.0457442 0)
(1.00014 0.000602943 0)
(1.00258 0.00181928 0)
(1.00741 0.00306139 0)
(1.01477 0.00434401 0)
(1.02477 0.00567834 0)
(1.03749 0.00706843 0)
(1.05302 0.00850848 0)
(1.07146 0.00998096 0)
(1.09285 0.0114557 0)
(1.11717 0.0128901 0)
(1.1443 0.0142294 0)
(1.17401 0.0154107 0)
(1.20593 0.0163675 0)
(1.23956 0.0170392 0)
(1.2743 0.0173829 0)
(1.30945 0.0173846 0)
(1.34435 0.0170655 0)
(1.37834 0.016481 0)
(1.41093 0.0157092 0)
(1.44177 0.0148308 0)
(1.47071 0.0139136 0)
(1.49772 0.0130074 0)
(1.5229 0.012145 0)
(1.54636 0.0113461 0)
(1.56827 0.0106183 0)
(1.58877 0.00995966 0)
(1.60801 0.00936052 0)
(1.62611 0.00880715 0)
(1.64315 0.00828362 0)
(1.65916 0.00777335 0)
(1.67418 0.00725985 0)
(1.68817 0.00672788 0)
(1.70108 0.0061639 0)
(1.71283 0.00555674 0)
(1.72334 0.0048975 0)
(1.73248 0.00417983 0)
(1.74012 0.0033994 0)
(1.74615 0.00255435 0)
(1.75043 0.00164444 0)
(1.75283 0.000671406 0)
(1.75322 -0.000362014 0)
(1.75149 -0.00145208 0)
(1.74752 -0.00259364 0)
(1.74122 -0.00377845 0)
(1.73251 -0.00499573 0)
(1.72134 -0.0062334 0)
(1.70767 -0.00747841 0)
(1.69151 -0.00871569 0)
(1.67289 -0.00992785 0)
(1.65184 -0.0110956 0)
(1.62854 -0.012199 0)
(1.60302 -0.0132177 0)
(1.57565 -0.0141334 0)
(1.54636 -0.0149281 0)
(1.51588 -0.0155901 0)
(1.48371 -0.0161062 0)
(1.45148 -0.0164794 0)
(1.41721 -0.0166948 0)
(1.38509 -0.0167868 0)
(1.34878 -0.016708 0)
(1.31986 -0.0165794 0)
(1.27917 -0.0162058 0)
(1.26024 -0.0160039 0)
(1.20592 -0.0152189 0)
)
;

boundaryField
{
    inlet
    {
        type            fixedValue;
        value           uniform (1 0 0);
    }
    outlet
    {
        type            pressureInletOutletVelocity;
        value           nonuniform List<vector> 
32
(
(1.20573 0.0152124 0)
(1.20721 0.0457243 0)
(1.21008 0.0765381 0)
(1.21415 0.107822 0)
(1.2191 0.139752 0)
(1.22428 0.172403 0)
(1.22828 0.205656 0)
(1.2286 0.239154 0)
(1.21527 0.270772 0)
(1.16994 0.295102 0)
(1.07802 0.305428 0)
(0.937577 0.297139 0)
(0.757937 0.268543 0)
(0.554041 0.21932 0)
(0.346127 0.149282 0)
(0.193651 0.0551806 0)
(0.193796 -0.055511 0)
(0.346347 -0.14956 0)
(0.554135 -0.219591 0)
(0.757934 -0.268812 0)
(0.937549 -0.297404 0)
(1.07802 -0.305683 0)
(1.16997 -0.295335 0)
(1.21536 -0.270973 0)
(1.22872 -0.239316 0)
(1.22842 -0.205783 0)
(1.22444 -0.1725 0)
(1.21926 -0.139823 0)
(1.21432 -0.107873 0)
(1.21026 -0.0765728 0)
(1.20739 -0.0457442 0)
(1.20592 -0.0152189 0)
)
;
    }
    top
    {
        type            symmetryPlane;
    }
    bottom
    {
        type            symmetryPlane;
    }
    frontAndBack
    {
        type            empty;
    }
}


// ************************************************************************* //
