/*--------------------------------*- C++ -*----------------------------------*\
  =========                 |
  \\      /  F ield         | OpenFOAM: The Open Source CFD Toolbox
   \\    /   O peration     | Website:  https://openfoam.org
    \\  /    A nd           | Version:  10
     \\/     M anipulation  |
\*---------------------------------------------------------------------------*/
FoamFile
{
    format      ascii;
    class       surfaceScalarField;
    location    "0.076";
    object      phi;
}
// * * * * * * * * * * * * * * * * * * * * * * * * * * * * * * * * * * * * * //

dimensions      [0 3 -1 0 0 0 0];

internalField   nonuniform List<scalar> 
7780
(
2.50004e-09
-3.68821e-14
2.50015e-09
-1.10359e-13
2.50034e-09
-1.8401e-13
2.5006e-09
-2.57751e-13
2.50094e-09
-3.31625e-13
2.50135e-09
-4.05696e-13
2.50183e-09
-4.80029e-13
2.50239e-09
-5.54739e-13
2.50302e-09
-6.29864e-13
2.50373e-09
-7.05575e-13
2.50451e-09
-7.81877e-13
2.50538e-09
-8.58993e-13
2.50632e-09
-9.36903e-13
2.50734e-09
-1.01587e-12
2.50844e-09
-1.09589e-12
2.50962e-09
-1.17724e-12
2.51088e-09
-1.25994e-12
2.51223e-09
-1.34432e-12
2.51366e-09
-1.43039e-12
2.51519e-09
-1.51853e-12
2.5168e-09
-1.60876e-12
2.51851e-09
-1.70148e-12
2.52031e-09
-1.79673e-12
2.52221e-09
-1.89495e-12
2.52421e-09
-1.99618e-12
2.52632e-09
-2.10086e-12
2.52853e-09
-2.20907e-12
2.53086e-09
-2.32125e-12
2.5333e-09
-2.43751e-12
2.53587e-09
-2.55829e-12
2.53856e-09
-2.68372e-12
2.54138e-09
-2.81425e-12
2.54434e-09
-2.95004e-12
2.54743e-09
-3.09153e-12
2.55068e-09
-3.2389e-12
2.55408e-09
-3.39261e-12
2.55764e-09
-3.55283e-12
2.56137e-09
-3.72004e-12
2.56527e-09
-3.89442e-12
2.56936e-09
-4.07645e-12
2.57363e-09
-4.26631e-12
2.57811e-09
-4.46448e-12
2.58279e-09
-4.67114e-12
2.58768e-09
-4.88677e-12
2.59281e-09
-5.11156e-12
2.59816e-09
-5.34595e-12
2.60376e-09
-5.59012e-12
2.60962e-09
-5.8445e-12
2.61574e-09
-6.10925e-12
2.62214e-09
-6.38476e-12
2.62882e-09
-6.67115e-12
2.6358e-09
-6.96876e-12
2.64309e-09
-7.27765e-12
2.6507e-09
-7.59806e-12
2.65865e-09
-7.93001e-12
2.66694e-09
-8.2736e-12
2.67558e-09
-8.62871e-12
2.68459e-09
-8.99532e-12
2.69398e-09
-9.37315e-12
2.70376e-09
-9.76193e-12
2.71393e-09
-1.01612e-11
2.72452e-09
-1.05704e-11
2.73553e-09
-1.09887e-11
2.74696e-09
-1.14154e-11
2.75883e-09
-1.18493e-11
2.77114e-09
-1.2289e-11
2.78389e-09
-1.27332e-11
2.79709e-09
-1.318e-11
2.81074e-09
-1.36274e-11
2.82484e-09
-1.40732e-11
2.83937e-09
-1.4515e-11
2.85435e-09
-1.49498e-11
2.86974e-09
-1.5375e-11
2.88556e-09
-1.57872e-11
2.90176e-09
-1.61832e-11
2.91835e-09
-1.65594e-11
2.93528e-09
-1.69126e-11
2.95255e-09
-1.72388e-11
2.97011e-09
-1.75352e-11
2.98794e-09
-1.77979e-11
3.00599e-09
-1.80243e-11
3.02424e-09
-1.82112e-11
3.04262e-09
-1.83569e-11
3.06112e-09
-1.84588e-11
3.07966e-09
-1.85161e-11
3.09822e-09
-1.85274e-11
3.11674e-09
-1.84931e-11
3.1352e-09
-1.84128e-11
3.15351e-09
-1.82881e-11
3.17168e-09
-1.81195e-11
3.18961e-09
-1.791e-11
3.20732e-09
-1.76605e-11
3.22472e-09
-1.73751e-11
3.24183e-09
-1.70553e-11
3.25856e-09
-1.67056e-11
3.27494e-09
-1.63279e-11
3.29089e-09
-1.59271e-11
3.30645e-09
-1.55049e-11
3.32154e-09
-1.50664e-11
3.33621e-09
-1.46131e-11
3.35038e-09
-1.41502e-11
3.36412e-09
-1.36785e-11
3.37735e-09
-1.32032e-11
3.39013e-09
-1.27246e-11
3.4024e-09
-1.22474e-11
3.41424e-09
-1.17716e-11
3.42556e-09
-1.13015e-11
3.43646e-09
-1.08365e-11
3.44686e-09
-1.03807e-11
3.45686e-09
-9.93282e-12
3.46638e-09
-9.49673e-12
3.47552e-09
-9.07074e-12
3.48419e-09
-8.65842e-12
3.49252e-09
-8.25764e-12
3.50041e-09
-7.8718e-12
3.50798e-09
-7.49839e-12
3.51513e-09
-7.14067e-12
3.522e-09
-6.79575e-12
3.52848e-09
-6.46684e-12
3.53471e-09
-6.15072e-12
3.54057e-09
-5.85055e-12
3.54621e-09
-5.56286e-12
3.55151e-09
-5.29079e-12
3.55662e-09
-5.03064e-12
3.56141e-09
-4.78561e-12
3.56604e-09
-4.55179e-12
3.57038e-09
-4.33246e-12
3.57458e-09
-4.12354e-12
3.57852e-09
-3.92845e-12
3.58234e-09
-3.74292e-12
3.58591e-09
-3.57055e-12
3.5894e-09
-3.40691e-12
3.59266e-09
-3.25579e-12
3.59586e-09
-3.11258e-12
3.59884e-09
-2.98132e-12
3.60178e-09
-2.85719e-12
3.60452e-09
-2.74452e-12
3.60725e-09
-2.63826e-12
3.60978e-09
-2.54304e-12
3.61233e-09
-2.45357e-12
3.61469e-09
-2.37485e-12
3.61709e-09
-2.30129e-12
3.61931e-09
-2.23825e-12
3.6216e-09
-2.17987e-12
3.6237e-09
-2.13192e-12
3.6259e-09
-2.08815e-12
3.62793e-09
-2.05482e-12
3.63006e-09
-2.02525e-12
3.63204e-09
-2.0062e-12
3.63414e-09
-1.99052e-12
3.63609e-09
-1.98547e-12
3.6382e-09
-1.98336e-12
3.64015e-09
-1.99198e-12
3.64228e-09
-2.00303e-12
3.64425e-09
-2.02482e-12
3.64643e-09
-2.04843e-12
3.64846e-09
-2.08263e-12
3.65072e-09
-2.11787e-12
3.65283e-09
-2.16339e-12
3.65518e-09
-2.20901e-12
3.65739e-09
-2.26446e-12
3.65986e-09
-2.31897e-12
3.66218e-09
-2.38279e-12
3.66479e-09
-2.44463e-12
3.66724e-09
-2.51536e-12
3.66999e-09
-2.58323e-12
3.67258e-09
-2.65984e-12
3.6755e-09
-2.733e-12
3.67824e-09
-2.81523e-12
3.68133e-09
-2.89383e-12
3.68424e-09
-2.98244e-12
3.68752e-09
-3.06773e-12
3.6906e-09
-3.16463e-12
3.69409e-09
-3.25895e-12
3.69736e-09
-3.36712e-12
3.70108e-09
-3.47371e-12
3.70457e-09
-3.59686e-12
3.70857e-09
-3.7195e-12
3.71231e-09
-3.86159e-12
3.71662e-09
-4.00397e-12
3.72064e-09
-4.16858e-12
3.72531e-09
-4.33366e-12
3.72967e-09
-4.52325e-12
3.73474e-09
-4.71253e-12
3.73949e-09
-4.92769e-12
3.74502e-09
-5.14047e-12
3.75019e-09
-5.3793e-12
3.75622e-09
-5.61232e-12
3.76185e-09
-5.87025e-12
3.7684e-09
-6.11782e-12
3.77451e-09
-6.38798e-12
3.78159e-09
-6.6423e-12
3.78821e-09
-6.91606e-12
3.79584e-09
-7.16797e-12
3.80295e-09
-7.43588e-12
3.8111e-09
-7.67669e-12
3.8189e-09
-7.92614e-12
3.82702e-09
-8.15957e-12
3.83537e-09
-8.3398e-12
-8.68258e-12
2.50004e-09
-7.35358e-14
2.50015e-09
-2.20221e-13
2.50034e-09
-3.67212e-13
2.5006e-09
-5.14439e-13
2.50094e-09
-6.61984e-13
2.50134e-09
-8.09959e-13
2.50183e-09
-9.58465e-13
2.50238e-09
-1.10766e-12
2.50301e-09
-1.25768e-12
2.50372e-09
-1.40872e-12
2.5045e-09
-1.56096e-12
2.50536e-09
-1.71464e-12
2.5063e-09
-1.86995e-12
2.50731e-09
-2.02719e-12
2.50841e-09
-2.18661e-12
2.50958e-09
-2.34854e-12
2.51084e-09
-2.51326e-12
2.51218e-09
-2.68116e-12
2.51361e-09
-2.85258e-12
2.51512e-09
-3.02794e-12
2.51673e-09
-3.20761e-12
2.51842e-09
-3.39207e-12
2.52021e-09
-3.58173e-12
2.5221e-09
-3.7771e-12
2.52409e-09
-3.97863e-12
2.52618e-09
-4.18686e-12
2.52838e-09
-4.40227e-12
2.53069e-09
-4.62544e-12
2.53312e-09
-4.85687e-12
2.53566e-09
-5.09719e-12
2.53833e-09
-5.34692e-12
2.54113e-09
-5.6067e-12
2.54407e-09
-5.87709e-12
2.54714e-09
-6.15876e-12
2.55036e-09
-6.45228e-12
2.55374e-09
-6.75834e-12
2.55727e-09
-7.07754e-12
2.56097e-09
-7.41059e-12
2.56484e-09
-7.75808e-12
2.5689e-09
-8.12074e-12
2.57314e-09
-8.49919e-12
2.57758e-09
-8.89414e-12
2.58222e-09
-9.30622e-12
2.58708e-09
-9.73613e-12
2.59217e-09
-1.01845e-11
2.59748e-09
-1.0652e-11
2.60305e-09
-1.11392e-11
2.60886e-09
-1.16468e-11
2.61494e-09
-1.21753e-11
2.62129e-09
-1.27253e-11
2.62793e-09
-1.32973e-11
2.63487e-09
-1.38918e-11
2.64211e-09
-1.45091e-11
2.64968e-09
-1.51496e-11
2.65758e-09
-1.58135e-11
2.66582e-09
-1.65008e-11
2.67442e-09
-1.72116e-11
2.68339e-09
-1.79458e-11
2.69273e-09
-1.87028e-11
2.70247e-09
-1.94822e-11
2.71261e-09
-2.02831e-11
2.72316e-09
-2.11045e-11
2.73414e-09
-2.19449e-11
2.74554e-09
-2.28027e-11
2.75739e-09
-2.36757e-11
2.76968e-09
-2.45614e-11
2.78243e-09
-2.54567e-11
2.79563e-09
-2.63583e-11
2.80928e-09
-2.72621e-11
2.8234e-09
-2.81637e-11
2.83796e-09
-2.9058e-11
2.85298e-09
-2.99396e-11
2.86843e-09
-3.08023e-11
2.88431e-09
-3.16398e-11
2.9006e-09
-3.24453e-11
2.91728e-09
-3.32115e-11
2.93432e-09
-3.39314e-11
2.95171e-09
-3.45975e-11
2.96941e-09
-3.52027e-11
2.98738e-09
-3.57401e-11
3.00559e-09
-3.62033e-11
3.024e-09
-3.65865e-11
3.04256e-09
-3.68848e-11
3.06123e-09
-3.70941e-11
3.07995e-09
-3.72116e-11
3.0987e-09
-3.72354e-11
3.1174e-09
-3.71652e-11
3.13603e-09
-3.70014e-11
3.15452e-09
-3.6746e-11
3.17285e-09
-3.6402e-11
3.19094e-09
-3.59732e-11
3.20879e-09
-3.54646e-11
3.22633e-09
-3.48816e-11
3.24356e-09
-3.42304e-11
3.2604e-09
-3.35176e-11
3.27687e-09
-3.27498e-11
3.29291e-09
-3.19341e-11
3.30854e-09
-3.10775e-11
3.32369e-09
-3.01869e-11
3.3384e-09
-2.92688e-11
3.35261e-09
-2.83299e-11
3.36637e-09
-2.73762e-11
3.37961e-09
-2.64137e-11
3.39239e-09
-2.54475e-11
3.40465e-09
-2.44827e-11
3.41647e-09
-2.35237e-11
3.42777e-09
-2.25747e-11
3.43863e-09
-2.16391e-11
3.449e-09
-2.07203e-11
3.45895e-09
-1.98207e-11
3.46843e-09
-1.89431e-11
3.47751e-09
-1.8089e-11
3.48614e-09
-1.72604e-11
3.49441e-09
-1.64582e-11
3.50224e-09
-1.56838e-11
3.50975e-09
-1.49375e-11
3.51685e-09
-1.42202e-11
3.52366e-09
-1.35317e-11
3.53009e-09
-1.28725e-11
3.53625e-09
-1.22422e-11
3.54206e-09
-1.16409e-11
3.54763e-09
-1.10678e-11
3.55289e-09
-1.05229e-11
3.55793e-09
-1.00051e-11
3.56268e-09
-9.51431e-12
3.56725e-09
-9.04937e-12
3.57154e-09
-8.61001e-12
3.57569e-09
-8.19503e-12
3.57958e-09
-7.80411e-12
3.58335e-09
-7.43603e-12
3.58688e-09
-7.0905e-12
3.59032e-09
-6.7663e-12
3.59354e-09
-6.46315e-12
3.59668e-09
-6.17987e-12
3.59963e-09
-5.91625e-12
3.60252e-09
-5.67113e-12
3.60523e-09
-5.44441e-12
3.60791e-09
-5.23493e-12
3.61041e-09
-5.04274e-12
3.61291e-09
-4.86673e-12
3.61524e-09
-4.70706e-12
3.61759e-09
-4.5627e-12
3.61979e-09
-4.43394e-12
3.62202e-09
-4.31984e-12
3.6241e-09
-4.22079e-12
3.62624e-09
-4.13593e-12
3.62824e-09
-4.06576e-12
3.63032e-09
-4.00947e-12
3.63227e-09
-3.96761e-12
3.63432e-09
-3.9394e-12
3.63624e-09
-3.92538e-12
3.63829e-09
-3.92475e-12
3.64021e-09
-3.93802e-12
3.64228e-09
-3.96424e-12
3.64424e-09
-4.00386e-12
3.64636e-09
-4.05571e-12
3.64837e-09
-4.12016e-12
3.65056e-09
-4.19575e-12
3.65265e-09
-4.28276e-12
3.65495e-09
-4.37944e-12
3.65714e-09
-4.48606e-12
3.65955e-09
-4.6006e-12
3.66186e-09
-4.72346e-12
3.6644e-09
-4.85247e-12
3.66684e-09
-4.98834e-12
3.66953e-09
-5.12889e-12
3.67211e-09
-5.27536e-12
3.67495e-09
-5.42576e-12
3.67769e-09
-5.58204e-12
3.6807e-09
-5.7425e-12
3.68359e-09
-5.90995e-12
3.68678e-09
-6.08306e-12
3.68984e-09
-6.2655e-12
3.69323e-09
-6.45626e-12
3.69647e-09
-6.65975e-12
3.70008e-09
-6.87518e-12
3.70354e-09
-7.10746e-12
3.70741e-09
-7.35575e-12
3.7111e-09
-7.62516e-12
3.71527e-09
-7.91452e-12
3.71925e-09
-8.22869e-12
3.72376e-09
-8.56586e-12
3.72807e-09
-8.9302e-12
3.73298e-09
-9.31894e-12
3.73768e-09
-9.73513e-12
3.74304e-09
-1.01747e-11
3.74818e-09
-1.06393e-11
3.75403e-09
-1.11236e-11
3.75964e-09
-1.16277e-11
3.76602e-09
-1.2145e-11
3.77213e-09
-1.26742e-11
3.77905e-09
-1.3208e-11
3.78567e-09
-1.37441e-11
3.79315e-09
-1.42747e-11
3.8003e-09
-1.47972e-11
3.8083e-09
-1.53055e-11
3.81613e-09
-1.57898e-11
3.82417e-09
-1.62741e-11
3.83247e-09
-1.66396e-11
-1.73346e-11
2.50004e-09
-1.10049e-13
2.50015e-09
-3.29663e-13
2.50034e-09
-5.49669e-13
2.5006e-09
-7.70002e-13
2.50093e-09
-9.90777e-13
2.50134e-09
-1.21214e-12
2.50182e-09
-1.43425e-12
2.50237e-09
-1.6573e-12
2.503e-09
-1.8815e-12
2.5037e-09
-2.10712e-12
2.50448e-09
-2.33443e-12
2.50533e-09
-2.56376e-12
2.50626e-09
-2.79545e-12
2.50726e-09
-3.02989e-12
2.50835e-09
-3.26751e-12
2.50951e-09
-3.50875e-12
2.51076e-09
-3.75411e-12
2.51208e-09
-4.00411e-12
2.5135e-09
-4.2593e-12
2.51499e-09
-4.52028e-12
2.51658e-09
-4.78766e-12
2.51825e-09
-5.06211e-12
2.52002e-09
-5.34428e-12
2.52188e-09
-5.63491e-12
2.52385e-09
-5.93471e-12
2.52591e-09
-6.24446e-12
2.52808e-09
-6.56493e-12
2.53036e-09
-6.89693e-12
2.53275e-09
-7.2413e-12
2.53526e-09
-7.5989e-12
2.53789e-09
-7.97058e-12
2.54065e-09
-8.35725e-12
2.54354e-09
-8.75982e-12
2.54656e-09
-9.17922e-12
2.54974e-09
-9.61638e-12
2.55306e-09
-1.00723e-11
2.55654e-09
-1.05479e-11
2.56018e-09
-1.10442e-11
2.56399e-09
-1.15622e-11
2.56798e-09
-1.21029e-11
2.57216e-09
-1.26673e-11
2.57653e-09
-1.32564e-11
2.58111e-09
-1.38713e-11
2.5859e-09
-1.45129e-11
2.59091e-09
-1.51823e-11
2.59614e-09
-1.58804e-11
2.60163e-09
-1.66083e-11
2.60736e-09
-1.73669e-11
2.61335e-09
-1.8157e-11
2.61962e-09
-1.89796e-11
2.62617e-09
-1.98355e-11
2.63302e-09
-2.07255e-11
2.64017e-09
-2.16501e-11
2.64765e-09
-2.26099e-11
2.65545e-09
-2.36054e-11
2.6636e-09
-2.46368e-11
2.67211e-09
-2.57042e-11
2.68099e-09
-2.68075e-11
2.69025e-09
-2.79462e-11
2.69991e-09
-2.91197e-11
2.70997e-09
-3.03269e-11
2.72045e-09
-3.15663e-11
2.73136e-09
-3.28361e-11
2.74271e-09
-3.41338e-11
2.75451e-09
-3.54563e-11
2.76677e-09
-3.68001e-11
2.77949e-09
-3.81608e-11
2.79269e-09
-3.95333e-11
2.80636e-09
-4.09117e-11
2.82051e-09
-4.22892e-11
2.83513e-09
-4.36583e-11
2.85023e-09
-4.50104e-11
2.86579e-09
-4.63365e-11
2.8818e-09
-4.76263e-11
2.89825e-09
-4.88692e-11
2.91512e-09
-5.00541e-11
2.93239e-09
-5.11693e-11
2.95002e-09
-5.22032e-11
2.96799e-09
-5.31441e-11
2.98626e-09
-5.3981e-11
3.00479e-09
-5.47034e-11
3.02354e-09
-5.53019e-11
3.04245e-09
-5.57683e-11
3.06149e-09
-5.60961e-11
3.08059e-09
-5.62806e-11
3.09972e-09
-5.6319e-11
3.11879e-09
-5.62103e-11
3.13779e-09
-5.59558e-11
3.15663e-09
-5.55586e-11
3.1753e-09
-5.50236e-11
3.19371e-09
-5.43572e-11
3.21186e-09
-5.35674e-11
3.22967e-09
-5.26632e-11
3.24715e-09
-5.16545e-11
3.26421e-09
-5.05517e-11
3.28088e-09
-4.9366e-11
3.29708e-09
-4.81083e-11
3.31285e-09
-4.67896e-11
3.32812e-09
-4.54207e-11
3.34291e-09
-4.40122e-11
3.35719e-09
-4.25738e-11
3.37098e-09
-4.11151e-11
3.38425e-09
-3.96448e-11
3.39703e-09
-3.81711e-11
3.40928e-09
-3.67015e-11
3.42106e-09
-3.52426e-11
3.43231e-09
-3.38007e-11
3.44312e-09
-3.23811e-11
3.45341e-09
-3.09885e-11
3.46328e-09
-2.96269e-11
3.47267e-09
-2.82998e-11
3.48165e-09
-2.701e-11
3.49018e-09
-2.576e-11
3.49834e-09
-2.45514e-11
3.50607e-09
-2.33856e-11
3.51346e-09
-2.22636e-11
3.52045e-09
-2.11859e-11
3.52714e-09
-2.01528e-11
3.53345e-09
-1.91643e-11
3.5395e-09
-1.822e-11
3.5452e-09
-1.73195e-11
3.55066e-09
-1.64621e-11
3.55581e-09
-1.56471e-11
3.56074e-09
-1.48734e-11
3.56539e-09
-1.41401e-11
3.56986e-09
-1.34461e-11
3.57406e-09
-1.27902e-11
3.5781e-09
-1.21713e-11
3.5819e-09
-1.15883e-11
3.58558e-09
-1.10398e-11
3.58903e-09
-1.05248e-11
3.59238e-09
-1.00421e-11
3.59552e-09
-9.59057e-12
3.59859e-09
-9.16906e-12
3.60146e-09
-8.77665e-12
3.60428e-09
-8.41217e-12
3.60691e-09
-8.07482e-12
3.60952e-09
-7.76351e-12
3.61196e-09
-7.47757e-12
3.6144e-09
-7.21601e-12
3.61667e-09
-6.97833e-12
3.61896e-09
-6.76366e-12
3.62109e-09
-6.57172e-12
3.62326e-09
-6.40177e-12
3.62529e-09
-6.25372e-12
3.62737e-09
-6.12704e-12
3.62932e-09
-6.02176e-12
3.63134e-09
-5.93755e-12
3.63324e-09
-5.87446e-12
3.63523e-09
-5.83234e-12
3.6371e-09
-5.81114e-12
3.63909e-09
-5.81079e-12
3.64096e-09
-5.83104e-12
3.64298e-09
-5.87177e-12
3.64488e-09
-5.9324e-12
3.64695e-09
-6.01265e-12
3.64892e-09
-6.11154e-12
3.65106e-09
-6.22847e-12
3.65312e-09
-6.36212e-12
3.65537e-09
-6.51149e-12
3.65753e-09
-6.67502e-12
3.6599e-09
-6.85134e-12
3.66219e-09
-7.03897e-12
3.6647e-09
-7.23628e-12
3.66713e-09
-7.4422e-12
3.66979e-09
-7.65511e-12
3.67236e-09
-7.87478e-12
3.67518e-09
-8.09988e-12
3.6779e-09
-8.33136e-12
3.68088e-09
-8.56844e-12
3.68375e-09
-8.8135e-12
3.6869e-09
-9.06643e-12
3.68993e-09
-9.33102e-12
3.69326e-09
-9.60784e-12
3.69646e-09
-9.90188e-12
3.70001e-09
-1.02142e-11
3.7034e-09
-1.05506e-11
3.70718e-09
-1.09123e-11
3.71081e-09
-1.13051e-11
3.71487e-09
-1.17303e-11
3.71877e-09
-1.21929e-11
3.72317e-09
-1.26936e-11
3.7274e-09
-1.3236e-11
3.7322e-09
-1.38197e-11
3.73682e-09
-1.44458e-11
3.74208e-09
-1.51126e-11
3.74716e-09
-1.58182e-11
3.75294e-09
-1.65594e-11
3.75851e-09
-1.73309e-11
3.76484e-09
-1.81282e-11
3.77095e-09
-1.89428e-11
3.77787e-09
-1.97694e-11
3.78454e-09
-2.05972e-11
3.79205e-09
-2.1421e-11
3.79929e-09
-2.22282e-11
3.80736e-09
-2.30165e-11
3.81531e-09
-2.37643e-11
3.82347e-09
-2.45105e-11
3.83191e-09
-2.50753e-11
-2.61411e-11
2.50004e-09
-1.46328e-13
2.50015e-09
-4.3844e-13
2.50034e-09
-7.31e-13
2.50059e-09
-1.02392e-12
2.50093e-09
-1.31733e-12
2.50133e-09
-1.61142e-12
2.5018e-09
-1.90635e-12
2.50235e-09
-2.20237e-12
2.50297e-09
-2.49976e-12
2.50367e-09
-2.79884e-12
2.50444e-09
-3.09997e-12
2.50528e-09
-3.40359e-12
2.5062e-09
-3.71013e-12
2.50719e-09
-4.02014e-12
2.50826e-09
-4.33415e-12
2.50941e-09
-4.6528e-12
2.51064e-09
-4.97672e-12
2.51194e-09
-5.30663e-12
2.51333e-09
-5.64327e-12
2.51481e-09
-5.98743e-12
2.51636e-09
-6.33994e-12
2.51801e-09
-6.70169e-12
2.51974e-09
-7.07357e-12
2.52157e-09
-7.45655e-12
2.52349e-09
-7.8516e-12
2.52551e-09
-8.25976e-12
2.52764e-09
-8.68207e-12
2.52987e-09
-9.11961e-12
2.53221e-09
-9.57352e-12
2.53466e-09
-1.00449e-11
2.53723e-09
-1.0535e-11
2.53992e-09
-1.10449e-11
2.54275e-09
-1.1576e-11
2.54571e-09
-1.21294e-11
2.5488e-09
-1.27064e-11
2.55205e-09
-1.33083e-11
2.55545e-09
-1.39364e-11
2.559e-09
-1.45921e-11
2.56273e-09
-1.52766e-11
2.56662e-09
-1.59914e-11
2.5707e-09
-1.67378e-11
2.57497e-09
-1.75171e-11
2.57944e-09
-1.83309e-11
2.58412e-09
-1.91803e-11
2.58902e-09
-2.00669e-11
2.59414e-09
-2.0992e-11
2.5995e-09
-2.19568e-11
2.60511e-09
-2.29629e-11
2.61097e-09
-2.40113e-11
2.61711e-09
-2.51035e-11
2.62353e-09
-2.62405e-11
2.63024e-09
-2.74234e-11
2.63726e-09
-2.86534e-11
2.64459e-09
-2.99311e-11
2.65226e-09
-3.12575e-11
2.66027e-09
-3.26329e-11
2.66864e-09
-3.40578e-11
2.67738e-09
-3.55322e-11
2.68651e-09
-3.70558e-11
2.69603e-09
-3.86279e-11
2.70597e-09
-4.02476e-11
2.71634e-09
-4.19132e-11
2.72714e-09
-4.36225e-11
2.7384e-09
-4.53725e-11
2.75012e-09
-4.71597e-11
2.76232e-09
-4.89795e-11
2.77501e-09
-5.08263e-11
2.78819e-09
-5.26937e-11
2.80187e-09
-5.45739e-11
2.81607e-09
-5.64579e-11
2.83077e-09
-5.83356e-11
2.84598e-09
-6.01954e-11
2.86169e-09
-6.20246e-11
2.8779e-09
-6.38091e-11
2.89459e-09
-6.55339e-11
2.91175e-09
-6.71828e-11
2.92934e-09
-6.87392e-11
2.94736e-09
-7.01859e-11
2.96574e-09
-7.1506e-11
2.98448e-09
-7.26828e-11
3.0035e-09
-7.37007e-11
3.02278e-09
-7.45456e-11
3.04225e-09
-7.52051e-11
3.06186e-09
-7.56695e-11
3.08154e-09
-7.59316e-11
3.10125e-09
-7.59873e-11
3.1209e-09
-7.58356e-11
3.14047e-09
-7.54784e-11
3.15986e-09
-7.49206e-11
3.17905e-09
-7.41698e-11
3.19796e-09
-7.32356e-11
3.21657e-09
-7.213e-11
3.2348e-09
-7.08664e-11
3.25266e-09
-6.94593e-11
3.27006e-09
-6.79241e-11
3.28702e-09
-6.62768e-11
3.30348e-09
-6.45333e-11
3.31945e-09
-6.27094e-11
3.33488e-09
-6.08204e-11
3.34981e-09
-5.88811e-11
3.36417e-09
-5.69053e-11
3.37802e-09
-5.49062e-11
3.3913e-09
-5.28956e-11
3.40407e-09
-5.08848e-11
3.41628e-09
-4.88836e-11
3.428e-09
-4.69012e-11
3.43917e-09
-4.49453e-11
3.44988e-09
-4.30231e-11
3.46006e-09
-4.11407e-11
3.4698e-09
-3.93032e-11
3.47904e-09
-3.75151e-11
3.48787e-09
-3.578e-11
3.49624e-09
-3.41008e-11
3.50423e-09
-3.24796e-11
3.51179e-09
-3.09181e-11
3.51901e-09
-2.94172e-11
3.52583e-09
-2.79777e-11
3.53234e-09
-2.65994e-11
3.53848e-09
-2.52823e-11
3.54435e-09
-2.40255e-11
3.54989e-09
-2.28284e-11
3.55518e-09
-2.16897e-11
3.56016e-09
-2.06083e-11
3.56494e-09
-1.95826e-11
3.56943e-09
-1.86113e-11
3.57375e-09
-1.76926e-11
3.5778e-09
-1.6825e-11
3.58171e-09
-1.60068e-11
3.58537e-09
-1.52364e-11
3.58892e-09
-1.4512e-11
3.59224e-09
-1.38322e-11
3.59546e-09
-1.31952e-11
3.59849e-09
-1.25996e-11
3.60144e-09
-1.20437e-11
3.6042e-09
-1.15263e-11
3.60691e-09
-1.10457e-11
3.60944e-09
-1.06011e-11
3.61195e-09
-1.01908e-11
3.61429e-09
-9.81395e-12
3.61662e-09
-9.46929e-12
3.6188e-09
-9.15611e-12
3.621e-09
-8.87324e-12
3.62304e-09
-8.62023e-12
3.62512e-09
-8.39613e-12
3.62707e-09
-8.20074e-12
3.62906e-09
-8.0334e-12
3.63093e-09
-7.89416e-12
3.63287e-09
-7.78263e-12
3.63468e-09
-7.69903e-12
3.63659e-09
-7.64324e-12
3.63838e-09
-7.61545e-12
3.64028e-09
-7.6157e-12
3.64208e-09
-7.64393e-12
3.64401e-09
-7.70017e-12
3.64584e-09
-7.78385e-12
3.64784e-09
-7.89476e-12
3.64973e-09
-8.03164e-12
3.65181e-09
-8.19379e-12
3.6538e-09
-8.37925e-12
3.656e-09
-8.58664e-12
3.65811e-09
-8.81348e-12
3.66044e-09
-9.05771e-12
3.66269e-09
-9.31676e-12
3.66516e-09
-9.58806e-12
3.66756e-09
-9.86959e-12
3.6702e-09
-1.01586e-11
3.67275e-09
-1.04544e-11
3.67554e-09
-1.07547e-11
3.67824e-09
-1.10605e-11
3.68119e-09
-1.13703e-11
3.68403e-09
-1.16876e-11
3.68714e-09
-1.20119e-11
3.69012e-09
-1.2349e-11
3.6934e-09
-1.26996e-11
3.69653e-09
-1.30712e-11
3.69998e-09
-1.34656e-11
3.70328e-09
-1.38916e-11
3.70694e-09
-1.43514e-11
3.71044e-09
-1.48541e-11
3.71436e-09
-1.54019e-11
3.71812e-09
-1.60029e-11
3.72236e-09
-1.66589e-11
3.72644e-09
-1.73754e-11
3.73108e-09
-1.81531e-11
3.73555e-09
-1.89938e-11
3.74068e-09
-1.98963e-11
3.74562e-09
-2.08575e-11
3.7513e-09
-2.18739e-11
3.75679e-09
-2.29372e-11
3.76307e-09
-2.40417e-11
3.76915e-09
-2.51739e-11
3.77608e-09
-2.63265e-11
3.78278e-09
-2.74824e-11
3.79038e-09
-2.86341e-11
3.79773e-09
-2.97618e-11
3.80595e-09
-3.08619e-11
3.81407e-09
-3.1903e-11
3.82242e-09
-3.29369e-11
3.83107e-09
-3.37166e-11
-3.51785e-11
2.50004e-09
-1.82353e-13
2.50015e-09
-5.4648e-13
2.50033e-09
-9.11079e-13
2.50059e-09
-1.276e-12
2.50092e-09
-1.64137e-12
2.50132e-09
-2.00737e-12
2.50179e-09
-2.37418e-12
2.50233e-09
-2.74208e-12
2.50295e-09
-3.11139e-12
2.50363e-09
-3.48248e-12
2.50439e-09
-3.8558e-12
2.50522e-09
-4.23187e-12
2.50613e-09
-4.61126e-12
2.50711e-09
-4.9946e-12
2.50816e-09
-5.38262e-12
2.50929e-09
-5.77606e-12
2.51049e-09
-6.17577e-12
2.51177e-09
-6.58263e-12
2.51313e-09
-6.99759e-12
2.51457e-09
-7.42164e-12
2.51609e-09
-7.85585e-12
2.51769e-09
-8.30131e-12
2.51939e-09
-8.75917e-12
2.52116e-09
-9.23064e-12
2.52304e-09
-9.71696e-12
2.525e-09
-1.02194e-11
2.52707e-09
-1.07393e-11
2.52923e-09
-1.1278e-11
2.5315e-09
-1.1837e-11
2.53388e-09
-1.24176e-11
2.53637e-09
-1.30213e-11
2.53898e-09
-1.36498e-11
2.54172e-09
-1.43044e-11
2.54459e-09
-1.49867e-11
2.54759e-09
-1.56984e-11
2.55073e-09
-1.64412e-11
2.55402e-09
-1.72165e-11
2.55746e-09
-1.80262e-11
2.56106e-09
-1.88719e-11
2.56484e-09
-1.97554e-11
2.56879e-09
-2.06783e-11
2.57292e-09
-2.16425e-11
2.57725e-09
-2.26496e-11
2.58178e-09
-2.37015e-11
2.58653e-09
-2.47999e-11
2.59149e-09
-2.59466e-11
2.59669e-09
-2.71433e-11
2.60213e-09
-2.83919e-11
2.60782e-09
-2.96938e-11
2.61378e-09
-3.1051e-11
2.62002e-09
-3.24649e-11
2.62655e-09
-3.39371e-11
2.63338e-09
-3.54691e-11
2.64052e-09
-3.70622e-11
2.648e-09
-3.87175e-11
2.65582e-09
-4.04361e-11
2.66399e-09
-4.22186e-11
2.67254e-09
-4.40656e-11
2.68148e-09
-4.59772e-11
2.69082e-09
-4.79529e-11
2.70058e-09
-4.99921e-11
2.71078e-09
-5.20933e-11
2.72143e-09
-5.42542e-11
2.73255e-09
-5.6472e-11
2.74415e-09
-5.87427e-11
2.75626e-09
-6.10611e-11
2.76887e-09
-6.34211e-11
2.78201e-09
-6.58149e-11
2.79569e-09
-6.82332e-11
2.80993e-09
-7.06651e-11
2.82471e-09
-7.30977e-11
2.84006e-09
-7.55164e-11
2.85596e-09
-7.79046e-11
2.87242e-09
-8.02438e-11
2.88943e-09
-8.25136e-11
2.90697e-09
-8.46924e-11
2.92501e-09
-8.67568e-11
2.94354e-09
-8.86829e-11
2.9625e-09
-9.04464e-11
2.98188e-09
-9.20235e-11
3.00159e-09
-9.33915e-11
3.02161e-09
-9.45297e-11
3.04186e-09
-9.542e-11
3.06227e-09
-9.60481e-11
3.08277e-09
-9.64035e-11
3.10331e-09
-9.64804e-11
3.12378e-09
-9.62775e-11
3.14414e-09
-9.57983e-11
3.1643e-09
-9.50503e-11
3.18422e-09
-9.4045e-11
3.20381e-09
-9.2797e-11
3.22305e-09
-9.13237e-11
3.24186e-09
-8.96443e-11
3.26023e-09
-8.77796e-11
3.27809e-09
-8.5751e-11
3.29545e-09
-8.35807e-11
3.31223e-09
-8.12902e-11
3.32848e-09
-7.89012e-11
3.34412e-09
-7.64341e-11
3.35921e-09
-7.39087e-11
3.37368e-09
-7.13433e-11
3.38758e-09
-6.8755e-11
3.40088e-09
-6.61594e-11
3.41362e-09
-6.35707e-11
3.42577e-09
-6.10013e-11
3.43739e-09
-5.84628e-11
3.44844e-09
-5.59646e-11
3.45899e-09
-5.35155e-11
3.469e-09
-5.11226e-11
3.47855e-09
-4.8792e-11
3.4876e-09
-4.65288e-11
3.49622e-09
-4.4337e-11
3.50436e-09
-4.22198e-11
3.51212e-09
-4.01795e-11
3.51945e-09
-3.82178e-11
3.52643e-09
-3.63356e-11
3.53301e-09
-3.45331e-11
3.53929e-09
-3.28102e-11
3.5452e-09
-3.11661e-11
3.55084e-09
-2.95998e-11
3.55614e-09
-2.81099e-11
3.56121e-09
-2.66945e-11
3.56597e-09
-2.5352e-11
3.57054e-09
-2.408e-11
3.57482e-09
-2.28766e-11
3.57894e-09
-2.17395e-11
3.5828e-09
-2.06665e-11
3.58652e-09
-1.96553e-11
3.59e-09
-1.87039e-11
3.59337e-09
-1.781e-11
3.59652e-09
-1.69717e-11
3.59958e-09
-1.61866e-11
3.60245e-09
-1.5453e-11
3.60525e-09
-1.47687e-11
3.60786e-09
-1.41321e-11
3.61043e-09
-1.35409e-11
3.61283e-09
-1.29939e-11
3.61521e-09
-1.2489e-11
3.61743e-09
-1.20252e-11
3.61964e-09
-1.16007e-11
3.6217e-09
-1.12148e-11
3.62377e-09
-1.08659e-11
3.6257e-09
-1.05536e-11
3.62767e-09
-1.02767e-11
3.6295e-09
-1.0035e-11
3.63138e-09
-9.82781e-12
3.63314e-09
-9.65522e-12
3.63496e-09
-9.5168e-12
3.63667e-09
-9.41304e-12
3.63846e-09
-9.34388e-12
3.64014e-09
-9.3099e-12
3.64194e-09
-9.31134e-12
3.64363e-09
-9.34857e-12
3.64546e-09
-9.42188e-12
3.64718e-09
-9.53098e-12
3.64908e-09
-9.67589e-12
3.65088e-09
-9.85523e-12
3.65287e-09
-1.00683e-11
3.65478e-09
-1.03125e-11
3.6569e-09
-1.05861e-11
3.65894e-09
-1.08853e-11
3.66121e-09
-1.12073e-11
3.66341e-09
-1.15475e-11
3.66585e-09
-1.19025e-11
3.66822e-09
-1.22681e-11
3.67082e-09
-1.26405e-11
3.67335e-09
-1.30172e-11
3.67612e-09
-1.33949e-11
3.6788e-09
-1.3774e-11
3.68172e-09
-1.41525e-11
3.68454e-09
-1.45342e-11
3.68759e-09
-1.49188e-11
3.69052e-09
-1.53139e-11
3.69371e-09
-1.57208e-11
3.69676e-09
-1.61502e-11
3.70009e-09
-1.66048e-11
3.70326e-09
-1.70977e-11
3.70676e-09
-1.76323e-11
3.71009e-09
-1.82224e-11
3.71381e-09
-1.88717e-11
3.71736e-09
-1.95931e-11
3.72138e-09
-2.03895e-11
3.72522e-09
-2.12708e-11
3.72963e-09
-2.22384e-11
3.73388e-09
-2.32968e-11
3.73878e-09
-2.44448e-11
3.74353e-09
-2.568e-11
3.74904e-09
-2.69973e-11
3.75438e-09
-2.83862e-11
3.76058e-09
-2.98379e-11
3.7666e-09
-3.1334e-11
3.77354e-09
-3.28625e-11
3.78028e-09
-3.4399e-11
3.78799e-09
-3.5931e-11
3.79547e-09
-3.74304e-11
3.8039e-09
-3.88904e-11
3.81226e-09
-4.02677e-11
3.82087e-09
-4.16291e-11
3.82982e-09
-4.26533e-11
-4.4546e-11
2.50004e-09
-2.18149e-13
2.50015e-09
-6.53887e-13
2.50033e-09
-1.09006e-12
2.50059e-09
-1.52643e-12
2.50091e-09
-1.96306e-12
2.50131e-09
-2.40011e-12
2.50178e-09
-2.83776e-12
2.50231e-09
-3.27626e-12
2.50292e-09
-3.71597e-12
2.5036e-09
-4.15733e-12
2.50435e-09
-4.60084e-12
2.50517e-09
-5.04712e-12
2.50606e-09
-5.49683e-12
2.50701e-09
-5.95076e-12
2.50805e-09
-6.40974e-12
2.50915e-09
-6.87472e-12
2.51032e-09
-7.3467e-12
2.51157e-09
-7.82676e-12
2.5129e-09
-8.31606e-12
2.51429e-09
-8.8158e-12
2.51577e-09
-9.32728e-12
2.51733e-09
-9.85184e-12
2.51896e-09
-1.03909e-11
2.52068e-09
-1.09459e-11
2.52249e-09
-1.15183e-11
2.52439e-09
-1.21097e-11
2.52638e-09
-1.27218e-11
2.52846e-09
-1.33561e-11
2.53064e-09
-1.40144e-11
2.53293e-09
-1.46984e-11
2.53533e-09
-1.54099e-11
2.53784e-09
-1.61507e-11
2.54046e-09
-1.69227e-11
2.54321e-09
-1.77278e-11
2.54609e-09
-1.85679e-11
2.5491e-09
-1.9445e-11
2.55225e-09
-2.03611e-11
2.55555e-09
-2.13182e-11
2.55901e-09
-2.23183e-11
2.56263e-09
-2.33637e-11
2.56641e-09
-2.44564e-11
2.57038e-09
-2.55984e-11
2.57453e-09
-2.67921e-11
2.57888e-09
-2.80395e-11
2.58343e-09
-2.93429e-11
2.5882e-09
-3.07044e-11
2.5932e-09
-3.21263e-11
2.59843e-09
-3.36106e-11
2.6039e-09
-3.51597e-11
2.60964e-09
-3.67757e-11
2.61565e-09
-3.84606e-11
2.62194e-09
-4.02166e-11
2.62853e-09
-4.20457e-11
2.63544e-09
-4.39497e-11
2.64266e-09
-4.59305e-11
2.65023e-09
-4.79897e-11
2.65816e-09
-5.01285e-11
2.66646e-09
-5.23483e-11
2.67514e-09
-5.46496e-11
2.68424e-09
-5.7033e-11
2.69376e-09
-5.94981e-11
2.70373e-09
-6.20442e-11
2.71417e-09
-6.46697e-11
2.72509e-09
-6.73719e-11
2.73651e-09
-7.01472e-11
2.74846e-09
-7.29907e-11
2.76096e-09
-7.58957e-11
2.77402e-09
-7.88539e-11
2.78766e-09
-8.18551e-11
2.80191e-09
-8.48866e-11
2.81676e-09
-8.79334e-11
2.83225e-09
-9.09777e-11
2.84837e-09
-9.39989e-11
2.86512e-09
-9.69735e-11
2.88251e-09
-9.98751e-11
2.90052e-09
-1.02675e-10
2.91913e-09
-1.05341e-10
2.93832e-09
-1.0784e-10
2.95804e-09
-1.1014e-10
2.97825e-09
-1.12204e-10
2.99889e-09
-1.14001e-10
3.0199e-09
-1.15501e-10
3.04118e-09
-1.16676e-10
3.06268e-09
-1.17507e-10
3.08428e-09
-1.17978e-10
3.10592e-09
-1.18082e-10
3.12749e-09
-1.17816e-10
3.14892e-09
-1.17186e-10
3.1701e-09
-1.16204e-10
3.19099e-09
-1.14888e-10
3.21149e-09
-1.13259e-10
3.23155e-09
-1.11343e-10
3.25111e-09
-1.09167e-10
3.27014e-09
-1.0676e-10
3.28857e-09
-1.04153e-10
3.30642e-09
-1.01375e-10
3.32361e-09
-9.8456e-11
3.34019e-09
-9.54229e-11
3.35609e-09
-9.23028e-11
3.37136e-09
-8.91208e-11
3.38594e-09
-8.58999e-11
3.39991e-09
-8.26616e-11
3.4132e-09
-7.94249e-11
3.4259e-09
-7.62075e-11
3.43795e-09
-7.30243e-11
3.44944e-09
-6.98891e-11
3.46031e-09
-6.68131e-11
3.47067e-09
-6.38063e-11
3.48045e-09
-6.08769e-11
3.48975e-09
-5.80317e-11
3.49852e-09
-5.52759e-11
3.50686e-09
-5.26138e-11
3.51472e-09
-5.00485e-11
3.52218e-09
-4.75821e-11
3.52921e-09
-4.52158e-11
3.53588e-09
-4.295e-11
3.54216e-09
-4.07846e-11
3.54813e-09
-3.87187e-11
3.55374e-09
-3.67509e-11
3.55908e-09
-3.48795e-11
3.5641e-09
-3.31022e-11
3.56888e-09
-3.14165e-11
3.57337e-09
-2.98199e-11
3.57767e-09
-2.83092e-11
3.58169e-09
-2.68818e-11
3.58555e-09
-2.55343e-11
3.58917e-09
-2.42641e-11
3.59265e-09
-2.30679e-11
3.5959e-09
-2.19434e-11
3.59905e-09
-2.08874e-11
3.60199e-09
-1.98977e-11
3.60484e-09
-1.89716e-11
3.60751e-09
-1.81069e-11
3.61011e-09
-1.73011e-11
3.61254e-09
-1.6552e-11
3.61493e-09
-1.58572e-11
3.61716e-09
-1.52148e-11
3.61937e-09
-1.46221e-11
3.62143e-09
-1.40778e-11
3.62348e-09
-1.35791e-11
3.62539e-09
-1.31252e-11
3.62732e-09
-1.27139e-11
3.62911e-09
-1.23448e-11
3.63094e-09
-1.20163e-11
3.63262e-09
-1.17287e-11
3.63437e-09
-1.14809e-11
3.63598e-09
-1.12737e-11
3.63766e-09
-1.11066e-11
3.63922e-09
-1.09808e-11
3.64087e-09
-1.08965e-11
3.6424e-09
-1.08549e-11
3.64405e-09
-1.08568e-11
3.64559e-09
-1.0903e-11
3.64727e-09
-1.09948e-11
3.64885e-09
-1.1132e-11
3.65061e-09
-1.13154e-11
3.65228e-09
-1.15436e-11
3.65414e-09
-1.18161e-11
3.65593e-09
-1.21295e-11
3.65795e-09
-1.24817e-11
3.65991e-09
-1.28672e-11
3.6621e-09
-1.32819e-11
3.66424e-09
-1.37189e-11
3.66663e-09
-1.41725e-11
3.66896e-09
-1.46359e-11
3.67154e-09
-1.51026e-11
3.67406e-09
-1.55681e-11
3.67681e-09
-1.60267e-11
3.67948e-09
-1.64781e-11
3.68237e-09
-1.69184e-11
3.68516e-09
-1.73528e-11
3.68816e-09
-1.77801e-11
3.69103e-09
-1.8211e-11
3.69411e-09
-1.86471e-11
3.69704e-09
-1.91037e-11
3.7002e-09
-1.95847e-11
3.70319e-09
-2.01088e-11
3.70646e-09
-2.06815e-11
3.70954e-09
-2.13228e-11
3.71296e-09
-2.2039e-11
3.7162e-09
-2.28493e-11
3.71987e-09
-2.37597e-11
3.72336e-09
-2.47855e-11
3.7274e-09
-2.59308e-11
3.73127e-09
-2.72042e-11
3.73582e-09
-2.86061e-11
3.74023e-09
-3.01348e-11
3.74543e-09
-3.17851e-11
3.75051e-09
-3.35431e-11
3.7565e-09
-3.53967e-11
3.76236e-09
-3.73194e-11
3.76923e-09
-3.92934e-11
3.77595e-09
-4.12825e-11
3.78374e-09
-4.32674e-11
3.79133e-09
-4.52063e-11
3.79996e-09
-4.70886e-11
3.80855e-09
-4.88535e-11
3.81744e-09
-5.05897e-11
3.82668e-09
-5.18849e-11
-5.42565e-11
2.50004e-09
-2.53824e-13
2.50015e-09
-7.61005e-13
2.50033e-09
-1.26851e-12
2.50058e-09
-1.77594e-12
2.50091e-09
-2.28326e-12
2.5013e-09
-2.79055e-12
2.50177e-09
-3.29793e-12
2.5023e-09
-3.80565e-12
2.5029e-09
-4.31406e-12
2.50357e-09
-4.82364e-12
2.50431e-09
-5.33497e-12
2.50511e-09
-5.84874e-12
2.50598e-09
-6.36575e-12
2.50692e-09
-6.88693e-12
2.50793e-09
-7.41326e-12
2.50901e-09
-7.94587e-12
2.51015e-09
-8.48594e-12
2.51136e-09
-9.03476e-12
2.51265e-09
-9.59369e-12
2.514e-09
-1.01642e-11
2.51542e-09
-1.07478e-11
2.51692e-09
-1.1346e-11
2.5185e-09
-1.19605e-11
2.52015e-09
-1.25931e-11
2.52188e-09
-1.32455e-11
2.5237e-09
-1.39196e-11
2.5256e-09
-1.46172e-11
2.52759e-09
-1.53404e-11
2.52967e-09
-1.60911e-11
2.53185e-09
-1.68713e-11
2.53413e-09
-1.76833e-11
2.53652e-09
-1.85291e-11
2.53902e-09
-1.94108e-11
2.54163e-09
-2.03309e-11
2.54436e-09
-2.12915e-11
2.54722e-09
-2.2295e-11
2.55021e-09
-2.33436e-11
2.55334e-09
-2.44399e-11
2.55661e-09
-2.55863e-11
2.56004e-09
-2.67852e-11
2.56364e-09
-2.80391e-11
2.5674e-09
-2.93506e-11
2.57134e-09
-3.07222e-11
2.57547e-09
-3.21565e-11
2.57979e-09
-3.36562e-11
2.58432e-09
-3.52239e-11
2.58907e-09
-3.68622e-11
2.59404e-09
-3.85739e-11
2.59926e-09
-4.03617e-11
2.60472e-09
-4.22282e-11
2.61045e-09
-4.41761e-11
2.61645e-09
-4.62082e-11
2.62275e-09
-4.83271e-11
2.62935e-09
-5.05355e-11
2.63627e-09
-5.28358e-11
2.64352e-09
-5.52304e-11
2.65113e-09
-5.77218e-11
2.65911e-09
-6.03118e-11
2.66748e-09
-6.30024e-11
2.67626e-09
-6.5795e-11
2.68547e-09
-6.86904e-11
2.69513e-09
-7.1689e-11
2.70527e-09
-7.47903e-11
2.71591e-09
-7.7993e-11
2.72708e-09
-8.12944e-11
2.7388e-09
-8.46905e-11
2.7511e-09
-8.81753e-11
2.76401e-09
-9.17409e-11
2.77755e-09
-9.53769e-11
2.79176e-09
-9.90698e-11
2.80665e-09
-1.02803e-10
2.82225e-09
-1.06556e-10
2.83858e-09
-1.10305e-10
2.85565e-09
-1.1402e-10
2.87347e-09
-1.17668e-10
2.89204e-09
-1.21212e-10
2.91133e-09
-1.2461e-10
2.93134e-09
-1.27815e-10
2.95201e-09
-1.30781e-10
2.97329e-09
-1.33459e-10
2.99512e-09
-1.358e-10
3.01742e-09
-1.3776e-10
3.04007e-09
-1.393e-10
3.06299e-09
-1.40389e-10
3.08604e-09
-1.41006e-10
3.10914e-09
-1.41141e-10
3.13215e-09
-1.40792e-10
3.15498e-09
-1.3997e-10
3.1775e-09
-1.38694e-10
3.19964e-09
-1.36988e-10
3.2213e-09
-1.34886e-10
3.24243e-09
-1.32424e-10
3.26293e-09
-1.29641e-10
3.2828e-09
-1.26578e-10
3.30196e-09
-1.23276e-10
3.32041e-09
-1.19775e-10
3.3381e-09
-1.16114e-10
3.35506e-09
-1.12329e-10
3.37124e-09
-1.08454e-10
3.38669e-09
-1.0452e-10
3.40138e-09
-1.00556e-10
3.41537e-09
-9.65881e-11
3.42861e-09
-9.2638e-11
3.44119e-09
-8.87266e-11
3.45306e-09
-8.48715e-11
3.46432e-09
-8.10882e-11
3.47493e-09
-7.73896e-11
3.48497e-09
-7.37867e-11
3.49441e-09
-7.02882e-11
3.50334e-09
-6.69014e-11
3.51172e-09
-6.36315e-11
3.51965e-09
-6.04826e-11
3.52709e-09
-5.74572e-11
3.53412e-09
-5.45567e-11
3.54071e-09
-5.17818e-11
3.54696e-09
-4.91318e-11
3.5528e-09
-4.66056e-11
3.55835e-09
-4.42013e-11
3.56354e-09
-4.19164e-11
3.56847e-09
-3.9748e-11
3.57308e-09
-3.76929e-11
3.57747e-09
-3.57473e-11
3.58158e-09
-3.39076e-11
3.5855e-09
-3.21698e-11
3.58917e-09
-3.05301e-11
3.59268e-09
-2.89844e-11
3.59597e-09
-2.75293e-11
3.59912e-09
-2.61605e-11
3.60207e-09
-2.4875e-11
3.60492e-09
-2.36687e-11
3.60757e-09
-2.2539e-11
3.61015e-09
-2.14823e-11
3.61255e-09
-2.04963e-11
3.6149e-09
-1.95778e-11
3.61708e-09
-1.87246e-11
3.61923e-09
-1.79341e-11
3.62123e-09
-1.72038e-11
3.62321e-09
-1.65311e-11
3.62505e-09
-1.59138e-11
3.62689e-09
-1.53488e-11
3.62861e-09
-1.48344e-11
3.63034e-09
-1.43675e-11
3.63194e-09
-1.39473e-11
3.63357e-09
-1.35712e-11
3.63508e-09
-1.32396e-11
3.63663e-09
-1.29509e-11
3.63806e-09
-1.27069e-11
3.63955e-09
-1.2507e-11
3.64092e-09
-1.23537e-11
3.64237e-09
-1.22479e-11
3.64369e-09
-1.21922e-11
3.64514e-09
-1.21884e-11
3.64646e-09
-1.22389e-11
3.64793e-09
-1.23461e-11
3.64929e-09
-1.25109e-11
3.65083e-09
-1.27356e-11
3.65229e-09
-1.30188e-11
3.65396e-09
-1.3361e-11
3.65556e-09
-1.37578e-11
3.65741e-09
-1.42069e-11
3.65922e-09
-1.47001e-11
3.66128e-09
-1.52319e-11
3.66332e-09
-1.5791e-11
3.66563e-09
-1.63689e-11
3.66791e-09
-1.69538e-11
3.67045e-09
-1.75357e-11
3.67295e-09
-1.81054e-11
3.67567e-09
-1.86543e-11
3.67834e-09
-1.91791e-11
3.6812e-09
-1.9675e-11
3.68396e-09
-2.01465e-11
3.68688e-09
-2.05933e-11
3.68967e-09
-2.10284e-11
3.69262e-09
-2.14556e-11
3.69539e-09
-2.18948e-11
3.69832e-09
-2.23532e-11
3.70106e-09
-2.28559e-11
3.704e-09
-2.3412e-11
3.70672e-09
-2.40496e-11
3.70972e-09
-2.47791e-11
3.7125e-09
-2.56285e-11
3.71566e-09
-2.66083e-11
3.71862e-09
-2.77428e-11
3.7221e-09
-2.90407e-11
3.72541e-09
-3.05176e-11
3.72941e-09
-3.21777e-11
3.73328e-09
-3.40227e-11
3.73801e-09
-3.60478e-11
3.74265e-09
-3.82362e-11
3.7483e-09
-4.05712e-11
3.7539e-09
-4.30158e-11
3.76063e-09
-4.55423e-11
3.7673e-09
-4.80978e-11
3.77518e-09
-5.0651e-11
3.78294e-09
-5.31407e-11
3.79188e-09
-5.55499e-11
3.80083e-09
-5.77869e-11
3.81014e-09
-5.99817e-11
3.81984e-09
-6.1566e-11
-6.45272e-11
2.50004e-09
-2.89586e-13
2.50015e-09
-8.68492e-13
2.50033e-09
-1.4475e-12
2.50059e-09
-2.02597e-12
2.50091e-09
-2.60369e-12
2.5013e-09
-3.1806e-12
2.50177e-09
-3.75673e-12
2.5023e-09
-4.33228e-12
2.50289e-09
-4.90759e-12
2.50356e-09
-5.48314e-12
2.50428e-09
-6.05957e-12
2.50508e-09
-6.63766e-12
2.50593e-09
-7.21834e-12
2.50685e-09
-7.80268e-12
2.50783e-09
-8.39186e-12
2.50888e-09
-8.9872e-12
2.50999e-09
-9.59011e-12
2.51116e-09
-1.02021e-11
2.51239e-09
-1.08248e-11
2.51369e-09
-1.14599e-11
2.51506e-09
-1.21092e-11
2.51649e-09
-1.27745e-11
2.518e-09
-1.34577e-11
2.51957e-09
-1.41609e-11
2.52122e-09
-1.48861e-11
2.52294e-09
-1.56354e-11
2.52474e-09
-1.6411e-11
2.52662e-09
-1.72152e-11
2.52858e-09
-1.80503e-11
2.53064e-09
-1.89186e-11
2.53278e-09
-1.98226e-11
2.53503e-09
-2.07648e-11
2.53737e-09
-2.17477e-11
2.53982e-09
-2.27738e-11
2.54238e-09
-2.38458e-11
2.54506e-09
-2.49665e-11
2.54787e-09
-2.61384e-11
2.5508e-09
-2.73644e-11
2.55387e-09
-2.86473e-11
2.55708e-09
-2.99899e-11
2.56045e-09
-3.13952e-11
2.56397e-09
-3.28661e-11
2.56767e-09
-3.44055e-11
2.57154e-09
-3.60166e-11
2.57559e-09
-3.77022e-11
2.57985e-09
-3.94657e-11
2.58431e-09
-4.131e-11
2.58898e-09
-4.32385e-11
2.59389e-09
-4.52544e-11
2.59903e-09
-4.73609e-11
2.60443e-09
-4.95614e-11
2.61009e-09
-5.18592e-11
2.61604e-09
-5.42578e-11
2.62228e-09
-5.67606e-11
2.62883e-09
-5.93711e-11
2.6357e-09
-6.20926e-11
2.64293e-09
-6.49287e-11
2.65051e-09
-6.78826e-11
2.65848e-09
-7.09574e-11
2.66686e-09
-7.41562e-11
2.67567e-09
-7.74816e-11
2.68494e-09
-8.09356e-11
2.69468e-09
-8.45199e-11
2.70494e-09
-8.82351e-11
2.71575e-09
-9.20806e-11
2.72713e-09
-9.60546e-11
2.73913e-09
-1.00153e-10
2.75178e-09
-1.0437e-10
2.76512e-09
-1.08697e-10
2.7792e-09
-1.1312e-10
2.79404e-09
-1.17624e-10
2.8097e-09
-1.22185e-10
2.82619e-09
-1.26778e-10
2.84357e-09
-1.31368e-10
2.86184e-09
-1.35914e-10
2.88102e-09
-1.40368e-10
2.90111e-09
-1.44675e-10
2.9221e-09
-1.48773e-10
2.94394e-09
-1.52594e-10
2.96658e-09
-1.56067e-10
2.98993e-09
-1.59123e-10
3.0139e-09
-1.61694e-10
3.03835e-09
-1.6372e-10
3.06315e-09
-1.65152e-10
3.08813e-09
-1.6596e-10
3.11316e-09
-1.66129e-10
3.13806e-09
-1.65663e-10
3.16272e-09
-1.64578e-10
3.18696e-09
-1.62907e-10
3.21071e-09
-1.60687e-10
3.23382e-09
-1.57968e-10
3.25624e-09
-1.54802e-10
3.27788e-09
-1.51244e-10
3.2987e-09
-1.47351e-10
3.31864e-09
-1.4318e-10
3.3377e-09
-1.38784e-10
3.35583e-09
-1.34215e-10
3.37308e-09
-1.29521e-10
3.3894e-09
-1.24744e-10
3.40486e-09
-1.19924e-10
3.41943e-09
-1.15096e-10
3.43319e-09
-1.10291e-10
3.44612e-09
-1.05534e-10
3.4583e-09
-1.00848e-10
3.46971e-09
-9.62542e-11
3.48045e-09
-9.17676e-11
3.49049e-09
-8.7402e-11
3.49993e-09
-8.31683e-11
3.50874e-09
-7.90748e-11
3.51703e-09
-7.51283e-11
3.52476e-09
-7.1333e-11
3.53203e-09
-6.76921e-11
3.5388e-09
-6.42067e-11
3.54519e-09
-6.08772e-11
3.55113e-09
-5.77026e-11
3.55674e-09
-5.4681e-11
3.56197e-09
-5.18095e-11
3.56691e-09
-4.90848e-11
3.57152e-09
-4.65028e-11
3.57589e-09
-4.40589e-11
3.57997e-09
-4.17482e-11
3.58385e-09
-3.95653e-11
3.58746e-09
-3.75051e-11
3.59092e-09
-3.55618e-11
3.59413e-09
-3.37308e-11
3.59722e-09
-3.20068e-11
3.60009e-09
-3.03855e-11
3.60286e-09
-2.88624e-11
3.60543e-09
-2.74337e-11
3.60792e-09
-2.60949e-11
3.61024e-09
-2.48428e-11
3.6125e-09
-2.36731e-11
3.6146e-09
-2.25827e-11
3.61666e-09
-2.15679e-11
3.61857e-09
-2.0626e-11
3.62046e-09
-1.97534e-11
3.62221e-09
-1.89476e-11
3.62395e-09
-1.82054e-11
3.62557e-09
-1.75245e-11
3.62719e-09
-1.69017e-11
3.6287e-09
-1.63348e-11
3.63022e-09
-1.58204e-11
3.63163e-09
-1.53567e-11
3.63308e-09
-1.49402e-11
3.63441e-09
-1.45704e-11
3.63578e-09
-1.42449e-11
3.63703e-09
-1.39654e-11
3.63835e-09
-1.37312e-11
3.63954e-09
-1.3546e-11
3.6408e-09
-1.34116e-11
3.64193e-09
-1.33327e-11
3.64317e-09
-1.33135e-11
3.64428e-09
-1.33583e-11
3.64554e-09
-1.3473e-11
3.64667e-09
-1.36601e-11
3.648e-09
-1.39256e-11
3.64923e-09
-1.42685e-11
3.6507e-09
-1.46927e-11
3.65211e-09
-1.51919e-11
3.6538e-09
-1.57651e-11
3.65547e-09
-1.64001e-11
3.65745e-09
-1.70891e-11
3.65944e-09
-1.78147e-11
3.66174e-09
-1.85628e-11
3.66406e-09
-1.93143e-11
3.66667e-09
-2.00516e-11
3.66927e-09
-2.07593e-11
3.67212e-09
-2.14219e-11
3.67493e-09
-2.20331e-11
3.67792e-09
-2.25837e-11
3.68082e-09
-2.30801e-11
3.68383e-09
-2.35205e-11
3.68671e-09
-2.39237e-11
3.68966e-09
-2.42946e-11
3.69242e-09
-2.46619e-11
3.69525e-09
-2.50351e-11
3.69785e-09
-2.54499e-11
3.70056e-09
-2.59192e-11
3.70302e-09
-2.64826e-11
3.70565e-09
-2.71558e-11
3.70804e-09
-2.79796e-11
3.71074e-09
-2.89718e-11
3.71321e-09
-3.01698e-11
3.71617e-09
-3.15915e-11
3.71895e-09
-3.32651e-11
3.72246e-09
-3.52032e-11
3.72587e-09
-3.74157e-11
3.73025e-09
-3.9902e-11
3.73463e-09
-4.2643e-11
3.74022e-09
-4.56173e-11
3.74589e-09
-4.87724e-11
3.75296e-09
-5.20665e-11
3.76014e-09
-5.54196e-11
3.76882e-09
-5.87815e-11
3.77756e-09
-6.20607e-11
3.78777e-09
-6.52257e-11
3.79817e-09
-6.81547e-11
3.80912e-09
-7.10132e-11
3.82061e-09
-7.30403e-11
-7.68934e-11
2.50004e-09
-3.25805e-13
2.50015e-09
-9.77494e-13
2.50034e-09
-1.6289e-12
2.50059e-09
-2.279e-12
2.50092e-09
-2.92731e-12
2.50132e-09
-3.57355e-12
2.50178e-09
-4.21762e-12
2.50231e-09
-4.85964e-12
2.50291e-09
-5.49993e-12
2.50357e-09
-6.13903e-12
2.50429e-09
-6.77764e-12
2.50507e-09
-7.41665e-12
2.50591e-09
-8.05714e-12
2.50681e-09
-8.70032e-12
2.50777e-09
-9.34756e-12
2.50879e-09
-1.00004e-11
2.50986e-09
-1.06604e-11
2.511e-09
-1.13295e-11
2.51219e-09
-1.20094e-11
2.51343e-09
-1.27021e-11
2.51474e-09
-1.34097e-11
2.5161e-09
-1.41344e-11
2.51753e-09
-1.48783e-11
2.51902e-09
-1.56437e-11
2.52057e-09
-1.64331e-11
2.52219e-09
-1.72487e-11
2.52388e-09
-1.80932e-11
2.52564e-09
-1.89691e-11
2.52747e-09
-1.9879e-11
2.52939e-09
-2.08256e-11
2.53138e-09
-2.18117e-11
2.53346e-09
-2.28401e-11
2.53564e-09
-2.39136e-11
2.53791e-09
-2.50352e-11
2.54028e-09
-2.62079e-11
2.54275e-09
-2.74347e-11
2.54534e-09
-2.87187e-11
2.54805e-09
-3.00631e-11
2.55088e-09
-3.14711e-11
2.55385e-09
-3.29459e-11
2.55695e-09
-3.44908e-11
2.5602e-09
-3.61092e-11
2.56361e-09
-3.78045e-11
2.56719e-09
-3.958e-11
2.57093e-09
-4.14394e-11
2.57486e-09
-4.33862e-11
2.57899e-09
-4.5424e-11
2.58332e-09
-4.75566e-11
2.58786e-09
-4.97877e-11
2.59264e-09
-5.21212e-11
2.59765e-09
-5.45611e-11
2.60292e-09
-5.71115e-11
2.60845e-09
-5.97765e-11
2.61426e-09
-6.25605e-11
2.62037e-09
-6.54679e-11
2.6268e-09
-6.85034e-11
2.63356e-09
-7.16716e-11
2.64067e-09
-7.49774e-11
2.64815e-09
-7.84257e-11
2.65603e-09
-8.20213e-11
2.66434e-09
-8.57693e-11
2.67309e-09
-8.96743e-11
2.68233e-09
-9.37406e-11
2.69209e-09
-9.79722e-11
2.7024e-09
-1.02372e-10
2.71331e-09
-1.06942e-10
2.72485e-09
-1.11682e-10
2.7371e-09
-1.16591e-10
2.75008e-09
-1.21662e-10
2.76388e-09
-1.26888e-10
2.77853e-09
-1.32253e-10
2.79411e-09
-1.37739e-10
2.81067e-09
-1.43316e-10
2.82827e-09
-1.48949e-10
2.84697e-09
-1.54589e-10
2.86681e-09
-1.60178e-10
2.8878e-09
-1.65643e-10
2.90996e-09
-1.70899e-10
2.93324e-09
-1.7585e-10
2.9576e-09
-1.80391e-10
2.98292e-09
-1.8441e-10
3.00906e-09
-1.87805e-10
3.03585e-09
-1.90481e-10
3.06311e-09
-1.92366e-10
3.09058e-09
-1.9341e-10
3.11809e-09
-1.93593e-10
3.14538e-09
-1.9292e-10
3.17227e-09
-1.91425e-10
3.19855e-09
-1.89157e-10
3.22409e-09
-1.86183e-10
3.24873e-09
-1.82581e-10
3.27242e-09
-1.78434e-10
3.29503e-09
-1.73826e-10
3.31657e-09
-1.6884e-10
3.33698e-09
-1.63555e-10
3.35629e-09
-1.58044e-10
3.37448e-09
-1.52373e-10
3.39162e-09
-1.46604e-10
3.40769e-09
-1.40787e-10
3.4228e-09
-1.3497e-10
3.43692e-09
-1.2919e-10
3.45017e-09
-1.23481e-10
3.46254e-09
-1.17871e-10
3.47413e-09
-1.12382e-10
3.48494e-09
-1.07033e-10
3.49507e-09
-1.0184e-10
3.50451e-09
-9.68128e-11
3.51336e-09
-9.19614e-11
3.52161e-09
-8.72917e-11
3.52935e-09
-8.28083e-11
3.53655e-09
-7.85134e-11
3.54333e-09
-7.4408e-11
3.54964e-09
-7.04916e-11
3.55559e-09
-6.67624e-11
3.56112e-09
-6.32176e-11
3.56636e-09
-5.98538e-11
3.57124e-09
-5.66663e-11
3.57586e-09
-5.365e-11
3.58018e-09
-5.07992e-11
3.58428e-09
-4.81075e-11
3.58812e-09
-4.55683e-11
3.59179e-09
-4.31743e-11
3.59522e-09
-4.09187e-11
3.59851e-09
-3.87939e-11
3.60159e-09
-3.67935e-11
3.60456e-09
-3.49107e-11
3.60733e-09
-3.31402e-11
3.61001e-09
-3.14766e-11
3.61251e-09
-2.99159e-11
3.61493e-09
-2.8454e-11
3.61719e-09
-2.70875e-11
3.61939e-09
-2.5813e-11
3.62145e-09
-2.46271e-11
3.62347e-09
-2.35262e-11
3.62537e-09
-2.2507e-11
3.62724e-09
-2.15652e-11
3.629e-09
-2.06973e-11
3.63076e-09
-1.98987e-11
3.63241e-09
-1.91659e-11
3.63407e-09
-1.84943e-11
3.63562e-09
-1.78813e-11
3.63719e-09
-1.73229e-11
3.63865e-09
-1.68174e-11
3.64014e-09
-1.63608e-11
3.64152e-09
-1.59525e-11
3.64294e-09
-1.55887e-11
3.64424e-09
-1.52713e-11
3.6456e-09
-1.49983e-11
3.64682e-09
-1.47751e-11
3.64812e-09
-1.4603e-11
3.64927e-09
-1.44906e-11
3.65052e-09
-1.44433e-11
3.65163e-09
-1.44712e-11
3.65288e-09
-1.45831e-11
3.654e-09
-1.47877e-11
3.65533e-09
-1.50955e-11
3.65656e-09
-1.55098e-11
3.65806e-09
-1.60392e-11
3.65953e-09
-1.6678e-11
3.66134e-09
-1.74279e-11
3.66319e-09
-1.82712e-11
3.66542e-09
-1.91983e-11
3.66775e-09
-2.01801e-11
3.67048e-09
-2.11949e-11
3.67332e-09
-2.22076e-11
3.67653e-09
-2.319e-11
3.67982e-09
-2.41113e-11
3.68339e-09
-2.4947e-11
3.68699e-09
-2.56819e-11
3.69074e-09
-2.63038e-11
3.69443e-09
-2.68182e-11
3.69818e-09
-2.72261e-11
3.70178e-09
-2.75523e-11
3.70536e-09
-2.78073e-11
3.70872e-09
-2.80301e-11
3.71203e-09
-2.82363e-11
3.71508e-09
-2.84747e-11
3.71809e-09
-2.87635e-11
3.72082e-09
-2.91585e-11
3.72359e-09
-2.96812e-11
3.72607e-09
-3.03924e-11
3.72877e-09
-3.13186e-11
3.7312e-09
-3.25209e-11
3.73408e-09
-3.40298e-11
3.7368e-09
-3.58987e-11
3.74028e-09
-3.81562e-11
3.74376e-09
-4.08316e-11
3.74838e-09
-4.39328e-11
3.75319e-09
-4.74448e-11
3.75953e-09
-5.13376e-11
3.76624e-09
-5.55417e-11
3.77477e-09
-5.99818e-11
3.78375e-09
-6.45395e-11
3.7947e-09
-6.9112e-11
3.80602e-09
-7.35666e-11
3.8192e-09
-7.7826e-11
3.83285e-09
-8.17737e-11
3.84728e-09
-8.55306e-11
3.86268e-09
-8.84228e-11
-9.32934e-11
2.50004e-09
-3.6305e-13
2.50016e-09
-1.08984e-12
2.50035e-09
-1.81571e-12
2.50061e-09
-2.53913e-12
2.50095e-09
-3.25911e-12
2.50135e-09
-3.97505e-12
2.50182e-09
-4.68661e-12
2.50236e-09
-5.39375e-12
2.50296e-09
-6.09678e-12
2.50362e-09
-6.79625e-12
2.50434e-09
-7.49303e-12
2.50511e-09
-8.18822e-12
2.50594e-09
-8.88312e-12
2.50683e-09
-9.57922e-12
2.50776e-09
-1.02782e-11
2.50874e-09
-1.09817e-11
2.50978e-09
-1.16919e-11
2.51087e-09
-1.24106e-11
2.512e-09
-1.314e-11
2.51319e-09
-1.38824e-11
2.51442e-09
-1.46402e-11
2.51571e-09
-1.54157e-11
2.51705e-09
-1.62115e-11
2.51844e-09
-1.70301e-11
2.51989e-09
-1.78743e-11
2.52139e-09
-1.87468e-11
2.52295e-09
-1.96504e-11
2.52458e-09
-2.0588e-11
2.52627e-09
-2.15624e-11
2.52802e-09
-2.25768e-11
2.52985e-09
-2.36343e-11
2.53176e-09
-2.47379e-11
2.53374e-09
-2.58908e-11
2.53581e-09
-2.70965e-11
2.53797e-09
-2.83581e-11
2.54022e-09
-2.96792e-11
2.54258e-09
-3.10632e-11
2.54503e-09
-3.25136e-11
2.54761e-09
-3.4034e-11
2.5503e-09
-3.56281e-11
2.55311e-09
-3.72995e-11
2.55607e-09
-3.9052e-11
2.55916e-09
-4.08894e-11
2.56241e-09
-4.28157e-11
2.56581e-09
-4.48346e-11
2.56939e-09
-4.69503e-11
2.57314e-09
-4.91669e-11
2.57709e-09
-5.14884e-11
2.58123e-09
-5.39193e-11
2.58558e-09
-5.6464e-11
2.59016e-09
-5.9127e-11
2.59498e-09
-6.19131e-11
2.60004e-09
-6.48273e-11
2.60537e-09
-6.78747e-11
2.61098e-09
-7.10609e-11
2.61688e-09
-7.43917e-11
2.6231e-09
-7.78731e-11
2.62965e-09
-8.15117e-11
2.63655e-09
-8.53144e-11
2.64383e-09
-8.92883e-11
2.65152e-09
-9.34413e-11
2.65965e-09
-9.77812e-11
2.66824e-09
-1.02316e-10
2.67734e-09
-1.07055e-10
2.687e-09
-1.12005e-10
2.69725e-09
-1.17175e-10
2.70816e-09
-1.22571e-10
2.71979e-09
-1.28198e-10
2.7322e-09
-1.34058e-10
2.74549e-09
-1.40151e-10
2.75973e-09
-1.4647e-10
2.77501e-09
-1.53e-10
2.79144e-09
-1.5972e-10
2.80911e-09
-1.66592e-10
2.82811e-09
-1.73568e-10
2.84854e-09
-1.80576e-10
2.87045e-09
-1.87528e-10
2.89389e-09
-1.94309e-10
2.91884e-09
-2.0078e-10
2.94527e-09
-2.0678e-10
2.97302e-09
-2.1213e-10
3.0019e-09
-2.16651e-10
3.03162e-09
-2.20179e-10
3.06189e-09
-2.22595e-10
3.09234e-09
-2.23834e-10
3.12268e-09
-2.23887e-10
3.15258e-09
-2.22787e-10
3.1818e-09
-2.20604e-10
3.21011e-09
-2.17437e-10
3.23739e-09
-2.13408e-10
3.26349e-09
-2.08648e-10
3.28839e-09
-2.03288e-10
3.31205e-09
-1.9745e-10
3.3345e-09
-1.91246e-10
3.35575e-09
-1.84773e-10
3.37588e-09
-1.78117e-10
3.39489e-09
-1.71352e-10
3.41288e-09
-1.64538e-10
3.42985e-09
-1.57729e-10
3.44591e-09
-1.50969e-10
3.46105e-09
-1.44293e-10
3.47536e-09
-1.37733e-10
3.48883e-09
-1.31314e-10
3.50157e-09
-1.25057e-10
3.51354e-09
-1.18978e-10
3.52485e-09
-1.13091e-10
3.53547e-09
-1.07405e-10
3.5455e-09
-1.01929e-10
3.5549e-09
-9.66683e-11
3.56378e-09
-9.16256e-11
3.5721e-09
-8.68027e-11
3.57995e-09
-8.21998e-11
3.5873e-09
-7.78156e-11
3.59424e-09
-7.36477e-11
3.60074e-09
-6.96927e-11
3.60689e-09
-6.59458e-11
3.61264e-09
-6.24019e-11
3.6181e-09
-5.90545e-11
3.62322e-09
-5.58967e-11
3.62809e-09
-5.29202e-11
3.63265e-09
-5.01168e-11
3.63701e-09
-4.74772e-11
3.6411e-09
-4.49925e-11
3.64502e-09
-4.26539e-11
3.6487e-09
-4.04535e-11
3.65223e-09
-3.83836e-11
3.65554e-09
-3.64379e-11
3.65874e-09
-3.46093e-11
3.66173e-09
-3.28928e-11
3.66462e-09
-3.12834e-11
3.66732e-09
-2.97778e-11
3.66995e-09
-2.83731e-11
3.6724e-09
-2.70668e-11
3.6748e-09
-2.58566e-11
3.67704e-09
-2.47394e-11
3.67925e-09
-2.37123e-11
3.68133e-09
-2.27712e-11
3.68341e-09
-2.19113e-11
3.68538e-09
-2.11272e-11
3.68736e-09
-2.0411e-11
3.68923e-09
-1.97571e-11
3.69113e-09
-1.91574e-11
3.69292e-09
-1.86087e-11
3.69472e-09
-1.8105e-11
3.69641e-09
-1.76464e-11
3.69812e-09
-1.72283e-11
3.6997e-09
-1.68538e-11
3.7013e-09
-1.65203e-11
3.70275e-09
-1.62353e-11
3.70425e-09
-1.60002e-11
3.70558e-09
-1.58276e-11
3.70699e-09
-1.57247e-11
3.70823e-09
-1.57083e-11
3.70959e-09
-1.57926e-11
3.7108e-09
-1.59954e-11
3.71222e-09
-1.6336e-11
3.71353e-09
-1.68264e-11
3.71516e-09
-1.74844e-11
3.71678e-09
-1.83089e-11
3.71884e-09
-1.93067e-11
3.721e-09
-2.04568e-11
3.7237e-09
-2.17448e-11
3.7266e-09
-2.31262e-11
3.73006e-09
-2.45617e-11
3.73378e-09
-2.59904e-11
3.738e-09
-2.73586e-11
3.74242e-09
-2.86099e-11
3.74717e-09
-2.96994e-11
3.75201e-09
-3.05994e-11
3.75698e-09
-3.1291e-11
3.76189e-09
-3.17837e-11
3.76673e-09
-3.20841e-11
3.77138e-09
-3.22313e-11
3.77583e-09
-3.22459e-11
3.78e-09
-3.21842e-11
3.78389e-09
-3.20698e-11
3.78743e-09
-3.19682e-11
3.79071e-09
-3.19036e-11
3.79359e-09
-3.19491e-11
3.79628e-09
-3.21351e-11
3.79855e-09
-3.25424e-11
3.80081e-09
-3.32152e-11
3.80267e-09
-3.42404e-11
3.80482e-09
-3.56787e-11
3.80669e-09
-3.76177e-11
3.80927e-09
-4.01248e-11
3.81184e-09
-4.32582e-11
3.81565e-09
-4.70518e-11
3.8198e-09
-5.15023e-11
3.82577e-09
-5.65779e-11
3.83241e-09
-6.21763e-11
3.84128e-09
-6.81582e-11
3.85094e-09
-7.43108e-11
3.86292e-09
-8.04257e-11
3.87544e-09
-8.62907e-11
3.88996e-09
-9.17265e-11
3.90483e-09
-9.66437e-11
3.9202e-09
-1.00997e-10
3.93639e-09
-1.04611e-10
-1.09079e-10
2.50004e-09
-4.02217e-13
2.50016e-09
-1.20829e-12
2.50036e-09
-2.01242e-12
2.50064e-09
-2.81223e-12
2.50099e-09
-3.60612e-12
2.50141e-09
-4.39309e-12
2.5019e-09
-5.17259e-12
2.50246e-09
-5.9445e-12
2.50307e-09
-6.70903e-12
2.50375e-09
-7.46678e-12
2.50447e-09
-8.21868e-12
2.50525e-09
-8.96601e-12
2.50609e-09
-9.71032e-12
2.50696e-09
-1.04534e-11
2.50789e-09
-1.11973e-11
2.50885e-09
-1.19441e-11
2.50986e-09
-1.26961e-11
2.51091e-09
-1.34558e-11
2.512e-09
-1.42255e-11
2.51313e-09
-1.50079e-11
2.5143e-09
-1.58056e-11
2.51551e-09
-1.66214e-11
2.51676e-09
-1.74582e-11
2.51806e-09
-1.83188e-11
2.51939e-09
-1.92063e-11
2.52078e-09
-2.01237e-11
2.52221e-09
-2.10742e-11
2.52369e-09
-2.20609e-11
2.52522e-09
-2.30872e-11
2.5268e-09
-2.41565e-11
2.52845e-09
-2.52721e-11
2.53015e-09
-2.64376e-11
2.53193e-09
-2.76565e-11
2.53377e-09
-2.89324e-11
2.53569e-09
-3.02692e-11
2.53769e-09
-3.16706e-11
2.53977e-09
-3.31404e-11
2.54195e-09
-3.46825e-11
2.54423e-09
-3.63009e-11
2.54661e-09
-3.79996e-11
2.5491e-09
-3.97828e-11
2.55171e-09
-4.16545e-11
2.55445e-09
-4.36191e-11
2.55733e-09
-4.56806e-11
2.56035e-09
-4.78436e-11
2.56352e-09
-5.01123e-11
2.56685e-09
-5.24913e-11
2.57036e-09
-5.49853e-11
2.57405e-09
-5.75989e-11
2.57794e-09
-6.0337e-11
2.58203e-09
-6.32048e-11
2.58634e-09
-6.62076e-11
2.59087e-09
-6.93509e-11
2.59565e-09
-7.26408e-11
2.60069e-09
-7.60837e-11
2.606e-09
-7.96864e-11
2.6116e-09
-8.34563e-11
2.6175e-09
-8.74017e-11
2.62374e-09
-9.15314e-11
2.63032e-09
-9.58551e-11
2.63728e-09
-1.00384e-10
2.64464e-09
-1.05128e-10
2.65245e-09
-1.10102e-10
2.66073e-09
-1.15319e-10
2.66954e-09
-1.20794e-10
2.67892e-09
-1.26541e-10
2.68895e-09
-1.32577e-10
2.69969e-09
-1.38918e-10
2.71123e-09
-1.45577e-10
2.72367e-09
-1.52568e-10
2.73712e-09
-1.59897e-10
2.75171e-09
-1.67567e-10
2.76758e-09
-1.75566e-10
2.78489e-09
-1.83872e-10
2.80378e-09
-1.92439e-10
2.82443e-09
-2.01193e-10
2.84695e-09
-2.10028e-10
2.87147e-09
-2.18793e-10
2.89801e-09
-2.27294e-10
2.92656e-09
-2.35298e-10
2.95698e-09
-2.42528e-10
2.98904e-09
-2.48674e-10
3.02233e-09
-2.53432e-10
3.05636e-09
-2.56591e-10
3.09066e-09
-2.58101e-10
3.12485e-09
-2.58035e-10
3.15862e-09
-2.56529e-10
3.1918e-09
-2.53737e-10
3.22423e-09
-2.49831e-10
3.25586e-09
-2.44983e-10
3.28659e-09
-2.39352e-10
3.31644e-09
-2.33082e-10
3.34532e-09
-2.26299e-10
3.37324e-09
-2.19115e-10
3.40012e-09
-2.11625e-10
3.42598e-09
-2.03916e-10
3.45072e-09
-1.96061e-10
3.47436e-09
-1.88128e-10
3.49684e-09
-1.80175e-10
3.51819e-09
-1.72255e-10
3.53834e-09
-1.64413e-10
3.55735e-09
-1.5669e-10
3.57519e-09
-1.49121e-10
3.59193e-09
-1.41736e-10
3.60754e-09
-1.3456e-10
3.62212e-09
-1.27613e-10
3.63565e-09
-1.2091e-10
3.64825e-09
-1.14463e-10
3.65989e-09
-1.08282e-10
3.67069e-09
-1.0237e-10
3.68065e-09
-9.67311e-11
3.68987e-09
-9.13651e-11
3.69835e-09
-8.62705e-11
3.7062e-09
-8.14439e-11
3.71341e-09
-7.68808e-11
3.72009e-09
-7.25749e-11
3.72623e-09
-6.85194e-11
3.73193e-09
-6.47054e-11
3.73718e-09
-6.1124e-11
3.74207e-09
-5.7763e-11
3.74658e-09
-5.46109e-11
3.75081e-09
-5.16521e-11
3.75471e-09
-4.8873e-11
3.75836e-09
-4.62592e-11
3.76173e-09
-4.38014e-11
3.76489e-09
-4.14909e-11
3.76779e-09
-3.93217e-11
3.77052e-09
-3.72861e-11
3.77302e-09
-3.53787e-11
3.77539e-09
-3.35932e-11
3.77756e-09
-3.19256e-11
3.77962e-09
-3.03716e-11
3.78149e-09
-2.89291e-11
3.7833e-09
-2.75953e-11
3.78494e-09
-2.63682e-11
3.78653e-09
-2.52446e-11
3.78799e-09
-2.4221e-11
3.78943e-09
-2.32927e-11
3.79075e-09
-2.24543e-11
3.79209e-09
-2.1697e-11
3.79334e-09
-2.10119e-11
3.79461e-09
-2.03848e-11
3.7958e-09
-1.98062e-11
3.797e-09
-1.92631e-11
3.7981e-09
-1.87523e-11
3.79919e-09
-1.82665e-11
3.80013e-09
-1.78093e-11
3.80105e-09
-1.7378e-11
3.80179e-09
-1.69834e-11
3.80251e-09
-1.66285e-11
3.80302e-09
-1.63321e-11
3.80353e-09
-1.61032e-11
3.80379e-09
-1.59678e-11
3.80411e-09
-1.59445e-11
3.80419e-09
-1.6066e-11
3.80443e-09
-1.63616e-11
3.80448e-09
-1.68633e-11
3.80483e-09
-1.76016e-11
3.80512e-09
-1.85919e-11
3.8059e-09
-1.98511e-11
3.8068e-09
-2.13607e-11
3.80834e-09
-2.31031e-11
3.81019e-09
-2.50125e-11
3.81275e-09
-2.70204e-11
3.81569e-09
-2.9019e-11
3.81925e-09
-3.09076e-11
3.82311e-09
-3.25817e-11
3.8273e-09
-3.39627e-11
3.83159e-09
-3.50028e-11
3.83587e-09
-3.56805e-11
3.84001e-09
-3.60145e-11
3.84385e-09
-3.60328e-11
3.84737e-09
-3.57962e-11
3.8504e-09
-3.53513e-11
3.853e-09
-3.4772e-11
3.85501e-09
-3.41001e-11
3.85652e-09
-3.34091e-11
3.85742e-09
-3.27303e-11
3.85773e-09
-3.21402e-11
3.85747e-09
-3.16737e-11
3.85652e-09
-3.1425e-11
3.85513e-09
-3.14485e-11
3.85298e-09
-3.18643e-11
3.85063e-09
-3.27678e-11
3.84756e-09
-3.43017e-11
3.84477e-09
-3.6594e-11
3.84154e-09
-3.97599e-11
3.83926e-09
-4.3903e-11
3.83706e-09
-4.90643e-11
3.83663e-09
-5.52327e-11
3.83682e-09
-6.2249e-11
3.83934e-09
-6.98587e-11
3.84266e-09
-7.77093e-11
3.84832e-09
-8.53905e-11
3.85429e-09
-9.24958e-11
3.86184e-09
-9.86747e-11
3.86896e-09
-1.03805e-10
3.87559e-09
-1.07782e-10
3.88184e-09
-1.10872e-10
-1.12931e-10
2.50004e-09
-4.44839e-13
2.50018e-09
-1.33762e-12
2.5004e-09
-2.22684e-12
2.5007e-09
-3.10855e-12
2.50107e-09
-3.97987e-12
2.50152e-09
-4.83908e-12
2.50204e-09
-5.68548e-12
2.50262e-09
-6.51917e-12
2.50325e-09
-7.34074e-12
2.50394e-09
-8.1512e-12
2.50468e-09
-8.95189e-12
2.50546e-09
-9.74448e-12
2.50628e-09
-1.05309e-11
2.50714e-09
-1.13134e-11
2.50805e-09
-1.20942e-11
2.50898e-09
-1.28759e-11
2.50995e-09
-1.36613e-11
2.51095e-09
-1.4453e-11
2.51198e-09
-1.52539e-11
2.51305e-09
-1.60669e-11
2.51414e-09
-1.68951e-11
2.51527e-09
-1.77414e-11
2.51642e-09
-1.86091e-11
2.51761e-09
-1.95014e-11
2.51883e-09
-2.04215e-11
2.52009e-09
-2.13727e-11
2.52138e-09
-2.23587e-11
2.5227e-09
-2.33828e-11
2.52407e-09
-2.44487e-11
2.52548e-09
-2.55601e-11
2.52694e-09
-2.67208e-11
2.52844e-09
-2.79346e-11
2.53e-09
-2.92055e-11
2.53161e-09
-3.05374e-11
2.53328e-09
-3.19346e-11
2.53502e-09
-3.34012e-11
2.53683e-09
-3.49413e-11
2.53872e-09
-3.65594e-11
2.54068e-09
-3.82598e-11
2.54274e-09
-4.00469e-11
2.54489e-09
-4.19252e-11
2.54715e-09
-4.38993e-11
2.54951e-09
-4.59738e-11
2.55199e-09
-4.81533e-11
2.5546e-09
-5.04425e-11
2.55735e-09
-5.28462e-11
2.56024e-09
-5.53693e-11
2.56328e-09
-5.80167e-11
2.56649e-09
-6.07935e-11
2.56987e-09
-6.37049e-11
2.57343e-09
-6.67563e-11
2.57719e-09
-6.99536e-11
2.58115e-09
-7.33025e-11
2.58534e-09
-7.68097e-11
2.58975e-09
-8.0482e-11
2.5944e-09
-8.4327e-11
2.59932e-09
-8.8353e-11
2.6045e-09
-9.25693e-11
2.60997e-09
-9.69862e-11
2.61575e-09
-1.01615e-10
2.62185e-09
-1.0647e-10
2.6283e-09
-1.11565e-10
2.63513e-09
-1.16916e-10
2.64238e-09
-1.22544e-10
2.65007e-09
-1.2847e-10
2.65827e-09
-1.34717e-10
2.66702e-09
-1.41312e-10
2.67641e-09
-1.48285e-10
2.68652e-09
-1.55666e-10
2.69746e-09
-1.6349e-10
2.70938e-09
-1.71789e-10
2.72243e-09
-1.80595e-10
2.73682e-09
-1.89933e-10
2.75279e-09
-1.99818e-10
2.77062e-09
-2.10245e-10
2.79063e-09
-2.21178e-10
2.81316e-09
-2.32532e-10
2.83854e-09
-2.44137e-10
2.867e-09
-2.55736e-10
2.89867e-09
-2.6693e-10
2.93335e-09
-2.77184e-10
2.97076e-09
-2.86046e-10
3.01051e-09
-2.93148e-10
3.05222e-09
-2.98263e-10
3.09555e-09
-3.01397e-10
3.1402e-09
-3.02644e-10
3.18578e-09
-3.02077e-10
3.23187e-09
-2.99778e-10
3.27794e-09
-2.95867e-10
3.3235e-09
-2.90493e-10
3.368e-09
-2.83821e-10
3.411e-09
-2.76031e-10
3.45205e-09
-2.67315e-10
3.49085e-09
-2.57866e-10
3.52713e-09
-2.47869e-10
3.56076e-09
-2.37494e-10
3.59163e-09
-2.26893e-10
3.61976e-09
-2.16201e-10
3.64514e-09
-2.0553e-10
3.66792e-09
-1.94976e-10
3.68816e-09
-1.8462e-10
3.70605e-09
-1.74524e-10
3.7217e-09
-1.64738e-10
3.73533e-09
-1.55303e-10
3.74704e-09
-1.46245e-10
3.75707e-09
-1.37584e-10
3.76552e-09
-1.29331e-10
3.77261e-09
-1.21491e-10
3.77842e-09
-1.14065e-10
3.78316e-09
-1.07048e-10
3.78688e-09
-1.00433e-10
3.78979e-09
-9.42093e-11
3.79191e-09
-8.83657e-11
3.79341e-09
-8.28892e-11
3.79431e-09
-7.77664e-11
3.79477e-09
-7.29825e-11
3.7948e-09
-6.85234e-11
3.79451e-09
-6.43732e-11
3.79393e-09
-6.0516e-11
3.79314e-09
-5.69336e-11
3.79216e-09
-5.36075e-11
3.79106e-09
-5.0513e-11
3.78983e-09
-4.76234e-11
3.78854e-09
-4.49151e-11
3.78713e-09
-4.23746e-11
3.78568e-09
-3.99888e-11
3.78412e-09
-3.77495e-11
3.78254e-09
-3.56479e-11
3.78086e-09
-3.368e-11
3.77917e-09
-3.18403e-11
3.77739e-09
-3.01265e-11
3.77562e-09
-2.85349e-11
3.77377e-09
-2.70639e-11
3.77195e-09
-2.5712e-11
3.77008e-09
-2.44778e-11
3.76826e-09
-2.33598e-11
3.76641e-09
-2.23532e-11
3.76463e-09
-2.14529e-11
3.76283e-09
-2.06492e-11
3.76111e-09
-1.99328e-11
3.75938e-09
-1.9291e-11
3.75774e-09
-1.87084e-11
3.75609e-09
-1.81689e-11
3.7545e-09
-1.76511e-11
3.75288e-09
-1.7144e-11
3.75127e-09
-1.66314e-11
3.74956e-09
-1.61142e-11
3.74782e-09
-1.55842e-11
3.74589e-09
-1.50538e-11
3.74386e-09
-1.45232e-11
3.74155e-09
-1.40167e-11
3.73912e-09
-1.35456e-11
3.73631e-09
-1.3143e-11
3.73338e-09
-1.28372e-11
3.73001e-09
-1.26743e-11
3.7266e-09
-1.27042e-11
3.72275e-09
-1.29752e-11
3.719e-09
-1.35538e-11
3.71493e-09
-1.44792e-11
3.7112e-09
-1.58065e-11
3.7074e-09
-1.75397e-11
3.70421e-09
-1.96679e-11
3.70126e-09
-2.21139e-11
3.69911e-09
-2.4764e-11
3.6974e-09
-2.74422e-11
3.69638e-09
-2.99543e-11
3.69572e-09
-3.21141e-11
3.69536e-09
-3.37828e-11
3.69504e-09
-3.4889e-11
3.69455e-09
-3.54175e-11
3.69381e-09
-3.54178e-11
3.69253e-09
-3.49625e-11
3.69083e-09
-3.41545e-11
3.68839e-09
-3.30768e-11
3.68547e-09
-3.18233e-11
3.68173e-09
-3.04475e-11
3.67744e-09
-2.90192e-11
3.6723e-09
-2.75717e-11
3.66649e-09
-2.61607e-11
3.65978e-09
-2.47966e-11
3.65215e-09
-2.3568e-11
3.64359e-09
-2.25073e-11
3.63377e-09
-2.17586e-11
3.62309e-09
-2.14417e-11
3.6109e-09
-2.17747e-11
3.59819e-09
-2.2925e-11
3.58399e-09
-2.5156e-11
3.57004e-09
-2.87281e-11
3.55531e-09
-3.38867e-11
3.54194e-09
-4.06151e-11
3.52876e-09
-4.87755e-11
3.51803e-09
-5.81457e-11
3.50823e-09
-6.79922e-11
3.50089e-09
-7.73835e-11
3.49338e-09
-8.53468e-11
3.48655e-09
-9.13593e-11
3.47801e-09
-9.54179e-11
3.46787e-09
-9.79311e-11
3.45637e-09
-9.94463e-11
-1.00173e-10
2.50005e-09
-4.92674e-13
2.5002e-09
-1.48417e-12
2.50045e-09
-2.46965e-12
2.50079e-09
-3.44355e-12
2.50121e-09
-4.40137e-12
2.50172e-09
-5.34022e-12
2.50229e-09
-6.25883e-12
2.50293e-09
-7.15702e-12
2.50363e-09
-8.03544e-12
2.50438e-09
-8.89556e-12
2.50517e-09
-9.73947e-12
2.506e-09
-1.05697e-11
2.50686e-09
-1.1389e-11
2.50775e-09
-1.22001e-11
2.50866e-09
-1.30062e-11
2.5096e-09
-1.38103e-11
2.51056e-09
-1.46156e-11
2.51154e-09
-1.54254e-11
2.51253e-09
-1.6243e-11
2.51354e-09
-1.7072e-11
2.51457e-09
-1.79155e-11
2.51561e-09
-1.87772e-11
2.51666e-09
-1.96605e-11
2.51774e-09
-2.0569e-11
2.51883e-09
-2.15063e-11
2.51993e-09
-2.24761e-11
2.52106e-09
-2.3482e-11
2.52222e-09
-2.45281e-11
2.52339e-09
-2.56181e-11
2.52459e-09
-2.67561e-11
2.52583e-09
-2.79462e-11
2.52709e-09
-2.91926e-11
2.52839e-09
-3.04996e-11
2.52973e-09
-3.18717e-11
2.53112e-09
-3.33132e-11
2.53256e-09
-3.48288e-11
2.53405e-09
-3.64231e-11
2.5356e-09
-3.81008e-11
2.53721e-09
-3.98666e-11
2.5389e-09
-4.17255e-11
2.54066e-09
-4.36822e-11
2.54252e-09
-4.57418e-11
2.54446e-09
-4.79091e-11
2.54651e-09
-5.01892e-11
2.54866e-09
-5.25869e-11
2.55093e-09
-5.51075e-11
2.55333e-09
-5.77558e-11
2.55586e-09
-6.0537e-11
2.55854e-09
-6.34563e-11
2.56136e-09
-6.65188e-11
2.56435e-09
-6.97299e-11
2.5675e-09
-7.30952e-11
2.57084e-09
-7.66206e-11
2.57435e-09
-8.03122e-11
2.57806e-09
-8.41766e-11
2.58197e-09
-8.82214e-11
2.58609e-09
-9.24545e-11
2.59042e-09
-9.68853e-11
2.59497e-09
-1.01524e-10
2.59976e-09
-1.06384e-10
2.60478e-09
-1.11478e-10
2.61006e-09
-1.16825e-10
2.6156e-09
-1.22444e-10
2.62144e-09
-1.28358e-10
2.62758e-09
-1.34598e-10
2.63408e-09
-1.41196e-10
2.64098e-09
-1.48195e-10
2.64836e-09
-1.55642e-10
2.65631e-09
-1.63595e-10
2.66496e-09
-1.72122e-10
2.6745e-09
-1.813e-10
2.68514e-09
-1.91219e-10
2.69721e-09
-2.01976e-10
2.71109e-09
-2.13674e-10
2.72728e-09
-2.26413e-10
2.74642e-09
-2.40283e-10
2.76924e-09
-2.55333e-10
2.79666e-09
-2.71528e-10
2.82968e-09
-2.88729e-10
2.86906e-09
-3.06277e-10
2.91513e-09
-3.23222e-10
2.96762e-09
-3.38503e-10
3.0258e-09
-3.51296e-10
3.08873e-09
-3.61155e-10
3.15519e-09
-3.67819e-10
3.22345e-09
-3.70865e-10
3.29138e-09
-3.69976e-10
3.3569e-09
-3.6524e-10
3.41814e-09
-3.5708e-10
3.47378e-09
-3.46085e-10
3.52289e-09
-3.32894e-10
3.56504e-09
-3.1813e-10
3.60011e-09
-3.02352e-10
3.62833e-09
-2.86033e-10
3.65005e-09
-2.69555e-10
3.66583e-09
-2.53212e-10
3.67619e-09
-2.37227e-10
3.68181e-09
-2.21759e-10
3.68323e-09
-2.06919e-10
3.6811e-09
-1.92778e-10
3.67589e-09
-1.79379e-10
3.66817e-09
-1.66741e-10
3.65834e-09
-1.54867e-10
3.64685e-09
-1.43747e-10
3.634e-09
-1.33361e-10
3.62016e-09
-1.23684e-10
3.60555e-09
-1.14685e-10
3.59046e-09
-1.06332e-10
3.57501e-09
-9.85878e-11
3.55945e-09
-9.142e-11
3.54384e-09
-8.47907e-11
3.52836e-09
-7.86691e-11
3.51304e-09
-7.30193e-11
3.49803e-09
-6.78143e-11
3.48331e-09
-6.30223e-11
3.469e-09
-5.86208e-11
3.45509e-09
-5.45822e-11
3.44165e-09
-5.08882e-11
3.42867e-09
-4.75121e-11
3.41621e-09
-4.44304e-11
3.40424e-09
-4.16123e-11
3.39279e-09
-3.902e-11
3.38179e-09
-3.66067e-11
3.37128e-09
-3.43504e-11
3.36117e-09
-3.2242e-11
3.35151e-09
-3.02688e-11
3.3422e-09
-2.84189e-11
3.3333e-09
-2.66812e-11
3.3247e-09
-2.50498e-11
3.31645e-09
-2.35188e-11
3.30845e-09
-2.20874e-11
3.30075e-09
-2.07548e-11
3.29324e-09
-1.95263e-11
3.28602e-09
-1.8404e-11
3.27897e-09
-1.73943e-11
3.27219e-09
-1.64961e-11
3.26558e-09
-1.57126e-11
3.25924e-09
-1.50391e-11
3.25308e-09
-1.4471e-11
3.24718e-09
-1.39911e-11
3.24147e-09
-1.35815e-11
3.236e-09
-1.32179e-11
3.23069e-09
-1.2878e-11
3.22557e-09
-1.25367e-11
3.22058e-09
-1.21764e-11
3.21571e-09
-1.17781e-11
3.21091e-09
-1.13319e-11
3.20617e-09
-1.08292e-11
3.20138e-09
-1.02684e-11
3.19654e-09
-9.63906e-12
3.1915e-09
-8.95775e-12
3.1863e-09
-8.22714e-12
3.18065e-09
-7.47195e-12
3.17474e-09
-6.70786e-12
3.1681e-09
-6.00256e-12
3.16116e-09
-5.40716e-12
3.1533e-09
-5.04838e-12
3.1452e-09
-4.98905e-12
3.13617e-09
-5.33636e-12
3.12705e-09
-6.1884e-12
3.11726e-09
-7.66658e-12
3.1078e-09
-9.84372e-12
3.09831e-09
-1.26864e-11
3.08965e-09
-1.6005e-11
3.08148e-09
-1.95268e-11
3.07418e-09
-2.28572e-11
3.06738e-09
-2.56927e-11
3.06096e-09
-2.77623e-11
3.05468e-09
-2.8984e-11
3.04816e-09
-2.93462e-11
3.04145e-09
-2.89715e-11
3.03411e-09
-2.80131e-11
3.02648e-09
-2.66449e-11
3.01811e-09
-2.50217e-11
3.00957e-09
-2.32539e-11
3.00031e-09
-2.14143e-11
2.99093e-09
-1.95083e-11
2.98078e-09
-1.7542e-11
2.97039e-09
-1.5553e-11
2.9591e-09
-1.34798e-11
2.94712e-09
-1.13246e-11
2.93398e-09
-9.07667e-12
2.91941e-09
-6.86257e-12
2.90341e-09
-4.75119e-12
2.88512e-09
-2.98688e-12
2.86525e-09
-1.79084e-12
2.84252e-09
-1.64479e-12
2.81907e-09
-3.41925e-12
2.79355e-09
-7.4987e-12
2.76881e-09
-1.39372e-11
2.74415e-09
-2.36899e-11
2.72399e-09
-3.67216e-11
2.7053e-09
-4.96383e-11
2.68925e-09
-6.07579e-11
2.67258e-09
-6.94696e-11
2.65687e-09
-7.53698e-11
2.63944e-09
-7.8378e-11
2.62028e-09
-7.93482e-11
2.59967e-09
-7.89454e-11
-7.8418e-11
2.50006e-09
-5.51009e-13
2.50024e-09
-1.66144e-12
2.50053e-09
-2.75891e-12
2.50093e-09
-3.83245e-12
2.50141e-09
-4.87611e-12
2.50196e-09
-5.88921e-12
2.50258e-09
-6.87318e-12
2.50325e-09
-7.82906e-12
2.50398e-09
-8.75778e-12
2.50474e-09
-9.66115e-12
2.50555e-09
-1.0542e-11
2.50639e-09
-1.14036e-11
2.50725e-09
-1.22494e-11
2.50814e-09
-1.30829e-11
2.50904e-09
-1.39078e-11
2.50996e-09
-1.47276e-11
2.5109e-09
-1.55459e-11
2.51184e-09
-1.63666e-11
2.5128e-09
-1.71931e-11
2.51376e-09
-1.80294e-11
2.51473e-09
-1.8879e-11
2.5157e-09
-1.97459e-11
2.51668e-09
-2.06339e-11
2.51766e-09
-2.15468e-11
2.51865e-09
-2.24887e-11
2.51964e-09
-2.34635e-11
2.52064e-09
-2.44753e-11
2.52165e-09
-2.55283e-11
2.52266e-09
-2.66267e-11
2.52369e-09
-2.77749e-11
2.52473e-09
-2.89773e-11
2.52578e-09
-3.02385e-11
2.52685e-09
-3.15631e-11
2.52794e-09
-3.29561e-11
2.52906e-09
-3.44221e-11
2.5302e-09
-3.59663e-11
2.53138e-09
-3.75936e-11
2.5326e-09
-3.93091e-11
2.53386e-09
-4.1118e-11
2.53517e-09
-4.30255e-11
2.53653e-09
-4.50367e-11
2.53796e-09
-4.71571e-11
2.53945e-09
-4.93916e-11
2.54102e-09
-5.17457e-11
2.54266e-09
-5.42243e-11
2.5444e-09
-5.68325e-11
2.54623e-09
-5.95755e-11
2.54816e-09
-6.24581e-11
2.5502e-09
-6.54854e-11
2.55236e-09
-6.86622e-11
2.55463e-09
-7.19935e-11
2.55704e-09
-7.54843e-11
2.55957e-09
-7.91401e-11
2.56224e-09
-8.29665e-11
2.56504e-09
-8.69695e-11
2.56799e-09
-9.11564e-11
2.57109e-09
-9.55349e-11
2.57433e-09
-1.00115e-10
2.57773e-09
-1.04907e-10
2.58129e-09
-1.09926e-10
2.58502e-09
-1.15188e-10
2.58893e-09
-1.20715e-10
2.59303e-09
-1.26531e-10
2.59736e-09
-1.3267e-10
2.60195e-09
-1.3917e-10
2.60685e-09
-1.4608e-10
2.61214e-09
-1.53462e-10
2.61791e-09
-1.61391e-10
2.62429e-09
-1.6996e-10
2.63148e-09
-1.79285e-10
2.6397e-09
-1.89507e-10
2.64931e-09
-2.00802e-10
2.66073e-09
-2.13377e-10
2.67456e-09
-2.2748e-10
2.69155e-09
-2.4338e-10
2.71268e-09
-2.61385e-10
2.73907e-09
-2.81694e-10
2.7722e-09
-3.04626e-10
2.81351e-09
-3.30015e-10
2.86508e-09
-3.5782e-10
2.93104e-09
-3.8916e-10
3.01071e-09
-4.18126e-10
3.09768e-09
-4.38243e-10
3.18501e-09
-4.48444e-10
3.26646e-09
-4.49239e-10
3.33684e-09
-4.41198e-10
3.39264e-09
-4.25748e-10
3.43234e-09
-4.04877e-10
3.4558e-09
-3.80515e-10
3.46406e-09
-3.54281e-10
3.45865e-09
-3.27461e-10
3.44158e-09
-3.00997e-10
3.41481e-09
-2.7554e-10
3.38032e-09
-2.51478e-10
3.33983e-09
-2.29033e-10
3.29496e-09
-2.08272e-10
3.24698e-09
-1.89207e-10
3.19706e-09
-1.71762e-10
3.14605e-09
-1.5587e-10
3.09476e-09
-1.41406e-10
3.04371e-09
-1.28288e-10
2.99344e-09
-1.16383e-10
2.94423e-09
-1.05619e-10
2.89644e-09
-9.58643e-11
2.85019e-09
-8.70639e-11
2.80569e-09
-7.90926e-11
2.76296e-09
-7.19132e-11
2.72214e-09
-6.54075e-11
2.68314e-09
-5.95565e-11
2.64607e-09
-5.42487e-11
2.6108e-09
-4.9482e-11
2.57738e-09
-4.51513e-11
2.54566e-09
-4.12704e-11
2.51569e-09
-3.77399e-11
2.48728e-09
-3.45891e-11
2.46048e-09
-3.17258e-11
2.43512e-09
-2.91957e-11
2.41124e-09
-2.69239e-11
2.3887e-09
-2.49596e-11
2.36761e-09
-2.32689e-11
2.34786e-09
-2.18457e-11
2.32938e-09
-2.04866e-11
2.31198e-09
-1.91725e-11
2.29561e-09
-1.79159e-11
2.28015e-09
-1.67388e-11
2.26559e-09
-1.56253e-11
2.2518e-09
-1.45841e-11
2.23882e-09
-1.36001e-11
2.2265e-09
-1.26776e-11
2.21489e-09
-1.17949e-11
2.20382e-09
-1.09577e-11
2.19334e-09
-1.01526e-11
2.18329e-09
-9.40023e-12
2.17373e-09
-8.70681e-12
2.16451e-09
-8.10624e-12
2.15576e-09
-7.60458e-12
2.14732e-09
-7.21471e-12
2.13933e-09
-6.93191e-12
2.13166e-09
-6.76586e-12
2.12444e-09
-6.70338e-12
2.11759e-09
-6.73261e-12
2.11118e-09
-6.80725e-12
2.10517e-09
-6.89163e-12
2.09953e-09
-6.937e-12
2.09425e-09
-6.92513e-12
2.08926e-09
-6.834e-12
2.08457e-09
-6.66357e-12
2.08014e-09
-6.40707e-12
2.07594e-09
-6.0621e-12
2.07195e-09
-5.59144e-12
2.06805e-09
-5.00757e-12
2.06424e-09
-4.26724e-12
2.06022e-09
-3.34791e-12
2.05602e-09
-2.2099e-12
2.05108e-09
-8.82172e-13
2.04568e-09
5.16229e-13
2.03904e-09
1.88937e-12
2.03173e-09
3.14518e-12
2.02268e-09
4.0619e-12
2.01321e-09
4.23898e-12
2.00252e-09
3.24929e-12
1.99204e-09
1.25705e-12
1.98108e-09
-1.80161e-12
1.97073e-09
-5.6978e-12
1.96111e-09
-1.03937e-11
1.95293e-09
-1.5337e-11
1.94622e-09
-1.97531e-11
1.94057e-09
-2.30514e-11
1.93579e-09
-2.49733e-11
1.931e-09
-2.5461e-11
1.92629e-09
-2.4796e-11
1.92079e-09
-2.32087e-11
1.91504e-09
-2.11226e-11
1.9083e-09
-1.87319e-11
1.90145e-09
-1.63291e-11
1.89372e-09
-1.39675e-11
1.8863e-09
-1.17477e-11
1.87809e-09
-9.48951e-12
1.87021e-09
-7.18408e-12
1.86141e-09
-4.69215e-12
1.85249e-09
-1.85183e-12
1.84226e-09
1.47393e-12
1.83068e-09
5.31649e-12
1.81713e-09
9.8681e-12
1.80016e-09
1.4846e-11
1.78097e-09
1.96799e-11
1.75722e-09
2.37434e-11
1.73061e-09
2.67143e-11
1.69858e-09
2.62731e-11
1.67273e-09
1.5478e-11
1.65034e-09
-9.51988e-13
1.62629e-09
-1.05928e-11
1.60692e-09
-3.13982e-11
1.60847e-09
-6.17371e-11
1.61913e-09
-8.209e-11
1.6337e-09
-8.94993e-11
1.64374e-09
-8.96999e-11
1.6496e-09
-8.54844e-11
1.65192e-09
-8.16595e-11
-7.13476e-11
2.50007e-09
-6.21208e-13
2.50031e-09
-1.89308e-12
2.50071e-09
-3.15303e-12
2.50125e-09
-4.37293e-12
2.50191e-09
-5.53427e-12
2.50266e-09
-6.63746e-12
2.50348e-09
-7.68924e-12
2.50435e-09
-8.69452e-12
2.50525e-09
-9.65741e-12
2.50618e-09
-1.0583e-11
2.50712e-09
-1.14767e-11
2.50806e-09
-1.2344e-11
2.509e-09
-1.31899e-11
2.50994e-09
-1.40192e-11
2.51088e-09
-1.48365e-11
2.5118e-09
-1.56466e-11
2.51271e-09
-1.64538e-11
2.51361e-09
-1.72621e-11
2.5145e-09
-1.80757e-11
2.51537e-09
-1.88984e-11
2.51623e-09
-1.97342e-11
2.51708e-09
-2.05872e-11
2.51791e-09
-2.14613e-11
2.51873e-09
-2.23606e-11
2.51953e-09
-2.3289e-11
2.52033e-09
-2.42509e-11
2.52111e-09
-2.52504e-11
2.52188e-09
-2.62919e-11
2.52264e-09
-2.73798e-11
2.52339e-09
-2.85187e-11
2.52413e-09
-2.97133e-11
2.52487e-09
-3.09685e-11
2.5256e-09
-3.22892e-11
2.52633e-09
-3.36805e-11
2.52706e-09
-3.51477e-11
2.5278e-09
-3.6696e-11
2.52855e-09
-3.83309e-11
2.5293e-09
-4.00579e-11
2.53008e-09
-4.18827e-11
2.53087e-09
-4.38109e-11
2.53169e-09
-4.58482e-11
2.53254e-09
-4.80004e-11
2.53344e-09
-5.02732e-11
2.53437e-09
-5.26724e-11
2.53536e-09
-5.52036e-11
2.53641e-09
-5.78726e-11
2.53753e-09
-6.06852e-11
2.53873e-09
-6.36469e-11
2.54002e-09
-6.67636e-11
2.54141e-09
-7.00411e-11
2.54292e-09
-7.34854e-11
2.54455e-09
-7.7103e-11
2.54632e-09
-8.09006e-11
2.54826e-09
-8.48855e-11
2.55037e-09
-8.90661e-11
2.55268e-09
-9.34516e-11
2.55521e-09
-9.8053e-11
2.55799e-09
-1.02883e-10
2.56106e-09
-1.07956e-10
2.56444e-09
-1.1329e-10
2.56817e-09
-1.18907e-10
2.57231e-09
-1.2483e-10
2.57688e-09
-1.31091e-10
2.58196e-09
-1.37725e-10
2.58758e-09
-1.44775e-10
2.59381e-09
-1.52293e-10
2.60071e-09
-1.60342e-10
2.60834e-09
-1.69001e-10
2.61676e-09
-1.78366e-10
2.62606e-09
-1.88564e-10
2.63633e-09
-1.99755e-10
2.6477e-09
-2.12154e-10
2.6604e-09
-2.26049e-10
2.67479e-09
-2.41846e-10
2.69151e-09
-2.60083e-10
2.71173e-09
-2.81581e-10
2.7371e-09
-3.07044e-10
2.77063e-09
-3.38121e-10
2.81374e-09
-3.73104e-10
2.87297e-09
-4.17023e-10
2.94284e-09
-4.58996e-10
3.01207e-09
-4.87323e-10
3.06336e-09
-4.89494e-10
3.08893e-09
-4.73973e-10
3.08626e-09
-4.4653e-10
3.05589e-09
-4.10775e-10
3.00107e-09
-3.70882e-10
2.92651e-09
-3.30262e-10
2.83714e-09
-2.91075e-10
2.7376e-09
-2.54689e-10
2.63202e-09
-2.21794e-10
2.52375e-09
-1.92666e-10
2.4155e-09
-1.67193e-10
2.30925e-09
-1.45157e-10
2.20648e-09
-1.26148e-10
2.10812e-09
-1.09837e-10
2.01483e-09
-9.57736e-11
1.92684e-09
-8.3691e-11
1.84434e-09
-7.31976e-11
1.76716e-09
-6.4144e-11
1.69527e-09
-5.62076e-11
1.62832e-09
-4.93482e-11
1.56621e-09
-4.32836e-11
1.50848e-09
-3.80576e-11
1.45507e-09
-3.33988e-11
1.40547e-09
-2.94157e-11
1.35967e-09
-2.58288e-11
1.31713e-09
-2.28006e-11
1.27791e-09
-2.00345e-11
1.24146e-09
-1.7741e-11
1.2079e-09
-1.56025e-11
1.17666e-09
-1.38739e-11
1.14795e-09
-1.22147e-11
1.12116e-09
-1.09219e-11
1.09655e-09
-9.63284e-12
1.07351e-09
-8.68113e-12
1.05234e-09
-7.70683e-12
1.03248e-09
-7.03168e-12
1.01416e-09
-6.37482e-12
9.97267e-10
-6.32293e-12
9.82826e-10
-7.27749e-12
9.69862e-10
-7.44305e-12
9.58193e-10
-7.38218e-12
9.47689e-10
-7.2851e-12
9.38226e-10
-7.12849e-12
9.29692e-10
-6.92731e-12
9.21989e-10
-6.71208e-12
9.1506e-10
-6.47688e-12
9.08793e-10
-6.22742e-12
9.03159e-10
-5.93345e-12
8.98008e-10
-5.60847e-12
8.93343e-10
-5.21577e-12
8.88948e-10
-4.79345e-12
8.84879e-10
-4.327e-12
8.80917e-10
-3.94054e-12
8.77254e-10
-3.62481e-12
8.73683e-10
-3.47912e-12
8.70422e-10
-3.41598e-12
8.67309e-10
-3.55489e-12
8.64589e-10
-3.85621e-12
8.62259e-10
-4.39301e-12
8.60499e-10
-5.05836e-12
8.59344e-10
-5.80074e-12
8.58776e-10
-6.47398e-12
8.58785e-10
-7.01364e-12
8.59167e-10
-7.34666e-12
8.5995e-10
-7.46964e-12
8.6092e-10
-7.44501e-12
8.62239e-10
-7.30196e-12
8.63759e-10
-7.03734e-12
8.6554e-10
-6.60973e-12
8.67464e-10
-5.89014e-12
8.69231e-10
-4.85751e-12
8.71274e-10
-3.5529e-12
8.72636e-10
-1.82304e-12
8.73865e-10
6.44161e-13
8.72668e-10
3.87017e-12
8.7081e-10
6.90083e-12
8.6753e-10
8.55333e-12
8.64756e-10
8.81601e-12
8.58202e-10
1.07882e-11
8.4641e-10
1.41993e-11
8.31177e-10
1.31315e-11
8.22984e-10
2.29387e-12
8.23823e-10
-1.27731e-11
8.33019e-10
-2.60243e-11
8.47271e-10
-3.58958e-11
8.63855e-10
-4.17693e-11
8.81626e-10
-4.43195e-11
8.9803e-10
-4.38936e-11
9.13546e-10
-4.1212e-11
9.25886e-10
-3.70545e-11
9.36623e-10
-3.20041e-11
9.43911e-10
-2.69018e-11
9.50051e-10
-2.19596e-11
9.5328e-10
-1.75713e-11
9.55952e-10
-1.34533e-11
9.56061e-10
-9.69708e-12
9.55891e-10
-5.88056e-12
9.53295e-10
-2.02584e-12
9.50227e-10
2.28076e-12
9.45054e-10
7.13597e-12
9.38072e-10
1.32452e-11
9.28545e-10
2.11093e-11
9.13277e-10
3.14141e-11
8.93868e-10
4.37575e-11
8.62526e-10
5.81376e-11
8.2325e-10
7.29279e-11
7.70084e-10
8.39188e-11
7.15248e-10
7.53752e-11
6.62119e-10
5.62775e-11
6.8266e-10
-2.9156e-11
7.52892e-10
-1.02061e-10
8.32121e-10
-1.43125e-10
8.9507e-10
-1.45706e-10
9.34202e-10
-1.31284e-10
9.57076e-10
-1.10571e-10
9.60366e-10
-9.13189e-11
9.53124e-10
-7.45307e-11
-5.6654e-11
2.5001e-09
-7.20221e-13
2.50037e-09
-2.15833e-12
2.50079e-09
-3.57333e-12
2.50134e-09
-4.92047e-12
2.502e-09
-6.18979e-12
2.50276e-09
-7.39115e-12
2.5036e-09
-8.52724e-12
2.50451e-09
-9.59773e-12
2.50546e-09
-1.06076e-11
2.50645e-09
-1.15657e-11
2.50745e-09
-1.24802e-11
2.50847e-09
-1.33579e-11
2.50949e-09
-1.42052e-11
2.5105e-09
-1.50279e-11
2.5115e-09
-1.58322e-11
2.51248e-09
-1.66237e-11
2.51344e-09
-1.74076e-11
2.51437e-09
-1.81889e-11
2.51527e-09
-1.89722e-11
2.51614e-09
-1.97623e-11
2.51697e-09
-2.05635e-11
2.51777e-09
-2.13803e-11
2.51853e-09
-2.2217e-11
2.51925e-09
-2.30782e-11
2.51994e-09
-2.39682e-11
2.52058e-09
-2.48916e-11
2.52119e-09
-2.5853e-11
2.52176e-09
-2.68571e-11
2.5223e-09
-2.7909e-11
2.5228e-09
-2.90136e-11
2.52327e-09
-3.01763e-11
2.52371e-09
-3.14025e-11
2.52413e-09
-3.26979e-11
2.52452e-09
-3.40684e-11
2.5249e-09
-3.55202e-11
2.52527e-09
-3.70595e-11
2.52564e-09
-3.8693e-11
2.52602e-09
-4.04275e-11
2.52642e-09
-4.227e-11
2.52684e-09
-4.42278e-11
2.52731e-09
-4.63085e-11
2.52784e-09
-4.85196e-11
2.52845e-09
-5.08692e-11
2.52915e-09
-5.33652e-11
2.52997e-09
-5.60159e-11
2.53094e-09
-5.88298e-11
2.53208e-09
-6.18153e-11
2.53343e-09
-6.4981e-11
2.53501e-09
-6.83357e-11
2.53687e-09
-7.18881e-11
2.53904e-09
-7.5647e-11
2.54157e-09
-7.96213e-11
2.54451e-09
-8.38196e-11
2.54788e-09
-8.82507e-11
2.55176e-09
-9.29231e-11
2.55616e-09
-9.78453e-11
2.56115e-09
-1.03025e-10
2.56676e-09
-1.08472e-10
2.57301e-09
-1.14192e-10
2.57993e-09
-1.20194e-10
2.58752e-09
-1.26485e-10
2.59578e-09
-1.33073e-10
2.60467e-09
-1.39965e-10
2.61413e-09
-1.47169e-10
2.62407e-09
-1.54692e-10
2.63433e-09
-1.62542e-10
2.64474e-09
-1.70729e-10
2.65502e-09
-1.79263e-10
2.66482e-09
-1.88156e-10
2.67371e-09
-1.97429e-10
2.68109e-09
-2.07119e-10
2.68624e-09
-2.17287e-10
2.68826e-09
-2.28045e-10
2.68605e-09
-2.39621e-10
2.67847e-09
-2.52481e-10
2.66461e-09
-2.67691e-10
2.64448e-09
-2.86894e-10
2.62114e-09
-3.14755e-10
2.60079e-09
-3.52737e-10
2.61612e-09
-4.32313e-10
2.59115e-09
-4.34002e-10
2.50324e-09
-3.99363e-10
2.36672e-09
-3.52952e-10
2.20261e-09
-3.09783e-10
2.02487e-09
-2.68767e-10
1.84514e-09
-2.30938e-10
1.67096e-09
-1.96669e-10
1.50659e-09
-1.65742e-10
1.35406e-09
-1.38505e-10
1.21475e-09
-1.15178e-10
1.08865e-09
-9.56496e-11
9.7581e-10
-7.95571e-11
8.75128e-10
-6.64648e-11
7.86189e-10
-5.58686e-11
7.07413e-10
-4.73186e-11
6.3838e-10
-4.0365e-11
5.77333e-10
-3.46684e-11
5.2409e-10
-2.99079e-11
4.76842e-10
-2.58887e-11
4.35766e-10
-2.24163e-11
3.9903e-10
-1.94117e-11
3.6721e-10
-1.67617e-11
3.38434e-10
-1.44535e-11
3.13666e-10
-1.24072e-11
2.90944e-10
-1.06385e-11
2.71595e-10
-9.07453e-12
2.53526e-10
-7.74233e-12
2.38386e-10
-6.56668e-12
2.23922e-10
-5.58239e-12
2.12075e-10
-4.71091e-12
2.00418e-10
-3.99577e-12
1.91155e-10
-3.35597e-12
1.8169e-10
-2.84638e-12
1.74458e-10
-2.38421e-12
1.66732e-10
-2.03904e-12
1.61008e-10
-1.73449e-12
1.54909e-10
-1.55322e-12
1.50508e-10
-1.53082e-12
1.46007e-10
-1.66895e-12
1.44705e-10
-4.52404e-12
1.50408e-10
-1.26189e-11
1.57259e-10
-1.37731e-11
1.64341e-10
-1.39861e-11
1.71272e-10
-1.36861e-11
1.77778e-10
-1.30781e-11
1.83878e-10
-1.24693e-11
1.89594e-10
-1.18233e-11
1.94921e-10
-1.12205e-11
1.99824e-10
-1.04811e-11
2.04258e-10
-9.73822e-12
2.08149e-10
-8.77252e-12
2.11451e-10
-7.82673e-12
2.14057e-10
-6.54941e-12
2.15897e-10
-5.4572e-12
2.17086e-10
-4.18811e-12
2.17773e-10
-3.71231e-12
2.18373e-10
-3.19286e-12
2.18871e-10
-3.53806e-12
2.19771e-10
-3.88176e-12
2.21205e-10
-5.2568e-12
2.2379e-10
-6.83757e-12
2.27423e-10
-8.97571e-12
2.32374e-10
-1.09353e-11
2.38164e-10
-1.27036e-11
2.44762e-10
-1.39048e-11
2.51489e-10
-1.4453e-11
2.58163e-10
-1.42897e-11
2.64129e-10
-1.35437e-11
2.69457e-10
-1.24699e-11
2.7395e-10
-1.13034e-11
2.77728e-10
-9.95919e-12
2.80597e-10
-8.04467e-12
2.81589e-10
-5.21294e-12
2.81789e-10
-2.16524e-12
2.79219e-10
1.84862e-12
2.77107e-10
5.68116e-12
2.71235e-10
1.17999e-11
2.66603e-10
1.62456e-11
2.50313e-10
2.70083e-11
2.29787e-10
3.49179e-11
2.01207e-10
4.09196e-11
1.87602e-10
3.07293e-11
1.92215e-10
8.18493e-12
2.18354e-10
-2.57202e-11
2.5684e-10
-5.29538e-11
2.95493e-10
-6.88227e-11
3.31513e-10
-7.48671e-11
3.62924e-10
-7.77108e-11
3.921e-10
-7.65312e-11
4.16736e-10
-7.22224e-11
4.38774e-10
-6.56688e-11
4.56894e-10
-5.74678e-11
4.72223e-10
-4.86731e-11
4.83806e-10
-3.9397e-11
4.9241e-10
-3.07002e-11
4.9769e-10
-2.27974e-11
5.01401e-10
-1.6271e-11
5.03086e-10
-1.09458e-11
5.03985e-10
-5.3768e-12
5.01652e-10
8.23387e-13
4.97599e-10
7.76319e-12
4.90201e-10
1.54139e-11
4.79963e-10
2.47868e-11
4.67753e-10
3.61942e-11
4.49264e-10
5.18356e-11
4.282e-10
7.27764e-11
3.8946e-10
1.00775e-10
3.40063e-10
1.3562e-10
2.50374e-10
1.76425e-10
1.34637e-10
2.09698e-10
-1.38201e-11
2.03943e-10
-5.55498e-11
2.63391e-11
4.16954e-11
-2.10586e-10
1.52421e-10
-2.50809e-10
2.0296e-10
-2.06266e-10
2.24299e-10
-1.47484e-10
2.04781e-10
-9.67729e-11
1.60095e-10
-5.04771e-11
9.07204e-11
-8.09342e-12
1.69091e-11
2.50024e-09
-9.53764e-13
2.50104e-09
-2.96052e-12
2.50219e-09
-4.72267e-12
2.50345e-09
-6.17162e-12
2.50471e-09
-7.45177e-12
2.50597e-09
-8.64173e-12
2.50719e-09
-9.7487e-12
2.50837e-09
-1.0774e-11
2.5095e-09
-1.17315e-11
2.51057e-09
-1.2637e-11
2.5116e-09
-1.35015e-11
2.51257e-09
-1.43327e-11
2.51351e-09
-1.51373e-11
2.51441e-09
-1.5922e-11
2.51527e-09
-1.66929e-11
2.51611e-09
-1.74553e-11
2.51692e-09
-1.82143e-11
2.51771e-09
-1.89748e-11
2.51848e-09
-1.97413e-11
2.51924e-09
-2.05184e-11
2.51999e-09
-2.13108e-11
2.52074e-09
-2.21229e-11
2.52149e-09
-2.29595e-11
2.52224e-09
-2.38251e-11
2.523e-09
-2.47246e-11
2.52378e-09
-2.56629e-11
2.52458e-09
-2.66452e-11
2.5254e-09
-2.7677e-11
2.52626e-09
-2.87639e-11
2.52717e-09
-2.99119e-11
2.52812e-09
-3.11273e-11
2.52914e-09
-3.24166e-11
2.53024e-09
-3.37868e-11
2.53142e-09
-3.5245e-11
2.53271e-09
-3.6799e-11
2.53411e-09
-3.84565e-11
2.53566e-09
-4.02259e-11
2.53735e-09
-4.21157e-11
2.53922e-09
-4.41346e-11
2.5413e-09
-4.62918e-11
2.54359e-09
-4.85963e-11
2.54614e-09
-5.10574e-11
2.54897e-09
-5.36842e-11
2.55209e-09
-5.64855e-11
2.55556e-09
-5.94701e-11
2.55939e-09
-6.26459e-11
2.5636e-09
-6.60202e-11
2.56823e-09
-6.95994e-11
2.5733e-09
-7.33884e-11
2.57881e-09
-7.73907e-11
2.58478e-09
-8.16081e-11
2.59121e-09
-8.604e-11
2.59809e-09
-9.06838e-11
2.60539e-09
-9.55337e-11
2.61306e-09
-1.00581e-10
2.62104e-09
-1.05815e-10
2.62925e-09
-1.11221e-10
2.63758e-09
-1.1678e-10
2.64587e-09
-1.2247e-10
2.65396e-09
-1.28268e-10
2.66163e-09
-1.34145e-10
2.66865e-09
-1.40071e-10
2.67471e-09
-1.46012e-10
2.67949e-09
-1.51931e-10
2.6826e-09
-1.57788e-10
2.68361e-09
-1.6354e-10
2.68203e-09
-1.69135e-10
2.6773e-09
-1.74515e-10
2.66876e-09
-1.79601e-10
2.65563e-09
-1.84281e-10
2.63691e-09
-1.88387e-10
2.61131e-09
-1.91662e-10
2.577e-09
-1.9372e-10
2.53145e-09
-1.94047e-10
2.47104e-09
-1.92052e-10
2.39042e-09
-1.87049e-10
2.28194e-09
-1.78391e-10
2.1322e-09
-1.64989e-10
1.92526e-09
-1.45769e-10
1.61729e-09
-1.24319e-10
1.27318e-09
-8.98889e-11
9.54826e-10
-8.10084e-11
6.96835e-10
-9.49575e-11
4.99132e-10
-1.12075e-10
3.54376e-10
-1.24006e-10
2.51433e-10
-1.27988e-10
1.79334e-10
-1.24564e-10
1.29594e-10
-1.15994e-10
9.57424e-11
-1.04648e-10
7.29207e-11
-9.23485e-11
5.75436e-11
-8.02662e-11
4.70572e-11
-6.90623e-11
3.96559e-11
-5.90571e-11
3.41415e-11
-5.03454e-11
2.97155e-11
-4.28864e-11
2.59212e-11
-3.65614e-11
2.24815e-11
-3.12227e-11
1.92985e-11
-2.67153e-11
1.63159e-11
-2.29004e-11
1.35645e-11
-1.96548e-11
1.10399e-11
-1.68817e-11
8.78708e-12
-1.44986e-11
6.78454e-12
-1.24459e-11
5.05843e-12
-1.06706e-11
3.56154e-12
-9.13712e-12
2.30648e-12
-7.80891e-12
1.23204e-12
-6.66383e-12
3.49772e-13
-5.67388e-12
-4.04597e-13
-4.82445e-12
-1.01301e-12
-4.09216e-12
-1.53802e-12
-3.46771e-12
-1.95305e-12
-2.93093e-12
-2.32006e-12
-2.47674e-12
-2.60711e-12
-2.08761e-12
-2.88173e-12
-1.7618e-12
-3.1237e-12
-1.48413e-12
-3.41995e-12
-1.25251e-12
-3.8842e-12
-1.05528e-12
-4.6844e-12
-8.65724e-13
-7.48202e-12
-1.05315e-12
-5.03542e-12
-1.38986e-11
-1.13184e-12
-1.60328e-11
1.80733e-12
-1.58274e-11
4.69332e-12
-1.49689e-11
6.66547e-12
-1.40139e-11
8.91639e-12
-1.30763e-11
1.02615e-11
-1.21867e-11
1.20399e-11
-1.12049e-11
1.25309e-11
-1.00615e-11
1.3605e-11
-8.67161e-12
1.27125e-11
-7.05247e-12
1.28288e-11
-5.1975e-12
1.01007e-11
-3.12e-12
8.96596e-12
-9.39258e-13
3.9985e-12
1.14484e-12
1.48835e-12
2.45934e-12
-4.4874e-12
2.62479e-12
-6.20845e-12
1.21419e-12
-9.12305e-12
-1.78528e-12
-6.80537e-12
-6.09279e-12
-3.75866e-12
-1.10271e-11
2.99265e-12
-1.57222e-11
1.0663e-11
-1.96921e-11
1.96179e-11
-2.25491e-11
2.89904e-11
-2.40665e-11
3.74943e-11
-2.40034e-11
4.55345e-11
-2.25784e-11
5.16853e-11
-2.0207e-11
5.72785e-11
-1.76614e-11
6.19693e-11
-1.55911e-11
6.6485e-11
-1.36033e-11
7.03285e-11
-1.02531e-11
7.09362e-11
-4.89041e-12
7.03492e-11
2.24633e-12
6.18685e-11
1.07627e-11
5.60321e-11
1.99467e-11
3.5982e-11
3.20978e-11
2.33535e-11
4.22157e-11
-6.88919e-12
5.67953e-11
-2.06063e-11
6.25929e-11
-4.26257e-11
6.1091e-11
-5.29529e-11
5.19734e-11
-7.06085e-11
1.96002e-11
-6.65997e-11
-2.63905e-11
-6.0102e-11
-6.73303e-11
-4.10309e-11
-9.27219e-11
-1.57197e-11
-1.08002e-10
1.23209e-11
-1.14596e-10
4.25003e-11
-1.12183e-10
6.59584e-11
-1.05253e-10
9.24236e-11
-9.54223e-11
1.10803e-10
-8.38591e-11
1.32256e-10
-7.15442e-11
1.46192e-10
-5.85411e-11
1.6154e-10
-4.59519e-11
1.69822e-10
-3.33161e-11
1.78105e-10
-2.32215e-11
1.8302e-10
-1.58842e-11
1.88711e-10
-8.64564e-12
1.9099e-10
-4.93318e-13
1.92042e-10
9.74434e-12
1.88751e-10
2.08617e-11
1.83178e-10
3.35868e-11
1.7576e-10
4.9117e-11
1.63458e-10
6.76483e-11
1.53236e-10
9.42725e-11
1.29658e-10
1.28259e-10
1.04555e-10
1.74178e-10
5.25994e-11
2.28122e-10
-4.26385e-12
2.80355e-10
-5.46252e-11
2.52461e-10
-1.11259e-10
8.98352e-11
-1.88551e-10
-1.43996e-10
-2.40261e-10
-1.97745e-10
-2.89921e-10
-1.66777e-10
-3.43332e-10
-9.34578e-11
-4.20303e-10
-2.95153e-11
-5.07876e-10
3.07011e-11
-5.93056e-10
7.35543e-11
6.59307e-11
2.4991e-09
-4.86674e-14
2.49943e-09
-3.28835e-12
2.50034e-09
-5.63239e-12
2.50168e-09
-7.50961e-12
2.5034e-09
-9.16855e-12
2.50541e-09
-1.06504e-11
2.50763e-09
-1.19631e-11
2.51e-09
-1.31419e-11
2.5125e-09
-1.42273e-11
2.51511e-09
-1.52458e-11
2.51783e-09
-1.62127e-11
2.52064e-09
-1.7139e-11
2.52354e-09
-1.80347e-11
2.52653e-09
-1.89086e-11
2.5296e-09
-1.97679e-11
2.53277e-09
-2.06183e-11
2.53603e-09
-2.14648e-11
2.53937e-09
-2.23122e-11
2.54279e-09
-2.31647e-11
2.54631e-09
-2.40267e-11
2.5499e-09
-2.49024e-11
2.55358e-09
-2.57961e-11
2.55734e-09
-2.67119e-11
2.56117e-09
-2.76543e-11
2.56508e-09
-2.86277e-11
2.56906e-09
-2.96369e-11
2.57311e-09
-3.06865e-11
2.57722e-09
-3.17819e-11
2.58139e-09
-3.29282e-11
2.58561e-09
-3.41311e-11
2.58989e-09
-3.53962e-11
2.5942e-09
-3.67295e-11
2.59856e-09
-3.81371e-11
2.60295e-09
-3.96252e-11
2.60736e-09
-4.12001e-11
2.61178e-09
-4.28682e-11
2.61619e-09
-4.46358e-11
2.62059e-09
-4.65091e-11
2.62496e-09
-4.8494e-11
2.62927e-09
-5.05959e-11
2.63351e-09
-5.28199e-11
2.63763e-09
-5.51702e-11
2.6416e-09
-5.76499e-11
2.64539e-09
-6.02613e-11
2.64893e-09
-6.30051e-11
2.65218e-09
-6.58802e-11
2.65505e-09
-6.88838e-11
2.65747e-09
-7.20106e-11
2.65935e-09
-7.52531e-11
2.66057e-09
-7.86007e-11
2.66101e-09
-8.20401e-11
2.66054e-09
-8.55544e-11
2.65899e-09
-8.91238e-11
2.6562e-09
-9.27246e-11
2.65196e-09
-9.63301e-11
2.64607e-09
-9.99095e-11
2.63829e-09
-1.0343e-10
2.62838e-09
-1.06854e-10
2.61607e-09
-1.10145e-10
2.60108e-09
-1.13259e-10
2.5831e-09
-1.16156e-10
2.56184e-09
-1.1879e-10
2.53696e-09
-1.21118e-10
2.50814e-09
-1.23095e-10
2.47505e-09
-1.24676e-10
2.43734e-09
-1.25814e-10
2.39468e-09
-1.26464e-10
2.34676e-09
-1.26577e-10
2.29329e-09
-1.26113e-10
2.23409e-09
-1.25065e-10
2.16915e-09
-1.23426e-10
2.09841e-09
-1.20894e-10
2.02137e-09
-1.16659e-10
1.93682e-09
-1.0947e-10
1.84264e-09
-9.78435e-11
1.73575e-09
-8.01381e-11
1.61147e-09
-5.40735e-11
1.45973e-09
-1.32213e-11
1.27134e-09
4.26652e-11
1.00644e-09
1.40613e-10
8.13445e-10
1.03104e-10
6.73651e-10
5.87901e-11
5.71878e-10
6.81819e-12
4.89574e-10
-2.97646e-11
4.17435e-10
-5.18641e-11
3.52943e-10
-6.34901e-11
2.95849e-10
-6.74661e-11
2.4637e-10
-6.6509e-11
2.04384e-10
-6.26586e-11
1.6932e-10
-5.72771e-11
1.40335e-10
-5.12765e-11
1.16519e-10
-4.52385e-11
9.69758e-11
-3.951e-11
8.09132e-11
-3.42744e-11
6.76381e-11
-2.9607e-11
5.65993e-11
-2.55139e-11
4.73425e-11
-2.19617e-11
3.95327e-11
-1.88964e-11
3.28947e-11
-1.62582e-11
2.72367e-11
-1.39876e-11
2.23913e-11
-1.20321e-11
1.82466e-11
-1.03446e-11
1.46918e-11
-8.88711e-12
1.16568e-11
-7.62628e-12
9.0597e-12
-6.53614e-12
6.85307e-12
-5.59283e-12
4.97134e-12
-4.77839e-12
3.38176e-12
-4.07487e-12
2.02982e-12
-3.4693e-12
8.94398e-13
-2.94745e-12
-7.11334e-14
-2.49976e-12
-8.78227e-13
-2.11458e-12
-1.56854e-12
-1.78475e-12
-2.14588e-12
-1.50015e-12
-2.65122e-12
-1.25523e-12
-3.084e-12
-1.03982e-12
-3.47396e-12
-8.48396e-13
-3.8543e-12
-6.64407e-13
-4.22816e-12
-4.8704e-13
-4.18728e-12
-4.26453e-13
-9.23976e-12
-7.4558e-12
-1.40245e-11
-9.71231e-12
-1.8561e-11
-1.00705e-11
-2.22519e-11
-9.8204e-12
-2.57653e-11
-9.37476e-12
-2.84633e-11
-8.91698e-12
-3.12349e-11
-8.36359e-12
-3.31518e-11
-7.71964e-12
-3.54156e-11
-6.82062e-12
-3.65635e-11
-5.70213e-12
-3.84815e-11
-4.23781e-12
-3.89678e-11
-2.55917e-12
-4.06893e-11
-6.26154e-13
-4.05418e-11
1.22396e-12
-4.16926e-11
2.79745e-12
-4.0654e-11
3.66961e-12
-4.148e-11
3.63646e-12
-4.10761e-11
2.61011e-12
-4.34848e-11
4.23501e-13
-4.58977e-11
-2.73869e-12
-5.06533e-11
-6.75922e-12
-5.51859e-11
-1.12037e-11
-5.98928e-11
-1.56246e-11
-6.3762e-11
-1.95429e-11
-6.59416e-11
-2.24945e-11
-6.70252e-11
-2.41254e-11
-6.53558e-11
-2.44628e-11
-6.27608e-11
-2.34855e-11
-5.85299e-11
-2.1413e-11
-5.51438e-11
-1.82884e-11
-5.3391e-11
-1.4212e-11
-5.23601e-11
-8.60009e-12
-5.39325e-11
-2.12538e-12
-5.26035e-11
5.68345e-12
-5.53932e-11
1.42956e-11
-5.22135e-11
2.38636e-11
-5.44528e-11
3.50202e-11
-4.84547e-11
4.48119e-11
-4.79205e-11
5.59153e-11
-3.73285e-11
6.39386e-11
-3.74123e-11
5.85336e-11
-1.66988e-11
4.16028e-11
-1.62164e-11
1.42104e-11
-3.12316e-11
-9.46422e-12
-6.36531e-11
-3.91417e-11
-9.68798e-11
-6.21438e-11
-1.32067e-10
-7.59119e-11
-1.66746e-10
-8.52196e-11
-1.92e-10
-8.93124e-11
-2.1238e-10
-9.21754e-11
-2.16831e-10
-9.29496e-11
-2.17357e-10
-9.18982e-11
-2.01112e-10
-8.88656e-11
-1.8535e-10
-8.31719e-11
-1.54498e-10
-7.57199e-11
-1.31134e-10
-6.48949e-11
-9.71742e-11
-5.21927e-11
-8.22154e-11
-3.70766e-11
-6.38362e-11
-1.86216e-11
-6.50792e-11
-1.50803e-12
-6.09648e-11
1.44735e-11
-6.56351e-11
2.81171e-11
-6.58928e-11
4.17215e-11
-6.54879e-11
5.65113e-11
-6.32023e-11
7.19856e-11
-5.02022e-11
9.34097e-11
-3.63845e-11
1.19418e-10
-8.81855e-12
1.5613e-10
1.62719e-11
2.03739e-10
5.00446e-11
2.54903e-10
6.15935e-11
2.39057e-10
1.40318e-11
1.40165e-10
-1.42025e-10
1.0175e-11
-3.08898e-10
-3.35762e-11
-4.26761e-10
-4.71698e-11
-5.36487e-10
1.1595e-11
-6.27252e-10
6.21816e-11
-7.31933e-10
1.26419e-10
-8.36796e-10
1.74572e-10
7.62158e-11
2.50741e-09
-7.46064e-12
2.51586e-09
-1.17272e-11
2.52487e-09
-1.46468e-11
2.53433e-09
-1.69581e-11
2.54405e-09
-1.88873e-11
2.55385e-09
-2.04513e-11
2.56358e-09
-2.16891e-11
2.57312e-09
-2.26785e-11
2.58238e-09
-2.34888e-11
2.5913e-09
-2.41637e-11
2.59983e-09
-2.47319e-11
2.6079e-09
-2.52157e-11
2.61551e-09
-2.56349e-11
2.62261e-09
-2.60046e-11
2.62918e-09
-2.6338e-11
2.63521e-09
-2.66442e-11
2.64068e-09
-2.69324e-11
2.64558e-09
-2.72084e-11
2.6499e-09
-2.74791e-11
2.65362e-09
-2.77486e-11
2.65675e-09
-2.80222e-11
2.65926e-09
-2.8303e-11
2.66115e-09
-2.85955e-11
2.6624e-09
-2.89022e-11
2.663e-09
-2.92274e-11
2.66294e-09
-2.95731e-11
2.66221e-09
-2.99434e-11
2.66077e-09
-3.03401e-11
2.65861e-09
-3.07671e-11
2.65572e-09
-3.12261e-11
2.65205e-09
-3.17208e-11
2.64758e-09
-3.22526e-11
2.64227e-09
-3.28249e-11
2.63609e-09
-3.3439e-11
2.62899e-09
-3.40978e-11
2.62094e-09
-3.48022e-11
2.61186e-09
-3.55543e-11
2.60171e-09
-3.63543e-11
2.59043e-09
-3.72034e-11
2.57794e-09
-3.81005e-11
2.56418e-09
-3.90455e-11
2.54905e-09
-4.00356e-11
2.53248e-09
-4.1069e-11
2.51437e-09
-4.21406e-11
2.49462e-09
-4.32462e-11
2.47313e-09
-4.43782e-11
2.44979e-09
-4.55293e-11
2.42448e-09
-4.66888e-11
2.39709e-09
-4.7846e-11
2.36748e-09
-4.89869e-11
2.33556e-09
-5.00966e-11
2.30117e-09
-5.11581e-11
2.26422e-09
-5.21524e-11
2.22457e-09
-5.30596e-11
2.18212e-09
-5.38568e-11
2.13675e-09
-5.45224e-11
2.08837e-09
-5.50304e-11
2.03689e-09
-5.53588e-11
1.98225e-09
-5.54794e-11
1.92438e-09
-5.53721e-11
1.86326e-09
-5.5008e-11
1.79887e-09
-5.43704e-11
1.73121e-09
-5.34318e-11
1.66032e-09
-5.218e-11
1.58627e-09
-5.05905e-11
1.50914e-09
-4.86529e-11
1.42905e-09
-4.63414e-11
1.34613e-09
-4.36259e-11
1.26052e-09
-4.04691e-11
1.1723e-09
-3.68019e-11
1.0826e-09
-3.3682e-11
9.93755e-10
-3.20017e-11
9.08229e-10
-3.10857e-11
8.27285e-10
-2.84759e-11
7.50555e-10
-2.10608e-11
6.77033e-10
-6.55851e-12
6.07095e-10
1.59248e-11
5.44043e-10
4.98979e-11
4.85637e-10
1.01144e-10
4.18914e-10
2.07382e-10
4.16923e-10
1.05096e-10
4.28535e-10
4.71823e-11
4.22368e-10
1.29879e-11
3.98684e-10
-6.07575e-12
3.6437e-10
-1.75468e-11
3.25373e-10
-2.44874e-11
2.85867e-10
-2.79568e-11
2.4831e-10
-2.89465e-11
2.13951e-10
-2.8295e-11
1.83311e-10
-2.66313e-11
1.56452e-10
-2.44133e-11
1.33183e-10
-2.19629e-11
1.13167e-10
-1.94895e-11
9.60259e-11
-1.71265e-11
8.13683e-11
-1.49448e-11
6.88417e-11
-1.29802e-11
5.8122e-11
-1.12371e-11
4.89425e-11
-9.70958e-12
4.10665e-11
-8.37736e-12
3.43089e-11
-7.22255e-12
2.85025e-11
-6.22081e-12
2.35207e-11
-5.35516e-12
1.9243e-11
-4.60442e-12
1.55806e-11
-3.95612e-12
1.24429e-11
-3.3934e-12
9.7661e-12
-2.9081e-12
7.47956e-12
-2.48678e-12
5.53721e-12
-2.12446e-12
3.88274e-12
-1.80996e-12
2.48373e-12
-1.54055e-12
1.29455e-12
-1.30641e-12
2.94194e-13
-1.10636e-12
-5.55734e-13
-9.31321e-13
-1.26666e-12
-7.80948e-13
-1.87225e-12
-6.46091e-13
-2.37738e-12
-5.25945e-13
-2.79884e-12
-4.11463e-13
-3.16191e-12
-2.92386e-13
-3.4626e-12
-1.81886e-13
-3.11602e-12
-3.21334e-14
-7.42586e-12
-1.78109e-12
-1.27117e-11
-2.76897e-12
-1.85271e-11
-3.11878e-12
-2.35935e-11
-3.15457e-12
-2.88588e-11
-3.13693e-12
-3.31381e-11
-3.0344e-12
-3.77164e-11
-2.94058e-12
-4.10258e-11
-2.72178e-12
-4.46695e-11
-2.44385e-12
-4.65237e-11
-1.97587e-12
-4.8751e-11
-1.38721e-12
-4.8627e-11
-6.05025e-13
-4.90477e-11
2.53512e-13
-4.67989e-11
1.14593e-12
-4.56603e-11
1.87243e-12
-4.21677e-11
2.37538e-12
-4.11191e-11
2.5158e-12
-3.8857e-11
2.37642e-12
-4.06488e-11
1.90521e-12
-4.31529e-11
1.10312e-12
-5.00819e-11
-2.44516e-13
-5.88737e-11
-2.14779e-12
-7.03335e-11
-4.62791e-12
-8.28964e-11
-7.66825e-12
-9.4985e-11
-1.08494e-11
-1.0668e-10
-1.34115e-11
-1.16151e-10
-1.51927e-11
-1.24386e-10
-1.56662e-11
-1.30272e-10
-1.52525e-11
-1.34156e-10
-1.3552e-11
-1.36733e-10
-1.08265e-11
-1.36228e-10
-6.64159e-12
-1.35519e-10
-1.83368e-12
-1.29318e-10
3.41924e-12
-1.23025e-10
8.77602e-12
-1.08132e-10
1.44291e-11
-9.32903e-11
2.03419e-11
-6.69713e-11
2.56226e-11
-4.06809e-11
2.95603e-11
-1.65683e-12
3.15288e-11
2.80444e-11
2.69487e-11
5.6559e-11
1.92254e-11
5.38032e-11
1.21132e-11
4.12394e-11
8.54274e-12
3.1206e-12
-5.67614e-12
-4.00054e-11
-1.6862e-11
-9.6083e-11
-2.2168e-11
-1.53927e-10
-2.89722e-11
-2.13406e-10
-3.192e-11
-2.72585e-10
-3.78969e-11
-3.23926e-10
-4.40819e-11
-3.71164e-10
-5.07794e-11
-4.06232e-10
-5.60283e-11
-4.35861e-10
-5.85488e-11
-4.53969e-10
-5.88479e-11
-4.66419e-10
-5.51931e-11
-4.69224e-10
-4.92858e-11
-4.677e-10
-3.94536e-11
-4.57124e-10
-2.78884e-11
-4.43607e-10
-1.42378e-11
-4.25446e-10
-1.44232e-12
-4.0461e-10
1.04568e-11
-3.80797e-10
2.09881e-11
-3.49286e-10
3.12619e-11
-3.15024e-10
4.14755e-11
-2.66124e-10
5.29973e-11
-2.10391e-10
6.62475e-11
-1.28981e-10
8.36313e-11
-3.01686e-11
1.06243e-10
1.00015e-10
1.32207e-10
2.0707e-10
1.30555e-10
2.65482e-10
8.95575e-11
2.12055e-10
5.7827e-11
1.54173e-10
3.81857e-11
8.31949e-11
1.68825e-11
6.7728e-11
4.1278e-11
6.33498e-11
5.75258e-11
1.05942e-10
7.15548e-11
2.25942e-10
5.27456e-11
1.02786e-11
2.49254e-09
2.48082e-09
2.46617e-09
2.44922e-09
2.43033e-09
2.40988e-09
2.3882e-09
2.36552e-09
2.34203e-09
2.31787e-09
2.29314e-09
2.26793e-09
2.24229e-09
2.21629e-09
2.18996e-09
2.16331e-09
2.13639e-09
2.10918e-09
2.08171e-09
2.05396e-09
2.02594e-09
1.99764e-09
1.96905e-09
1.94015e-09
1.91093e-09
1.88136e-09
1.85142e-09
1.82109e-09
1.79033e-09
1.75911e-09
1.72739e-09
1.69514e-09
1.66233e-09
1.62889e-09
1.59481e-09
1.56001e-09
1.52447e-09
1.48812e-09
1.45093e-09
1.41283e-09
1.3738e-09
1.33377e-09
1.29272e-09
1.25059e-09
1.20736e-09
1.16299e-09
1.11748e-09
1.07081e-09
1.02298e-09
9.74014e-10
9.23938e-10
8.72805e-10
8.20675e-10
7.67647e-10
7.13815e-10
6.59332e-10
6.04328e-10
5.49019e-10
4.93569e-10
4.3826e-10
3.83288e-10
3.28994e-10
2.7561e-10
2.23517e-10
1.7299e-10
1.24425e-10
7.81684e-11
3.46352e-11
-5.72332e-12
-4.24271e-11
-7.60061e-11
-1.07919e-10
-1.38915e-10
-1.67318e-10
-1.88298e-10
-1.94788e-10
-1.78786e-10
-1.28803e-10
-2.75721e-11
1.79855e-10
2.8495e-10
3.32138e-10
3.45126e-10
3.39056e-10
3.21509e-10
2.97029e-10
2.69072e-10
2.40133e-10
2.11838e-10
1.85215e-10
1.60801e-10
1.38847e-10
1.19357e-10
1.0224e-10
8.72941e-11
7.4324e-11
6.30858e-11
5.33867e-11
4.5008e-11
3.77964e-11
3.1574e-11
2.62302e-11
2.16239e-11
1.76796e-11
1.42842e-11
1.13884e-11
8.8994e-12
6.78766e-12
4.97492e-12
3.44746e-12
2.13735e-12
1.04458e-12
1.08425e-13
-6.57628e-13
-1.30948e-12
-1.8196e-12
-2.22276e-12
-2.50884e-12
-2.68813e-12
-2.42633e-12
-3.81382e-12
-5.93496e-12
-8.73915e-12
-1.11755e-11
-1.40814e-11
-1.63034e-11
-1.9106e-11
-2.08879e-11
-2.33017e-11
-2.41818e-11
-2.56667e-11
-2.50297e-11
-2.50317e-11
-2.25474e-11
-2.11025e-11
-1.73236e-11
-1.54037e-11
-1.15501e-11
-1.03867e-11
-7.87411e-12
-8.92745e-12
-1.01872e-11
-1.55806e-11
-2.32092e-11
-3.46281e-11
-4.85186e-11
-6.39829e-11
-7.98576e-11
-9.51408e-11
-1.07861e-10
-1.18709e-10
-1.2309e-10
-1.25282e-10
-1.18292e-10
-1.10459e-10
-9.125e-11
-7.2771e-11
-4.15237e-11
-1.48421e-11
2.17145e-11
4.51459e-11
6.8797e-11
7.68425e-11
9.14425e-11
8.06846e-11
7.26375e-11
4.43183e-11
2.12839e-11
-1.70285e-11
-5.62719e-11
-1.04816e-10
-1.61304e-10
-2.18932e-10
-2.83718e-10
-3.4162e-10
-4.01592e-10
-4.48462e-10
-4.9088e-10
-5.1607e-10
-5.31211e-10
-5.30445e-10
-5.1787e-10
-4.95484e-10
-4.58466e-10
-4.16537e-10
-3.55098e-10
-2.90412e-10
-1.969e-10
-9.50173e-11
4.59443e-11
1.71021e-10
2.65457e-10
3.18594e-10
3.63319e-10
3.75274e-10
4.29845e-10
4.82529e-10
5.5544e-10
6.08491e-10
)
;

boundaryField
{
    Inlet
    {
        type            calculated;
        value           nonuniform List<scalar> 
20
(
-2.5e-09
-2.5e-09
-2.5e-09
-2.5e-09
-2.5e-09
-2.5e-09
-2.5e-09
-2.5e-09
-2.5e-09
-2.5e-09
-2.5e-09
-2.5e-09
-2.5e-09
-2.5e-09
-2.5e-09
-2.5e-09
-2.5e-09
-2.5e-09
-2.5e-09
-2.5e-09
)
;
    }
    Outlet
    {
        type            calculated;
        value           nonuniform List<scalar> 
20
(
3.84406e-09
3.84113e-09
3.84072e-09
3.84011e-09
3.83919e-09
3.83639e-09
3.83012e-09
3.83298e-09
3.87909e-09
3.95218e-09
3.88569e-09
3.44361e-09
2.57789e-09
1.64487e-09
9.38271e-10
1.5965e-11
-6.42144e-10
-8.47199e-10
2.91941e-10
6.1877e-10
)
;
    }
    Wall
    {
        type            calculated;
        value           uniform 0;
    }
    symmetry
    {
        type            symmetry;
        value           uniform 0;
    }
    Frontback
    {
        type            empty;
        value           nonuniform List<scalar> 0();
    }
}


// ************************************************************************* //
