/*--------------------------------*- C++ -*----------------------------------*\
  =========                 |
  \\      /  F ield         | OpenFOAM: The Open Source CFD Toolbox
   \\    /   O peration     | Website:  https://openfoam.org
    \\  /    A nd           | Version:  10
     \\/     M anipulation  |
\*---------------------------------------------------------------------------*/
FoamFile
{
    format      ascii;
    class       volVectorField;
    location    "12750";
    object      Ub;
}
// * * * * * * * * * * * * * * * * * * * * * * * * * * * * * * * * * * * * * //

dimensions      [0 1 -1 0 0 0 0];

internalField   nonuniform List<vector> 
3200
(
(-5.46069e-21 -9.87891e-16 0)
(-1.634e-20 -9.87891e-16 0)
(-2.71877e-20 -9.87891e-16 0)
(-3.81081e-20 -9.8789e-16 0)
(-4.92064e-20 -9.8789e-16 0)
(-6.05929e-20 -9.8789e-16 0)
(-7.23887e-20 -9.87889e-16 0)
(-8.47312e-20 -9.87888e-16 0)
(-9.77822e-20 -9.87888e-16 0)
(-1.11738e-19 -9.87886e-16 0)
(-1.26843e-19 -9.87885e-16 0)
(-1.43412e-19 -9.87883e-16 0)
(-1.61857e-19 -9.87881e-16 0)
(-1.82739e-19 -9.87878e-16 0)
(-2.06833e-19 -9.87875e-16 0)
(-2.35252e-19 -9.8787e-16 0)
(-2.69632e-19 -9.87862e-16 0)
(-3.12462e-19 -9.87852e-16 0)
(-3.67641e-19 -9.87837e-16 0)
(-4.41468e-19 -9.87813e-16 0)
(-5.44422e-19 -9.87774e-16 0)
(-6.94404e-19 -9.87711e-16 0)
(-9.2349e-19 -9.87602e-16 0)
(-1.71609e-09 -9.88134e-16 0)
(-4.8756e-05 -5.10788e-07 0)
(-0.000105188 -2.97771e-05 0)
(-0.000114536 -8.72916e-06 0)
(-0.000117149 -4.81704e-06 0)
(-0.000118756 -3.12528e-06 0)
(-0.000119926 -2.19926e-06 0)
(-0.000120843 -1.6294e-06 0)
(-0.000121589 -1.25218e-06 0)
(-0.000122212 -9.90088e-07 0)
(-0.000122742 -8.00313e-07 0)
(-0.000123199 -6.57855e-07 0)
(-0.000123563 -6.43102e-07 0)
(-0.00011422 -2.6903e-05 0)
(-9.30428e-05 -3.33113e-05 0)
(-6.70232e-05 -4.12893e-05 0)
(-3.31131e-05 -5.70357e-05 0)
(-5.3448e-21 -9.87875e-16 0)
(-1.5989e-20 -9.87875e-16 0)
(-2.65894e-20 -9.87874e-16 0)
(-3.72391e-20 -9.87874e-16 0)
(-4.80302e-20 -9.87873e-16 0)
(-5.90569e-20 -9.87871e-16 0)
(-7.04196e-20 -9.8787e-16 0)
(-8.22276e-20 -9.87868e-16 0)
(-9.46034e-20 -9.87866e-16 0)
(-1.07687e-19 -9.87863e-16 0)
(-1.2164e-19 -9.87859e-16 0)
(-1.3665e-19 -9.87854e-16 0)
(-1.52937e-19 -9.87848e-16 0)
(-1.70748e-19 -9.87841e-16 0)
(-1.90353e-19 -9.87831e-16 0)
(-2.12008e-19 -9.87819e-16 0)
(-2.35874e-19 -9.87802e-16 0)
(-2.61832e-19 -9.87779e-16 0)
(-2.8906e-19 -9.87747e-16 0)
(-3.15157e-19 -9.87701e-16 0)
(-3.34282e-19 -9.87636e-16 0)
(-3.33318e-19 -9.87539e-16 0)
(-2.84004e-19 -9.87395e-16 0)
(-1.2695e-19 -9.87177e-16 0)
(1.41364e-19 -9.86432e-16 0)
(2.50798e-19 -9.3584e-16 0)
(1.67394e-19 -8.91288e-16 0)
(9.47186e-20 -8.49973e-16 0)
(3.31776e-20 -8.10888e-16 0)
(-2.37851e-20 -7.73544e-16 0)
(-8.18142e-20 -7.3765e-16 0)
(-1.46637e-19 -7.03013e-16 0)
(-2.25345e-19 -6.69489e-16 0)
(-3.28857e-19 -6.36972e-16 0)
(-7.50149e-10 -6.05851e-16 0)
(-1.59561e-05 -9.68552e-08 0)
(-4.46154e-05 -2.64522e-05 0)
(-6.98833e-05 -3.29429e-05 0)
(-9.55404e-05 -4.58903e-05 0)
(-5.92377e-05 -0.000256826 0)
(-5.12456e-21 -9.8786e-16 0)
(-1.53226e-20 -9.8786e-16 0)
(-2.5456e-20 -9.87859e-16 0)
(-3.55981e-20 -9.87858e-16 0)
(-4.58187e-20 -9.87856e-16 0)
(-5.61859e-20 -9.87854e-16 0)
(-6.67665e-20 -9.87852e-16 0)
(-7.76268e-20 -9.87849e-16 0)
(-8.88319e-20 -9.87846e-16 0)
(-1.00443e-19 -9.87841e-16 0)
(-1.12516e-19 -9.87836e-16 0)
(-1.25088e-19 -9.87829e-16 0)
(-1.38167e-19 -9.87821e-16 0)
(-1.5171e-19 -9.87812e-16 0)
(-1.65574e-19 -9.87799e-16 0)
(-1.79458e-19 -9.87784e-16 0)
(-1.92793e-19 -9.87766e-16 0)
(-2.04588e-19 -9.87742e-16 0)
(-2.13204e-19 -9.87713e-16 0)
(-2.16077e-19 -9.87677e-16 0)
(-2.09465e-19 -9.87634e-16 0)
(-1.88492e-19 -9.87586e-16 0)
(-1.48239e-19 -9.87538e-16 0)
(-8.76924e-20 -9.87504e-16 0)
(-2.07807e-20 -9.87517e-16 0)
(1.98507e-20 -9.87593e-16 0)
(2.57458e-20 -9.87646e-16 0)
(1.47625e-20 -9.87679e-16 0)
(-3.56106e-21 -9.87697e-16 0)
(-2.42583e-20 -9.87703e-16 0)
(-4.40329e-20 -9.87699e-16 0)
(-5.94273e-20 -9.87683e-16 0)
(-6.51689e-20 -9.87653e-16 0)
(-5.19843e-20 -9.87606e-16 0)
(-3.07821e-21 -9.87535e-16 0)
(6.29105e-20 -9.873e-16 0)
(6.16253e-20 -9.72641e-16 0)
(-9.95313e-10 -1.01796e-15 0)
(-2.79983e-06 -5.29429e-06 0)
(-1.40527e-06 -0.000413042 0)
(-4.82045e-21 -9.87846e-16 0)
(-1.44038e-20 -9.87845e-16 0)
(-2.38983e-20 -9.87844e-16 0)
(-3.33535e-20 -9.87843e-16 0)
(-4.28136e-20 -9.87841e-16 0)
(-5.23176e-20 -9.87839e-16 0)
(-6.18975e-20 -9.87836e-16 0)
(-7.15775e-20 -9.87832e-16 0)
(-8.13698e-20 -9.87828e-16 0)
(-9.12707e-20 -9.87823e-16 0)
(-1.01253e-19 -9.87817e-16 0)
(-1.11255e-19 -9.87809e-16 0)
(-1.21166e-19 -9.87801e-16 0)
(-1.30805e-19 -9.8779e-16 0)
(-1.39894e-19 -9.87778e-16 0)
(-1.48021e-19 -9.87764e-16 0)
(-1.54604e-19 -9.87748e-16 0)
(-1.58857e-19 -9.87729e-16 0)
(-1.59772e-19 -9.87707e-16 0)
(-1.56174e-19 -9.87684e-16 0)
(-1.46883e-19 -9.8766e-16 0)
(-1.31088e-19 -9.87637e-16 0)
(-1.09006e-19 -9.87619e-16 0)
(-8.27956e-20 -9.8761e-16 0)
(-5.71925e-20 -9.87614e-16 0)
(-3.79951e-20 -9.87629e-16 0)
(-2.75295e-20 -9.87646e-16 0)
(-2.40967e-20 -9.8766e-16 0)
(-2.51254e-20 -9.87669e-16 0)
(-2.81802e-20 -9.87674e-16 0)
(-3.11152e-20 -9.87673e-16 0)
(-3.20227e-20 -9.87668e-16 0)
(-2.92619e-20 -9.8766e-16 0)
(-2.18001e-20 -9.87652e-16 0)
(-1.02064e-20 -9.87648e-16 0)
(1.06922e-21 -9.87657e-16 0)
(5.5373e-21 -9.87676e-16 0)
(4.42515e-21 -9.90604e-16 0)
(-3.16957e-07 -7.00181e-07 0)
(1.56627e-07 -0.000428593 0)
(-4.45766e-21 -9.87832e-16 0)
(-1.33099e-20 -9.87832e-16 0)
(-2.20506e-20 -9.87831e-16 0)
(-3.07062e-20 -9.87829e-16 0)
(-3.92972e-20 -9.87827e-16 0)
(-4.78366e-20 -9.87824e-16 0)
(-5.63283e-20 -9.87821e-16 0)
(-6.47643e-20 -9.87817e-16 0)
(-7.31218e-20 -9.87813e-16 0)
(-8.1358e-20 -9.87807e-16 0)
(-8.94047e-20 -9.87801e-16 0)
(-9.7161e-20 -9.87794e-16 0)
(-1.04485e-19 -9.87786e-16 0)
(-1.11183e-19 -9.87776e-16 0)
(-1.17004e-19 -9.87765e-16 0)
(-1.2163e-19 -9.87753e-16 0)
(-1.2468e-19 -9.8774e-16 0)
(-1.25726e-19 -9.87726e-16 0)
(-1.2433e-19 -9.87711e-16 0)
(-1.20119e-19 -9.87696e-16 0)
(-1.12896e-19 -9.87682e-16 0)
(-1.02792e-19 -9.87669e-16 0)
(-9.0421e-20 -9.8766e-16 0)
(-7.69483e-20 -9.87655e-16 0)
(-6.39498e-20 -9.87654e-16 0)
(-5.29156e-20 -9.87657e-16 0)
(-4.46018e-20 -9.87662e-16 0)
(-3.88935e-20 -9.87666e-16 0)
(-3.51643e-20 -9.8767e-16 0)
(-3.25949e-20 -9.87672e-16 0)
(-3.03759e-20 -9.87673e-16 0)
(-2.78391e-20 -9.87672e-16 0)
(-2.45681e-20 -9.87671e-16 0)
(-2.05128e-20 -9.87671e-16 0)
(-1.6086e-20 -9.87672e-16 0)
(-1.21316e-20 -9.87674e-16 0)
(-9.49187e-21 -9.87678e-16 0)
(-4.99908e-12 -9.91861e-16 0)
(-2.39728e-07 -6.43991e-07 0)
(1.68445e-07 -0.00043333 0)
(-4.06178e-21 -9.8782e-16 0)
(-1.21187e-20 -9.87819e-16 0)
(-2.00468e-20 -9.87818e-16 0)
(-2.7853e-20 -9.87817e-16 0)
(-3.55386e-20 -9.87814e-16 0)
(-4.30975e-20 -9.87812e-16 0)
(-5.05145e-20 -9.87808e-16 0)
(-5.77631e-20 -9.87805e-16 0)
(-6.48027e-20 -9.878e-16 0)
(-7.15761e-20 -9.87795e-16 0)
(-7.80061e-20 -9.87789e-16 0)
(-8.39925e-20 -9.87782e-16 0)
(-8.94101e-20 -9.87775e-16 0)
(-9.4107e-20 -9.87766e-16 0)
(-9.79063e-20 -9.87757e-16 0)
(-1.00612e-19 -9.87748e-16 0)
(-1.02022e-19 -9.87738e-16 0)
(-1.01945e-19 -9.87727e-16 0)
(-1.00235e-19 -9.87716e-16 0)
(-9.68276e-20 -9.87706e-16 0)
(-9.17826e-20 -9.87697e-16 0)
(-8.53228e-20 -9.87689e-16 0)
(-7.78473e-20 -9.87683e-16 0)
(-6.98999e-20 -9.87678e-16 0)
(-6.20787e-20 -9.87676e-16 0)
(-5.48963e-20 -9.87675e-16 0)
(-4.86535e-20 -9.87676e-16 0)
(-4.34046e-20 -9.87677e-16 0)
(-3.9015e-20 -9.87678e-16 0)
(-3.52487e-20 -9.87679e-16 0)
(-3.18493e-20 -9.8768e-16 0)
(-2.86047e-20 -9.8768e-16 0)
(-2.53916e-20 -9.8768e-16 0)
(-2.21991e-20 -9.87681e-16 0)
(-1.9122e-20 -9.87681e-16 0)
(-1.63157e-20 -9.87682e-16 0)
(-1.39431e-20 -9.87683e-16 0)
(-7.51968e-12 -9.92685e-16 0)
(-2.3579e-07 -6.9759e-07 0)
(1.79947e-07 -0.000437637 0)
(-3.65547e-21 -9.87809e-16 0)
(-1.08986e-20 -9.87808e-16 0)
(-1.80028e-20 -9.87807e-16 0)
(-2.49604e-20 -9.87805e-16 0)
(-3.1759e-20 -9.87803e-16 0)
(-3.83807e-20 -9.87801e-16 0)
(-4.48e-20 -9.87797e-16 0)
(-5.09824e-20 -9.87794e-16 0)
(-5.68832e-20 -9.87789e-16 0)
(-6.2446e-20 -9.87785e-16 0)
(-6.76021e-20 -9.87779e-16 0)
(-7.22701e-20 -9.87773e-16 0)
(-7.63565e-20 -9.87767e-16 0)
(-7.97586e-20 -9.8776e-16 0)
(-8.23686e-20 -9.87752e-16 0)
(-8.40807e-20 -9.87745e-16 0)
(-8.48015e-20 -9.87737e-16 0)
(-8.44628e-20 -9.87729e-16 0)
(-8.30368e-20 -9.87721e-16 0)
(-8.05512e-20 -9.87714e-16 0)
(-7.71004e-20 -9.87707e-16 0)
(-7.28497e-20 -9.87701e-16 0)
(-6.80259e-20 -9.87696e-16 0)
(-6.28927e-20 -9.87693e-16 0)
(-5.77133e-20 -9.8769e-16 0)
(-5.27075e-20 -9.87689e-16 0)
(-4.80199e-20 -9.87688e-16 0)
(-4.3711e-20 -9.87687e-16 0)
(-3.97701e-20 -9.87687e-16 0)
(-3.61416e-20 -9.87687e-16 0)
(-3.27524e-20 -9.87688e-16 0)
(-2.95362e-20 -9.87688e-16 0)
(-2.64487e-20 -9.87688e-16 0)
(-2.34744e-20 -9.87689e-16 0)
(-2.06214e-20 -9.87689e-16 0)
(-1.79091e-20 -9.87689e-16 0)
(-1.5389e-20 -9.8769e-16 0)
(-8.90943e-12 -9.93322e-16 0)
(-2.37132e-07 -7.64675e-07 0)
(1.90508e-07 -0.000441974 0)
(-3.25659e-21 -9.87799e-16 0)
(-9.70308e-21 -9.87798e-16 0)
(-1.60078e-20 -9.87797e-16 0)
(-2.21532e-20 -9.87796e-16 0)
(-2.81188e-20 -9.87794e-16 0)
(-3.38804e-20 -9.87791e-16 0)
(-3.94089e-20 -9.87788e-16 0)
(-4.46691e-20 -9.87785e-16 0)
(-4.96197e-20 -9.87781e-16 0)
(-5.42127e-20 -9.87776e-16 0)
(-5.83939e-20 -9.87772e-16 0)
(-6.21041e-20 -9.87766e-16 0)
(-6.52804e-20 -9.87761e-16 0)
(-6.786e-20 -9.87755e-16 0)
(-6.97833e-20 -9.87749e-16 0)
(-7.09998e-20 -9.87743e-16 0)
(-7.14738e-20 -9.87736e-16 0)
(-7.11914e-20 -9.8773e-16 0)
(-7.01658e-20 -9.87724e-16 0)
(-6.84423e-20 -9.87719e-16 0)
(-6.6099e-20 -9.87714e-16 0)
(-6.32442e-20 -9.87709e-16 0)
(-6.00073e-20 -9.87705e-16 0)
(-5.65264e-20 -9.87702e-16 0)
(-5.29329e-20 -9.877e-16 0)
(-4.93364e-20 -9.87698e-16 0)
(-4.58153e-20 -9.87697e-16 0)
(-4.24137e-20 -9.87696e-16 0)
(-3.91456e-20 -9.87696e-16 0)
(-3.60031e-20 -9.87695e-16 0)
(-3.29662e-20 -9.87695e-16 0)
(-3.0012e-20 -9.87695e-16 0)
(-2.71207e-20 -9.87696e-16 0)
(-2.42793e-20 -9.87696e-16 0)
(-2.14815e-20 -9.87696e-16 0)
(-1.87261e-20 -9.87697e-16 0)
(-1.60573e-20 -9.87697e-16 0)
(-1.01676e-11 -9.93936e-16 0)
(-2.39444e-07 -8.37567e-07 0)
(2.01233e-07 -0.000446377 0)
(-2.87767e-21 -9.8779e-16 0)
(-8.56944e-21 -9.87789e-16 0)
(-1.41225e-20 -9.87788e-16 0)
(-1.95138e-20 -9.87787e-16 0)
(-2.4719e-20 -9.87785e-16 0)
(-2.97119e-20 -9.87783e-16 0)
(-3.44637e-20 -9.8778e-16 0)
(-3.89427e-20 -9.87777e-16 0)
(-4.31139e-20 -9.87773e-16 0)
(-4.69398e-20 -9.8777e-16 0)
(-5.0381e-20 -9.87765e-16 0)
(-5.33975e-20 -9.87761e-16 0)
(-5.59502e-20 -9.87756e-16 0)
(-5.80038e-20 -9.87751e-16 0)
(-5.9529e-20 -9.87746e-16 0)
(-6.05061e-20 -9.87741e-16 0)
(-6.09274e-20 -9.87736e-16 0)
(-6.08006e-20 -9.87731e-16 0)
(-6.01503e-20 -9.87727e-16 0)
(-5.90182e-20 -9.87722e-16 0)
(-5.74623e-20 -9.87718e-16 0)
(-5.55528e-20 -9.87715e-16 0)
(-5.33675e-20 -9.87711e-16 0)
(-5.09845e-20 -9.87709e-16 0)
(-4.84757e-20 -9.87707e-16 0)
(-4.59011e-20 -9.87705e-16 0)
(-4.33043e-20 -9.87704e-16 0)
(-4.0712e-20 -9.87703e-16 0)
(-3.81344e-20 -9.87702e-16 0)
(-3.55689e-20 -9.87702e-16 0)
(-3.30032e-20 -9.87702e-16 0)
(-3.04199e-20 -9.87702e-16 0)
(-2.78003e-20 -9.87703e-16 0)
(-2.51278e-20 -9.87703e-16 0)
(-2.2391e-20 -9.87704e-16 0)
(-1.95864e-20 -9.87704e-16 0)
(-1.67712e-20 -9.87705e-16 0)
(-1.16394e-11 -9.94681e-16 0)
(-2.42102e-07 -9.26161e-07 0)
(2.12927e-07 -0.000450857 0)
(-2.52637e-21 -9.87782e-16 0)
(-7.52e-21 -9.87782e-16 0)
(-1.23825e-20 -9.87781e-16 0)
(-1.70883e-20 -9.87779e-16 0)
(-2.16123e-20 -9.87778e-16 0)
(-2.59291e-20 -9.87776e-16 0)
(-3.00123e-20 -9.87773e-16 0)
(-3.38349e-20 -9.8777e-16 0)
(-3.73693e-20 -9.87767e-16 0)
(-4.05876e-20 -9.87764e-16 0)
(-4.34629e-20 -9.8776e-16 0)
(-4.59695e-20 -9.87756e-16 0)
(-4.80854e-20 -9.87752e-16 0)
(-4.97928e-20 -9.87748e-16 0)
(-5.10802e-20 -9.87744e-16 0)
(-5.19442e-20 -9.8774e-16 0)
(-5.23902e-20 -9.87736e-16 0)
(-5.2434e-20 -9.87732e-16 0)
(-5.21011e-20 -9.87728e-16 0)
(-5.14271e-20 -9.87724e-16 0)
(-5.04548e-20 -9.87721e-16 0)
(-4.92328e-20 -9.87718e-16 0)
(-4.78113e-20 -9.87716e-16 0)
(-4.62393e-20 -9.87713e-16 0)
(-4.45602e-20 -9.87711e-16 0)
(-4.28094e-20 -9.8771e-16 0)
(-4.10116e-20 -9.87709e-16 0)
(-3.91796e-20 -9.87708e-16 0)
(-3.7314e-20 -9.87708e-16 0)
(-3.54033e-20 -9.87708e-16 0)
(-3.34249e-20 -9.87708e-16 0)
(-3.1347e-20 -9.87708e-16 0)
(-2.91307e-20 -9.87709e-16 0)
(-2.67341e-20 -9.8771e-16 0)
(-2.41179e-20 -9.87711e-16 0)
(-2.12541e-20 -9.87712e-16 0)
(-1.82003e-20 -9.87713e-16 0)
(-1.41051e-11 -9.95946e-16 0)
(-2.44613e-07 -1.05147e-06 0)
(2.26506e-07 -0.000455424 0)
(-2.20638e-21 -9.87775e-16 0)
(-6.56528e-21 -9.87775e-16 0)
(-1.08033e-20 -9.87774e-16 0)
(-1.48949e-20 -9.87773e-16 0)
(-1.88159e-20 -9.87771e-16 0)
(-2.25428e-20 -9.87769e-16 0)
(-2.60529e-20 -9.87767e-16 0)
(-2.93241e-20 -9.87765e-16 0)
(-3.23352e-20 -9.87762e-16 0)
(-3.50664e-20 -9.87759e-16 0)
(-3.75e-20 -9.87756e-16 0)
(-3.9621e-20 -9.87753e-16 0)
(-4.14181e-20 -9.87749e-16 0)
(-4.28845e-20 -9.87746e-16 0)
(-4.40191e-20 -9.87742e-16 0)
(-4.48266e-20 -9.87739e-16 0)
(-4.53187e-20 -9.87735e-16 0)
(-4.55136e-20 -9.87732e-16 0)
(-4.54361e-20 -9.87729e-16 0)
(-4.51164e-20 -9.87726e-16 0)
(-4.45892e-20 -9.87723e-16 0)
(-4.38916e-20 -9.8772e-16 0)
(-4.30613e-20 -9.87718e-16 0)
(-4.21346e-20 -9.87716e-16 0)
(-4.11437e-20 -9.87714e-16 0)
(-4.01151e-20 -9.87713e-16 0)
(-3.90676e-20 -9.87712e-16 0)
(-3.80097e-20 -9.87712e-16 0)
(-3.69385e-20 -9.87711e-16 0)
(-3.58368e-20 -9.87711e-16 0)
(-3.46704e-20 -9.87712e-16 0)
(-3.33851e-20 -9.87713e-16 0)
(-3.19037e-20 -9.87714e-16 0)
(-3.01231e-20 -9.87716e-16 0)
(-2.79152e-20 -9.87718e-16 0)
(-2.51322e-20 -9.8772e-16 0)
(-2.17156e-20 -9.87723e-16 0)
(-1.90762e-11 -9.98084e-16 0)
(-2.46202e-07 -1.22575e-06 0)
(2.43614e-07 -0.000460089 0)
(-1.91851e-21 -9.87769e-16 0)
(-5.70724e-21 -9.87769e-16 0)
(-9.38678e-21 -9.87768e-16 0)
(-1.29329e-20 -9.87767e-16 0)
(-1.63233e-20 -9.87766e-16 0)
(-1.95372e-20 -9.87764e-16 0)
(-2.25554e-20 -9.87762e-16 0)
(-2.53603e-20 -9.8776e-16 0)
(-2.7936e-20 -9.87758e-16 0)
(-3.02688e-20 -9.87755e-16 0)
(-3.23476e-20 -9.87752e-16 0)
(-3.41645e-20 -9.87749e-16 0)
(-3.5715e-20 -9.87746e-16 0)
(-3.69989e-20 -9.87743e-16 0)
(-3.80205e-20 -9.8774e-16 0)
(-3.87891e-20 -9.87737e-16 0)
(-3.93187e-20 -9.87734e-16 0)
(-3.96284e-20 -9.87732e-16 0)
(-3.97417e-20 -9.87729e-16 0)
(-3.96861e-20 -9.87726e-16 0)
(-3.94921e-20 -9.87724e-16 0)
(-3.91925e-20 -9.87721e-16 0)
(-3.88212e-20 -9.87719e-16 0)
(-3.84122e-20 -9.87718e-16 0)
(-3.79984e-20 -9.87716e-16 0)
(-3.76105e-20 -9.87715e-16 0)
(-3.72756e-20 -9.87714e-16 0)
(-3.70159e-20 -9.87713e-16 0)
(-3.68458e-20 -9.87713e-16 0)
(-3.67689e-20 -9.87713e-16 0)
(-3.67715e-20 -9.87713e-16 0)
(-3.68144e-20 -9.87714e-16 0)
(-3.6818e-20 -9.87716e-16 0)
(-3.66414e-20 -9.87719e-16 0)
(-3.60491e-20 -9.87722e-16 0)
(-3.46641e-20 -9.87727e-16 0)
(-3.20765e-20 -9.87733e-16 0)
(-3.70305e-11 -1.00456e-15 0)
(-2.43906e-07 -1.71693e-06 0)
(2.70525e-07 -0.000464863 0)
(-1.66168e-21 -9.87764e-16 0)
(-4.94229e-21 -9.87764e-16 0)
(-8.12572e-21 -9.87763e-16 0)
(-1.11898e-20 -9.87762e-16 0)
(-1.41145e-20 -9.87761e-16 0)
(-1.68818e-20 -9.87759e-16 0)
(-1.94757e-20 -9.87758e-16 0)
(-2.18822e-20 -9.87756e-16 0)
(-2.40895e-20 -9.87754e-16 0)
(-2.60884e-20 -9.87752e-16 0)
(-2.78722e-20 -9.87749e-16 0)
(-2.94373e-20 -9.87747e-16 0)
(-3.07834e-20 -9.87744e-16 0)
(-3.19138e-20 -9.87742e-16 0)
(-3.28356e-20 -9.87739e-16 0)
(-3.35597e-20 -9.87736e-16 0)
(-3.41009e-20 -9.87734e-16 0)
(-3.44778e-20 -9.87731e-16 0)
(-3.47126e-20 -9.87729e-16 0)
(-3.48308e-20 -9.87726e-16 0)
(-3.48608e-20 -9.87724e-16 0)
(-3.48337e-20 -9.87722e-16 0)
(-3.47834e-20 -9.8772e-16 0)
(-3.47459e-20 -9.87718e-16 0)
(-3.47601e-20 -9.87716e-16 0)
(-3.48681e-20 -9.87715e-16 0)
(-3.51157e-20 -9.87714e-16 0)
(-3.55539e-20 -9.87713e-16 0)
(-3.62403e-20 -9.87712e-16 0)
(-3.72403e-20 -9.87711e-16 0)
(-3.86294e-20 -9.87711e-16 0)
(-4.04931e-20 -9.87712e-16 0)
(-4.29259e-20 -9.87713e-16 0)
(-4.6025e-20 -9.87715e-16 0)
(-4.98732e-20 -9.87718e-16 0)
(-5.45023e-20 -9.87723e-16 0)
(-6.05142e-20 -9.8773e-16 0)
(-1.91407e-10 -1.07414e-15 0)
(-2.24266e-07 -5.92395e-06 0)
(3.31753e-07 -0.000469749 0)
(-1.43373e-21 -9.8776e-16 0)
(-4.2637e-21 -9.87759e-16 0)
(-7.00811e-21 -9.87759e-16 0)
(-9.64706e-21 -9.87758e-16 0)
(-1.21629e-20 -9.87757e-16 0)
(-1.45401e-20 -9.87756e-16 0)
(-1.67653e-20 -9.87754e-16 0)
(-1.88274e-20 -9.87752e-16 0)
(-2.07177e-20 -9.87751e-16 0)
(-2.24295e-20 -9.87749e-16 0)
(-2.39592e-20 -9.87746e-16 0)
(-2.53057e-20 -9.87744e-16 0)
(-2.64707e-20 -9.87742e-16 0)
(-2.7459e-20 -9.8774e-16 0)
(-2.82785e-20 -9.87737e-16 0)
(-2.894e-20 -9.87735e-16 0)
(-2.94576e-20 -9.87733e-16 0)
(-2.98482e-20 -9.8773e-16 0)
(-3.01317e-20 -9.87728e-16 0)
(-3.03305e-20 -9.87726e-16 0)
(-3.04703e-20 -9.87724e-16 0)
(-3.05793e-20 -9.87722e-16 0)
(-3.06889e-20 -9.8772e-16 0)
(-3.08344e-20 -9.87718e-16 0)
(-3.10557e-20 -9.87716e-16 0)
(-3.13989e-20 -9.87714e-16 0)
(-3.1919e-20 -9.87713e-16 0)
(-3.2683e-20 -9.87711e-16 0)
(-3.37759e-20 -9.87709e-16 0)
(-3.53085e-20 -9.87708e-16 0)
(-3.74309e-20 -9.87706e-16 0)
(-4.03523e-20 -9.87705e-16 0)
(-4.43733e-20 -9.87703e-16 0)
(-4.99376e-20 -9.87702e-16 0)
(-5.77164e-20 -9.877e-16 0)
(-6.87481e-20 -9.87699e-16 0)
(-9.18613e-20 -9.87697e-16 0)
(-2.73215e-09 -1.77277e-15 0)
(-1.76714e-07 -2.02037e-05 0)
(4.41786e-07 -0.000474711 0)
(-1.23201e-21 -9.87756e-16 0)
(-3.66337e-21 -9.87756e-16 0)
(-6.01999e-21 -9.87755e-16 0)
(-8.28418e-21 -9.87754e-16 0)
(-1.04404e-20 -9.87753e-16 0)
(-1.24754e-20 -9.87752e-16 0)
(-1.4378e-20 -9.87751e-16 0)
(-1.6139e-20 -9.87749e-16 0)
(-1.77516e-20 -9.87748e-16 0)
(-1.92113e-20 -9.87746e-16 0)
(-2.05157e-20 -9.87744e-16 0)
(-2.16649e-20 -9.87742e-16 0)
(-2.26614e-20 -9.8774e-16 0)
(-2.35099e-20 -9.87738e-16 0)
(-2.42177e-20 -9.87736e-16 0)
(-2.47945e-20 -9.87734e-16 0)
(-2.5252e-20 -9.87732e-16 0)
(-2.56043e-20 -9.8773e-16 0)
(-2.58673e-20 -9.87728e-16 0)
(-2.60593e-20 -9.87726e-16 0)
(-2.62002e-20 -9.87724e-16 0)
(-2.6312e-20 -9.87722e-16 0)
(-2.64189e-20 -9.8772e-16 0)
(-2.65475e-20 -9.87718e-16 0)
(-2.67272e-20 -9.87716e-16 0)
(-2.69911e-20 -9.87713e-16 0)
(-2.73766e-20 -9.87711e-16 0)
(-2.79266e-20 -9.87709e-16 0)
(-2.8691e-20 -9.87707e-16 0)
(-2.97281e-20 -9.87704e-16 0)
(-3.11053e-20 -9.87701e-16 0)
(-3.28996e-20 -9.87698e-16 0)
(-3.51944e-20 -9.87694e-16 0)
(-3.8071e-20 -9.87689e-16 0)
(-4.15883e-20 -9.87683e-16 0)
(-4.57383e-20 -9.87675e-16 0)
(-8.83274e-20 -9.87664e-16 0)
(-7.79824e-09 -3.28243e-15 0)
(-2.17324e-07 -3.42545e-05 0)
(3.92224e-07 -0.000479748 0)
(-1.05378e-21 -9.87752e-16 0)
(-3.13303e-21 -9.87752e-16 0)
(-5.14729e-21 -9.87752e-16 0)
(-7.08093e-21 -9.87751e-16 0)
(-8.92033e-21 -9.8775e-16 0)
(-1.06539e-20 -9.87749e-16 0)
(-1.22722e-20 -9.87748e-16 0)
(-1.37674e-20 -9.87747e-16 0)
(-1.51341e-20 -9.87745e-16 0)
(-1.63687e-20 -9.87744e-16 0)
(-1.74693e-20 -9.87742e-16 0)
(-1.84365e-20 -9.87741e-16 0)
(-1.92722e-20 -9.87739e-16 0)
(-1.99806e-20 -9.87737e-16 0)
(-2.05673e-20 -9.87735e-16 0)
(-2.10399e-20 -9.87733e-16 0)
(-2.14071e-20 -9.87731e-16 0)
(-2.16793e-20 -9.87729e-16 0)
(-2.18677e-20 -9.87727e-16 0)
(-2.19846e-20 -9.87725e-16 0)
(-2.20431e-20 -9.87724e-16 0)
(-2.20567e-20 -9.87722e-16 0)
(-2.20394e-20 -9.8772e-16 0)
(-2.20047e-20 -9.87717e-16 0)
(-2.1966e-20 -9.87715e-16 0)
(-2.19355e-20 -9.87713e-16 0)
(-2.19232e-20 -9.87711e-16 0)
(-2.19358e-20 -9.87708e-16 0)
(-2.19739e-20 -9.87706e-16 0)
(-2.20291e-20 -9.87703e-16 0)
(-2.20773e-20 -9.87699e-16 0)
(-2.2071e-20 -9.87695e-16 0)
(-2.19256e-20 -9.87691e-16 0)
(-2.14997e-20 -9.87686e-16 0)
(-2.05673e-20 -9.8768e-16 0)
(-1.87772e-20 -9.87672e-16 0)
(-3.74528e-20 -9.87663e-16 0)
(-1.35699e-09 -4.33071e-15 0)
(-3.00039e-07 -3.68957e-05 0)
(2.35634e-07 -0.000484891 0)
(-8.9643e-22 -9.8775e-16 0)
(-2.66484e-21 -9.87749e-16 0)
(-4.37694e-21 -9.87749e-16 0)
(-6.01885e-21 -9.87748e-16 0)
(-7.57856e-21 -9.87748e-16 0)
(-9.04592e-21 -9.87747e-16 0)
(-1.04126e-20 -9.87746e-16 0)
(-1.16719e-20 -9.87745e-16 0)
(-1.28191e-20 -9.87743e-16 0)
(-1.38509e-20 -9.87742e-16 0)
(-1.47658e-20 -9.87741e-16 0)
(-1.55637e-20 -9.87739e-16 0)
(-1.62461e-20 -9.87738e-16 0)
(-1.68157e-20 -9.87736e-16 0)
(-1.72763e-20 -9.87734e-16 0)
(-1.7633e-20 -9.87733e-16 0)
(-1.78914e-20 -9.87731e-16 0)
(-1.80581e-20 -9.87729e-16 0)
(-1.81395e-20 -9.87727e-16 0)
(-1.81424e-20 -9.87725e-16 0)
(-1.80732e-20 -9.87724e-16 0)
(-1.79377e-20 -9.87722e-16 0)
(-1.77402e-20 -9.8772e-16 0)
(-1.74835e-20 -9.87718e-16 0)
(-1.71675e-20 -9.87716e-16 0)
(-1.67888e-20 -9.87714e-16 0)
(-1.6339e-20 -9.87711e-16 0)
(-1.5803e-20 -9.87709e-16 0)
(-1.51573e-20 -9.87706e-16 0)
(-1.43666e-20 -9.87704e-16 0)
(-1.33807e-20 -9.87701e-16 0)
(-1.21308e-20 -9.87697e-16 0)
(-1.05245e-20 -9.87694e-16 0)
(-8.44204e-21 -9.8769e-16 0)
(-5.7334e-21 -9.87685e-16 0)
(-2.21921e-21 -9.87681e-16 0)
(2.30118e-21 -9.87676e-16 0)
(2.80447e-20 -4.65317e-15 0)
(-3.22328e-07 -3.39762e-05 0)
(1.7464e-07 -0.000490033 0)
(-7.57624e-22 -9.87747e-16 0)
(-2.25182e-21 -9.87747e-16 0)
(-3.69731e-21 -9.87747e-16 0)
(-5.08174e-21 -9.87746e-16 0)
(-6.39442e-21 -9.87746e-16 0)
(-7.62631e-21 -9.87745e-16 0)
(-8.76995e-21 -9.87744e-16 0)
(-9.81942e-21 -9.87743e-16 0)
(-1.07703e-20 -9.87742e-16 0)
(-1.16194e-20 -9.87741e-16 0)
(-1.23652e-20 -9.87739e-16 0)
(-1.30068e-20 -9.87738e-16 0)
(-1.3545e-20 -9.87737e-16 0)
(-1.39809e-20 -9.87735e-16 0)
(-1.43169e-20 -9.87734e-16 0)
(-1.45556e-20 -9.87732e-16 0)
(-1.47001e-20 -9.8773e-16 0)
(-1.47534e-20 -9.87729e-16 0)
(-1.47185e-20 -9.87727e-16 0)
(-1.45979e-20 -9.87726e-16 0)
(-1.4393e-20 -9.87724e-16 0)
(-1.41041e-20 -9.87722e-16 0)
(-1.37297e-20 -9.8772e-16 0)
(-1.32661e-20 -9.87719e-16 0)
(-1.27066e-20 -9.87717e-16 0)
(-1.20409e-20 -9.87715e-16 0)
(-1.12543e-20 -9.87713e-16 0)
(-1.0327e-20 -9.87711e-16 0)
(-9.23319e-21 -9.87709e-16 0)
(-7.94043e-21 -9.87706e-16 0)
(-6.40931e-21 -9.87704e-16 0)
(-4.59381e-21 -9.87701e-16 0)
(-2.44274e-21 -9.87699e-16 0)
(9.6985e-23 -9.87696e-16 0)
(3.07441e-21 -9.87694e-16 0)
(6.5247e-21 -9.87691e-16 0)
(1.04542e-20 -9.87689e-16 0)
(4.79241e-20 -4.99002e-15 0)
(-3.07322e-07 -2.97229e-05 0)
(1.42491e-07 -0.000494918 0)
(-6.35319e-22 -9.87745e-16 0)
(-1.88788e-21 -9.87745e-16 0)
(-3.09839e-21 -9.87745e-16 0)
(-4.25575e-21 -9.87744e-16 0)
(-5.35039e-21 -9.87744e-16 0)
(-6.37415e-21 -9.87743e-16 0)
(-7.32029e-21 -9.87742e-16 0)
(-8.18334e-21 -9.87741e-16 0)
(-8.9591e-21 -9.8774e-16 0)
(-9.64449e-21 -9.87739e-16 0)
(-1.02375e-20 -9.87738e-16 0)
(-1.07369e-20 -9.87737e-16 0)
(-1.11426e-20 -9.87736e-16 0)
(-1.14546e-20 -9.87734e-16 0)
(-1.16738e-20 -9.87733e-16 0)
(-1.18012e-20 -9.87732e-16 0)
(-1.18379e-20 -9.8773e-16 0)
(-1.17848e-20 -9.87729e-16 0)
(-1.16424e-20 -9.87728e-16 0)
(-1.14105e-20 -9.87726e-16 0)
(-1.1088e-20 -9.87725e-16 0)
(-1.06726e-20 -9.87723e-16 0)
(-1.01604e-20 -9.87722e-16 0)
(-9.54535e-21 -9.8772e-16 0)
(-8.81955e-21 -9.87718e-16 0)
(-7.97234e-21 -9.87717e-16 0)
(-6.99034e-21 -9.87715e-16 0)
(-5.8572e-21 -9.87713e-16 0)
(-4.55358e-21 -9.87712e-16 0)
(-3.05737e-21 -9.8771e-16 0)
(-1.34419e-21 -9.87708e-16 0)
(6.11681e-22 -9.87707e-16 0)
(2.83584e-21 -9.87705e-16 0)
(5.35176e-21 -9.87703e-16 0)
(8.1781e-21 -9.87702e-16 0)
(1.13257e-20 -9.877e-16 0)
(1.47945e-20 -9.87699e-16 0)
(6.223e-20 -5.33345e-15 0)
(-2.37643e-07 -2.51221e-05 0)
(1.17314e-07 -0.000499086 0)
(-5.27756e-22 -9.87744e-16 0)
(-1.5678e-21 -9.87743e-16 0)
(-2.57157e-21 -9.87743e-16 0)
(-3.52909e-21 -9.87743e-16 0)
(-4.43169e-21 -9.87742e-16 0)
(-5.27199e-21 -9.87742e-16 0)
(-6.04376e-21 -9.87741e-16 0)
(-6.74196e-21 -9.8774e-16 0)
(-7.36253e-21 -9.87739e-16 0)
(-7.9024e-21 -9.87738e-16 0)
(-8.35932e-21 -9.87737e-16 0)
(-8.73177e-21 -9.87736e-16 0)
(-9.01883e-21 -9.87735e-16 0)
(-9.22001e-21 -9.87734e-16 0)
(-9.33515e-21 -9.87733e-16 0)
(-9.36421e-21 -9.87732e-16 0)
(-9.30715e-21 -9.8773e-16 0)
(-9.1637e-21 -9.87729e-16 0)
(-8.93325e-21 -9.87728e-16 0)
(-8.61459e-21 -9.87727e-16 0)
(-8.2058e-21 -9.87725e-16 0)
(-7.70405e-21 -9.87724e-16 0)
(-7.10542e-21 -9.87723e-16 0)
(-6.40482e-21 -9.87722e-16 0)
(-5.59586e-21 -9.8772e-16 0)
(-4.67082e-21 -9.87719e-16 0)
(-3.62062e-21 -9.87718e-16 0)
(-2.435e-21 -9.87716e-16 0)
(-1.10262e-21 -9.87715e-16 0)
(3.88603e-22 -9.87714e-16 0)
(2.05121e-21 -9.87713e-16 0)
(3.89779e-21 -9.87712e-16 0)
(5.94079e-21 -9.87711e-16 0)
(8.19255e-21 -9.8771e-16 0)
(1.06661e-20 -9.87709e-16 0)
(1.3377e-20 -9.87709e-16 0)
(1.63473e-20 -9.87708e-16 0)
(6.83385e-20 -5.69072e-15 0)
(-1.02813e-07 -2.08384e-05 0)
(9.81087e-08 -0.000501843 0)
(-4.33419e-22 -9.87742e-16 0)
(-1.28706e-21 -9.87742e-16 0)
(-2.10949e-21 -9.87742e-16 0)
(-2.89169e-21 -9.87741e-16 0)
(-3.62577e-21 -9.87741e-16 0)
(-4.30499e-21 -9.87741e-16 0)
(-4.92364e-21 -9.8774e-16 0)
(-5.47699e-21 -9.87739e-16 0)
(-5.96118e-21 -9.87738e-16 0)
(-6.3732e-21 -9.87738e-16 0)
(-6.7107e-21 -9.87737e-16 0)
(-6.97195e-21 -9.87736e-16 0)
(-7.1557e-21 -9.87735e-16 0)
(-7.26107e-21 -9.87734e-16 0)
(-7.28745e-21 -9.87733e-16 0)
(-7.23433e-21 -9.87732e-16 0)
(-7.10122e-21 -9.87731e-16 0)
(-6.88752e-21 -9.8773e-16 0)
(-6.59241e-21 -9.87729e-16 0)
(-6.21474e-21 -9.87728e-16 0)
(-5.75294e-21 -9.87726e-16 0)
(-5.205e-21 -9.87725e-16 0)
(-4.56836e-21 -9.87724e-16 0)
(-3.84e-21 -9.87723e-16 0)
(-3.0164e-21 -9.87722e-16 0)
(-2.09369e-21 -9.87721e-16 0)
(-1.0678e-21 -9.8772e-16 0)
(6.53419e-23 -9.87719e-16 0)
(1.30949e-21 -9.87718e-16 0)
(2.66771e-21 -9.87717e-16 0)
(4.14201e-21 -9.87717e-16 0)
(5.73279e-21 -9.87716e-16 0)
(7.43834e-21 -9.87716e-16 0)
(9.25428e-21 -9.87715e-16 0)
(1.11729e-20 -9.87715e-16 0)
(1.31825e-20 -9.87715e-16 0)
(1.52658e-20 -9.87716e-16 0)
(6.33937e-20 -6.06763e-15 0)
(-5.0878e-09 -1.74507e-05 0)
(8.53825e-08 -0.000503065 0)
(-3.50997e-22 -9.87741e-16 0)
(-1.04178e-21 -9.87741e-16 0)
(-1.70579e-21 -9.87741e-16 0)
(-2.33483e-21 -9.8774e-16 0)
(-2.92173e-21 -9.8774e-16 0)
(-3.46033e-21 -9.8774e-16 0)
(-3.94536e-21 -9.87739e-16 0)
(-4.37244e-21 -9.87738e-16 0)
(-4.73796e-21 -9.87738e-16 0)
(-5.039e-21 -9.87737e-16 0)
(-5.27326e-21 -9.87736e-16 0)
(-5.43899e-21 -9.87736e-16 0)
(-5.53487e-21 -9.87735e-16 0)
(-5.5599e-21 -9.87734e-16 0)
(-5.51338e-21 -9.87733e-16 0)
(-5.39476e-21 -9.87732e-16 0)
(-5.20359e-21 -9.87731e-16 0)
(-4.93945e-21 -9.8773e-16 0)
(-4.60187e-21 -9.87729e-16 0)
(-4.19033e-21 -9.87728e-16 0)
(-3.70418e-21 -9.87727e-16 0)
(-3.14269e-21 -9.87727e-16 0)
(-2.50507e-21 -9.87726e-16 0)
(-1.79052e-21 -9.87725e-16 0)
(-9.98343e-22 -9.87724e-16 0)
(-1.28105e-22 -9.87723e-16 0)
(8.2018e-22 -9.87722e-16 0)
(1.8458e-21 -9.87722e-16 0)
(2.94701e-21 -9.87721e-16 0)
(4.12071e-21 -9.87721e-16 0)
(5.36193e-21 -9.8772e-16 0)
(6.66329e-21 -9.8772e-16 0)
(8.01431e-21 -9.8772e-16 0)
(9.40044e-21 -9.8772e-16 0)
(1.08018e-20 -9.8772e-16 0)
(1.21915e-20 -9.8772e-16 0)
(1.35327e-20 -9.8772e-16 0)
(5.57742e-20 -6.45662e-15 0)
(-8.76044e-11 -1.48652e-05 0)
(7.65623e-08 -0.000503591 0)
(-2.79335e-22 -9.8774e-16 0)
(-8.28539e-22 -9.8774e-16 0)
(-1.35485e-21 -9.8774e-16 0)
(-1.85083e-21 -9.8774e-16 0)
(-2.30994e-21 -9.87739e-16 0)
(-2.72657e-21 -9.87739e-16 0)
(-3.09589e-21 -9.87738e-16 0)
(-3.41386e-21 -9.87738e-16 0)
(-3.67714e-21 -9.87737e-16 0)
(-3.883e-21 -9.87737e-16 0)
(-4.0293e-21 -9.87736e-16 0)
(-4.11439e-21 -9.87735e-16 0)
(-4.13703e-21 -9.87735e-16 0)
(-4.09635e-21 -9.87734e-16 0)
(-3.99177e-21 -9.87733e-16 0)
(-3.82295e-21 -9.87732e-16 0)
(-3.58974e-21 -9.87732e-16 0)
(-3.29215e-21 -9.87731e-16 0)
(-2.9303e-21 -9.8773e-16 0)
(-2.50445e-21 -9.87729e-16 0)
(-2.01497e-21 -9.87729e-16 0)
(-1.46238e-21 -9.87728e-16 0)
(-8.47432e-22 -9.87727e-16 0)
(-1.71117e-22 -9.87726e-16 0)
(5.65173e-22 -9.87726e-16 0)
(1.35955e-21 -9.87725e-16 0)
(2.20948e-21 -9.87725e-16 0)
(3.1116e-21 -9.87724e-16 0)
(4.06152e-21 -9.87724e-16 0)
(5.05365e-21 -9.87723e-16 0)
(6.08094e-21 -9.87723e-16 0)
(7.13471e-21 -9.87723e-16 0)
(8.20451e-21 -9.87723e-16 0)
(9.27803e-21 -9.87723e-16 0)
(1.03413e-20 -9.87723e-16 0)
(1.13789e-20 -9.87723e-16 0)
(1.23755e-20 -9.87723e-16 0)
(5.30652e-20 -6.80263e-15 0)
(1.66689e-11 -1.27046e-05 0)
(6.7977e-08 -0.000503998 0)
(-2.17406e-22 -9.87739e-16 0)
(-6.44275e-22 -9.87739e-16 0)
(-1.05166e-21 -9.87739e-16 0)
(-1.4328e-21 -9.87739e-16 0)
(-1.78175e-21 -9.87739e-16 0)
(-2.0934e-21 -9.87738e-16 0)
(-2.36334e-21 -9.87738e-16 0)
(-2.58789e-21 -9.87737e-16 0)
(-2.76399e-21 -9.87737e-16 0)
(-2.88917e-21 -9.87736e-16 0)
(-2.96149e-21 -9.87736e-16 0)
(-2.97948e-21 -9.87735e-16 0)
(-2.94211e-21 -9.87735e-16 0)
(-2.8487e-21 -9.87734e-16 0)
(-2.69894e-21 -9.87733e-16 0)
(-2.49279e-21 -9.87733e-16 0)
(-2.23049e-21 -9.87732e-16 0)
(-1.91251e-21 -9.87732e-16 0)
(-1.5396e-21 -9.87731e-16 0)
(-1.11271e-21 -9.8773e-16 0)
(-6.33074e-22 -9.8773e-16 0)
(-1.02191e-22 -9.87729e-16 0)
(4.78112e-22 -9.87728e-16 0)
(1.10564e-21 -9.87728e-16 0)
(1.77777e-21 -9.87727e-16 0)
(2.49138e-21 -9.87727e-16 0)
(3.24277e-21 -9.87726e-16 0)
(4.02758e-21 -9.87726e-16 0)
(4.84075e-21 -9.87726e-16 0)
(5.67641e-21 -9.87726e-16 0)
(6.52788e-21 -9.87725e-16 0)
(7.38763e-21 -9.87725e-16 0)
(8.24734e-21 -9.87725e-16 0)
(9.09797e-21 -9.87725e-16 0)
(9.92994e-21 -9.87725e-16 0)
(1.07333e-20 -9.87725e-16 0)
(1.14979e-20 -9.87726e-16 0)
(5.01433e-20 -7.01492e-15 0)
(1.79838e-11 -1.08184e-05 0)
(6.0659e-08 -0.000504306 0)
(-1.64287e-22 -9.87739e-16 0)
(-4.86245e-22 -9.87739e-16 0)
(-7.917e-22 -9.87739e-16 0)
(-1.07451e-21 -9.87738e-16 0)
(-1.32928e-21 -9.87738e-16 0)
(-1.55136e-21 -9.87738e-16 0)
(-1.73675e-21 -9.87738e-16 0)
(-1.8821e-21 -9.87737e-16 0)
(-1.98465e-21 -9.87737e-16 0)
(-2.0422e-21 -9.87736e-16 0)
(-2.05303e-21 -9.87736e-16 0)
(-2.01589e-21 -9.87735e-16 0)
(-1.92998e-21 -9.87735e-16 0)
(-1.79487e-21 -9.87734e-16 0)
(-1.61048e-21 -9.87734e-16 0)
(-1.3771e-21 -9.87733e-16 0)
(-1.09531e-21 -9.87733e-16 0)
(-7.66039e-22 -9.87732e-16 0)
(-3.90483e-22 -9.87732e-16 0)
(2.9838e-23 -9.87731e-16 0)
(4.93093e-22 -9.87731e-16 0)
(9.97128e-22 -9.8773e-16 0)
(1.53945e-21 -9.8773e-16 0)
(2.11719e-21 -9.87729e-16 0)
(2.72715e-21 -9.87729e-16 0)
(3.36568e-21 -9.87728e-16 0)
(4.02879e-21 -9.87728e-16 0)
(4.71205e-21 -9.87728e-16 0)
(5.41065e-21 -9.87728e-16 0)
(6.11944e-21 -9.87727e-16 0)
(6.83291e-21 -9.87727e-16 0)
(7.54535e-21 -9.87727e-16 0)
(8.25088e-21 -9.87727e-16 0)
(8.94359e-21 -9.87727e-16 0)
(9.61769e-21 -9.87727e-16 0)
(1.02677e-20 -9.87727e-16 0)
(1.08887e-20 -9.87728e-16 0)
(4.79446e-20 -7.03649e-15 0)
(1.93649e-11 -9.13253e-06 0)
(5.36923e-08 -0.000504538 0)
(-1.19144e-22 -9.87738e-16 0)
(-3.51963e-22 -9.87738e-16 0)
(-5.70877e-22 -9.87738e-16 0)
(-7.70306e-22 -9.87738e-16 0)
(-9.4536e-22 -9.87738e-16 0)
(-1.0918e-21 -9.87738e-16 0)
(-1.20602e-21 -9.87737e-16 0)
(-1.28498e-21 -9.87737e-16 0)
(-1.32621e-21 -9.87737e-16 0)
(-1.32773e-21 -9.87736e-16 0)
(-1.28806e-21 -9.87736e-16 0)
(-1.20616e-21 -9.87736e-16 0)
(-1.08141e-21 -9.87735e-16 0)
(-9.13595e-22 -9.87735e-16 0)
(-7.02867e-22 -9.87734e-16 0)
(-4.49744e-22 -9.87734e-16 0)
(-1.55093e-22 -9.87733e-16 0)
(1.79882e-22 -9.87733e-16 0)
(5.53635e-22 -9.87732e-16 0)
(9.64291e-22 -9.87732e-16 0)
(1.40964e-21 -9.87732e-16 0)
(1.88715e-21 -9.87731e-16 0)
(2.39394e-21 -9.87731e-16 0)
(2.92686e-21 -9.8773e-16 0)
(3.48241e-21 -9.8773e-16 0)
(4.05685e-21 -9.8773e-16 0)
(4.6462e-21 -9.8773e-16 0)
(5.24628e-21 -9.87729e-16 0)
(5.85279e-21 -9.87729e-16 0)
(6.46138e-21 -9.87729e-16 0)
(7.06775e-21 -9.87729e-16 0)
(7.66772e-21 -9.87729e-16 0)
(8.25736e-21 -9.87729e-16 0)
(8.8331e-21 -9.87729e-16 0)
(9.39184e-21 -9.87729e-16 0)
(9.93105e-21 -9.87729e-16 0)
(1.04489e-20 -9.87729e-16 0)
(4.4958e-20 -6.81475e-15 0)
(1.90449e-11 -7.60377e-06 0)
(4.70841e-08 -0.000504692 0)
(-8.122e-23 -9.87738e-16 0)
(-2.39178e-22 -9.87738e-16 0)
(-3.85478e-22 -9.87738e-16 0)
(-5.15053e-22 -9.87738e-16 0)
(-6.2346e-22 -9.87738e-16 0)
(-7.06855e-22 -9.87738e-16 0)
(-7.61958e-22 -9.87737e-16 0)
(-7.86028e-22 -9.87737e-16 0)
(-7.76827e-22 -9.87737e-16 0)
(-7.32599e-22 -9.87736e-16 0)
(-6.52036e-22 -9.87736e-16 0)
(-5.34259e-22 -9.87736e-16 0)
(-3.78797e-22 -9.87735e-16 0)
(-1.85567e-22 -9.87735e-16 0)
(4.51397e-23 -9.87735e-16 0)
(3.12666e-22 -9.87734e-16 0)
(6.15998e-22 -9.87734e-16 0)
(9.53771e-22 -9.87734e-16 0)
(1.32427e-21 -9.87733e-16 0)
(1.72544e-21 -9.87733e-16 0)
(2.15489e-21 -9.87733e-16 0)
(2.60987e-21 -9.87732e-16 0)
(3.08736e-21 -9.87732e-16 0)
(3.584e-21 -9.87732e-16 0)
(4.0962e-21 -9.87731e-16 0)
(4.62013e-21 -9.87731e-16 0)
(5.15184e-21 -9.87731e-16 0)
(5.68729e-21 -9.87731e-16 0)
(6.22245e-21 -9.87731e-16 0)
(6.75344e-21 -9.8773e-16 0)
(7.27663e-21 -9.8773e-16 0)
(7.78877e-21 -9.8773e-16 0)
(8.2871e-21 -9.8773e-16 0)
(8.76948e-21 -9.8773e-16 0)
(9.23446e-21 -9.8773e-16 0)
(9.68136e-21 -9.8773e-16 0)
(1.01102e-20 -9.8773e-16 0)
(4.13334e-20 -6.39378e-15 0)
(1.73217e-11 -6.20898e-06 0)
(4.08327e-08 -0.000504771 0)
(-4.98317e-23 -9.87738e-16 0)
(-1.45854e-22 -9.87738e-16 0)
(-2.32147e-22 -9.87738e-16 0)
(-3.04106e-22 -9.87738e-16 0)
(-3.57694e-22 -9.87738e-16 0)
(-3.89412e-22 -9.87737e-16 0)
(-3.96275e-22 -9.87737e-16 0)
(-3.75789e-22 -9.87737e-16 0)
(-3.25917e-22 -9.87737e-16 0)
(-2.45065e-22 -9.87737e-16 0)
(-1.32052e-22 -9.87736e-16 0)
(1.39039e-23 -9.87736e-16 0)
(1.93206e-22 -9.87736e-16 0)
(4.05889e-22 -9.87735e-16 0)
(6.51632e-22 -9.87735e-16 0)
(9.29761e-22 -9.87735e-16 0)
(1.23926e-21 -9.87735e-16 0)
(1.57875e-21 -9.87734e-16 0)
(1.94654e-21 -9.87734e-16 0)
(2.34055e-21 -9.87734e-16 0)
(2.75837e-21 -9.87733e-16 0)
(3.19725e-21 -9.87733e-16 0)
(3.65408e-21 -9.87733e-16 0)
(4.12543e-21 -9.87733e-16 0)
(4.60759e-21 -9.87732e-16 0)
(5.09657e-21 -9.87732e-16 0)
(5.5882e-21 -9.87732e-16 0)
(6.07822e-21 -9.87732e-16 0)
(6.56236e-21 -9.87732e-16 0)
(7.03652e-21 -9.87732e-16 0)
(7.49692e-21 -9.87731e-16 0)
(7.94028e-21 -9.87731e-16 0)
(8.36403e-21 -9.87731e-16 0)
(8.76646e-21 -9.87731e-16 0)
(9.14688e-21 -9.87731e-16 0)
(9.50567e-21 -9.87731e-16 0)
(9.84426e-21 -9.87731e-16 0)
(3.71153e-20 -5.79083e-15 0)
(1.46276e-11 -4.93678e-06 0)
(3.49496e-08 -0.000504782 0)
(-2.43621e-23 -9.87738e-16 0)
(-7.01544e-23 -9.87738e-16 0)
(-1.07859e-22 -9.87738e-16 0)
(-1.33291e-22 -9.87738e-16 0)
(-1.42772e-22 -9.87738e-16 0)
(-1.33112e-22 -9.87737e-16 0)
(-1.01582e-22 -9.87737e-16 0)
(-4.58889e-23 -9.87737e-16 0)
(3.58448e-23 -9.87737e-16 0)
(1.45104e-22 -9.87737e-16 0)
(2.83001e-22 -9.87737e-16 0)
(4.50292e-22 -9.87736e-16 0)
(6.47393e-22 -9.87736e-16 0)
(8.74387e-22 -9.87736e-16 0)
(1.13104e-21 -9.87736e-16 0)
(1.4168e-21 -9.87735e-16 0)
(1.73079e-21 -9.87735e-16 0)
(2.07181e-21 -9.87735e-16 0)
(2.43836e-21 -9.87735e-16 0)
(2.82857e-21 -9.87735e-16 0)
(3.24022e-21 -9.87734e-16 0)
(3.67072e-21 -9.87734e-16 0)
(4.1171e-21 -9.87734e-16 0)
(4.57596e-21 -9.87734e-16 0)
(5.04351e-21 -9.87734e-16 0)
(5.51553e-21 -9.87733e-16 0)
(5.98742e-21 -9.87733e-16 0)
(6.45422e-21 -9.87733e-16 0)
(6.91074e-21 -9.87733e-16 0)
(7.3517e-21 -9.87733e-16 0)
(7.77193e-21 -9.87733e-16 0)
(8.16669e-21 -9.87732e-16 0)
(8.53197e-21 -9.87732e-16 0)
(8.86498e-21 -9.87732e-16 0)
(9.1645e-21 -9.87732e-16 0)
(9.43123e-21 -9.87732e-16 0)
(9.668e-21 -9.87732e-16 0)
(3.2424e-20 -5.02978e-15 0)
(1.14732e-11 -3.78079e-06 0)
(2.9413e-08 -0.000504732 0)
(-4.25331e-24 -9.87738e-16 0)
(-1.04196e-23 -9.87738e-16 0)
(-9.88583e-24 -9.87738e-16 0)
(1.1535e-24 -9.87738e-16 0)
(2.60484e-23 -9.87738e-16 0)
(6.77171e-23 -9.87737e-16 0)
(1.28669e-22 -9.87737e-16 0)
(2.11028e-22 -9.87737e-16 0)
(3.16555e-22 -9.87737e-16 0)
(4.4667e-22 -9.87737e-16 0)
(6.02468e-22 -9.87737e-16 0)
(7.84742e-22 -9.87737e-16 0)
(9.93993e-22 -9.87736e-16 0)
(1.23045e-21 -9.87736e-16 0)
(1.49406e-21 -9.87736e-16 0)
(1.78453e-21 -9.87736e-16 0)
(2.10129e-21 -9.87736e-16 0)
(2.4435e-21 -9.87736e-16 0)
(2.81007e-21 -9.87735e-16 0)
(3.19958e-21 -9.87735e-16 0)
(3.61031e-21 -9.87735e-16 0)
(4.04017e-21 -9.87735e-16 0)
(4.48663e-21 -9.87735e-16 0)
(4.94672e-21 -9.87735e-16 0)
(5.41686e-21 -9.87735e-16 0)
(5.89286e-21 -9.87734e-16 0)
(6.36975e-21 -9.87734e-16 0)
(6.84175e-21 -9.87734e-16 0)
(7.30222e-21 -9.87734e-16 0)
(7.74363e-21 -9.87734e-16 0)
(8.15774e-21 -9.87734e-16 0)
(8.53592e-21 -9.87733e-16 0)
(8.86966e-21 -9.87733e-16 0)
(9.15144e-21 -9.87733e-16 0)
(9.37587e-21 -9.87733e-16 0)
(9.54111e-21 -9.87733e-16 0)
(9.65014e-21 -9.87733e-16 0)
(2.7587e-20 -4.13963e-15 0)
(8.33302e-12 -2.73742e-06 0)
(2.41534e-08 -0.000504628 0)
(1.10033e-23 -9.87738e-16 0)
(3.48618e-23 -9.87738e-16 0)
(6.4254e-23 -9.87738e-16 0)
(1.02633e-22 -9.87738e-16 0)
(1.53047e-22 -9.87738e-16 0)
(2.18168e-22 -9.87738e-16 0)
(3.00309e-22 -9.87738e-16 0)
(4.0145e-22 -9.87737e-16 0)
(5.23263e-22 -9.87737e-16 0)
(6.6713e-22 -9.87737e-16 0)
(8.34166e-22 -9.87737e-16 0)
(1.02524e-21 -9.87737e-16 0)
(1.24099e-21 -9.87737e-16 0)
(1.48185e-21 -9.87737e-16 0)
(1.74804e-21 -9.87737e-16 0)
(2.03962e-21 -9.87737e-16 0)
(2.35645e-21 -9.87736e-16 0)
(2.69823e-21 -9.87736e-16 0)
(3.06449e-21 -9.87736e-16 0)
(3.45455e-21 -9.87736e-16 0)
(3.86755e-21 -9.87736e-16 0)
(4.30234e-21 -9.87736e-16 0)
(4.75746e-21 -9.87736e-16 0)
(5.23104e-21 -9.87736e-16 0)
(5.7206e-21 -9.87736e-16 0)
(6.22292e-21 -9.87736e-16 0)
(6.73373e-21 -9.87735e-16 0)
(7.24738e-21 -9.87735e-16 0)
(7.75643e-21 -9.87735e-16 0)
(8.25116e-21 -9.87735e-16 0)
(8.71916e-21 -9.87735e-16 0)
(9.14499e-21 -9.87734e-16 0)
(9.51026e-21 -9.87734e-16 0)
(9.79439e-21 -9.87734e-16 0)
(9.97663e-21 -9.87733e-16 0)
(1.00399e-20 -9.87733e-16 0)
(9.9769e-21 -9.87733e-16 0)
(2.29094e-20 -3.15932e-15 0)
(5.50259e-12 -1.80597e-06 0)
(1.90458e-08 -0.000504475 0)
(2.18784e-23 -9.87738e-16 0)
(6.70874e-23 -9.87738e-16 0)
(1.16851e-22 -9.87738e-16 0)
(1.74286e-22 -9.87738e-16 0)
(2.42156e-22 -9.87738e-16 0)
(3.22897e-22 -9.87738e-16 0)
(4.18637e-22 -9.87738e-16 0)
(5.31225e-22 -9.87738e-16 0)
(6.6225e-22 -9.87738e-16 0)
(8.13067e-22 -9.87737e-16 0)
(9.84818e-22 -9.87737e-16 0)
(1.17846e-21 -9.87737e-16 0)
(1.39478e-21 -9.87737e-16 0)
(1.63442e-21 -9.87737e-16 0)
(1.89792e-21 -9.87737e-16 0)
(2.1857e-21 -9.87737e-16 0)
(2.49813e-21 -9.87737e-16 0)
(2.83553e-21 -9.87737e-16 0)
(3.19817e-21 -9.87737e-16 0)
(3.58632e-21 -9.87737e-16 0)
(4.00027e-21 -9.87737e-16 0)
(4.44028e-21 -9.87737e-16 0)
(4.90663e-21 -9.87737e-16 0)
(5.39948e-21 -9.87737e-16 0)
(5.91887e-21 -9.87737e-16 0)
(6.46446e-21 -9.87737e-16 0)
(7.03524e-21 -9.87737e-16 0)
(7.62902e-21 -9.87737e-16 0)
(8.24163e-21 -9.87736e-16 0)
(8.86571e-21 -9.87736e-16 0)
(9.4889e-21 -9.87736e-16 0)
(1.00914e-20 -9.87736e-16 0)
(1.06425e-20 -9.87735e-16 0)
(1.10975e-20 -9.87734e-16 0)
(1.13941e-20 -9.87734e-16 0)
(1.14532e-20 -9.87733e-16 0)
(1.119e-20 -9.87732e-16 0)
(1.9076e-20 -2.15259e-15 0)
(3.0737e-12 -9.89516e-07 0)
(1.39351e-08 -0.000504276 0)
(2.88174e-23 -9.87738e-16 0)
(8.75801e-23 -9.87738e-16 0)
(1.50072e-22 -9.87738e-16 0)
(2.1908e-22 -9.87738e-16 0)
(2.97087e-22 -9.87738e-16 0)
(3.86294e-22 -9.87738e-16 0)
(4.88643e-22 -9.87738e-16 0)
(6.05843e-22 -9.87738e-16 0)
(7.39392e-22 -9.87738e-16 0)
(8.90603e-22 -9.87738e-16 0)
(1.06062e-21 -9.87738e-16 0)
(1.25047e-21 -9.87738e-16 0)
(1.46105e-21 -9.87738e-16 0)
(1.69317e-21 -9.87738e-16 0)
(1.94763e-21 -9.87738e-16 0)
(2.22517e-21 -9.87738e-16 0)
(2.52657e-21 -9.87738e-16 0)
(2.85269e-21 -9.87738e-16 0)
(3.2045e-21 -9.87738e-16 0)
(3.58314e-21 -9.87738e-16 0)
(3.99003e-21 -9.87738e-16 0)
(4.42692e-21 -9.87738e-16 0)
(4.896e-21 -9.87738e-16 0)
(5.40005e-21 -9.87738e-16 0)
(5.94258e-21 -9.87738e-16 0)
(6.52795e-21 -9.87738e-16 0)
(7.16156e-21 -9.87738e-16 0)
(7.84994e-21 -9.87738e-16 0)
(8.60058e-21 -9.87738e-16 0)
(9.42148e-21 -9.87738e-16 0)
(1.03196e-20 -9.87738e-16 0)
(1.12974e-20 -9.87738e-16 0)
(1.23456e-20 -9.87737e-16 0)
(1.34282e-20 -9.87736e-16 0)
(1.44535e-20 -9.87735e-16 0)
(1.52177e-20 -9.87733e-16 0)
(1.52988e-20 -9.87731e-16 0)
(1.80777e-20 -1.31946e-15 0)
(3.90616e-13 -3.05378e-07 0)
(8.71867e-09 -0.000252083 0)
(3.22535e-23 -9.87738e-16 0)
(9.76262e-23 -9.87738e-16 0)
(1.66026e-22 -9.87738e-16 0)
(2.39908e-22 -9.87738e-16 0)
(3.21466e-22 -9.87738e-16 0)
(4.12658e-22 -9.87738e-16 0)
(5.15226e-22 -9.87738e-16 0)
(6.30721e-22 -9.87738e-16 0)
(7.60525e-22 -9.87738e-16 0)
(9.05871e-22 -9.87738e-16 0)
(1.06787e-21 -9.87738e-16 0)
(1.24755e-21 -9.87738e-16 0)
(1.44584e-21 -9.87738e-16 0)
(1.66365e-21 -9.87738e-16 0)
(1.90188e-21 -9.87738e-16 0)
(2.16145e-21 -9.87738e-16 0)
(2.44337e-21 -9.87738e-16 0)
(2.74876e-21 -9.87738e-16 0)
(3.07894e-21 -9.87738e-16 0)
(3.43552e-21 -9.87739e-16 0)
(3.82047e-21 -9.87739e-16 0)
(4.23633e-21 -9.87739e-16 0)
(4.68633e-21 -9.87739e-16 0)
(5.17474e-21 -9.87739e-16 0)
(5.70722e-21 -9.87739e-16 0)
(6.29144e-21 -9.87739e-16 0)
(6.93795e-21 -9.8774e-16 0)
(7.66161e-21 -9.8774e-16 0)
(8.48379e-21 -9.8774e-16 0)
(9.43606e-21 -9.8774e-16 0)
(1.05663e-20 -9.87741e-16 0)
(1.19493e-20 -9.87741e-16 0)
(1.37044e-20 -9.87741e-16 0)
(1.60271e-20 -9.87741e-16 0)
(1.92439e-20 -9.87741e-16 0)
(2.39083e-20 -9.87742e-16 0)
(3.09705e-20 -9.87742e-16 0)
(4.20565e-20 -9.87742e-16 0)
(4.35678e-20 -9.87742e-16 0)
(-7.34059e-19 -9.8774e-16 0)
(3.26184e-23 -9.87738e-16 0)
(9.85095e-23 -9.87738e-16 0)
(1.66822e-22 -9.87738e-16 0)
(2.39669e-22 -9.87738e-16 0)
(3.18944e-22 -9.87738e-16 0)
(4.06345e-22 -9.87738e-16 0)
(5.03393e-22 -9.87738e-16 0)
(6.11453e-22 -9.87738e-16 0)
(7.31757e-22 -9.87738e-16 0)
(8.65418e-22 -9.87738e-16 0)
(1.01346e-21 -9.87738e-16 0)
(1.17682e-21 -9.87738e-16 0)
(1.3564e-21 -9.87738e-16 0)
(1.55306e-21 -9.87738e-16 0)
(1.76768e-21 -9.87739e-16 0)
(2.00115e-21 -9.87739e-16 0)
(2.25443e-21 -9.87739e-16 0)
(2.52857e-21 -9.87739e-16 0)
(2.82478e-21 -9.87739e-16 0)
(3.14448e-21 -9.87739e-16 0)
(3.48936e-21 -9.87739e-16 0)
(3.86145e-21 -9.8774e-16 0)
(4.2633e-21 -9.8774e-16 0)
(4.69803e-21 -9.8774e-16 0)
(5.16957e-21 -9.8774e-16 0)
(5.68284e-21 -9.87741e-16 0)
(6.24397e-21 -9.87741e-16 0)
(6.86055e-21 -9.87741e-16 0)
(7.54179e-21 -9.87742e-16 0)
(8.29834e-21 -9.87742e-16 0)
(9.14155e-21 -9.87743e-16 0)
(1.00811e-20 -9.87744e-16 0)
(1.11198e-20 -9.87745e-16 0)
(1.22416e-20 -9.87746e-16 0)
(1.33879e-20 -9.87748e-16 0)
(1.44103e-20 -9.8775e-16 0)
(1.49794e-20 -9.87754e-16 0)
(1.44125e-20 -9.87759e-16 0)
(1.13556e-20 -9.87767e-16 0)
(5.18885e-21 -9.87773e-16 0)
(3.03512e-23 -9.87738e-16 0)
(9.15371e-23 -9.87738e-16 0)
(1.54614e-22 -9.87738e-16 0)
(2.21337e-22 -9.87738e-16 0)
(2.93284e-22 -9.87738e-16 0)
(3.71875e-22 -9.87738e-16 0)
(4.58386e-22 -9.87738e-16 0)
(5.53971e-22 -9.87738e-16 0)
(6.59674e-22 -9.87738e-16 0)
(7.76447e-22 -9.87738e-16 0)
(9.05165e-22 -9.87739e-16 0)
(1.04664e-21 -9.87739e-16 0)
(1.20164e-21 -9.87739e-16 0)
(1.37089e-21 -9.87739e-16 0)
(1.55511e-21 -9.87739e-16 0)
(1.75501e-21 -9.87739e-16 0)
(1.9713e-21 -9.87739e-16 0)
(2.20472e-21 -9.87739e-16 0)
(2.45602e-21 -9.8774e-16 0)
(2.72599e-21 -9.8774e-16 0)
(3.01546e-21 -9.8774e-16 0)
(3.32528e-21 -9.8774e-16 0)
(3.65625e-21 -9.87741e-16 0)
(4.00915e-21 -9.87741e-16 0)
(4.38455e-21 -9.87741e-16 0)
(4.78267e-21 -9.87742e-16 0)
(5.20304e-21 -9.87742e-16 0)
(5.64403e-21 -9.87743e-16 0)
(6.102e-21 -9.87743e-16 0)
(6.57007e-21 -9.87744e-16 0)
(7.03625e-21 -9.87745e-16 0)
(7.48058e-21 -9.87746e-16 0)
(7.87135e-21 -9.87747e-16 0)
(8.16005e-21 -9.87748e-16 0)
(8.27572e-21 -9.87749e-16 0)
(8.12051e-21 -9.87751e-16 0)
(7.57086e-21 -9.87753e-16 0)
(6.49515e-21 -9.87755e-16 0)
(4.80933e-21 -9.87757e-16 0)
(2.61441e-21 -9.87758e-16 0)
(2.59033e-23 -9.87738e-16 0)
(7.80543e-23 -9.87738e-16 0)
(1.31622e-22 -9.87738e-16 0)
(1.87989e-22 -9.87738e-16 0)
(2.48402e-22 -9.87738e-16 0)
(3.13983e-22 -9.87738e-16 0)
(3.85746e-22 -9.87738e-16 0)
(4.64606e-22 -9.87739e-16 0)
(5.51396e-22 -9.87739e-16 0)
(6.46873e-22 -9.87739e-16 0)
(7.51731e-22 -9.87739e-16 0)
(8.66607e-22 -9.87739e-16 0)
(9.9209e-22 -9.87739e-16 0)
(1.12873e-21 -9.87739e-16 0)
(1.27702e-21 -9.87739e-16 0)
(1.43742e-21 -9.87739e-16 0)
(1.61034e-21 -9.8774e-16 0)
(1.79612e-21 -9.8774e-16 0)
(1.99502e-21 -9.8774e-16 0)
(2.20717e-21 -9.8774e-16 0)
(2.43254e-21 -9.87741e-16 0)
(2.67086e-21 -9.87741e-16 0)
(2.92149e-21 -9.87741e-16 0)
(3.18335e-21 -9.87742e-16 0)
(3.45466e-21 -9.87742e-16 0)
(3.73274e-21 -9.87743e-16 0)
(4.01364e-21 -9.87743e-16 0)
(4.29172e-21 -9.87744e-16 0)
(4.55914e-21 -9.87744e-16 0)
(4.80518e-21 -9.87745e-16 0)
(5.01559e-21 -9.87746e-16 0)
(5.17193e-21 -9.87746e-16 0)
(5.25115e-21 -9.87747e-16 0)
(5.22584e-21 -9.87748e-16 0)
(5.06552e-21 -9.87749e-16 0)
(4.73996e-21 -9.8775e-16 0)
(4.22526e-21 -9.87751e-16 0)
(3.51326e-21 -9.87752e-16 0)
(2.62359e-21 -9.87753e-16 0)
(1.61359e-21 -9.87753e-16 0)
(1.97404e-23 -9.87738e-16 0)
(5.94505e-23 -9.87738e-16 0)
(1.00144e-22 -9.87738e-16 0)
(1.42819e-22 -9.87738e-16 0)
(1.88376e-22 -9.87738e-16 0)
(2.37626e-22 -9.87739e-16 0)
(2.91302e-22 -9.87739e-16 0)
(3.50068e-22 -9.87739e-16 0)
(4.14525e-22 -9.87739e-16 0)
(4.85219e-22 -9.87739e-16 0)
(5.62646e-22 -9.87739e-16 0)
(6.47253e-22 -9.87739e-16 0)
(7.39442e-22 -9.87739e-16 0)
(8.39567e-22 -9.87739e-16 0)
(9.47929e-22 -9.8774e-16 0)
(1.06476e-21 -9.8774e-16 0)
(1.19023e-21 -9.8774e-16 0)
(1.32439e-21 -9.8774e-16 0)
(1.46715e-21 -9.8774e-16 0)
(1.61824e-21 -9.87741e-16 0)
(1.77718e-21 -9.87741e-16 0)
(1.94312e-21 -9.87741e-16 0)
(2.11484e-21 -9.87742e-16 0)
(2.29057e-21 -9.87742e-16 0)
(2.46789e-21 -9.87743e-16 0)
(2.64352e-21 -9.87743e-16 0)
(2.81323e-21 -9.87744e-16 0)
(2.97157e-21 -9.87744e-16 0)
(3.11181e-21 -9.87745e-16 0)
(3.2258e-21 -9.87745e-16 0)
(3.30401e-21 -9.87746e-16 0)
(3.33578e-21 -9.87747e-16 0)
(3.30977e-21 -9.87747e-16 0)
(3.21489e-21 -9.87748e-16 0)
(3.04165e-21 -9.87749e-16 0)
(2.78392e-21 -9.87749e-16 0)
(2.44115e-21 -9.8775e-16 0)
(2.02034e-21 -9.8775e-16 0)
(1.53737e-21 -9.87751e-16 0)
(1.01639e-21 -9.87751e-16 0)
(1.23417e-23 -9.87738e-16 0)
(3.71561e-23 -9.87738e-16 0)
(6.25493e-23 -9.87738e-16 0)
(8.91245e-23 -9.87738e-16 0)
(1.17425e-22 -9.87739e-16 0)
(1.47943e-22 -9.87739e-16 0)
(1.8112e-22 -9.87739e-16 0)
(2.17358e-22 -9.87739e-16 0)
(2.5702e-22 -9.87739e-16 0)
(3.00432e-22 -9.87739e-16 0)
(3.47891e-22 -9.87739e-16 0)
(3.99656e-22 -9.87739e-16 0)
(4.55958e-22 -9.87739e-16 0)
(5.16986e-22 -9.8774e-16 0)
(5.82889e-22 -9.8774e-16 0)
(6.5376e-22 -9.8774e-16 0)
(7.29625e-22 -9.8774e-16 0)
(8.1042e-22 -9.8774e-16 0)
(8.95965e-22 -9.87741e-16 0)
(9.85933e-22 -9.87741e-16 0)
(1.0798e-21 -9.87741e-16 0)
(1.17681e-21 -9.87742e-16 0)
(1.2759e-21 -9.87742e-16 0)
(1.37563e-21 -9.87742e-16 0)
(1.47414e-21 -9.87743e-16 0)
(1.56906e-21 -9.87743e-16 0)
(1.65749e-21 -9.87744e-16 0)
(1.73593e-21 -9.87744e-16 0)
(1.80034e-21 -9.87745e-16 0)
(1.84618e-21 -9.87745e-16 0)
(1.86862e-21 -9.87746e-16 0)
(1.86276e-21 -9.87747e-16 0)
(1.82408e-21 -9.87747e-16 0)
(1.74889e-21 -9.87748e-16 0)
(1.63493e-21 -9.87748e-16 0)
(1.48203e-21 -9.87749e-16 0)
(1.29252e-21 -9.87749e-16 0)
(1.07159e-21 -9.87749e-16 0)
(8.2707e-22 -9.8775e-16 0)
(5.68834e-22 -9.8775e-16 0)
(4.19705e-24 -9.87738e-16 0)
(1.26337e-23 -9.87738e-16 0)
(2.12614e-23 -9.87738e-16 0)
(3.0282e-23 -9.87739e-16 0)
(3.98772e-23 -9.87739e-16 0)
(5.02114e-23 -9.87739e-16 0)
(6.14328e-23 -9.87739e-16 0)
(7.36755e-23 -9.87739e-16 0)
(8.70606e-23 -9.87739e-16 0)
(1.01697e-22 -9.87739e-16 0)
(1.17682e-22 -9.87739e-16 0)
(1.35102e-22 -9.87739e-16 0)
(1.54029e-22 -9.87739e-16 0)
(1.74524e-22 -9.8774e-16 0)
(1.96629e-22 -9.8774e-16 0)
(2.20365e-22 -9.8774e-16 0)
(2.45729e-22 -9.8774e-16 0)
(2.7268e-22 -9.87741e-16 0)
(3.01135e-22 -9.87741e-16 0)
(3.30955e-22 -9.87741e-16 0)
(3.61928e-22 -9.87741e-16 0)
(3.93755e-22 -9.87742e-16 0)
(4.26028e-22 -9.87742e-16 0)
(4.58213e-22 -9.87743e-16 0)
(4.89629e-22 -9.87743e-16 0)
(5.19438e-22 -9.87743e-16 0)
(5.46633e-22 -9.87744e-16 0)
(5.70043e-22 -9.87744e-16 0)
(5.88357e-22 -9.87745e-16 0)
(6.00168e-22 -9.87745e-16 0)
(6.04043e-22 -9.87746e-16 0)
(5.98622e-22 -9.87746e-16 0)
(5.82747e-22 -9.87747e-16 0)
(5.55603e-22 -9.87747e-16 0)
(5.1687e-22 -9.87748e-16 0)
(4.66851e-22 -9.87748e-16 0)
(4.06546e-22 -9.87749e-16 0)
(3.37653e-22 -9.87749e-16 0)
(2.62475e-22 -9.87749e-16 0)
(1.83716e-22 -9.87749e-16 0)
(1.18152e-05 -7.34069e-05 0)
(5.59385e-05 -5.34897e-05 0)
(8.97323e-05 -4.21713e-05 0)
(0.000118654 -3.84203e-05 0)
(0.000137461 -1.36534e-05 0)
(0.000142279 -2.73092e-07 0)
(0.00014208 -3.32294e-07 0)
(0.00014185 -4.0864e-07 0)
(0.000141579 -5.10805e-07 0)
(0.000141257 -6.52088e-07 0)
(0.000140869 -8.54918e-07 0)
(0.000140388 -1.15873e-06 0)
(0.000139776 -1.6385e-06 0)
(0.000138962 -2.4589e-06 0)
(0.000137792 -4.04679e-06 0)
(0.000135798 -7.95668e-06 0)
(0.000129195 -2.85554e-05 0)
(6.20262e-05 -1.48879e-05 0)
(8.35963e-08 -1.05106e-12 0)
(1.14681e-15 -9.85716e-13 0)
(7.82342e-16 -9.8585e-13 0)
(6.00614e-16 -9.85928e-13 0)
(4.77996e-16 -9.85973e-13 0)
(3.91363e-16 -9.86002e-13 0)
(3.27429e-16 -9.8602e-13 0)
(2.78335e-16 -9.86032e-13 0)
(2.39286e-16 -9.8604e-13 0)
(2.07256e-16 -9.86045e-13 0)
(1.80273e-16 -9.8605e-13 0)
(1.57007e-16 -9.86053e-13 0)
(1.36535e-16 -9.86055e-13 0)
(1.18191e-16 -9.86057e-13 0)
(1.01486e-16 -9.86058e-13 0)
(8.6043e-17 -9.86059e-13 0)
(7.15683e-17 -9.8606e-13 0)
(5.78214e-17 -9.86061e-13 0)
(4.45991e-17 -9.86062e-13 0)
(3.17227e-17 -9.86062e-13 0)
(1.90272e-17 -9.86062e-13 0)
(6.35231e-18 -9.86062e-13 0)
(6.40181e-05 -0.000360242 0)
(0.000128601 -8.09618e-05 0)
(0.000103812 -4.20282e-05 0)
(7.29853e-05 -3.82413e-05 0)
(3.0055e-05 -1.34293e-05 0)
(1.21955e-06 -8.06714e-12 0)
(2.36035e-14 -6.11288e-13 0)
(3.22463e-16 -6.41026e-13 0)
(2.18826e-16 -6.71393e-13 0)
(1.38871e-16 -7.02422e-13 0)
(7.29262e-17 -7.34152e-13 0)
(1.42864e-17 -7.66629e-13 0)
(-4.22942e-17 -7.99912e-13 0)
(-1.01754e-16 -8.34082e-13 0)
(-1.69835e-16 -8.69254e-13 0)
(-2.54279e-16 -9.05621e-13 0)
(-3.6118e-16 -9.43548e-13 0)
(-2.47519e-16 -9.83744e-13 0)
(7.88249e-17 -9.85049e-13 0)
(2.86649e-16 -9.85323e-13 0)
(3.51941e-16 -9.85502e-13 0)
(3.54949e-16 -9.8562e-13 0)
(3.32842e-16 -9.85698e-13 0)
(3.02389e-16 -9.85752e-13 0)
(2.70821e-16 -9.8579e-13 0)
(2.40996e-16 -9.85816e-13 0)
(2.13814e-16 -9.85836e-13 0)
(1.89348e-16 -9.8585e-13 0)
(1.67348e-16 -9.85861e-13 0)
(1.47472e-16 -9.85869e-13 0)
(1.29374e-16 -9.85875e-13 0)
(1.12743e-16 -9.8588e-13 0)
(9.73049e-17 -9.85884e-13 0)
(8.28262e-17 -9.85888e-13 0)
(6.91043e-17 -9.8589e-13 0)
(5.59622e-17 -9.85892e-13 0)
(4.32415e-17 -9.85893e-13 0)
(3.07962e-17 -9.85894e-13 0)
(1.84868e-17 -9.85895e-13 0)
(6.1744e-18 -9.85895e-13 0)
(3.74885e-06 -0.000576995 0)
(2.35529e-06 -4.74469e-05 0)
(-4.98271e-16 -3.71335e-11 0)
(-1.21759e-16 -9.68998e-13 0)
(-1.46059e-16 -9.83289e-13 0)
(-6.91911e-17 -9.85446e-13 0)
(2.41324e-17 -9.85555e-13 0)
(5.93873e-17 -9.85629e-13 0)
(6.32031e-17 -9.8568e-13 0)
(5.05523e-17 -9.85712e-13 0)
(2.9492e-17 -9.85731e-13 0)
(4.35766e-18 -9.85739e-13 0)
(-2.23411e-17 -9.85737e-13 0)
(-4.86245e-17 -9.85724e-13 0)
(-7.17955e-17 -9.85698e-13 0)
(-8.6595e-17 -9.85656e-13 0)
(-8.16914e-17 -9.8559e-13 0)
(-3.34681e-17 -9.85491e-13 0)
(5.06855e-17 -9.85465e-13 0)
(1.29074e-16 -9.85504e-13 0)
(1.81429e-16 -9.85562e-13 0)
(2.08964e-16 -9.85621e-13 0)
(2.18264e-16 -9.85672e-13 0)
(2.15744e-16 -9.85715e-13 0)
(2.06227e-16 -9.85749e-13 0)
(1.9294e-16 -9.85776e-13 0)
(1.77898e-16 -9.85798e-13 0)
(1.62289e-16 -9.85815e-13 0)
(1.46769e-16 -9.85829e-13 0)
(1.31675e-16 -9.8584e-13 0)
(1.1715e-16 -9.85849e-13 0)
(1.03225e-16 -9.85856e-13 0)
(8.98721e-17 -9.85861e-13 0)
(7.70296e-17 -9.85866e-13 0)
(6.46183e-17 -9.8587e-13 0)
(5.25512e-17 -9.85873e-13 0)
(4.07364e-17 -9.85875e-13 0)
(2.90795e-17 -9.85876e-13 0)
(1.74827e-17 -9.85878e-13 0)
(5.84346e-18 -9.85878e-13 0)
(4.732e-07 -0.000578048 0)
(-3.83886e-10 -3.82404e-05 0)
(-4.59551e-16 -2.53571e-11 0)
(-4.20488e-17 -9.85694e-13 0)
(-4.06813e-17 -9.85669e-13 0)
(-2.73087e-17 -9.85647e-13 0)
(-9.29307e-18 -9.85649e-13 0)
(4.27322e-18 -9.85661e-13 0)
(1.10824e-17 -9.85675e-13 0)
(1.1688e-17 -9.85687e-13 0)
(7.64507e-18 -9.85695e-13 0)
(7.58405e-19 -9.85698e-13 0)
(-7.11825e-18 -9.85696e-13 0)
(-1.40094e-17 -9.85688e-13 0)
(-1.7619e-17 -9.85673e-13 0)
(-1.5138e-17 -9.85653e-13 0)
(-3.34177e-18 -9.85629e-13 0)
(2.02109e-17 -9.85606e-13 0)
(5.28334e-17 -9.85597e-13 0)
(8.68653e-17 -9.85606e-13 0)
(1.15785e-16 -9.85627e-13 0)
(1.3666e-16 -9.85654e-13 0)
(1.49231e-16 -9.85682e-13 0)
(1.54617e-16 -9.8571e-13 0)
(1.54393e-16 -9.85735e-13 0)
(1.50089e-16 -9.85757e-13 0)
(1.42988e-16 -9.85776e-13 0)
(1.3407e-16 -9.85793e-13 0)
(1.24046e-16 -9.85806e-13 0)
(1.13406e-16 -9.85818e-13 0)
(1.02472e-16 -9.85827e-13 0)
(9.14474e-17 -9.85835e-13 0)
(8.04496e-17 -9.85842e-13 0)
(6.95379e-17 -9.85847e-13 0)
(5.87311e-17 -9.85852e-13 0)
(4.80207e-17 -9.85855e-13 0)
(3.73787e-17 -9.85858e-13 0)
(2.67634e-17 -9.8586e-13 0)
(1.61223e-17 -9.85861e-13 0)
(5.3941e-18 -9.85862e-13 0)
(4.07777e-07 -0.000574091 0)
(-3.91589e-10 -3.54057e-05 0)
(-2.92927e-16 -2.10843e-11 0)
(-2.37898e-17 -9.85689e-13 0)
(-2.13215e-17 -9.85684e-13 0)
(-1.67717e-17 -9.8568e-13 0)
(-1.10908e-17 -9.85679e-13 0)
(-5.70869e-18 -9.8568e-13 0)
(-1.59412e-18 -9.85683e-13 0)
(9.05159e-19 -9.85686e-13 0)
(1.95778e-18 -9.85688e-13 0)
(2.10065e-18 -9.85689e-13 0)
(2.12188e-18 -9.85687e-13 0)
(2.98185e-18 -9.85683e-13 0)
(5.74565e-18 -9.85676e-13 0)
(1.1475e-17 -9.85669e-13 0)
(2.10039e-17 -9.8566e-13 0)
(3.45242e-17 -9.85654e-13 0)
(5.10562e-17 -9.85653e-13 0)
(6.85707e-17 -9.85658e-13 0)
(8.48881e-17 -9.85668e-13 0)
(9.84034e-17 -9.85682e-13 0)
(1.08291e-16 -9.85699e-13 0)
(1.14386e-16 -9.85716e-13 0)
(1.16965e-16 -9.85734e-13 0)
(1.16527e-16 -9.8575e-13 0)
(1.13644e-16 -9.85765e-13 0)
(1.08866e-16 -9.85779e-13 0)
(1.0267e-16 -9.85791e-13 0)
(9.54463e-17 -9.85802e-13 0)
(8.7499e-17 -9.85811e-13 0)
(7.90549e-17 -9.85819e-13 0)
(7.02769e-17 -9.85826e-13 0)
(6.12769e-17 -9.85831e-13 0)
(5.2127e-17 -9.85836e-13 0)
(4.28687e-17 -9.8584e-13 0)
(3.35198e-17 -9.85843e-13 0)
(2.40809e-17 -9.85845e-13 0)
(1.45386e-17 -9.85846e-13 0)
(4.86963e-18 -9.85847e-13 0)
(4.15382e-07 -0.000570352 0)
(-3.46524e-10 -3.27986e-05 0)
(-2.31046e-16 -1.79148e-11 0)
(-1.91417e-17 -9.85694e-13 0)
(-1.65998e-17 -9.85693e-13 0)
(-1.35986e-17 -9.85692e-13 0)
(-1.02889e-17 -9.85691e-13 0)
(-6.9312e-18 -9.85691e-13 0)
(-3.76107e-18 -9.85691e-13 0)
(-8.98362e-19 -9.85692e-13 0)
(1.68907e-18 -9.85692e-13 0)
(4.18238e-18 -9.85692e-13 0)
(6.88567e-18 -9.85691e-13 0)
(1.01851e-17 -9.85689e-13 0)
(1.44938e-17 -9.85686e-13 0)
(2.01757e-17 -9.85684e-13 0)
(2.74456e-17 -9.85682e-13 0)
(3.62523e-17 -9.85681e-13 0)
(4.61942e-17 -9.85682e-13 0)
(5.65618e-17 -9.85686e-13 0)
(6.65189e-17 -9.85693e-13 0)
(7.53062e-17 -9.85702e-13 0)
(8.23718e-17 -9.85712e-13 0)
(8.74124e-17 -9.85724e-13 0)
(9.03484e-17 -9.85736e-13 0)
(9.12685e-17 -9.85748e-13 0)
(9.03677e-17 -9.8576e-13 0)
(8.7893e-17 -9.85771e-13 0)
(8.4104e-17 -9.85781e-13 0)
(7.92469e-17 -9.85791e-13 0)
(7.35399e-17 -9.85799e-13 0)
(6.7167e-17 -9.85806e-13 0)
(6.02775e-17 -9.85812e-13 0)
(5.29879e-17 -9.85818e-13 0)
(4.53864e-17 -9.85822e-13 0)
(3.75367e-17 -9.85826e-13 0)
(2.94825e-17 -9.85829e-13 0)
(2.12515e-17 -9.85832e-13 0)
(1.28592e-17 -9.85833e-13 0)
(4.312e-18 -9.85834e-13 0)
(4.27323e-07 -0.000566573 0)
(-3.08143e-10 -3.03911e-05 0)
(-1.82112e-16 -1.49756e-11 0)
(-1.73459e-17 -9.857e-13 0)
(-1.48503e-17 -9.857e-13 0)
(-1.22038e-17 -9.85699e-13 0)
(-9.42797e-18 -9.85699e-13 0)
(-6.56704e-18 -9.85699e-13 0)
(-3.66361e-18 -9.85699e-13 0)
(-7.34135e-19 -9.85699e-13 0)
(2.24786e-18 -9.85699e-13 0)
(5.35742e-18 -9.85698e-13 0)
(8.71249e-18 -9.85698e-13 0)
(1.24578e-17 -9.85698e-13 0)
(1.67391e-17 -9.85697e-13 0)
(2.16698e-17 -9.85697e-13 0)
(2.72914e-17 -9.85697e-13 0)
(3.35389e-17 -9.85698e-13 0)
(4.02205e-17 -9.857e-13 0)
(4.70318e-17 -9.85704e-13 0)
(5.36028e-17 -9.85709e-13 0)
(5.95615e-17 -9.85715e-13 0)
(6.45889e-17 -9.85723e-13 0)
(6.84544e-17 -9.85731e-13 0)
(7.10267e-17 -9.8574e-13 0)
(7.22672e-17 -9.85749e-13 0)
(7.2212e-17 -9.85758e-13 0)
(7.09502e-17 -9.85767e-13 0)
(6.86024e-17 -9.85775e-13 0)
(6.53037e-17 -9.85783e-13 0)
(6.11897e-17 -9.8579e-13 0)
(5.63882e-17 -9.85796e-13 0)
(5.10137e-17 -9.85802e-13 0)
(4.51646e-17 -9.85807e-13 0)
(3.89235e-17 -9.85811e-13 0)
(3.23574e-17 -9.85815e-13 0)
(2.552e-17 -9.85818e-13 0)
(1.8453e-17 -9.8582e-13 0)
(1.11895e-17 -9.85821e-13 0)
(3.7561e-18 -9.85822e-13 0)
(4.40392e-07 -0.000562734 0)
(-2.74925e-10 -2.81618e-05 0)
(-1.45519e-16 -1.26232e-11 0)
(-1.62599e-17 -9.85707e-13 0)
(-1.38622e-17 -9.85707e-13 0)
(-1.13783e-17 -9.85706e-13 0)
(-8.80631e-18 -9.85706e-13 0)
(-6.14814e-18 -9.85706e-13 0)
(-3.40415e-18 -9.85706e-13 0)
(-5.67165e-19 -9.85706e-13 0)
(2.38228e-18 -9.85706e-13 0)
(5.47775e-18 -9.85706e-13 0)
(8.76467e-18 -9.85706e-13 0)
(1.22936e-17 -9.85706e-13 0)
(1.61098e-17 -9.85707e-13 0)
(2.0239e-17 -9.85707e-13 0)
(2.46734e-17 -9.85709e-13 0)
(2.9359e-17 -9.8571e-13 0)
(3.41899e-17 -9.85713e-13 0)
(3.90124e-17 -9.85716e-13 0)
(4.36403e-17 -9.8572e-13 0)
(4.78769e-17 -9.85725e-13 0)
(5.15375e-17 -9.8573e-13 0)
(5.44691e-17 -9.85737e-13 0)
(5.65613e-17 -9.85743e-13 0)
(5.77505e-17 -9.8575e-13 0)
(5.80171e-17 -9.85757e-13 0)
(5.73792e-17 -9.85764e-13 0)
(5.58831e-17 -9.85771e-13 0)
(5.35946e-17 -9.85777e-13 0)
(5.05901e-17 -9.85783e-13 0)
(4.69504e-17 -9.85789e-13 0)
(4.27547e-17 -9.85794e-13 0)
(3.80779e-17 -9.85798e-13 0)
(3.2988e-17 -9.85802e-13 0)
(2.75456e-17 -9.85805e-13 0)
(2.18041e-17 -9.85808e-13 0)
(1.58101e-17 -9.8581e-13 0)
(9.60502e-18 -9.85811e-13 0)
(3.22733e-18 -9.85812e-13 0)
(4.54771e-07 -0.000558828 0)
(-2.45512e-10 -2.60917e-05 0)
(-1.18711e-16 -1.07534e-11 0)
(-1.54477e-17 -9.85713e-13 0)
(-1.31843e-17 -9.85713e-13 0)
(-1.08541e-17 -9.85713e-13 0)
(-8.45267e-18 -9.85713e-13 0)
(-5.97528e-18 -9.85713e-13 0)
(-3.41653e-18 -9.85713e-13 0)
(-7.68748e-19 -9.85713e-13 0)
(1.97884e-18 -9.85713e-13 0)
(4.84013e-18 -9.85713e-13 0)
(7.83069e-18 -9.85714e-13 0)
(1.09647e-17 -9.85714e-13 0)
(1.42506e-17 -9.85715e-13 0)
(1.76851e-17 -9.85716e-13 0)
(2.1248e-17 -9.85718e-13 0)
(2.48971e-17 -9.85719e-13 0)
(2.85667e-17 -9.85722e-13 0)
(3.21686e-17 -9.85724e-13 0)
(3.5598e-17 -9.85728e-13 0)
(3.87417e-17 -9.85732e-13 0)
(4.14885e-17 -9.85736e-13 0)
(4.37382e-17 -9.85741e-13 0)
(4.54094e-17 -9.85746e-13 0)
(4.64438e-17 -9.85751e-13 0)
(4.6808e-17 -9.85757e-13 0)
(4.64919e-17 -9.85763e-13 0)
(4.55063e-17 -9.85768e-13 0)
(4.38786e-17 -9.85773e-13 0)
(4.16483e-17 -9.85778e-13 0)
(3.88628e-17 -9.85783e-13 0)
(3.5574e-17 -9.85787e-13 0)
(3.18351e-17 -9.85791e-13 0)
(2.76988e-17 -9.85795e-13 0)
(2.32155e-17 -9.85797e-13 0)
(1.84333e-17 -9.858e-13 0)
(1.33978e-17 -9.85802e-13 0)
(8.1528e-18 -9.85803e-13 0)
(2.74166e-18 -9.85803e-13 0)
(4.70886e-07 -0.000554846 0)
(-2.18777e-10 -2.41629e-05 0)
(-9.78571e-17 -9.27623e-12 0)
(-1.47968e-17 -9.85719e-13 0)
(-1.26929e-17 -9.85719e-13 0)
(-1.05346e-17 -9.85719e-13 0)
(-8.31831e-18 -9.85719e-13 0)
(-6.04035e-18 -9.85719e-13 0)
(-3.69694e-18 -9.85719e-13 0)
(-1.28402e-18 -9.85719e-13 0)
(1.20266e-18 -9.85719e-13 0)
(3.76709e-18 -9.8572e-13 0)
(6.41211e-18 -9.8572e-13 0)
(9.13785e-18 -9.85721e-13 0)
(1.19397e-17 -9.85722e-13 0)
(1.48059e-17 -9.85723e-13 0)
(1.77153e-17 -9.85725e-13 0)
(2.06354e-17 -9.85726e-13 0)
(2.35219e-17 -9.85728e-13 0)
(2.63189e-17 -9.85731e-13 0)
(2.89618e-17 -9.85734e-13 0)
(3.13802e-17 -9.85737e-13 0)
(3.35035e-17 -9.8574e-13 0)
(3.52648e-17 -9.85744e-13 0)
(3.66056e-17 -9.85748e-13 0)
(3.74793e-17 -9.85753e-13 0)
(3.7853e-17 -9.85757e-13 0)
(3.7708e-17 -9.85762e-13 0)
(3.70397e-17 -9.85766e-13 0)
(3.58557e-17 -9.8577e-13 0)
(3.41744e-17 -9.85775e-13 0)
(3.20222e-17 -9.85778e-13 0)
(2.94317e-17 -9.85782e-13 0)
(2.64394e-17 -9.85785e-13 0)
(2.30844e-17 -9.85788e-13 0)
(1.94073e-17 -9.85791e-13 0)
(1.5449e-17 -9.85793e-13 0)
(1.12511e-17 -9.85794e-13 0)
(6.85588e-18 -9.85796e-13 0)
(2.30715e-18 -9.85796e-13 0)
(4.89604e-07 -0.000550779 0)
(-1.9375e-10 -2.23586e-05 0)
(-8.25559e-17 -8.08944e-12 0)
(-1.4249e-17 -9.85725e-13 0)
(-1.23209e-17 -9.85724e-13 0)
(-1.03486e-17 -9.85724e-13 0)
(-8.33023e-18 -9.85724e-13 0)
(-6.2639e-18 -9.85724e-13 0)
(-4.1482e-18 -9.85725e-13 0)
(-1.98219e-18 -9.85725e-13 0)
(2.34351e-19 -9.85725e-13 0)
(2.50052e-18 -9.85726e-13 0)
(4.8137e-18 -9.85726e-13 0)
(7.16875e-18 -9.85727e-13 0)
(9.55703e-18 -9.85728e-13 0)
(1.19653e-17 -9.85729e-13 0)
(1.43748e-17 -9.8573e-13 0)
(1.67604e-17 -9.85732e-13 0)
(1.90904e-17 -9.85734e-13 0)
(2.13269e-17 -9.85736e-13 0)
(2.34268e-17 -9.85738e-13 0)
(2.53438e-17 -9.85741e-13 0)
(2.70302e-17 -9.85744e-13 0)
(2.84401e-17 -9.85747e-13 0)
(2.95314e-17 -9.8575e-13 0)
(3.02681e-17 -9.85754e-13 0)
(3.0622e-17 -9.85757e-13 0)
(3.05737e-17 -9.85761e-13 0)
(3.0113e-17 -9.85765e-13 0)
(2.92382e-17 -9.85768e-13 0)
(2.79563e-17 -9.85772e-13 0)
(2.62811e-17 -9.85775e-13 0)
(2.42325e-17 -9.85778e-13 0)
(2.18353e-17 -9.85781e-13 0)
(1.91182e-17 -9.85783e-13 0)
(1.61129e-17 -9.85785e-13 0)
(1.28534e-17 -9.85787e-13 0)
(9.3762e-18 -9.85789e-13 0)
(5.71991e-18 -9.8579e-13 0)
(1.92599e-18 -9.8579e-13 0)
(5.14224e-07 -0.00054661 0)
(-1.69652e-10 -2.06631e-05 0)
(-6.97667e-17 -7.08683e-12 0)
(-1.3761e-17 -9.8573e-13 0)
(-1.20171e-17 -9.85729e-13 0)
(-1.02373e-17 -9.85729e-13 0)
(-8.42059e-18 -9.85729e-13 0)
(-6.56686e-18 -9.85729e-13 0)
(-4.67649e-18 -9.8573e-13 0)
(-2.75063e-18 -9.8573e-13 0)
(-7.91352e-19 -9.8573e-13 0)
(1.19808e-18 -9.85731e-13 0)
(3.21282e-18 -9.85731e-13 0)
(5.24604e-18 -9.85732e-13 0)
(7.28838e-18 -9.85733e-13 0)
(9.32747e-18 -9.85734e-13 0)
(1.13474e-17 -9.85735e-13 0)
(1.33286e-17 -9.85737e-13 0)
(1.52475e-17 -9.85738e-13 0)
(1.70769e-17 -9.8574e-13 0)
(1.87865e-17 -9.85742e-13 0)
(2.03441e-17 -9.85744e-13 0)
(2.17162e-17 -9.85747e-13 0)
(2.287e-17 -9.85749e-13 0)
(2.37748e-17 -9.85752e-13 0)
(2.44029e-17 -9.85755e-13 0)
(2.47316e-17 -9.85758e-13 0)
(2.47433e-17 -9.85761e-13 0)
(2.44265e-17 -9.85764e-13 0)
(2.37762e-17 -9.85767e-13 0)
(2.2793e-17 -9.85769e-13 0)
(2.14839e-17 -9.85772e-13 0)
(1.98609e-17 -9.85775e-13 0)
(1.79407e-17 -9.85777e-13 0)
(1.57444e-17 -9.85779e-13 0)
(1.32965e-17 -9.85781e-13 0)
(1.06251e-17 -9.85783e-13 0)
(7.76127e-18 -9.85784e-13 0)
(4.7392e-18 -9.85785e-13 0)
(1.59655e-18 -9.85785e-13 0)
(5.55682e-07 -0.000542279 0)
(-1.46125e-10 -1.90631e-05 0)
(-5.95477e-17 -6.24117e-12 0)
(-1.3302e-17 -9.85734e-13 0)
(-1.17474e-17 -9.85734e-13 0)
(-1.01599e-17 -9.85734e-13 0)
(-8.54087e-18 -9.85734e-13 0)
(-6.8918e-18 -9.85734e-13 0)
(-5.21481e-18 -9.85734e-13 0)
(-3.51255e-18 -9.85734e-13 0)
(-1.7884e-18 -9.85735e-13 0)
(-4.67428e-20 -9.85735e-13 0)
(1.70684e-18 -9.85736e-13 0)
(3.46524e-18 -9.85736e-13 0)
(5.21962e-18 -9.85737e-13 0)
(6.95905e-18 -9.85738e-13 0)
(8.67035e-18 -9.85739e-13 0)
(1.03379e-17 -9.8574e-13 0)
(1.19438e-17 -9.85742e-13 0)
(1.34678e-17 -9.85743e-13 0)
(1.48876e-17 -9.85745e-13 0)
(1.61797e-17 -9.85747e-13 0)
(1.73199e-17 -9.85749e-13 0)
(1.82841e-17 -9.85751e-13 0)
(1.90492e-17 -9.85753e-13 0)
(1.95941e-17 -9.85756e-13 0)
(1.99005e-17 -9.85758e-13 0)
(1.99536e-17 -9.8576e-13 0)
(1.97427e-17 -9.85763e-13 0)
(1.92614e-17 -9.85765e-13 0)
(1.8508e-17 -9.85768e-13 0)
(1.74853e-17 -9.8577e-13 0)
(1.62005e-17 -9.85772e-13 0)
(1.46653e-17 -9.85774e-13 0)
(1.2895e-17 -9.85776e-13 0)
(1.0909e-17 -9.85777e-13 0)
(8.73005e-18 -9.85779e-13 0)
(6.38432e-18 -9.8578e-13 0)
(3.90152e-18 -9.8578e-13 0)
(1.31489e-18 -9.85781e-13 0)
(6.15642e-07 -0.000537684 0)
(-1.25178e-10 -1.75476e-05 0)
(-5.09893e-17 -5.50117e-12 0)
(-1.28918e-17 -9.85738e-13 0)
(-1.15139e-17 -9.85738e-13 0)
(-1.01046e-17 -9.85738e-13 0)
(-8.66766e-18 -9.85738e-13 0)
(-7.20625e-18 -9.85738e-13 0)
(-5.7235e-18 -9.85738e-13 0)
(-4.22279e-18 -9.85738e-13 0)
(-2.70803e-18 -9.85739e-13 0)
(-1.18387e-18 -9.85739e-13 0)
(3.44124e-19 -9.8574e-13 0)
(1.86928e-18 -9.8574e-13 0)
(3.38364e-18 -9.85741e-13 0)
(4.87783e-18 -9.85742e-13 0)
(6.34095e-18 -9.85743e-13 0)
(7.7605e-18 -9.85744e-13 0)
(9.12242e-18 -9.85745e-13 0)
(1.04112e-17 -9.85746e-13 0)
(1.16099e-17 -9.85748e-13 0)
(1.27011e-17 -9.85749e-13 0)
(1.36663e-17 -9.85751e-13 0)
(1.44876e-17 -9.85753e-13 0)
(1.51473e-17 -9.85754e-13 0)
(1.56291e-17 -9.85756e-13 0)
(1.59184e-17 -9.85758e-13 0)
(1.60031e-17 -9.8576e-13 0)
(1.58737e-17 -9.85762e-13 0)
(1.55241e-17 -9.85764e-13 0)
(1.49514e-17 -9.85766e-13 0)
(1.41565e-17 -9.85768e-13 0)
(1.31437e-17 -9.8577e-13 0)
(1.19212e-17 -9.85772e-13 0)
(1.05007e-17 -9.85773e-13 0)
(8.89716e-18 -9.85774e-13 0)
(7.12927e-18 -9.85776e-13 0)
(5.21897e-18 -9.85776e-13 0)
(3.1916e-18 -9.85777e-13 0)
(1.07602e-18 -9.85777e-13 0)
(6.01639e-07 -0.000532987 0)
(-1.1095e-10 -1.61081e-05 0)
(-4.43483e-17 -4.88073e-12 0)
(-1.25734e-17 -9.85742e-13 0)
(-1.13284e-17 -9.85741e-13 0)
(-1.00659e-17 -9.85741e-13 0)
(-8.78598e-18 -9.85741e-13 0)
(-7.48959e-18 -9.85742e-13 0)
(-6.1787e-18 -9.85742e-13 0)
(-4.85601e-18 -9.85742e-13 0)
(-3.525e-18 -9.85742e-13 0)
(-2.18987e-18 -9.85742e-13 0)
(-8.55692e-19 -9.85743e-13 0)
(4.7161e-19 -9.85743e-13 0)
(1.78512e-18 -9.85744e-13 0)
(3.0769e-18 -9.85745e-13 0)
(4.33791e-18 -9.85746e-13 0)
(5.55802e-18 -9.85746e-13 0)
(6.72605e-18 -9.85747e-13 0)
(7.82982e-18 -9.85749e-13 0)
(8.85629e-18 -9.8575e-13 0)
(9.79184e-18 -9.85751e-13 0)
(1.06225e-17 -9.85752e-13 0)
(1.13343e-17 -9.85754e-13 0)
(1.19136e-17 -9.85755e-13 0)
(1.23476e-17 -9.85757e-13 0)
(1.26248e-17 -9.85759e-13 0)
(1.27352e-17 -9.8576e-13 0)
(1.26709e-17 -9.85762e-13 0)
(1.24264e-17 -9.85764e-13 0)
(1.19985e-17 -9.85765e-13 0)
(1.13872e-17 -9.85767e-13 0)
(1.05952e-17 -9.85768e-13 0)
(9.62837e-18 -9.8577e-13 0)
(8.49563e-18 -9.85771e-13 0)
(7.20901e-18 -9.85772e-13 0)
(5.78369e-18 -9.85773e-13 0)
(4.238e-18 -9.85774e-13 0)
(2.59341e-18 -9.85774e-13 0)
(8.7464e-19 -9.85774e-13 0)
(5.34221e-07 -0.000528584 0)
(-9.45842e-11 -1.47383e-05 0)
(-3.86902e-17 -4.36329e-12 0)
(-1.22066e-17 -9.85745e-13 0)
(-1.11072e-17 -9.85745e-13 0)
(-9.99166e-18 -9.85745e-13 0)
(-8.86095e-18 -9.85745e-13 0)
(-7.71673e-18 -9.85745e-13 0)
(-6.56118e-18 -9.85745e-13 0)
(-5.39705e-18 -9.85745e-13 0)
(-4.22768e-18 -9.85745e-13 0)
(-3.05698e-18 -9.85745e-13 0)
(-1.88952e-18 -9.85746e-13 0)
(-7.30557e-19 -9.85746e-13 0)
(4.13941e-19 -9.85747e-13 0)
(1.53723e-18 -9.85747e-13 0)
(2.63181e-18 -9.85748e-13 0)
(3.68937e-18 -9.85749e-13 0)
(4.70088e-18 -9.8575e-13 0)
(5.65662e-18 -9.85751e-13 0)
(6.5463e-18 -9.85752e-13 0)
(7.3592e-18 -9.85753e-13 0)
(8.08437e-18 -9.85754e-13 0)
(8.71086e-18 -9.85755e-13 0)
(9.228e-18 -9.85756e-13 0)
(9.62566e-18 -9.85758e-13 0)
(9.89462e-18 -9.85759e-13 0)
(1.00268e-17 -9.8576e-13 0)
(1.00157e-17 -9.85762e-13 0)
(9.85637e-18 -9.85763e-13 0)
(9.54613e-18 -9.85765e-13 0)
(9.08435e-18 -9.85766e-13 0)
(8.47287e-18 -9.85767e-13 0)
(7.71601e-18 -9.85768e-13 0)
(6.82077e-18 -9.85769e-13 0)
(5.79684e-18 -9.8577e-13 0)
(4.65666e-18 -9.85771e-13 0)
(3.4155e-18 -9.85772e-13 0)
(2.09149e-18 -9.85772e-13 0)
(7.05605e-19 -9.85772e-13 0)
(4.96889e-07 -0.000524566 0)
(-7.9199e-11 -1.34332e-05 0)
(-3.38137e-17 -3.91414e-12 0)
(-1.18193e-17 -9.85748e-13 0)
(-1.0861e-17 -9.85747e-13 0)
(-9.88392e-18 -9.85747e-13 0)
(-8.8909e-18 -9.85747e-13 0)
(-7.88473e-18 -9.85747e-13 0)
(-6.86824e-18 -9.85747e-13 0)
(-5.84446e-18 -9.85748e-13 0)
(-4.81673e-18 -9.85748e-13 0)
(-3.78878e-18 -9.85748e-13 0)
(-2.76477e-18 -9.85748e-13 0)
(-1.74937e-18 -9.85749e-13 0)
(-7.47754e-19 -9.85749e-13 0)
(2.34334e-19 -9.8575e-13 0)
(1.1906e-18 -9.8575e-13 0)
(2.11417e-18 -9.85751e-13 0)
(2.99769e-18 -9.85752e-13 0)
(3.83327e-18 -9.85752e-13 0)
(4.61265e-18 -9.85753e-13 0)
(5.32728e-18 -9.85754e-13 0)
(5.96845e-18 -9.85755e-13 0)
(6.52746e-18 -9.85756e-13 0)
(6.99582e-18 -9.85757e-13 0)
(7.36546e-18 -9.85758e-13 0)
(7.62897e-18 -9.85759e-13 0)
(7.77981e-18 -9.85761e-13 0)
(7.81259e-18 -9.85762e-13 0)
(7.72326e-18 -9.85763e-13 0)
(7.50938e-18 -9.85764e-13 0)
(7.17024e-18 -9.85765e-13 0)
(6.70709e-18 -9.85766e-13 0)
(6.12329e-18 -9.85767e-13 0)
(5.42439e-18 -9.85768e-13 0)
(4.61828e-18 -9.85769e-13 0)
(3.71523e-18 -9.85769e-13 0)
(2.72796e-18 -9.8577e-13 0)
(1.6717e-18 -9.8577e-13 0)
(5.64191e-19 -9.8577e-13 0)
(4.49745e-07 -0.000520863 0)
(-6.734e-11 -1.21891e-05 0)
(-2.98525e-17 -3.52288e-12 0)
(-1.14731e-17 -9.8575e-13 0)
(-1.0627e-17 -9.8575e-13 0)
(-9.76527e-18 -9.8575e-13 0)
(-8.88991e-18 -9.8575e-13 0)
(-8.00314e-18 -9.8575e-13 0)
(-7.10743e-18 -9.8575e-13 0)
(-6.20553e-18 -9.8575e-13 0)
(-5.30048e-18 -9.8575e-13 0)
(-4.39563e-18 -9.8575e-13 0)
(-3.49469e-18 -9.85751e-13 0)
(-2.60173e-18 -9.85751e-13 0)
(-1.72123e-18 -9.85751e-13 0)
(-8.58075e-19 -9.85752e-13 0)
(-1.756e-20 -9.85752e-13 0)
(7.94609e-19 -9.85753e-13 0)
(1.57234e-18 -9.85753e-13 0)
(2.30922e-18 -9.85754e-13 0)
(2.99851e-18 -9.85755e-13 0)
(3.63332e-18 -9.85755e-13 0)
(4.20661e-18 -9.85756e-13 0)
(4.71141e-18 -9.85757e-13 0)
(5.14089e-18 -9.85758e-13 0)
(5.48857e-18 -9.85759e-13 0)
(5.74844e-18 -9.8576e-13 0)
(5.91521e-18 -9.85761e-13 0)
(5.98448e-18 -9.85762e-13 0)
(5.95289e-18 -9.85763e-13 0)
(5.81836e-18 -9.85764e-13 0)
(5.58021e-18 -9.85765e-13 0)
(5.23936e-18 -9.85765e-13 0)
(4.79848e-18 -9.85766e-13 0)
(4.26207e-18 -9.85767e-13 0)
(3.6366e-18 -9.85768e-13 0)
(2.93057e-18 -9.85768e-13 0)
(2.15461e-18 -9.85768e-13 0)
(1.32151e-18 -9.85769e-13 0)
(4.46199e-19 -9.85769e-13 0)
(3.549e-07 -0.000517637 0)
(-5.70686e-11 -1.10031e-05 0)
(-2.65149e-17 -3.17826e-12 0)
(-1.11446e-17 -9.85752e-13 0)
(-1.03961e-17 -9.85752e-13 0)
(-9.6342e-18 -9.85752e-13 0)
(-8.86045e-18 -9.85752e-13 0)
(-8.07677e-18 -9.85752e-13 0)
(-7.28534e-18 -9.85752e-13 0)
(-6.48858e-18 -9.85752e-13 0)
(-5.68917e-18 -9.85752e-13 0)
(-4.89007e-18 -9.85752e-13 0)
(-4.0945e-18 -9.85753e-13 0)
(-3.30598e-18 -9.85753e-13 0)
(-2.52835e-18 -9.85753e-13 0)
(-1.76575e-18 -9.85754e-13 0)
(-1.02263e-18 -9.85754e-13 0)
(-3.03763e-19 -9.85754e-13 0)
(3.85815e-19 -9.85755e-13 0)
(1.04081e-18 -9.85755e-13 0)
(1.65571e-18 -9.85756e-13 0)
(2.22488e-18 -9.85757e-13 0)
(2.74261e-18 -9.85757e-13 0)
(3.20324e-18 -9.85758e-13 0)
(3.60122e-18 -9.85759e-13 0)
(3.93131e-18 -9.85759e-13 0)
(4.18862e-18 -9.8576e-13 0)
(4.36887e-18 -9.85761e-13 0)
(4.46842e-18 -9.85762e-13 0)
(4.48454e-18 -9.85763e-13 0)
(4.41549e-18 -9.85763e-13 0)
(4.26067e-18 -9.85764e-13 0)
(4.02081e-18 -9.85765e-13 0)
(3.69807e-18 -9.85765e-13 0)
(3.29615e-18 -9.85766e-13 0)
(2.82039e-18 -9.85767e-13 0)
(2.27789e-18 -9.85767e-13 0)
(1.67753e-18 -9.85767e-13 0)
(1.03003e-18 -9.85768e-13 0)
(3.47979e-19 -9.85768e-13 0)
(2.00874e-07 -0.000515211 0)
(-4.80338e-11 -9.87306e-06 0)
(-2.36243e-17 -2.87056e-12 0)
(-1.08269e-17 -9.85754e-13 0)
(-1.01653e-17 -9.85754e-13 0)
(-9.49056e-18 -9.85754e-13 0)
(-8.80476e-18 -9.85754e-13 0)
(-8.10995e-18 -9.85754e-13 0)
(-7.40825e-18 -9.85754e-13 0)
(-6.70187e-18 -9.85754e-13 0)
(-5.99318e-18 -9.85754e-13 0)
(-5.28476e-18 -9.85754e-13 0)
(-4.57938e-18 -9.85754e-13 0)
(-3.88004e-18 -9.85755e-13 0)
(-3.18999e-18 -9.85755e-13 0)
(-2.51271e-18 -9.85755e-13 0)
(-1.85196e-18 -9.85755e-13 0)
(-1.2117e-18 -9.85756e-13 0)
(-5.96125e-19 -9.85756e-13 0)
(-9.62376e-21 -9.85757e-13 0)
(5.43269e-19 -9.85757e-13 0)
(1.05791e-18 -9.85758e-13 0)
(1.52963e-18 -9.85758e-13 0)
(1.95378e-18 -9.85759e-13 0)
(2.32584e-18 -9.85759e-13 0)
(2.64151e-18 -9.8576e-13 0)
(2.89682e-18 -9.85761e-13 0)
(3.08825e-18 -9.85761e-13 0)
(3.21283e-18 -9.85762e-13 0)
(3.26832e-18 -9.85763e-13 0)
(3.25327e-18 -9.85763e-13 0)
(3.16721e-18 -9.85764e-13 0)
(3.01073e-18 -9.85764e-13 0)
(2.78561e-18 -9.85765e-13 0)
(2.49492e-18 -9.85765e-13 0)
(2.14312e-18 -9.85766e-13 0)
(1.73615e-18 -9.85766e-13 0)
(1.28143e-18 -9.85767e-13 0)
(7.87995e-19 -9.85767e-13 0)
(2.66409e-19 -9.85767e-13 0)
(9.04297e-08 -0.000513622 0)
(-4.06583e-11 -8.79723e-06 0)
(-2.11864e-17 -2.59895e-12 0)
(-1.05367e-17 -9.85756e-13 0)
(-9.94356e-18 -9.85756e-13 0)
(-9.3398e-18 -9.85756e-13 0)
(-8.7272e-18 -9.85756e-13 0)
(-8.10741e-18 -9.85756e-13 0)
(-7.48209e-18 -9.85756e-13 0)
(-6.85304e-18 -9.85756e-13 0)
(-6.22216e-18 -9.85756e-13 0)
(-5.59156e-18 -9.85756e-13 0)
(-4.96352e-18 -9.85756e-13 0)
(-4.34054e-18 -9.85756e-13 0)
(-3.72531e-18 -9.85756e-13 0)
(-3.12076e-18 -9.85756e-13 0)
(-2.53e-18 -9.85757e-13 0)
(-1.95634e-18 -9.85757e-13 0)
(-1.40329e-18 -9.85757e-13 0)
(-8.7448e-19 -9.85758e-13 0)
(-3.73681e-19 -9.85758e-13 0)
(9.52661e-20 -9.85759e-13 0)
(5.28493e-19 -9.85759e-13 0)
(9.22169e-19 -9.8576e-13 0)
(1.27257e-18 -9.8576e-13 0)
(1.57615e-18 -9.85761e-13 0)
(1.82964e-18 -9.85761e-13 0)
(2.03016e-18 -9.85762e-13 0)
(2.17526e-18 -9.85762e-13 0)
(2.26309e-18 -9.85763e-13 0)
(2.29249e-18 -9.85763e-13 0)
(2.26305e-18 -9.85764e-13 0)
(2.17529e-18 -9.85764e-13 0)
(2.0307e-18 -9.85765e-13 0)
(1.83185e-18 -9.85765e-13 0)
(1.58249e-18 -9.85765e-13 0)
(1.28759e-18 -9.85766e-13 0)
(9.53411e-19 -9.85766e-13 0)
(5.87524e-19 -9.85766e-13 0)
(1.98843e-19 -9.85766e-13 0)
(7.66153e-08 -0.000512426 0)
(-3.46634e-11 -7.7744e-06 0)
(-1.91554e-17 -2.35741e-12 0)
(-1.02634e-17 -9.85757e-13 0)
(-9.72164e-18 -9.85757e-13 0)
(-9.17543e-18 -9.85757e-13 0)
(-8.62443e-18 -9.85757e-13 0)
(-8.06889e-18 -9.85757e-13 0)
(-7.50956e-18 -9.85757e-13 0)
(-6.94751e-18 -9.85757e-13 0)
(-6.38409e-18 -9.85757e-13 0)
(-5.82088e-18 -9.85757e-13 0)
(-5.25969e-18 -9.85757e-13 0)
(-4.70254e-18 -9.85757e-13 0)
(-4.15164e-18 -9.85758e-13 0)
(-3.60941e-18 -9.85758e-13 0)
(-3.07846e-18 -9.85758e-13 0)
(-2.56154e-18 -9.85758e-13 0)
(-2.06159e-18 -9.85758e-13 0)
(-1.58166e-18 -9.85759e-13 0)
(-1.12489e-18 -9.85759e-13 0)
(-6.94506e-19 -9.85759e-13 0)
(-2.93729e-19 -9.8576e-13 0)
(7.42455e-20 -9.8576e-13 0)
(4.06316e-19 -9.85761e-13 0)
(6.99541e-19 -9.85761e-13 0)
(9.5121e-19 -9.85761e-13 0)
(1.15892e-18 -9.85762e-13 0)
(1.32067e-18 -9.85762e-13 0)
(1.43492e-18 -9.85763e-13 0)
(1.50071e-18 -9.85763e-13 0)
(1.51773e-18 -9.85764e-13 0)
(1.48643e-18 -9.85764e-13 0)
(1.40808e-18 -9.85764e-13 0)
(1.28484e-18 -9.85765e-13 0)
(1.11988e-18 -9.85765e-13 0)
(9.17389e-19 -9.85765e-13 0)
(6.82638e-19 -9.85765e-13 0)
(4.22022e-19 -9.85766e-13 0)
(1.43059e-19 -9.85766e-13 0)
(6.79321e-08 -0.000511317 0)
(-2.82457e-11 -6.80364e-06 0)
(-1.71952e-17 -2.14052e-12 0)
(-9.93975e-18 -9.85759e-13 0)
(-9.46148e-18 -9.85759e-13 0)
(-8.97652e-18 -9.85759e-13 0)
(-8.48594e-18 -9.85758e-13 0)
(-7.99066e-18 -9.85758e-13 0)
(-7.49161e-18 -9.85758e-13 0)
(-6.98978e-18 -9.85758e-13 0)
(-6.48631e-18 -9.85758e-13 0)
(-5.98251e-18 -9.85758e-13 0)
(-5.47985e-18 -9.85759e-13 0)
(-4.98001e-18 -9.85759e-13 0)
(-4.48482e-18 -9.85759e-13 0)
(-3.99632e-18 -9.85759e-13 0)
(-3.5167e-18 -9.85759e-13 0)
(-3.04829e-18 -9.85759e-13 0)
(-2.5936e-18 -9.85759e-13 0)
(-2.1552e-18 -9.8576e-13 0)
(-1.73578e-18 -9.8576e-13 0)
(-1.33805e-18 -9.8576e-13 0)
(-9.64749e-19 -9.85761e-13 0)
(-6.18577e-19 -9.85761e-13 0)
(-3.02145e-19 -9.85761e-13 0)
(-1.79276e-20 -9.85762e-13 0)
(2.31803e-19 -9.85762e-13 0)
(4.45039e-19 -9.85762e-13 0)
(6.20105e-19 -9.85763e-13 0)
(7.55733e-19 -9.85763e-13 0)
(8.51131e-19 -9.85763e-13 0)
(9.06064e-19 -9.85764e-13 0)
(9.20921e-19 -9.85764e-13 0)
(8.96789e-19 -9.85764e-13 0)
(8.3552e-19 -9.85765e-13 0)
(7.39792e-19 -9.85765e-13 0)
(6.13155e-19 -9.85765e-13 0)
(4.60079e-19 -9.85765e-13 0)
(2.85974e-19 -9.85765e-13 0)
(9.71997e-20 -9.85765e-13 0)
(6.0618e-08 -0.000510283 0)
(-2.29862e-11 -5.88432e-06 0)
(-1.55107e-17 -1.94771e-12 0)
(-9.61484e-18 -9.8576e-13 0)
(-9.18794e-18 -9.8576e-13 0)
(-8.75631e-18 -9.8576e-13 0)
(-8.32009e-18 -9.8576e-13 0)
(-7.87959e-18 -9.8576e-13 0)
(-7.43531e-18 -9.8576e-13 0)
(-6.98791e-18 -9.8576e-13 0)
(-6.53822e-18 -9.8576e-13 0)
(-6.08727e-18 -9.8576e-13 0)
(-5.63627e-18 -9.8576e-13 0)
(-5.1866e-18 -9.8576e-13 0)
(-4.73985e-18 -9.8576e-13 0)
(-4.29774e-18 -9.8576e-13 0)
(-3.8622e-18 -9.8576e-13 0)
(-3.43525e-18 -9.8576e-13 0)
(-3.01906e-18 -9.8576e-13 0)
(-2.61589e-18 -9.85761e-13 0)
(-2.22807e-18 -9.85761e-13 0)
(-1.85795e-18 -9.85761e-13 0)
(-1.50789e-18 -9.85761e-13 0)
(-1.18022e-18 -9.85761e-13 0)
(-8.77162e-19 -9.85762e-13 0)
(-6.00838e-19 -9.85762e-13 0)
(-3.53173e-19 -9.85762e-13 0)
(-1.35866e-19 -9.85763e-13 0)
(4.96772e-20 -9.85763e-13 0)
(2.02398e-19 -9.85763e-13 0)
(3.21646e-19 -9.85763e-13 0)
(4.07242e-19 -9.85764e-13 0)
(4.59541e-19 -9.85764e-13 0)
(4.79485e-19 -9.85764e-13 0)
(4.68665e-19 -9.85764e-13 0)
(4.29368e-19 -9.85765e-13 0)
(3.64623e-19 -9.85765e-13 0)
(2.78233e-19 -9.85765e-13 0)
(1.74797e-19 -9.85765e-13 0)
(5.97217e-20 -9.85765e-13 0)
(5.36548e-08 -0.000509318 0)
(-1.81931e-11 -5.01623e-06 0)
(-1.3978e-17 -1.77505e-12 0)
(-9.26804e-18 -9.85761e-13 0)
(-8.89343e-18 -9.85761e-13 0)
(-8.51435e-18 -9.85761e-13 0)
(-8.13056e-18 -9.85761e-13 0)
(-7.74202e-18 -9.85761e-13 0)
(-7.34891e-18 -9.85761e-13 0)
(-6.95163e-18 -9.85761e-13 0)
(-6.55078e-18 -9.85761e-13 0)
(-6.14718e-18 -9.85761e-13 0)
(-5.74188e-18 -9.85761e-13 0)
(-5.3361e-18 -9.85761e-13 0)
(-4.93127e-18 -9.85761e-13 0)
(-4.52897e-18 -9.85761e-13 0)
(-4.13094e-18 -9.85761e-13 0)
(-3.73905e-18 -9.85761e-13 0)
(-3.35528e-18 -9.85761e-13 0)
(-2.98166e-18 -9.85761e-13 0)
(-2.62028e-18 -9.85761e-13 0)
(-2.27325e-18 -9.85762e-13 0)
(-1.94267e-18 -9.85762e-13 0)
(-1.63056e-18 -9.85762e-13 0)
(-1.33889e-18 -9.85762e-13 0)
(-1.06948e-18 -9.85763e-13 0)
(-8.23981e-19 -9.85763e-13 0)
(-6.03846e-19 -9.85763e-13 0)
(-4.10263e-19 -9.85763e-13 0)
(-2.44116e-19 -9.85763e-13 0)
(-1.05936e-19 -9.85764e-13 0)
(4.15242e-21 -9.85764e-13 0)
(8.64787e-20 -9.85764e-13 0)
(1.41875e-19 -9.85764e-13 0)
(1.71724e-19 -9.85764e-13 0)
(1.77998e-19 -9.85765e-13 0)
(1.633e-19 -9.85765e-13 0)
(1.30889e-19 -9.85765e-13 0)
(8.46979e-20 -9.85765e-13 0)
(2.93461e-20 -9.85765e-13 0)
(4.70511e-08 -0.000508428 0)
(-1.39555e-11 -4.1999e-06 0)
(-1.25779e-17 -1.62164e-12 0)
(-8.90173e-18 -9.85762e-13 0)
(-8.5828e-18 -9.85762e-13 0)
(-8.25797e-18 -9.85762e-13 0)
(-7.92678e-18 -9.85762e-13 0)
(-7.589e-18 -9.85762e-13 0)
(-7.24466e-18 -9.85762e-13 0)
(-6.89402e-18 -9.85762e-13 0)
(-6.53762e-18 -9.85762e-13 0)
(-6.17623e-18 -9.85762e-13 0)
(-5.8109e-18 -9.85762e-13 0)
(-5.44285e-18 -9.85762e-13 0)
(-5.07353e-18 -9.85762e-13 0)
(-4.70453e-18 -9.85762e-13 0)
(-4.33759e-18 -9.85762e-13 0)
(-3.97453e-18 -9.85762e-13 0)
(-3.61727e-18 -9.85762e-13 0)
(-3.26775e-18 -9.85762e-13 0)
(-2.92794e-18 -9.85762e-13 0)
(-2.59977e-18 -9.85762e-13 0)
(-2.28516e-18 -9.85762e-13 0)
(-1.98593e-18 -9.85763e-13 0)
(-1.70381e-18 -9.85763e-13 0)
(-1.4404e-18 -9.85763e-13 0)
(-1.19713e-18 -9.85763e-13 0)
(-9.75243e-19 -9.85763e-13 0)
(-7.75736e-19 -9.85764e-13 0)
(-5.99341e-19 -9.85764e-13 0)
(-4.46477e-19 -9.85764e-13 0)
(-3.17213e-19 -9.85764e-13 0)
(-2.11228e-19 -9.85764e-13 0)
(-1.27771e-19 -9.85764e-13 0)
(-6.56189e-20 -9.85765e-13 0)
(-2.30497e-20 -9.85765e-13 0)
(2.19476e-21 -9.85765e-13 0)
(1.29302e-20 -9.85765e-13 0)
(1.25472e-20 -9.85765e-13 0)
(5.01813e-21 -9.85765e-13 0)
(4.0805e-08 -0.000507615 0)
(-1.03554e-11 -3.4367e-06 0)
(-1.13308e-17 -1.48653e-12 0)
(-8.53257e-18 -9.85763e-13 0)
(-8.27344e-18 -9.85763e-13 0)
(-8.00523e-18 -9.85763e-13 0)
(-7.7273e-18 -9.85762e-13 0)
(-7.4393e-18 -9.85762e-13 0)
(-7.14119e-18 -9.85762e-13 0)
(-6.83331e-18 -9.85762e-13 0)
(-6.51632e-18 -9.85762e-13 0)
(-6.19121e-18 -9.85762e-13 0)
(-5.85925e-18 -9.85762e-13 0)
(-5.52194e-18 -9.85762e-13 0)
(-5.18094e-18 -9.85762e-13 0)
(-4.83809e-18 -9.85762e-13 0)
(-4.49529e-18 -9.85763e-13 0)
(-4.15447e-18 -9.85763e-13 0)
(-3.81763e-18 -9.85763e-13 0)
(-3.4867e-18 -9.85763e-13 0)
(-3.16359e-18 -9.85763e-13 0)
(-2.85016e-18 -9.85763e-13 0)
(-2.54816e-18 -9.85763e-13 0)
(-2.25927e-18 -9.85763e-13 0)
(-1.98501e-18 -9.85763e-13 0)
(-1.72679e-18 -9.85763e-13 0)
(-1.48583e-18 -9.85764e-13 0)
(-1.26317e-18 -9.85764e-13 0)
(-1.05964e-18 -9.85764e-13 0)
(-8.75817e-19 -9.85764e-13 0)
(-7.12013e-19 -9.85764e-13 0)
(-5.6823e-19 -9.85764e-13 0)
(-4.44134e-19 -9.85764e-13 0)
(-3.39024e-19 -9.85765e-13 0)
(-2.51799e-19 -9.85765e-13 0)
(-1.80928e-19 -9.85765e-13 0)
(-1.24429e-19 -9.85765e-13 0)
(-7.9844e-20 -9.85765e-13 0)
(-4.42253e-20 -9.85765e-13 0)
(-1.41291e-20 -9.85765e-13 0)
(3.49275e-08 -0.000506879 0)
(-7.43526e-12 -2.72854e-06 0)
(-1.02489e-17 -1.36862e-12 0)
(-8.19096e-18 -9.85763e-13 0)
(-7.99583e-18 -9.85763e-13 0)
(-7.78649e-18 -9.85763e-13 0)
(-7.56186e-18 -9.85763e-13 0)
(-7.32145e-18 -9.85763e-13 0)
(-7.06533e-18 -9.85763e-13 0)
(-6.79419e-18 -9.85763e-13 0)
(-6.50921e-18 -9.85763e-13 0)
(-6.212e-18 -9.85763e-13 0)
(-5.90446e-18 -9.85763e-13 0)
(-5.58873e-18 -9.85763e-13 0)
(-5.26705e-18 -9.85763e-13 0)
(-4.94169e-18 -9.85763e-13 0)
(-4.61493e-18 -9.85763e-13 0)
(-4.28897e-18 -9.85763e-13 0)
(-3.96592e-18 -9.85763e-13 0)
(-3.64779e-18 -9.85763e-13 0)
(-3.33647e-18 -9.85763e-13 0)
(-3.03373e-18 -9.85764e-13 0)
(-2.74117e-18 -9.85764e-13 0)
(-2.46029e-18 -9.85764e-13 0)
(-2.19243e-18 -9.85764e-13 0)
(-1.93875e-18 -9.85764e-13 0)
(-1.70029e-18 -9.85764e-13 0)
(-1.47787e-18 -9.85764e-13 0)
(-1.27214e-18 -9.85764e-13 0)
(-1.08352e-18 -9.85764e-13 0)
(-9.12179e-19 -9.85764e-13 0)
(-7.58053e-19 -9.85765e-13 0)
(-6.20771e-19 -9.85765e-13 0)
(-4.99654e-19 -9.85765e-13 0)
(-3.93681e-19 -9.85765e-13 0)
(-3.01472e-19 -9.85765e-13 0)
(-2.2126e-19 -9.85765e-13 0)
(-1.50874e-19 -9.85765e-13 0)
(-8.77266e-20 -9.85765e-13 0)
(-2.88064e-20 -9.85765e-13 0)
(2.93964e-08 -0.000506214 0)
(-5.16108e-12 -2.07764e-06 0)
(-9.36607e-18 -1.26761e-12 0)
(-7.91931e-18 -9.85764e-13 0)
(-7.79499e-18 -9.85764e-13 0)
(-7.64752e-18 -9.85764e-13 0)
(-7.47503e-18 -9.85764e-13 0)
(-7.27707e-18 -9.85764e-13 0)
(-7.05446e-18 -9.85764e-13 0)
(-6.80906e-18 -9.85764e-13 0)
(-6.54349e-18 -9.85764e-13 0)
(-6.2608e-18 -9.85764e-13 0)
(-5.96426e-18 -9.85764e-13 0)
(-5.65718e-18 -9.85764e-13 0)
(-5.34273e-18 -9.85764e-13 0)
(-5.02392e-18 -9.85764e-13 0)
(-4.70349e-18 -9.85764e-13 0)
(-4.38395e-18 -9.85764e-13 0)
(-4.06754e-18 -9.85764e-13 0)
(-3.75627e-18 -9.85764e-13 0)
(-3.45193e-18 -9.85764e-13 0)
(-3.15611e-18 -9.85764e-13 0)
(-2.8702e-18 -9.85764e-13 0)
(-2.59545e-18 -9.85764e-13 0)
(-2.33293e-18 -9.85764e-13 0)
(-2.08355e-18 -9.85764e-13 0)
(-1.84808e-18 -9.85764e-13 0)
(-1.62711e-18 -9.85764e-13 0)
(-1.42108e-18 -9.85765e-13 0)
(-1.23023e-18 -9.85765e-13 0)
(-1.05459e-18 -9.85765e-13 0)
(-8.93984e-19 -9.85765e-13 0)
(-7.47995e-19 -9.85765e-13 0)
(-6.15937e-19 -9.85765e-13 0)
(-4.96842e-19 -9.85765e-13 0)
(-3.89439e-19 -9.85765e-13 0)
(-2.92129e-19 -9.85765e-13 0)
(-2.02975e-19 -9.85765e-13 0)
(-1.19683e-19 -9.85765e-13 0)
(-3.95968e-20 -9.85765e-13 0)
(2.41416e-08 -0.000505614 0)
(-3.43054e-12 -1.48727e-06 0)
(-8.70867e-18 -1.18184e-12 0)
(-7.78154e-18 -9.85764e-13 0)
(-7.74401e-18 -9.85764e-13 0)
(-7.66339e-18 -9.85764e-13 0)
(-7.53778e-18 -9.85764e-13 0)
(-7.36883e-18 -9.85764e-13 0)
(-7.16067e-18 -9.85764e-13 0)
(-6.91887e-18 -9.85764e-13 0)
(-6.64956e-18 -9.85764e-13 0)
(-6.35886e-18 -9.85764e-13 0)
(-6.05246e-18 -9.85765e-13 0)
(-5.73543e-18 -9.85765e-13 0)
(-5.41216e-18 -9.85765e-13 0)
(-5.08635e-18 -9.85765e-13 0)
(-4.76109e-18 -9.85765e-13 0)
(-4.43896e-18 -9.85765e-13 0)
(-4.12207e-18 -9.85765e-13 0)
(-3.81216e-18 -9.85765e-13 0)
(-3.51068e-18 -9.85765e-13 0)
(-3.21885e-18 -9.85765e-13 0)
(-2.93767e-18 -9.85765e-13 0)
(-2.668e-18 -9.85765e-13 0)
(-2.41054e-18 -9.85765e-13 0)
(-2.16586e-18 -9.85765e-13 0)
(-1.93441e-18 -9.85765e-13 0)
(-1.71651e-18 -9.85765e-13 0)
(-1.51234e-18 -9.85765e-13 0)
(-1.32195e-18 -9.85765e-13 0)
(-1.14521e-18 -9.85765e-13 0)
(-9.81831e-19 -9.85765e-13 0)
(-8.31313e-19 -9.85765e-13 0)
(-6.92956e-19 -9.85765e-13 0)
(-5.65821e-19 -9.85765e-13 0)
(-4.48717e-19 -9.85765e-13 0)
(-3.40181e-19 -9.85765e-13 0)
(-2.38464e-19 -9.85765e-13 0)
(-1.41518e-19 -9.85765e-13 0)
(-4.69808e-20 -9.85765e-13 0)
(1.90382e-08 -0.00050507 0)
(-2.11993e-12 -9.62829e-07 0)
(-8.35233e-18 -1.10897e-12 0)
(-7.91702e-18 -9.85764e-13 0)
(-7.99702e-18 -9.85764e-13 0)
(-7.9808e-18 -9.85764e-13 0)
(-7.87532e-18 -9.85765e-13 0)
(-7.69423e-18 -9.85765e-13 0)
(-7.45339e-18 -9.85765e-13 0)
(-7.16815e-18 -9.85765e-13 0)
(-6.85196e-18 -9.85765e-13 0)
(-6.51588e-18 -9.85765e-13 0)
(-6.16862e-18 -9.85765e-13 0)
(-5.8168e-18 -9.85765e-13 0)
(-5.46534e-18 -9.85765e-13 0)
(-5.11783e-18 -9.85765e-13 0)
(-4.77687e-18 -9.85765e-13 0)
(-4.44428e-18 -9.85765e-13 0)
(-4.12141e-18 -9.85765e-13 0)
(-3.80919e-18 -9.85765e-13 0)
(-3.50833e-18 -9.85765e-13 0)
(-3.21932e-18 -9.85765e-13 0)
(-2.94256e-18 -9.85765e-13 0)
(-2.67833e-18 -9.85765e-13 0)
(-2.42685e-18 -9.85765e-13 0)
(-2.18826e-18 -9.85765e-13 0)
(-1.96266e-18 -9.85765e-13 0)
(-1.75003e-18 -9.85765e-13 0)
(-1.55031e-18 -9.85765e-13 0)
(-1.36332e-18 -9.85765e-13 0)
(-1.18878e-18 -9.85765e-13 0)
(-1.02626e-18 -9.85765e-13 0)
(-8.75208e-19 -9.85765e-13 0)
(-7.34883e-19 -9.85765e-13 0)
(-6.04366e-19 -9.85765e-13 0)
(-4.82531e-19 -9.85765e-13 0)
(-3.68029e-19 -9.85765e-13 0)
(-2.59272e-19 -9.85765e-13 0)
(-1.54417e-19 -9.85765e-13 0)
(-5.13597e-20 -9.85765e-13 0)
(1.39309e-08 -0.000504576 0)
(-1.14305e-12 -5.12934e-07 0)
(-8.61573e-18 -1.04817e-12 0)
(-8.74786e-18 -9.85763e-13 0)
(-8.95086e-18 -9.85764e-13 0)
(-8.91494e-18 -9.85765e-13 0)
(-8.70645e-18 -9.85765e-13 0)
(-8.38495e-18 -9.85765e-13 0)
(-7.99637e-18 -9.85766e-13 0)
(-7.57326e-18 -9.85766e-13 0)
(-7.13728e-18 -9.85766e-13 0)
(-6.70215e-18 -9.85766e-13 0)
(-6.27606e-18 -9.85766e-13 0)
(-5.86361e-18 -9.85766e-13 0)
(-5.46711e-18 -9.85766e-13 0)
(-5.08746e-18 -9.85766e-13 0)
(-4.72479e-18 -9.85766e-13 0)
(-4.37882e-18 -9.85766e-13 0)
(-4.04904e-18 -9.85766e-13 0)
(-3.73492e-18 -9.85766e-13 0)
(-3.4359e-18 -9.85766e-13 0)
(-3.15149e-18 -9.85766e-13 0)
(-2.88125e-18 -9.85766e-13 0)
(-2.62481e-18 -9.85766e-13 0)
(-2.38183e-18 -9.85766e-13 0)
(-2.15199e-18 -9.85766e-13 0)
(-1.93501e-18 -9.85766e-13 0)
(-1.73059e-18 -9.85766e-13 0)
(-1.5384e-18 -9.85766e-13 0)
(-1.35807e-18 -9.85766e-13 0)
(-1.18917e-18 -9.85766e-13 0)
(-1.03117e-18 -9.85766e-13 0)
(-8.8345e-19 -9.85766e-13 0)
(-7.45247e-19 -9.85766e-13 0)
(-6.15661e-19 -9.85766e-13 0)
(-4.93629e-19 -9.85766e-13 0)
(-3.77905e-19 -9.85766e-13 0)
(-2.67045e-19 -9.85766e-13 0)
(-1.59396e-19 -9.85766e-13 0)
(-5.30766e-20 -9.85766e-13 0)
(8.71806e-09 -0.000252171 0)
(-2.16968e-13 -1.53972e-07 0)
(-1.10466e-17 -1.00335e-12 0)
(-1.17899e-17 -9.85762e-13 0)
(-1.16493e-17 -9.85764e-13 0)
(-1.10436e-17 -9.85766e-13 0)
(-1.0271e-17 -9.85766e-13 0)
(-9.47329e-18 -9.85767e-13 0)
(-8.71243e-18 -9.85767e-13 0)
(-8.01098e-18 -9.85767e-13 0)
(-7.37295e-18 -9.85767e-13 0)
(-6.79444e-18 -9.85767e-13 0)
(-6.26878e-18 -9.85767e-13 0)
(-5.78891e-18 -9.85767e-13 0)
(-5.34837e-18 -9.85767e-13 0)
(-4.94162e-18 -9.85767e-13 0)
(-4.56409e-18 -9.85767e-13 0)
(-4.21208e-18 -9.85767e-13 0)
(-3.88261e-18 -9.85767e-13 0)
(-3.57331e-18 -9.85767e-13 0)
(-3.28231e-18 -9.85766e-13 0)
(-3.00808e-18 -9.85766e-13 0)
(-2.74942e-18 -9.85766e-13 0)
(-2.50536e-18 -9.85766e-13 0)
(-2.2751e-18 -9.85766e-13 0)
(-2.05796e-18 -9.85766e-13 0)
(-1.85337e-18 -9.85766e-13 0)
(-1.66077e-18 -9.85766e-13 0)
(-1.47967e-18 -9.85766e-13 0)
(-1.30956e-18 -9.85766e-13 0)
(-1.14988e-18 -9.85766e-13 0)
(-1.00005e-18 -9.85766e-13 0)
(-8.59407e-19 -9.85766e-13 0)
(-7.2719e-19 -9.85766e-13 0)
(-6.02535e-19 -9.85766e-13 0)
(-4.84446e-19 -9.85766e-13 0)
(-3.71784e-19 -9.85766e-13 0)
(-2.63245e-19 -9.85766e-13 0)
(-1.57351e-19 -9.85766e-13 0)
(-5.24348e-20 -9.85766e-13 0)
(-2.12952e-17 -9.8577e-13 0)
(-3.86165e-17 -9.85771e-13 0)
(-3.11055e-17 -9.85771e-13 0)
(-2.29009e-17 -9.85771e-13 0)
(-1.7692e-17 -9.85771e-13 0)
(-1.42651e-17 -9.8577e-13 0)
(-1.19161e-17 -9.8577e-13 0)
(-1.02337e-17 -9.8577e-13 0)
(-8.97447e-18 -9.85769e-13 0)
(-7.99211e-18 -9.85769e-13 0)
(-7.19695e-18 -9.85769e-13 0)
(-6.53269e-18 -9.85769e-13 0)
(-5.96309e-18 -9.85768e-13 0)
(-5.46421e-18 -9.85768e-13 0)
(-5.01975e-18 -9.85768e-13 0)
(-4.61839e-18 -9.85768e-13 0)
(-4.25204e-18 -9.85768e-13 0)
(-3.9148e-18 -9.85767e-13 0)
(-3.60233e-18 -9.85767e-13 0)
(-3.31133e-18 -9.85767e-13 0)
(-3.0393e-18 -9.85767e-13 0)
(-2.78429e-18 -9.85767e-13 0)
(-2.54477e-18 -9.85767e-13 0)
(-2.31952e-18 -9.85767e-13 0)
(-2.10755e-18 -9.85767e-13 0)
(-1.90804e-18 -9.85766e-13 0)
(-1.72026e-18 -9.85766e-13 0)
(-1.54359e-18 -9.85766e-13 0)
(-1.37744e-18 -9.85766e-13 0)
(-1.22123e-18 -9.85766e-13 0)
(-1.07438e-18 -9.85766e-13 0)
(-9.36296e-19 -9.85766e-13 0)
(-8.06307e-19 -9.85766e-13 0)
(-6.83693e-19 -9.85766e-13 0)
(-5.67646e-19 -9.85766e-13 0)
(-4.57258e-19 -9.85766e-13 0)
(-3.51502e-19 -9.85766e-13 0)
(-2.4922e-19 -9.85766e-13 0)
(-1.49111e-19 -9.85766e-13 0)
(-4.97139e-20 -9.85766e-13 0)
(-2.91458e-18 -9.85796e-13 0)
(-7.63885e-18 -9.85789e-13 0)
(-1.00071e-17 -9.85784e-13 0)
(-1.05368e-17 -9.8578e-13 0)
(-1.02222e-17 -9.85777e-13 0)
(-9.56477e-18 -9.85775e-13 0)
(-8.80741e-18 -9.85774e-13 0)
(-8.06005e-18 -9.85772e-13 0)
(-7.36656e-18 -9.85772e-13 0)
(-6.73942e-18 -9.85771e-13 0)
(-6.17721e-18 -9.8577e-13 0)
(-5.67326e-18 -9.8577e-13 0)
(-5.2196e-18 -9.8577e-13 0)
(-4.80868e-18 -9.85769e-13 0)
(-4.43397e-18 -9.85769e-13 0)
(-4.09007e-18 -9.85769e-13 0)
(-3.77263e-18 -9.85768e-13 0)
(-3.47814e-18 -9.85768e-13 0)
(-3.20383e-18 -9.85768e-13 0)
(-2.94747e-18 -9.85768e-13 0)
(-2.70727e-18 -9.85768e-13 0)
(-2.48179e-18 -9.85767e-13 0)
(-2.26983e-18 -9.85767e-13 0)
(-2.07041e-18 -9.85767e-13 0)
(-1.88271e-18 -9.85767e-13 0)
(-1.706e-18 -9.85767e-13 0)
(-1.53964e-18 -9.85767e-13 0)
(-1.38305e-18 -9.85767e-13 0)
(-1.23568e-18 -9.85766e-13 0)
(-1.09699e-18 -9.85766e-13 0)
(-9.66444e-19 -9.85766e-13 0)
(-8.43463e-19 -9.85766e-13 0)
(-7.27448e-19 -9.85766e-13 0)
(-6.17743e-19 -9.85766e-13 0)
(-5.13623e-19 -9.85766e-13 0)
(-4.14287e-19 -9.85766e-13 0)
(-3.18838e-19 -9.85766e-13 0)
(-2.26274e-19 -9.85766e-13 0)
(-1.35472e-19 -9.85766e-13 0)
(-4.51824e-20 -9.85766e-13 0)
(-4.62415e-19 -9.85783e-13 0)
(-1.8756e-18 -9.85782e-13 0)
(-3.48964e-18 -9.8578e-13 0)
(-4.56553e-18 -9.85779e-13 0)
(-5.1923e-18 -9.85777e-13 0)
(-5.48459e-18 -9.85776e-13 0)
(-5.54508e-18 -9.85775e-13 0)
(-5.45381e-18 -9.85774e-13 0)
(-5.26852e-18 -9.85773e-13 0)
(-5.02884e-18 -9.85772e-13 0)
(-4.76094e-18 -9.85771e-13 0)
(-4.48157e-18 -9.85771e-13 0)
(-4.20111e-18 -9.8577e-13 0)
(-3.9258e-18 -9.8577e-13 0)
(-3.65923e-18 -9.8577e-13 0)
(-3.40329e-18 -9.85769e-13 0)
(-3.1589e-18 -9.85769e-13 0)
(-2.92633e-18 -9.85769e-13 0)
(-2.70551e-18 -9.85768e-13 0)
(-2.49617e-18 -9.85768e-13 0)
(-2.29793e-18 -9.85768e-13 0)
(-2.11036e-18 -9.85768e-13 0)
(-1.93302e-18 -9.85768e-13 0)
(-1.76546e-18 -9.85767e-13 0)
(-1.60725e-18 -9.85767e-13 0)
(-1.45795e-18 -9.85767e-13 0)
(-1.31714e-18 -9.85767e-13 0)
(-1.18439e-18 -9.85767e-13 0)
(-1.05929e-18 -9.85767e-13 0)
(-9.41404e-19 -9.85767e-13 0)
(-8.3027e-19 -9.85766e-13 0)
(-7.25416e-19 -9.85766e-13 0)
(-6.26326e-19 -9.85766e-13 0)
(-5.32444e-19 -9.85766e-13 0)
(-4.43156e-19 -9.85766e-13 0)
(-3.57785e-19 -9.85766e-13 0)
(-2.7558e-19 -9.85766e-13 0)
(-1.95704e-19 -9.85766e-13 0)
(-1.17225e-19 -9.85766e-13 0)
(-3.91062e-20 -9.85766e-13 0)
(1.91402e-20 -9.85778e-13 0)
(-4.47583e-19 -9.85778e-13 0)
(-1.34509e-18 -9.85777e-13 0)
(-2.08415e-18 -9.85777e-13 0)
(-2.6502e-18 -9.85776e-13 0)
(-3.05137e-18 -9.85775e-13 0)
(-3.30822e-18 -9.85774e-13 0)
(-3.44605e-18 -9.85774e-13 0)
(-3.49011e-18 -9.85773e-13 0)
(-3.46308e-18 -9.85772e-13 0)
(-3.38402e-18 -9.85772e-13 0)
(-3.2683e-18 -9.85771e-13 0)
(-3.12787e-18 -9.85771e-13 0)
(-2.97184e-18 -9.85771e-13 0)
(-2.80699e-18 -9.8577e-13 0)
(-2.63828e-18 -9.8577e-13 0)
(-2.46929e-18 -9.85769e-13 0)
(-2.30256e-18 -9.85769e-13 0)
(-2.13984e-18 -9.85769e-13 0)
(-1.98232e-18 -9.85769e-13 0)
(-1.83076e-18 -9.85768e-13 0)
(-1.68562e-18 -9.85768e-13 0)
(-1.54715e-18 -9.85768e-13 0)
(-1.41541e-18 -9.85768e-13 0)
(-1.29037e-18 -9.85767e-13 0)
(-1.17191e-18 -9.85767e-13 0)
(-1.05986e-18 -9.85767e-13 0)
(-9.53974e-19 -9.85767e-13 0)
(-8.53998e-19 -9.85767e-13 0)
(-7.59628e-19 -9.85767e-13 0)
(-6.70533e-19 -9.85767e-13 0)
(-5.86347e-19 -9.85767e-13 0)
(-5.06671e-19 -9.85766e-13 0)
(-4.31065e-19 -9.85766e-13 0)
(-3.59044e-19 -9.85766e-13 0)
(-2.90073e-19 -9.85766e-13 0)
(-2.23556e-19 -9.85766e-13 0)
(-1.58833e-19 -9.85766e-13 0)
(-9.51715e-20 -9.85766e-13 0)
(-3.17546e-20 -9.85766e-13 0)
(1.06655e-19 -9.85775e-13 0)
(-4.64919e-20 -9.85775e-13 0)
(-5.43126e-19 -9.85775e-13 0)
(-9.87453e-19 -9.85775e-13 0)
(-1.3649e-18 -9.85775e-13 0)
(-1.6688e-18 -9.85774e-13 0)
(-1.89906e-18 -9.85774e-13 0)
(-2.06035e-18 -9.85773e-13 0)
(-2.16026e-18 -9.85773e-13 0)
(-2.20778e-18 -9.85772e-13 0)
(-2.21214e-18 -9.85772e-13 0)
(-2.18214e-18 -9.85772e-13 0)
(-2.12568e-18 -9.85771e-13 0)
(-2.04956e-18 -9.85771e-13 0)
(-1.95947e-18 -9.8577e-13 0)
(-1.86005e-18 -9.8577e-13 0)
(-1.755e-18 -9.8577e-13 0)
(-1.64719e-18 -9.85769e-13 0)
(-1.53881e-18 -9.85769e-13 0)
(-1.43151e-18 -9.85769e-13 0)
(-1.32648e-18 -9.85769e-13 0)
(-1.22458e-18 -9.85768e-13 0)
(-1.12638e-18 -9.85768e-13 0)
(-1.03225e-18 -9.85768e-13 0)
(-9.42382e-19 -9.85768e-13 0)
(-8.56873e-19 -9.85767e-13 0)
(-7.75713e-19 -9.85767e-13 0)
(-6.98825e-19 -9.85767e-13 0)
(-6.26076e-19 -9.85767e-13 0)
(-5.57291e-19 -9.85767e-13 0)
(-4.92258e-19 -9.85767e-13 0)
(-4.30728e-19 -9.85767e-13 0)
(-3.72422e-19 -9.85767e-13 0)
(-3.17029e-19 -9.85767e-13 0)
(-2.64199e-19 -9.85766e-13 0)
(-2.13548e-19 -9.85766e-13 0)
(-1.64646e-19 -9.85766e-13 0)
(-1.17016e-19 -9.85766e-13 0)
(-7.01312e-20 -9.85766e-13 0)
(-2.34025e-20 -9.85766e-13 0)
(8.63122e-20 -9.85774e-13 0)
(4.19995e-20 -9.85774e-13 0)
(-2.11395e-19 -9.85774e-13 0)
(-4.4648e-19 -9.85774e-13 0)
(-6.55712e-19 -9.85774e-13 0)
(-8.33988e-19 -9.85774e-13 0)
(-9.78732e-19 -9.85773e-13 0)
(-1.08964e-18 -9.85773e-13 0)
(-1.16821e-18 -9.85773e-13 0)
(-1.21725e-18 -9.85772e-13 0)
(-1.24034e-18 -9.85772e-13 0)
(-1.24142e-18 -9.85772e-13 0)
(-1.22445e-18 -9.85771e-13 0)
(-1.19315e-18 -9.85771e-13 0)
(-1.15092e-18 -9.85771e-13 0)
(-1.10068e-18 -9.8577e-13 0)
(-1.04493e-18 -9.8577e-13 0)
(-9.85709e-19 -9.8577e-13 0)
(-9.24656e-19 -9.85769e-13 0)
(-8.63056e-19 -9.85769e-13 0)
(-8.01892e-19 -9.85769e-13 0)
(-7.41893e-19 -9.85768e-13 0)
(-6.83585e-19 -9.85768e-13 0)
(-6.27332e-19 -9.85768e-13 0)
(-5.73368e-19 -9.85768e-13 0)
(-5.21828e-19 -9.85768e-13 0)
(-4.72769e-19 -9.85767e-13 0)
(-4.2619e-19 -9.85767e-13 0)
(-3.82043e-19 -9.85767e-13 0)
(-3.40244e-19 -9.85767e-13 0)
(-3.00679e-19 -9.85767e-13 0)
(-2.63209e-19 -9.85767e-13 0)
(-2.27671e-19 -9.85767e-13 0)
(-1.9388e-19 -9.85767e-13 0)
(-1.61627e-19 -9.85767e-13 0)
(-1.3068e-19 -9.85766e-13 0)
(-1.0078e-19 -9.85766e-13 0)
(-7.16407e-20 -9.85766e-13 0)
(-4.29424e-20 -9.85766e-13 0)
(-1.43308e-20 -9.85766e-13 0)
(3.15443e-20 -9.85774e-13 0)
(2.30378e-20 -9.85774e-13 0)
(-5.5095e-20 -9.85774e-13 0)
(-1.28621e-19 -9.85774e-13 0)
(-1.95293e-19 -9.85774e-13 0)
(-2.53414e-19 -9.85773e-13 0)
(-3.01921e-19 -9.85773e-13 0)
(-3.40377e-19 -9.85773e-13 0)
(-3.68903e-19 -9.85773e-13 0)
(-3.88066e-19 -9.85772e-13 0)
(-3.98749e-19 -9.85772e-13 0)
(-4.02026e-19 -9.85772e-13 0)
(-3.99055e-19 -9.85771e-13 0)
(-3.90987e-19 -9.85771e-13 0)
(-3.78908e-19 -9.85771e-13 0)
(-3.63798e-19 -9.8577e-13 0)
(-3.4651e-19 -9.8577e-13 0)
(-3.27765e-19 -9.8577e-13 0)
(-3.08155e-19 -9.85769e-13 0)
(-2.88154e-19 -9.85769e-13 0)
(-2.68131e-19 -9.85769e-13 0)
(-2.48367e-19 -9.85769e-13 0)
(-2.29069e-19 -9.85768e-13 0)
(-2.10382e-19 -9.85768e-13 0)
(-1.92406e-19 -9.85768e-13 0)
(-1.75201e-19 -9.85768e-13 0)
(-1.58797e-19 -9.85767e-13 0)
(-1.43203e-19 -9.85767e-13 0)
(-1.28409e-19 -9.85767e-13 0)
(-1.14391e-19 -9.85767e-13 0)
(-1.01114e-19 -9.85767e-13 0)
(-8.85325e-20 -9.85767e-13 0)
(-7.65944e-20 -9.85767e-13 0)
(-6.52382e-20 -9.85767e-13 0)
(-5.43945e-20 -9.85767e-13 0)
(-4.39859e-20 -9.85766e-13 0)
(-3.39262e-20 -9.85766e-13 0)
(-2.41192e-20 -9.85766e-13 0)
(-1.44584e-20 -9.85766e-13 0)
(-4.82524e-21 -9.85766e-13 0)
)
;

boundaryField
{
    top
    {
        type            zeroGradient;
    }
    inlet
    {
        type            fixedValue;
        value           uniform (0 0 0);
    }
    axis
    {
        type            fixedValue;
        value           uniform (0 0 0);
    }
    frontAndBack
    {
        type            empty;
    }
}


// ************************************************************************* //
