/*--------------------------------*- C++ -*----------------------------------*\
  =========                 |
  \\      /  F ield         | OpenFOAM: The Open Source CFD Toolbox
   \\    /   O peration     | Website:  https://openfoam.org
    \\  /    A nd           | Version:  10
     \\/     M anipulation  |
\*---------------------------------------------------------------------------*/
FoamFile
{
    format      ascii;
    class       surfaceScalarField;
    location    "20750";
    object      phi;
}
// * * * * * * * * * * * * * * * * * * * * * * * * * * * * * * * * * * * * * //

dimensions      [0 3 -1 0 0 0 0];

internalField   nonuniform List<scalar> 
6280
(
-3.35258e-07
3.35258e-07
-6.83916e-07
3.48658e-07
-1.06748e-06
3.83563e-07
-1.51445e-06
4.46976e-07
-2.06803e-06
5.53575e-07
-2.80017e-06
7.32143e-07
-3.83971e-06
1.03953e-06
-5.43075e-06
1.59105e-06
-8.05815e-06
2.6274e-06
-1.27227e-05
4.66458e-06
-1.95136e-05
6.79083e-06
-2.066e-05
1.14639e-06
-2.10625e-05
4.0252e-07
-2.13363e-05
2.7387e-07
-2.15431e-05
2.068e-07
-2.17066e-05
1.635e-07
-2.18397e-05
1.33097e-07
-2.19505e-05
1.1071e-07
-2.20441e-05
9.36772e-08
-2.21245e-05
8.03864e-08
-2.21943e-05
6.97999e-08
-2.22555e-05
6.12215e-08
-2.23097e-05
5.41673e-08
-2.2358e-05
4.82915e-08
-2.24013e-05
4.33421e-08
-2.24405e-05
3.91308e-08
-2.24341e-05
-6.32585e-09
-2.21255e-05
-3.08662e-07
-2.17852e-05
-3.40329e-07
-2.14562e-05
-3.28926e-07
-2.11321e-05
-3.24139e-07
-2.07837e-05
-3.48389e-07
-2.03628e-05
-4.20856e-07
-1.97956e-05
-5.67227e-07
-1.89682e-05
-8.27378e-07
-1.77035e-05
-1.26474e-06
-1.57234e-05
-1.98007e-06
-1.25896e-05
-3.13384e-06
-7.60116e-06
-4.98843e-06
-6.65313e-06
-9.48027e-07
-2.93908e-07
6.29166e-07
-5.92816e-07
6.47566e-07
-9.06109e-07
6.96855e-07
-1.24168e-06
7.82545e-07
-1.60304e-06
9.14942e-07
-1.98072e-06
1.10982e-06
-2.32907e-06
1.38789e-06
-2.50691e-06
1.76888e-06
-2.1278e-06
2.24829e-06
-1.87765e-07
2.72454e-06
3.81129e-06
2.79177e-06
3.10701e-06
1.85067e-06
2.25345e-06
1.25609e-06
1.60457e-06
9.22747e-07
1.08028e-06
7.31085e-07
6.22762e-07
6.21022e-07
1.92579e-07
5.6328e-07
-2.41404e-07
5.44694e-07
-7.09615e-07
5.61889e-07
-1.24865e-06
6.19419e-07
-1.9098e-06
7.30951e-07
-2.77225e-06
9.23675e-07
-3.96559e-06
1.2475e-06
-5.70992e-06
1.79262e-06
-8.38882e-06
2.72224e-06
-1.26689e-05
4.31924e-06
-1.524e-05
2.56473e-06
-1.57716e-05
2.2298e-07
-1.62803e-05
1.68359e-07
-1.67506e-05
1.41322e-07
-1.71957e-05
1.20959e-07
-1.76485e-05
1.04495e-07
-1.81603e-05
9.08609e-08
-1.88068e-05
7.93191e-08
-1.97034e-05
6.92487e-08
-2.10282e-05
6.00541e-08
-2.30594e-05
5.10674e-08
-2.62345e-05
4.12724e-08
-2.05706e-05
-1.06523e-05
-2.67447e-05
-4.78992e-07
-2.30758e-07
8.59924e-07
-4.58107e-07
8.74915e-07
-6.80817e-07
9.19565e-07
-8.93341e-07
9.9507e-07
-1.08207e-06
1.10367e-06
-1.21926e-06
1.24701e-06
-1.25423e-06
1.42286e-06
-1.10437e-06
1.61902e-06
-6.59477e-07
1.8034e-06
1.52079e-07
1.91299e-06
1.08546e-06
1.85839e-06
1.3274e-06
1.60873e-06
1.23227e-06
1.35121e-06
1.00818e-06
1.14683e-06
7.37899e-07
1.00137e-06
4.51909e-07
9.07013e-07
1.59809e-07
8.5538e-07
-1.36399e-07
8.40901e-07
-4.35768e-07
8.61258e-07
-7.33365e-07
9.17016e-07
-1.01327e-06
1.01085e-06
-1.23556e-06
1.14597e-06
-1.31053e-06
1.32247e-06
-1.04688e-06
1.52898e-06
-4.87088e-08
1.72407e-06
2.47434e-06
1.79619e-06
3.55637e-06
1.4827e-06
2.73448e-06
1.04487e-06
2.12205e-06
7.80789e-07
1.64699e-06
6.16376e-07
1.2573e-06
5.10646e-07
9.20594e-07
4.41205e-07
6.15849e-07
3.95606e-07
3.28249e-07
3.66919e-07
4.59934e-08
3.51504e-07
-2.4193e-07
3.47977e-07
-5.47754e-07
3.56892e-07
-8.40644e-07
3.34162e-07
-1.07868e-05
-7.06202e-07
-4.07776e-05
3.24607e-06
-1.66204e-07
1.02613e-06
-3.24807e-07
1.03352e-06
-4.69926e-07
1.06468e-06
-5.92784e-07
1.11793e-06
-6.80145e-07
1.19103e-06
-7.1315e-07
1.28001e-06
-6.67761e-07
1.37747e-06
-5.19508e-07
1.47076e-06
-2.57135e-07
1.54103e-06
9.04446e-08
1.56541e-06
4.22528e-07
1.52631e-06
6.01659e-07
1.4296e-06
6.39736e-07
1.31314e-06
5.82301e-07
1.20427e-06
4.67619e-07
1.11605e-06
3.21749e-07
1.05288e-06
1.62039e-07
1.01509e-06
1.45204e-09
1.00149e-06
-1.47697e-07
1.01041e-06
-2.70496e-07
1.03982e-06
-3.46428e-07
1.08678e-06
-3.46865e-07
1.14641e-06
-2.34587e-07
1.21019e-06
3.02128e-08
1.26418e-06
4.66476e-07
1.28781e-06
1.00629e-06
1.25637e-06
1.33431e-06
1.15468e-06
1.36052e-06
1.01867e-06
1.249e-06
8.92308e-07
1.07733e-06
7.88049e-07
8.81223e-07
7.0675e-07
6.76732e-07
6.45697e-07
4.70766e-07
6.01572e-07
2.66287e-07
5.71398e-07
6.51093e-08
5.52682e-07
-1.3012e-07
5.43207e-07
-3.1384e-07
5.40612e-07
-5.21306e-07
5.41628e-07
2.78999e-08
-1.25541e-06
-4.07957e-05
4.60368e-08
-1.11658e-07
1.13779e-06
-2.15234e-07
1.13709e-06
-3.04348e-07
1.1538e-06
-3.71655e-07
1.18523e-06
-4.08632e-07
1.22801e-06
-4.06118e-07
1.2775e-06
-3.56107e-07
1.32746e-06
-2.55312e-07
1.36997e-06
-1.1048e-07
1.3962e-06
5.64571e-08
1.39847e-06
2.0915e-07
1.37362e-06
3.12606e-07
1.32615e-06
3.58401e-07
1.26734e-06
3.54502e-07
1.20817e-06
3.14333e-07
1.15622e-06
2.51495e-07
1.11572e-06
1.78224e-07
1.08836e-06
1.0556e-07
1.07415e-06
4.40288e-08
1.07194e-06
4.2493e-09
1.07959e-06
-2.95806e-09
1.09399e-06
3.25807e-08
1.11087e-06
1.18002e-07
1.12477e-06
2.52865e-07
1.12932e-06
4.22501e-07
1.11817e-06
5.9186e-07
1.08701e-06
7.10022e-07
1.03651e-06
7.54222e-07
9.74466e-07
7.35926e-07
9.10603e-07
6.72517e-07
8.51458e-07
5.78823e-07
8.00444e-07
4.65593e-07
7.58927e-07
3.39992e-07
7.27174e-07
2.06404e-07
7.04987e-07
6.69817e-08
6.92104e-07
-7.82876e-08
6.88476e-07
-2.32207e-07
6.94531e-07
-4.01918e-07
7.1134e-07
4.09405e-08
-1.69827e-06
-4.07916e-05
3.68322e-08
-7.02113e-08
1.208e-06
-1.33708e-07
1.20059e-06
-1.85308e-07
1.2054e-06
-2.19975e-07
1.2199e-06
-2.33019e-07
1.24105e-06
-2.2072e-07
1.2652e-06
-1.8142e-07
1.28816e-06
-1.16963e-07
1.30551e-06
-3.40044e-08
1.31324e-06
5.5806e-08
1.30866e-06
1.38027e-07
1.29139e-06
2.00375e-07
1.2638e-06
2.3748e-07
1.23024e-06
2.50253e-07
1.19539e-06
2.43408e-07
1.16307e-06
2.23363e-07
1.13577e-06
1.96999e-07
1.11472e-06
1.71052e-07
1.1001e-06
1.51814e-07
1.09118e-06
1.4487e-07
1.08654e-06
1.54668e-07
1.08419e-06
1.8381e-07
1.08173e-06
2.32065e-07
1.07651e-06
2.95303e-07
1.06608e-06
3.64897e-07
1.04858e-06
4.28554e-07
1.02336e-06
4.73692e-07
9.91375e-07
4.9307e-07
9.55089e-07
4.86147e-07
9.17527e-07
4.56262e-07
8.81344e-07
4.08242e-07
8.48463e-07
3.47073e-07
8.20096e-07
2.7735e-07
7.96897e-07
2.03192e-07
7.79145e-07
1.28409e-07
7.66887e-07
5.68488e-08
7.60036e-07
-7.03724e-09
7.58417e-07
-5.70456e-08
7.61348e-07
3.47479e-08
-1.79006e-06
-4.07608e-05
3.99759e-09
-4.04965e-08
1.24849e-06
-7.61047e-08
1.2362e-06
-1.03118e-07
1.23241e-06
-1.18363e-07
1.23515e-06
-1.19414e-07
1.2421e-06
-1.04959e-07
1.25075e-06
-7.52596e-08
1.25846e-06
-3.25581e-08
1.26281e-06
1.88089e-08
1.26187e-06
7.28717e-08
1.2546e-06
1.23213e-07
1.24105e-06
1.64603e-07
1.22241e-06
1.94254e-07
1.20059e-06
2.11944e-07
1.1777e-06
2.19409e-07
1.1556e-06
2.19587e-07
1.13559e-06
2.15955e-07
1.11836e-06
2.12039e-07
1.10401e-06
2.11047e-07
1.09217e-06
2.15551e-07
1.08203e-06
2.27189e-07
1.07256e-06
2.46361e-07
1.06255e-06
2.72002e-07
1.05087e-06
3.01506e-07
1.03658e-06
3.30969e-07
1.01912e-06
3.55866e-07
9.98461e-07
3.72105e-07
9.75135e-07
3.77099e-07
9.50095e-07
3.70134e-07
9.24491e-07
3.52055e-07
8.99422e-07
3.24739e-07
8.75779e-07
2.90647e-07
8.54188e-07
2.52541e-07
8.35003e-07
2.13351e-07
8.18334e-07
1.76169e-07
8.04069e-07
1.44319e-07
7.91886e-07
1.21496e-07
7.8124e-07
1.12007e-07
7.70838e-07
2.0402e-08
-1.69846e-06
-4.07156e-05
-2.47865e-08
-1.97237e-08
1.26822e-06
-3.61834e-08
1.25266e-06
-4.68991e-08
1.24313e-06
-4.99354e-08
1.23818e-06
-4.40483e-08
1.23622e-06
-2.8851e-08
1.23555e-06
-4.95624e-09
1.23457e-06
2.59767e-08
1.23188e-06
6.13732e-08
1.22648e-06
9.81042e-08
1.21787e-06
1.33047e-07
1.20611e-06
1.63691e-07
1.19176e-06
1.88566e-07
1.17571e-06
2.07336e-07
1.15893e-06
2.20622e-07
1.14231e-06
2.2971e-07
1.1265e-06
2.36224e-07
1.11184e-06
2.41835e-07
1.0984e-06
2.48025e-07
1.08598e-06
2.55883e-07
1.07418e-06
2.65957e-07
1.06248e-06
2.78158e-07
1.05035e-06
2.91741e-07
1.03729e-06
3.05383e-07
1.02293e-06
3.17388e-07
1.00711e-06
3.25985e-07
9.89864e-07
3.29673e-07
9.71447e-07
3.2751e-07
9.52258e-07
3.19235e-07
9.32767e-07
3.05229e-07
9.13427e-07
2.86391e-07
8.94618e-07
2.63973e-07
8.76605e-07
2.3945e-07
8.59526e-07
2.14394e-07
8.4339e-07
1.90378e-07
8.28085e-07
1.68876e-07
8.13388e-07
1.51137e-07
7.98978e-07
1.38121e-07
7.83854e-07
8.83181e-09
-1.56917e-06
-4.06658e-05
-4.10298e-08
-5.19783e-09
1.27342e-06
-8.36689e-09
1.25583e-06
-7.90565e-09
1.24266e-06
-2.64388e-09
1.23292e-06
8.07279e-09
1.2255e-06
2.43198e-08
1.2193e-06
4.55726e-08
1.21331e-06
7.07533e-08
1.2067e-06
9.8364e-08
1.19887e-06
1.26704e-07
1.18953e-06
1.54135e-07
1.17868e-06
1.79338e-07
1.16656e-06
2.01477e-07
1.15357e-06
2.20244e-07
1.14017e-06
2.35801e-07
1.12676e-06
2.48649e-07
1.11365e-06
2.5947e-07
1.10102e-06
2.68978e-07
1.08889e-06
2.77787e-07
1.07717e-06
2.86307e-07
1.06566e-06
2.94677e-07
1.05411e-06
3.02744e-07
1.04229e-06
3.10077e-07
1.02996e-06
3.16037e-07
1.01697e-06
3.19878e-07
1.00327e-06
3.2088e-07
9.88862e-07
3.1847e-07
9.73857e-07
3.12318e-07
9.5841e-07
3.02383e-07
9.42701e-07
2.88908e-07
9.26902e-07
2.72371e-07
9.11155e-07
2.53421e-07
8.95555e-07
2.32807e-07
8.80141e-07
2.11293e-07
8.64903e-07
1.89591e-07
8.49787e-07
1.68273e-07
8.34706e-07
1.47691e-07
8.19561e-07
1.28036e-07
8.03509e-07
-9.53354e-10
-1.44018e-06
-4.06171e-05
-4.96491e-08
5.17882e-09
1.26824e-06
1.15165e-08
1.24949e-06
2.00293e-08
1.23415e-06
3.14283e-08
1.22152e-06
4.60727e-08
1.21086e-06
6.39511e-08
1.20142e-06
8.46957e-08
1.19257e-06
1.07637e-07
1.18376e-06
1.31895e-07
1.17461e-06
1.56508e-07
1.16491e-06
1.80557e-07
1.15463e-06
2.03285e-07
1.14383e-06
2.24169e-07
1.13269e-06
2.42941e-07
1.12139e-06
2.59562e-07
1.11014e-06
2.7416e-07
1.09905e-06
2.8696e-07
1.08822e-06
2.98206e-07
1.07765e-06
3.08094e-07
1.06728e-06
3.16725e-07
1.05703e-06
3.24078e-07
1.04676e-06
3.30002e-07
1.03636e-06
3.34239e-07
1.02572e-06
3.36457e-07
1.01476e-06
3.36303e-07
1.00342e-06
3.33459e-07
9.91707e-07
3.2769e-07
9.79627e-07
3.18883e-07
9.67217e-07
3.07065e-07
9.54519e-07
2.924e-07
9.41567e-07
2.75172e-07
9.28383e-07
2.55758e-07
9.14969e-07
2.3459e-07
9.01309e-07
2.12122e-07
8.87371e-07
1.88794e-07
8.73116e-07
1.64995e-07
8.58505e-07
1.41044e-07
8.43512e-07
1.17329e-07
8.27223e-07
-4.79077e-09
-1.31806e-06
-4.05714e-05
-5.04372e-08
1.28779e-08
1.25536e-06
2.63247e-08
1.23604e-06
4.09823e-08
1.21949e-06
5.72883e-08
1.20522e-06
7.54505e-08
1.19269e-06
9.54434e-08
1.18143e-06
1.17027e-07
1.17098e-06
1.3979e-07
1.16099e-06
1.63203e-07
1.15119e-06
1.86697e-07
1.14142e-06
2.09721e-07
1.13161e-06
2.31803e-07
1.12175e-06
2.52585e-07
1.11191e-06
2.7183e-07
1.10215e-06
2.89414e-07
1.09255e-06
3.05295e-07
1.08317e-06
3.19478e-07
1.07404e-06
3.3198e-07
1.06515e-06
3.42798e-07
1.05646e-06
3.51885e-07
1.04794e-06
3.59142e-07
1.0395e-06
3.64413e-07
1.03109e-06
3.67504e-07
1.02263e-06
3.68194e-07
1.01407e-06
3.66267e-07
1.00535e-06
3.61533e-07
9.96441e-07
3.53852e-07
9.87307e-07
3.43156e-07
9.77913e-07
3.29452e-07
9.68223e-07
3.12832e-07
9.58187e-07
2.93468e-07
9.47748e-07
2.71603e-07
9.36834e-07
2.47545e-07
9.25367e-07
2.21651e-07
9.13264e-07
1.94318e-07
9.00449e-07
1.65962e-07
8.86861e-07
1.3701e-07
8.72464e-07
1.08027e-07
8.56206e-07
-7.66673e-09
-1.20236e-06
-4.05281e-05
-5.10518e-08
1.88728e-08
1.23649e-06
3.79198e-08
1.217e-06
5.75505e-08
1.19986e-06
7.80407e-08
1.18473e-06
9.95183e-08
1.17122e-06
1.21964e-07
1.15899e-06
1.45227e-07
1.14772e-06
1.69051e-07
1.13717e-06
1.93111e-07
1.12713e-06
2.17051e-07
1.11748e-06
2.40522e-07
1.10813e-06
2.63207e-07
1.09907e-06
2.84841e-07
1.09027e-06
3.05216e-07
1.08177e-06
3.24177e-07
1.07359e-06
3.41606e-07
1.06574e-06
3.57408e-07
1.05824e-06
3.71492e-07
1.05106e-06
3.83756e-07
1.0442e-06
3.94076e-07
1.03762e-06
4.02303e-07
1.03128e-06
4.0826e-07
1.02513e-06
4.11751e-07
1.01914e-06
4.1257e-07
1.01325e-06
4.10512e-07
1.00741e-06
4.05385e-07
1.00157e-06
3.97024e-07
9.95668e-07
3.85301e-07
9.89636e-07
3.70135e-07
9.83388e-07
3.51502e-07
9.7682e-07
3.29443e-07
9.69807e-07
3.04072e-07
9.62205e-07
2.75592e-07
9.53847e-07
2.44306e-07
9.44551e-07
2.10625e-07
9.34131e-07
1.75079e-07
9.22407e-07
1.38311e-07
9.09232e-07
1.01207e-07
8.9331e-07
-9.71757e-09
-1.09144e-06
-4.04858e-05
-5.19583e-08
2.37823e-08
1.2127e-06
4.74748e-08
1.1933e-06
7.13468e-08
1.17599e-06
9.55802e-08
1.16049e-06
1.20262e-07
1.14653e-06
1.45383e-07
1.13386e-06
1.70852e-07
1.12225e-06
1.9651e-07
1.11151e-06
2.22152e-07
1.10149e-06
2.47548e-07
1.09209e-06
2.72462e-07
1.08322e-06
2.96673e-07
1.07485e-06
3.19976e-07
1.06697e-06
3.4219e-07
1.05956e-06
3.63158e-07
1.05262e-06
3.82735e-07
1.04617e-06
4.00784e-07
1.04019e-06
4.17166e-07
1.03468e-06
4.31731e-07
1.02964e-06
4.44313e-07
1.02504e-06
4.54728e-07
1.02086e-06
4.62772e-07
1.01709e-06
4.68221e-07
1.01369e-06
4.70836e-07
1.01063e-06
4.70366e-07
1.00788e-06
4.66553e-07
1.00538e-06
4.59135e-07
1.00309e-06
4.47854e-07
1.00092e-06
4.32459e-07
9.98783e-07
4.1272e-07
9.96559e-07
3.88436e-07
9.94091e-07
3.59464e-07
9.91177e-07
3.25744e-07
9.87567e-07
2.87351e-07
9.82943e-07
2.44562e-07
9.7692e-07
1.97931e-07
9.69038e-07
1.48379e-07
9.58784e-07
9.7433e-08
9.44256e-07
-1.10196e-08
-9.82987e-07
-4.04434e-05
-5.34742e-08
2.79867e-08
1.18472e-06
5.57054e-08
1.16559e-06
8.33446e-08
1.14835e-06
1.11035e-07
1.1328e-06
1.38845e-07
1.11873e-06
1.66779e-07
1.10593e-06
1.94787e-07
1.09424e-06
2.22773e-07
1.08353e-06
2.50608e-07
1.07366e-06
2.78142e-07
1.06455e-06
3.05214e-07
1.05615e-06
3.31663e-07
1.04841e-06
3.57333e-07
1.0413e-06
3.82073e-07
1.03482e-06
4.05738e-07
1.02896e-06
4.28184e-07
1.02372e-06
4.49266e-07
1.01911e-06
4.68831e-07
1.01512e-06
4.86714e-07
1.01175e-06
5.02736e-07
1.00901e-06
5.16695e-07
1.0069e-06
5.28369e-07
1.00541e-06
5.3751e-07
1.00455e-06
5.43845e-07
1.0043e-06
5.47069e-07
1.00465e-06
5.46847e-07
1.0056e-06
5.42803e-07
1.00713e-06
5.34521e-07
1.0092e-06
5.21531e-07
1.01177e-06
5.03309e-07
1.01478e-06
4.79267e-07
1.01813e-06
4.48754e-07
1.02169e-06
4.11072e-07
1.02525e-06
3.65515e-07
1.0285e-06
3.11465e-07
1.03097e-06
2.48591e-07
1.03191e-06
1.77246e-07
1.03013e-06
9.94326e-08
1.02207e-06
-1.07881e-08
-8.72766e-07
-4.0397e-05
-5.71383e-08
3.17093e-08
1.15301e-06
6.30286e-08
1.13427e-06
9.41046e-08
1.11728e-06
1.25044e-07
1.10186e-06
1.55911e-07
1.08786e-06
1.86726e-07
1.07511e-06
2.17472e-07
1.0635e-06
2.48098e-07
1.0529e-06
2.78527e-07
1.04323e-06
3.08667e-07
1.03441e-06
3.38411e-07
1.0264e-06
3.67647e-07
1.01917e-06
3.9626e-07
1.01269e-06
4.24131e-07
1.00695e-06
4.51142e-07
1.00195e-06
4.77168e-07
9.97695e-07
5.02079e-07
9.94195e-07
5.25734e-07
9.9146e-07
5.47982e-07
9.89504e-07
5.68651e-07
9.88344e-07
5.87554e-07
9.87999e-07
6.04479e-07
9.8849e-07
6.19185e-07
9.89842e-07
6.314e-07
9.92082e-07
6.40813e-07
9.9524e-07
6.47064e-07
9.99353e-07
6.49734e-07
1.00446e-06
6.48328e-07
1.01061e-06
6.42251e-07
1.01785e-06
6.30776e-07
1.02626e-06
6.1299e-07
1.03592e-06
5.87728e-07
1.04695e-06
5.53442e-07
1.05953e-06
5.08022e-07
1.07392e-06
4.48482e-07
1.09051e-06
3.70445e-07
1.10995e-06
2.67276e-07
1.1333e-06
1.28957e-07
1.16039e-06
-1.84887e-09
-7.4196e-07
-4.03214e-05
-7.74677e-08
3.50709e-08
1.11794e-06
6.96673e-08
1.09967e-06
1.03919e-07
1.08302e-06
1.37928e-07
1.06785e-06
1.71763e-07
1.05402e-06
2.05463e-07
1.04141e-06
2.3904e-07
1.02992e-06
2.72478e-07
1.01946e-06
3.05746e-07
1.00996e-06
3.38793e-07
1.00137e-06
3.71558e-07
9.93639e-07
4.03973e-07
9.86754e-07
4.35963e-07
9.80697e-07
4.67447e-07
9.75464e-07
4.9834e-07
9.71056e-07
5.2855e-07
9.67485e-07
5.57981e-07
9.64765e-07
5.86525e-07
9.62916e-07
6.14064e-07
9.61965e-07
6.40468e-07
9.6194e-07
6.6559e-07
9.62877e-07
6.89266e-07
9.64814e-07
7.11309e-07
9.67799e-07
7.31507e-07
9.71884e-07
7.49617e-07
9.7713e-07
7.65359e-07
9.8361e-07
7.78411e-07
9.91407e-07
7.88397e-07
1.00062e-06
7.94877e-07
1.01137e-06
7.9734e-07
1.02379e-06
7.9519e-07
1.03807e-06
7.87741e-07
1.0544e-06
7.74222e-07
1.07305e-06
7.53808e-07
1.09433e-06
7.25697e-07
1.11862e-06
6.89287e-07
1.14636e-06
6.44546e-07
1.17804e-06
5.92916e-07
1.21202e-06
4.88746e-07
-6.3779e-07
-3.96852e-05
-1.4741e-07
3.81256e-08
1.07981e-06
7.57177e-08
1.06208e-06
1.12906e-07
1.04584e-06
1.49798e-07
1.03096e-06
1.86475e-07
1.01735e-06
2.22998e-07
1.00489e-06
2.59404e-07
9.93516e-07
2.95712e-07
9.83153e-07
3.31924e-07
9.73747e-07
3.68031e-07
9.65258e-07
4.04012e-07
9.57658e-07
4.39839e-07
9.50927e-07
4.75477e-07
9.45059e-07
5.10886e-07
9.40054e-07
5.46023e-07
9.3592e-07
5.80838e-07
9.3267e-07
6.15277e-07
9.30325e-07
6.49282e-07
9.28912e-07
6.82787e-07
9.2846e-07
7.1572e-07
9.29007e-07
7.48003e-07
9.30594e-07
7.79546e-07
9.33271e-07
8.10253e-07
9.37092e-07
8.40016e-07
9.42121e-07
8.68717e-07
9.4843e-07
8.96225e-07
9.56102e-07
9.22398e-07
9.65234e-07
9.47084e-07
9.75935e-07
9.70121e-07
9.88332e-07
9.91344e-07
1.00257e-06
1.01059e-06
1.01882e-06
1.02773e-06
1.03727e-06
1.04266e-06
1.05812e-06
1.05537e-06
1.08162e-06
1.06598e-06
1.10801e-06
1.07481e-06
1.13752e-06
1.08247e-06
1.17038e-06
1.08998e-06
1.20451e-06
1.00632e-06
-5.54124e-07
-3.84691e-05
-2.09852e-07
4.08845e-08
1.03893e-06
8.11942e-08
1.02177e-06
1.21069e-07
1.00596e-06
1.60629e-07
9.91402e-07
1.99974e-07
9.78001e-07
2.39186e-07
9.6568e-07
2.78328e-07
9.54374e-07
3.1745e-07
9.44031e-07
3.56587e-07
9.3461e-07
3.95765e-07
9.2608e-07
4.35e-07
9.18422e-07
4.74304e-07
9.11624e-07
5.13681e-07
9.05682e-07
5.53133e-07
9.00602e-07
5.92659e-07
8.96393e-07
6.32257e-07
8.93072e-07
6.71922e-07
8.9066e-07
7.11649e-07
8.89185e-07
7.51434e-07
8.88676e-07
7.91271e-07
8.8917e-07
8.31158e-07
8.90707e-07
8.71095e-07
8.93334e-07
9.11084e-07
8.97102e-07
9.51137e-07
9.02068e-07
9.91272e-07
9.08295e-07
1.03152e-06
9.15855e-07
1.07193e-06
9.24827e-07
1.11256e-06
9.35299e-07
1.15353e-06
9.47368e-07
1.19495e-06
9.61143e-07
1.23703e-06
9.76743e-07
1.28e-06
9.94301e-07
1.32416e-06
1.01396e-06
1.3699e-06
1.03588e-06
1.41767e-06
1.06024e-06
1.46795e-06
1.08724e-06
1.52121e-06
1.11712e-06
1.57778e-06
1.14794e-06
1.50508e-06
-4.81424e-07
-3.67113e-05
-2.52729e-07
4.33316e-08
9.95596e-07
8.60601e-08
9.79039e-07
1.28341e-07
9.6368e-07
1.70311e-07
9.49432e-07
2.12091e-07
9.36221e-07
2.53784e-07
9.23987e-07
2.95479e-07
9.12679e-07
3.37253e-07
9.02257e-07
3.79172e-07
8.92691e-07
4.21293e-07
8.83959e-07
4.63669e-07
8.76047e-07
5.06344e-07
8.68949e-07
5.49362e-07
8.62664e-07
5.92764e-07
8.572e-07
6.36591e-07
8.52566e-07
6.80884e-07
8.48779e-07
7.25688e-07
8.45857e-07
7.71049e-07
8.43823e-07
8.17019e-07
8.42705e-07
8.63659e-07
8.4253e-07
9.11034e-07
8.43332e-07
9.59224e-07
8.45144e-07
1.00832e-06
8.48004e-07
1.05844e-06
8.51951e-07
1.10971e-06
8.57027e-07
1.16229e-06
8.63275e-07
1.21637e-06
8.70741e-07
1.2722e-06
8.7947e-07
1.33006e-06
8.8951e-07
1.39029e-06
9.00909e-07
1.45333e-06
9.13711e-07
1.51966e-06
9.27962e-07
1.58992e-06
9.43703e-07
1.66484e-06
9.60969e-07
1.74529e-06
9.79792e-07
1.83234e-06
1.00019e-06
1.92729e-06
1.02217e-06
2.03165e-06
1.04357e-06
1.97874e-06
-4.28515e-07
-3.44572e-05
-2.75354e-07
4.54356e-08
9.5016e-07
9.02491e-08
9.34226e-07
1.34614e-07
9.19315e-07
1.78686e-07
9.05359e-07
2.22605e-07
8.92302e-07
2.66497e-07
8.80096e-07
3.10473e-07
8.68703e-07
3.54635e-07
8.58095e-07
3.99077e-07
8.48249e-07
4.43885e-07
8.39151e-07
4.89139e-07
8.30792e-07
5.34918e-07
8.2317e-07
5.81297e-07
8.16286e-07
6.28351e-07
8.10145e-07
6.76159e-07
8.04758e-07
7.248e-07
8.00138e-07
7.74359e-07
7.96298e-07
8.24927e-07
7.93256e-07
8.76601e-07
7.9103e-07
9.29491e-07
7.8964e-07
9.83718e-07
7.89106e-07
1.03942e-06
7.89445e-07
1.09674e-06
7.90678e-07
1.15587e-06
7.92822e-07
1.21701e-06
7.95892e-07
1.28038e-06
7.99899e-07
1.34627e-06
8.04851e-07
1.41499e-06
8.1075e-07
1.48691e-06
8.17591e-07
1.56246e-06
8.25361e-07
1.64214e-06
8.34033e-07
1.72653e-06
8.43569e-07
1.81632e-06
8.53914e-07
1.9123e-06
8.64992e-07
2.01539e-06
8.76704e-07
2.12665e-06
8.88923e-07
2.24734e-06
9.01488e-07
2.37867e-06
9.12239e-07
2.33547e-06
-3.85316e-07
-3.1852e-05
-2.69677e-07
4.71578e-08
9.03002e-07
9.36815e-08
8.87702e-07
1.39763e-07
8.73234e-07
1.85576e-07
8.59547e-07
2.31278e-07
8.46599e-07
2.77015e-07
8.34359e-07
3.22919e-07
8.22799e-07
3.69113e-07
8.119e-07
4.15714e-07
8.01648e-07
4.62832e-07
7.92034e-07
5.10572e-07
7.83053e-07
5.59037e-07
7.74704e-07
6.08332e-07
7.66991e-07
6.58559e-07
7.59918e-07
7.09825e-07
7.53493e-07
7.62238e-07
7.47724e-07
8.15914e-07
7.42622e-07
8.70975e-07
7.38195e-07
9.2755e-07
7.34456e-07
9.85779e-07
7.31411e-07
1.04582e-06
7.2907e-07
1.10782e-06
7.27436e-07
1.17199e-06
7.26512e-07
1.23852e-06
7.26296e-07
1.30763e-06
7.26781e-07
1.37957e-06
7.27952e-07
1.45464e-06
7.29789e-07
1.53313e-06
7.32259e-07
1.6154e-06
7.35321e-07
1.70184e-06
7.3892e-07
1.79289e-06
7.42985e-07
1.88903e-06
7.47425e-07
1.99081e-06
7.52129e-07
2.09884e-06
7.56962e-07
2.21379e-06
7.61754e-07
2.33641e-06
7.66303e-07
2.46754e-06
7.7036e-07
2.60791e-06
7.71875e-07
2.57e-06
-3.47414e-07
-2.90419e-05
-2.4014e-07
4.84585e-08
8.54544e-07
9.62768e-08
8.39884e-07
1.43663e-07
8.25848e-07
1.90805e-07
8.12404e-07
2.37879e-07
7.99526e-07
2.85044e-07
7.87194e-07
3.3245e-07
7.75392e-07
3.80239e-07
7.64111e-07
4.28545e-07
7.53343e-07
4.77495e-07
7.43084e-07
5.27215e-07
7.33333e-07
5.77828e-07
7.24091e-07
6.29458e-07
7.15361e-07
6.82228e-07
7.07148e-07
7.36264e-07
6.99457e-07
7.91696e-07
6.92293e-07
8.48656e-07
6.85661e-07
9.07286e-07
6.79566e-07
9.67731e-07
6.7401e-07
1.03015e-06
6.68996e-07
1.0947e-06
6.64521e-07
1.16155e-06
6.6058e-07
1.2309e-06
6.57164e-07
1.30294e-06
6.54259e-07
1.37787e-06
6.51845e-07
1.45593e-06
6.49892e-07
1.53736e-06
6.48366e-07
1.62239e-06
6.47221e-07
1.71131e-06
6.464e-07
1.8044e-06
6.45834e-07
1.90194e-06
6.45441e-07
2.00424e-06
6.45124e-07
2.11161e-06
6.44769e-07
2.22432e-06
6.44246e-07
2.34267e-06
6.43406e-07
2.46689e-06
6.42084e-07
2.59715e-06
6.40094e-07
2.73329e-06
6.35743e-07
2.70283e-06
-3.16956e-07
-2.61443e-05
-1.94731e-07
4.93023e-08
8.05241e-07
9.79627e-08
7.91224e-07
1.46201e-07
7.77609e-07
1.9422e-07
7.64385e-07
2.42205e-07
7.51541e-07
2.90329e-07
7.3907e-07
3.38755e-07
7.26967e-07
3.87635e-07
7.15231e-07
4.37117e-07
7.03861e-07
4.87343e-07
6.92858e-07
5.38451e-07
6.82224e-07
5.90578e-07
6.71964e-07
6.43859e-07
6.6208e-07
6.98432e-07
6.52575e-07
7.54434e-07
6.43455e-07
8.12005e-07
6.34722e-07
8.71289e-07
6.26377e-07
9.32433e-07
6.18422e-07
9.95588e-07
6.10856e-07
1.06091e-06
6.03674e-07
1.12856e-06
5.96872e-07
1.1987e-06
5.9044e-07
1.2715e-06
5.84363e-07
1.34714e-06
5.78623e-07
1.42578e-06
5.73198e-07
1.50762e-06
5.68057e-07
1.59282e-06
5.63165e-07
1.68156e-06
5.58477e-07
1.77402e-06
5.53942e-07
1.87036e-06
5.495e-07
1.97071e-06
5.45083e-07
2.07522e-06
5.40613e-07
2.18399e-06
5.36006e-07
2.29707e-06
5.31168e-07
2.41447e-06
5.25999e-07
2.53616e-06
5.20395e-07
2.662e-06
5.14251e-07
2.79153e-06
5.06213e-07
2.76221e-06
-2.87632e-07
-2.32399e-05
-1.42167e-07
4.96607e-08
7.55581e-07
9.86819e-08
7.42202e-07
1.47292e-07
7.28999e-07
1.95701e-07
7.15977e-07
2.44101e-07
7.0314e-07
2.92675e-07
6.90496e-07
3.41591e-07
6.78051e-07
3.91012e-07
6.6581e-07
4.41091e-07
6.53781e-07
4.91979e-07
6.4197e-07
5.43822e-07
6.30382e-07
5.96762e-07
6.19023e-07
6.50944e-07
6.07898e-07
7.06509e-07
5.97011e-07
7.63599e-07
5.86364e-07
8.22361e-07
5.7596e-07
8.82937e-07
5.658e-07
9.45476e-07
5.55883e-07
1.01013e-06
5.46206e-07
1.07704e-06
5.36764e-07
1.14636e-06
5.27552e-07
1.21824e-06
5.18559e-07
1.29282e-06
5.09775e-07
1.37026e-06
5.01183e-07
1.4507e-06
4.92765e-07
1.53426e-06
4.845e-07
1.62106e-06
4.7636e-07
1.71122e-06
4.68316e-07
1.80483e-06
4.60333e-07
1.90196e-06
4.52373e-07
2.00265e-06
4.44392e-07
2.10692e-06
4.36344e-07
2.21474e-06
4.28181e-07
2.32606e-06
4.19853e-07
2.44074e-06
4.11312e-07
2.55863e-06
4.02513e-07
2.67945e-06
3.93421e-07
2.80262e-06
3.83045e-07
2.77495e-06
-2.59963e-07
-2.03792e-05
-8.58118e-08
4.95152e-08
7.06065e-07
9.83968e-08
6.93321e-07
1.46877e-07
6.80519e-07
1.95167e-07
6.67686e-07
2.43465e-07
6.54842e-07
2.91954e-07
6.42007e-07
3.40807e-07
6.29198e-07
3.90188e-07
6.16429e-07
4.40254e-07
6.03715e-07
4.91157e-07
5.91067e-07
5.43045e-07
5.78494e-07
5.96064e-07
5.66004e-07
6.50358e-07
5.53605e-07
7.06068e-07
5.413e-07
7.63338e-07
5.29094e-07
8.22309e-07
5.16989e-07
8.83125e-07
5.04984e-07
9.45928e-07
4.9308e-07
1.01086e-06
4.81275e-07
1.07806e-06
4.69564e-07
1.14767e-06
4.57944e-07
1.21982e-06
4.46408e-07
1.29464e-06
4.34951e-07
1.37226e-06
4.23565e-07
1.45278e-06
4.1224e-07
1.53632e-06
4.00968e-07
1.62294e-06
3.89738e-07
1.71271e-06
3.78539e-07
1.80569e-06
3.67357e-07
1.90188e-06
3.5618e-07
2.00128e-06
3.44994e-07
2.10384e-06
3.33782e-07
2.2095e-06
3.22529e-07
2.31813e-06
3.11218e-07
2.42961e-06
2.99836e-07
2.54375e-06
2.88369e-07
2.66036e-06
2.76812e-07
2.77891e-06
2.64493e-07
2.75934e-06
-2.40386e-07
-1.75915e-05
-2.83178e-08
4.88582e-08
6.57207e-07
9.70925e-08
6.45086e-07
1.44933e-07
6.32679e-07
1.92589e-07
6.2003e-07
2.40257e-07
6.07174e-07
2.88117e-07
5.94146e-07
3.36342e-07
5.80973e-07
3.85092e-07
5.67679e-07
4.34523e-07
5.54284e-07
4.84784e-07
5.40806e-07
5.3602e-07
5.27258e-07
5.88373e-07
5.13651e-07
6.41983e-07
4.99995e-07
6.96988e-07
4.86295e-07
7.53526e-07
4.72556e-07
8.11734e-07
4.58781e-07
8.71747e-07
4.44971e-07
9.33701e-07
4.31126e-07
9.97731e-07
4.17245e-07
1.06397e-06
4.03326e-07
1.13254e-06
3.89368e-07
1.20358e-06
3.75369e-07
1.27721e-06
3.6133e-07
1.35352e-06
3.47251e-07
1.43263e-06
3.33133e-07
1.51461e-06
3.18982e-07
1.59955e-06
3.04805e-07
1.68747e-06
2.9061e-07
1.77842e-06
2.76409e-07
1.87239e-06
2.62215e-07
1.96934e-06
2.48045e-07
2.0692e-06
2.33914e-07
2.1719e-06
2.19836e-07
2.27729e-06
2.05824e-07
2.38525e-06
1.91881e-07
2.49561e-06
1.78002e-07
2.60826e-06
1.64163e-07
2.72282e-06
1.49934e-07
2.70606e-06
-2.23622e-07
-1.48943e-05
8.85624e-09
4.76941e-08
6.09513e-07
9.47774e-08
5.98003e-07
1.41473e-07
5.85984e-07
1.87983e-07
5.73519e-07
2.34498e-07
5.60659e-07
2.81193e-07
5.47452e-07
3.28231e-07
5.33935e-07
3.75767e-07
5.20143e-07
4.23951e-07
5.06101e-07
4.72923e-07
4.91834e-07
5.22822e-07
4.77359e-07
5.73781e-07
4.62692e-07
6.25932e-07
4.47844e-07
6.79403e-07
4.32823e-07
7.34324e-07
4.17635e-07
7.90823e-07
4.02283e-07
8.49026e-07
3.86769e-07
9.0906e-07
3.71092e-07
9.71053e-07
3.55253e-07
1.03513e-06
3.3925e-07
1.10141e-06
3.23084e-07
1.17003e-06
3.06756e-07
1.24109e-06
2.90269e-07
1.31471e-06
2.7363e-07
1.39099e-06
2.56848e-07
1.47003e-06
2.39941e-07
1.55191e-06
2.22928e-07
1.63669e-06
2.05837e-07
1.72439e-06
1.88703e-07
1.81504e-06
1.71569e-07
1.9086e-06
1.54483e-07
2.00501e-06
1.37503e-07
2.10416e-06
1.20688e-07
2.20588e-06
1.04105e-07
2.30994e-06
8.78151e-08
2.41607e-06
7.18807e-08
2.52387e-06
5.63548e-08
2.63263e-06
4.11797e-08
2.61957e-06
-2.1056e-07
-1.23013e-05
2.65085e-08
4.60385e-08
5.63475e-07
9.14832e-08
5.52558e-07
1.36545e-07
5.40923e-07
1.81416e-07
5.28648e-07
2.26274e-07
5.15801e-07
2.71284e-07
5.02442e-07
3.166e-07
4.8862e-07
3.62365e-07
4.74377e-07
4.08717e-07
4.59749e-07
4.55786e-07
4.44765e-07
5.03698e-07
4.29448e-07
5.52573e-07
4.13817e-07
6.02531e-07
3.97886e-07
6.53687e-07
3.81667e-07
7.06158e-07
3.65165e-07
7.60057e-07
3.48384e-07
8.15499e-07
3.31326e-07
8.726e-07
3.13991e-07
9.31477e-07
2.96376e-07
9.92247e-07
2.7848e-07
1.05503e-06
2.603e-07
1.11995e-06
2.41837e-07
1.18713e-06
2.23092e-07
1.25668e-06
2.04072e-07
1.32875e-06
1.84786e-07
1.40343e-06
1.65252e-07
1.48086e-06
1.45498e-07
1.56114e-06
1.25558e-07
1.64436e-06
1.05483e-07
1.7306e-06
8.53359e-08
1.81988e-06
6.51954e-08
1.91223e-06
4.51581e-08
2.00758e-06
2.53377e-08
2.10582e-06
5.8643e-09
2.20675e-06
-1.3118e-08
2.31009e-06
-3.1456e-08
2.41544e-06
-4.89936e-08
2.52206e-06
-6.54406e-08
2.51727e-06
-2.05771e-07
-9.82601e-06
4.20198e-08
4.39177e-08
5.19557e-07
8.72625e-08
5.09214e-07
1.30229e-07
4.97956e-07
1.72995e-07
4.85881e-07
2.15724e-07
4.73072e-07
2.58566e-07
4.596e-07
3.01661e-07
4.45525e-07
3.45137e-07
4.309e-07
3.89118e-07
4.15768e-07
4.33719e-07
4.00164e-07
4.79048e-07
3.84118e-07
5.25211e-07
3.67654e-07
5.72308e-07
3.50789e-07
6.2044e-07
3.33536e-07
6.69701e-07
3.15903e-07
7.2019e-07
2.97895e-07
7.72003e-07
2.79513e-07
8.25239e-07
2.60755e-07
8.79998e-07
2.41616e-07
9.36387e-07
2.22091e-07
9.94516e-07
2.02171e-07
1.0545e-06
1.81851e-07
1.11647e-06
1.61122e-07
1.18056e-06
1.39982e-07
1.24692e-06
1.18429e-07
1.3157e-06
9.647e-08
1.38708e-06
7.41175e-08
1.46124e-06
5.13967e-08
1.53838e-06
2.83473e-08
1.61869e-06
5.02819e-09
1.70236e-06
-1.84774e-08
1.78957e-06
-4.20565e-08
1.88047e-06
-6.55606e-08
1.97514e-06
-8.88011e-08
2.07357e-06
-1.11546e-07
2.17563e-06
-1.33521e-07
2.28106e-06
-1.54419e-07
2.38921e-06
-1.73591e-07
2.39518e-06
-2.1174e-07
-7.48489e-06
5.40606e-08
4.13672e-08
4.7819e-07
8.21864e-08
4.68394e-07
1.22634e-07
4.57509e-07
1.62868e-07
4.45647e-07
2.03036e-07
4.32904e-07
2.43271e-07
4.19365e-07
2.83695e-07
4.05102e-07
3.2442e-07
3.90175e-07
3.65552e-07
3.74637e-07
4.07185e-07
3.58531e-07
4.49411e-07
3.41893e-07
4.92313e-07
3.24751e-07
5.35973e-07
3.07129e-07
5.80465e-07
2.89043e-07
6.25865e-07
2.70503e-07
6.72243e-07
2.51516e-07
7.19674e-07
2.32083e-07
7.68229e-07
2.122e-07
8.17985e-07
1.9186e-07
8.69025e-07
1.71051e-07
9.21436e-07
1.4976e-07
9.75319e-07
1.27968e-07
1.03079e-06
1.05655e-07
1.08797e-06
8.27993e-08
1.14702e-06
5.9377e-08
1.20813e-06
3.53653e-08
1.2715e-06
1.07429e-08
1.3374e-06
-1.45067e-08
1.40614e-06
-4.0392e-08
1.47808e-06
-6.69081e-08
1.55363e-06
-9.40285e-08
1.63327e-06
-1.21694e-07
1.71751e-06
-1.49799e-07
1.80687e-06
-1.78167e-07
1.90186e-06
-2.06532e-07
2.00284e-06
-2.34498e-07
2.10994e-06
-2.61523e-07
2.2228e-06
-2.86449e-07
2.24375e-06
-2.32695e-07
-5.30112e-06
5.9984e-08
3.84294e-08
4.3976e-07
7.63405e-08
4.30483e-07
1.13888e-07
4.19962e-07
1.51211e-07
4.08323e-07
1.88437e-07
3.95678e-07
2.25679e-07
3.82123e-07
2.63042e-07
3.67739e-07
3.00618e-07
3.52598e-07
3.38493e-07
3.36762e-07
3.76741e-07
3.20283e-07
4.15431e-07
3.03202e-07
4.54626e-07
2.85557e-07
4.94379e-07
2.67376e-07
5.34742e-07
2.4868e-07
5.7576e-07
2.29485e-07
6.17475e-07
2.09801e-07
6.59928e-07
1.8963e-07
7.03157e-07
1.68971e-07
7.47202e-07
1.47815e-07
7.92105e-07
1.26148e-07
8.37915e-07
1.03951e-07
8.84687e-07
8.11961e-08
9.32491e-07
5.78508e-08
9.81416e-07
3.38743e-08
1.03158e-06
9.21724e-09
1.08312e-06
-1.61785e-08
1.13624e-06
-4.23817e-08
1.19121e-06
-6.94725e-08
1.24836e-06
-9.7544e-08
1.30816e-06
-1.26702e-07
1.37119e-06
-1.57065e-07
1.43826e-06
-1.88759e-07
1.51037e-06
-2.21909e-07
1.58881e-06
-2.56611e-07
1.67517e-06
-2.92892e-07
1.77129e-06
-3.30614e-07
1.87907e-06
-3.69306e-07
2.00002e-06
-4.07397e-07
2.04602e-06
-2.78693e-07
-3.3121e-06
5.69942e-08
3.51519e-08
4.04608e-07
6.98199e-08
3.95815e-07
1.04136e-07
3.85646e-07
1.38219e-07
3.7424e-07
1.72176e-07
3.61722e-07
2.06101e-07
3.48198e-07
2.40078e-07
3.33762e-07
2.7418e-07
3.18496e-07
3.08471e-07
3.02471e-07
3.43005e-07
2.85748e-07
3.7783e-07
2.68378e-07
4.12981e-07
2.50406e-07
4.48488e-07
2.31869e-07
4.84374e-07
2.12794e-07
5.20653e-07
1.93206e-07
5.57333e-07
1.7312e-07
5.94418e-07
1.52546e-07
6.31903e-07
1.31485e-07
6.69782e-07
1.09936e-07
7.08044e-07
8.78862e-08
7.46677e-07
6.53181e-08
7.85668e-07
4.2205e-08
8.25008e-07
1.85109e-08
8.64693e-07
-5.81142e-09
9.04732e-07
-3.08219e-08
9.45151e-07
-5.65966e-08
9.86e-07
-8.32316e-08
1.02738e-06
-1.10849e-07
1.06944e-06
-1.39605e-07
1.11244e-06
-1.69702e-07
1.15678e-06
-2.01408e-07
1.20311e-06
-2.35085e-07
1.25243e-06
-2.71234e-07
1.30638e-06
-3.10564e-07
1.36761e-06
-3.54116e-07
1.44045e-06
-4.03451e-07
1.53211e-06
-4.6097e-07
1.65487e-06
-5.30161e-07
1.75531e-06
-3.79126e-07
-1.60271e-06
4.59139e-08
3.15843e-08
3.73024e-07
6.27244e-08
3.64675e-07
9.353e-08
3.5484e-07
1.24099e-07
3.43671e-07
1.54518e-07
3.31303e-07
1.84861e-07
3.17854e-07
2.15194e-07
3.03429e-07
2.45571e-07
2.8812e-07
2.76036e-07
2.72007e-07
3.06622e-07
2.55162e-07
3.37354e-07
2.37646e-07
3.68246e-07
2.19514e-07
3.99303e-07
2.00812e-07
4.30519e-07
1.81578e-07
4.61879e-07
1.61846e-07
4.93358e-07
1.41642e-07
5.2492e-07
1.20984e-07
5.56518e-07
9.9887e-08
5.88096e-07
7.83575e-08
6.19586e-07
5.63962e-08
6.50908e-07
3.39966e-08
6.81968e-07
1.11447e-08
7.12661e-07
-1.21819e-08
7.42864e-07
-3.60147e-08
7.72438e-07
-6.03961e-08
8.01223e-07
-8.53812e-08
8.29031e-07
-1.11039e-07
8.55639e-07
-1.37458e-07
8.80778e-07
-1.64744e-07
9.04106e-07
-1.9303e-07
9.25174e-07
-2.22477e-07
9.43364e-07
-2.53275e-07
9.57777e-07
-2.85647e-07
9.67048e-07
-3.19835e-07
9.69016e-07
-3.56084e-07
9.60143e-07
-3.94578e-07
9.34498e-07
-4.35325e-07
8.82266e-07
-4.77928e-07
1.02438e-06
-5.21237e-07
-6.83819e-07
1.0549e-07
2.77766e-08
3.45247e-07
5.51539e-08
3.37298e-07
8.22202e-08
3.27774e-07
1.09053e-07
3.16838e-07
1.35721e-07
3.04635e-07
1.6228e-07
2.91295e-07
1.88778e-07
2.76931e-07
2.15252e-07
2.61646e-07
2.41727e-07
2.45532e-07
2.68219e-07
2.28669e-07
2.94735e-07
2.11131e-07
3.21267e-07
1.92981e-07
3.47801e-07
1.74279e-07
3.74306e-07
1.55073e-07
4.00742e-07
1.3541e-07
4.27056e-07
1.15328e-07
4.53179e-07
9.48605e-08
4.7903e-07
7.40358e-08
5.0451e-07
5.28774e-08
5.29503e-07
3.14035e-08
5.53872e-07
9.62775e-09
5.77458e-07
-1.2441e-08
6.00074e-07
-3.47987e-08
6.21505e-07
-5.74455e-08
6.41495e-07
-8.03861e-08
6.59743e-07
-1.03629e-07
6.75889e-07
-1.27185e-07
6.895e-07
-1.51068e-07
7.00046e-07
-1.7529e-07
7.06874e-07
-1.99858e-07
7.09169e-07
-2.24771e-07
7.05902e-07
-2.50008e-07
6.95773e-07
-2.75517e-07
6.77136e-07
-3.01199e-07
6.47933e-07
-3.26881e-07
6.05649e-07
-3.52293e-07
5.47358e-07
-3.77034e-07
4.69984e-07
-4.00554e-07
3.70912e-07
-4.22165e-07
-4.41137e-07
1.2823e-07
2.37762e-08
3.21471e-07
4.72033e-08
3.13871e-07
7.035e-08
3.04627e-07
9.3276e-08
2.93912e-07
1.16032e-07
2.81879e-07
1.3866e-07
2.68667e-07
1.6119e-07
2.544e-07
1.83647e-07
2.3919e-07
2.0604e-07
2.23138e-07
2.28372e-07
2.06336e-07
2.50635e-07
1.88868e-07
2.72807e-07
1.70809e-07
2.94856e-07
1.52229e-07
3.16739e-07
1.33191e-07
3.38396e-07
1.13753e-07
3.59755e-07
9.39687e-08
3.80728e-07
7.38868e-08
4.01212e-07
5.35526e-08
4.21081e-07
3.3008e-08
4.40192e-07
1.2292e-08
4.58379e-07
-8.55888e-09
4.75448e-07
-2.95096e-08
4.91175e-07
-5.05263e-08
5.05305e-07
-7.15751e-08
5.1754e-07
-9.26208e-08
5.27536e-07
-1.13625e-07
5.34896e-07
-1.34545e-07
5.39157e-07
-1.55329e-07
5.39781e-07
-1.75914e-07
5.36143e-07
-1.9622e-07
5.27513e-07
-2.16142e-07
5.13052e-07
-2.35547e-07
4.91791e-07
-2.54257e-07
4.62636e-07
-2.72044e-07
4.24365e-07
-2.88611e-07
3.75651e-07
-3.0358e-07
3.15089e-07
-3.16473e-07
2.41228e-07
-3.26692e-07
1.52559e-07
-3.33497e-07
-3.35959e-07
4.73814e-08
1.96265e-08
3.01845e-07
3.89592e-08
2.94538e-07
5.80494e-08
2.85537e-07
7.69412e-08
2.7502e-07
9.56708e-08
2.6315e-07
1.14267e-07
2.50072e-07
1.32748e-07
2.35919e-07
1.51127e-07
2.20812e-07
1.69404e-07
2.04861e-07
1.87572e-07
1.88168e-07
2.05613e-07
1.70827e-07
2.23498e-07
1.52924e-07
2.41186e-07
1.3454e-07
2.58627e-07
1.1575e-07
2.75754e-07
9.66262e-08
2.92488e-07
7.72346e-08
3.08735e-07
5.76398e-08
3.24385e-07
3.79033e-08
3.39308e-07
1.80848e-08
3.53357e-07
-1.75758e-09
3.66365e-07
-2.15661e-08
3.78138e-07
-4.1283e-08
3.88461e-07
-6.08493e-08
3.9709e-07
-8.02042e-08
4.03752e-07
-9.92832e-08
4.08144e-07
-1.18017e-07
4.09928e-07
-1.36329e-07
4.08733e-07
-1.54135e-07
4.04156e-07
-1.71337e-07
3.95762e-07
-1.87825e-07
3.83092e-07
-2.03473e-07
3.65677e-07
-2.18131e-07
3.43051e-07
-2.31631e-07
3.14787e-07
-2.43779e-07
2.80534e-07
-2.54358e-07
2.40085e-07
-2.6313e-07
1.93456e-07
-2.69843e-07
1.41009e-07
-2.74246e-07
8.36225e-08
-2.7611e-07
-2.75265e-07
2.29281e-08
1.53657e-08
2.86479e-07
3.04975e-08
2.79406e-07
4.54318e-08
2.70602e-07
6.01996e-08
2.60252e-07
7.48254e-08
2.48524e-07
8.93273e-08
2.3557e-07
1.03716e-07
2.2153e-07
1.17996e-07
2.06532e-07
1.32163e-07
1.90695e-07
1.46203e-07
1.74128e-07
1.60096e-07
1.56934e-07
1.73812e-07
1.39209e-07
1.87309e-07
1.21043e-07
2.00537e-07
1.02523e-07
2.13433e-07
8.37298e-08
2.25923e-07
6.47443e-08
2.3792e-07
4.56429e-08
2.49323e-07
2.65008e-08
2.60015e-07
7.39222e-09
2.69867e-07
-1.16093e-08
2.78731e-07
-3.04301e-08
2.86444e-07
-4.89958e-08
2.92825e-07
-6.72308e-08
2.97679e-07
-8.50573e-08
3.0079e-07
-1.02395e-07
3.01933e-07
-1.19159e-07
3.00867e-07
-1.35263e-07
2.97344e-07
-1.50612e-07
2.91117e-07
-1.65109e-07
2.8194e-07
-1.78649e-07
2.69589e-07
-1.91122e-07
2.5387e-07
-2.02412e-07
2.34641e-07
-2.12402e-07
2.11834e-07
-2.20972e-07
1.8548e-07
-2.28005e-07
1.55742e-07
-2.33392e-07
1.22943e-07
-2.37044e-07
8.75892e-08
-2.38893e-07
5.03909e-08
-2.38912e-07
-2.3712e-07
1.22459e-08
1.10262e-08
2.75453e-07
2.18822e-08
2.6855e-07
3.25923e-08
2.59892e-07
4.31763e-08
2.49668e-07
5.36497e-08
2.3805e-07
6.40232e-08
2.25196e-07
7.43022e-08
2.11251e-07
8.44862e-08
1.96348e-07
9.45691e-08
1.80612e-07
1.04538e-07
1.64159e-07
1.14375e-07
1.47098e-07
1.24051e-07
1.29532e-07
1.33535e-07
1.1156e-07
1.42782e-07
9.32752e-08
1.51743e-07
7.47692e-08
1.60357e-07
5.61303e-08
1.68554e-07
3.74451e-08
1.76256e-07
1.87988e-08
1.83373e-07
2.75893e-10
1.89803e-07
-1.80396e-08
1.95436e-07
-3.60636e-08
2.00152e-07
-5.37115e-08
2.0382e-07
-7.08983e-08
2.06301e-07
-8.75382e-08
2.0745e-07
-1.03544e-07
2.0712e-07
-1.18829e-07
2.05163e-07
-1.33305e-07
2.01434e-07
-1.46883e-07
1.95801e-07
-1.59476e-07
1.8815e-07
-1.70998e-07
1.78392e-07
-1.81364e-07
1.66477e-07
-1.90497e-07
1.52399e-07
-1.98324e-07
1.36209e-07
-2.04783e-07
1.18029e-07
-2.09824e-07
9.80499e-08
-2.13413e-07
7.65445e-08
-2.15538e-07
5.38594e-08
-2.16208e-07
3.04059e-08
-2.15458e-07
-2.13353e-07
6.63898e-09
6.63501e-09
2.68818e-07
1.31667e-08
2.62019e-07
1.96087e-08
2.53451e-07
2.5972e-08
2.43305e-07
3.22653e-08
2.31757e-07
3.84937e-08
2.18968e-07
4.46594e-08
2.05085e-07
5.07611e-08
1.90246e-07
5.67937e-08
1.74579e-07
6.27481e-08
1.58204e-07
6.8611e-08
1.41235e-07
7.43645e-08
1.23779e-07
7.99861e-08
1.05938e-07
8.5448e-08
8.78132e-08
9.07174e-08
6.94999e-08
9.57554e-08
5.10923e-08
1.00518e-07
3.26828e-08
1.04954e-07
1.43627e-08
1.09007e-07
-3.77756e-09
1.12616e-07
-2.16481e-08
1.15711e-07
-3.91591e-08
1.18221e-07
-5.6221e-08
1.20067e-07
-7.27445e-08
1.21169e-07
-8.86406e-08
1.21446e-07
-1.03821e-07
1.20817e-07
-1.182e-07
1.19204e-07
-1.31692e-07
1.16537e-07
-1.44216e-07
1.12756e-07
-1.55695e-07
1.07816e-07
-1.66058e-07
1.01692e-07
-1.7524e-07
9.4382e-08
-1.83187e-07
8.59133e-08
-1.89855e-07
7.63452e-08
-1.95215e-07
6.57709e-08
-1.9925e-07
5.43186e-08
-2.01961e-07
4.21487e-08
-2.03368e-07
2.94494e-08
-2.03508e-07
1.6429e-08
-2.02438e-07
-2.00229e-07
3.30476e-09
2.21479e-09
4.39492e-09
6.54478e-09
8.66795e-09
1.07671e-08
1.28437e-08
1.48985e-08
1.69307e-08
1.89384e-08
2.09184e-08
2.28658e-08
2.47744e-08
2.66363e-08
2.8442e-08
3.01799e-08
3.18368e-08
3.33974e-08
3.48445e-08
3.61589e-08
3.73195e-08
3.83036e-08
3.90867e-08
3.96435e-08
3.99477e-08
3.99733e-08
3.96947e-08
3.90884e-08
3.81336e-08
3.68136e-08
3.51172e-08
3.30402e-08
3.05866e-08
2.77694e-08
2.46119e-08
2.11475e-08
1.74195e-08
1.34799e-08
9.3878e-09
5.20664e-09
1.00128e-09
6.89652e-06
-7.84454e-06
1.26378e-05
-5.74129e-06
1.6206e-05
-3.56822e-06
1.84159e-05
-2.20988e-06
1.97839e-05
-1.36799e-06
2.06372e-05
-8.53346e-07
2.11837e-05
-5.46468e-07
2.15571e-05
-3.73369e-07
2.18476e-05
-2.90476e-07
2.21232e-05
-2.75673e-07
2.24471e-05
-3.2382e-07
2.28927e-05
-4.45632e-07
2.35604e-05
-6.67686e-07
2.45787e-05
-1.01833e-06
2.57067e-05
-1.12799e-06
2.56914e-05
1.53344e-08
2.56734e-05
1.79327e-08
2.56533e-05
2.01387e-08
2.56305e-05
2.27677e-08
2.56046e-05
2.59339e-08
2.55748e-05
2.97922e-08
2.55402e-05
3.4557e-08
2.54997e-05
4.05314e-08
2.54515e-05
4.81556e-08
2.53935e-05
5.80872e-08
2.53221e-05
7.13473e-08
2.52325e-05
8.96027e-08
2.51167e-05
1.15766e-07
2.49612e-05
1.55554e-07
2.47379e-05
2.23274e-07
2.43506e-05
3.8734e-07
1.8002e-05
6.34858e-06
1.07101e-05
7.29189e-06
6.76972e-06
3.94038e-06
4.47929e-06
2.29044e-06
3.02638e-06
1.45291e-06
2.016e-06
1.01038e-06
1.24447e-06
7.71528e-07
5.97236e-07
6.47239e-07
5.97236e-07
2.46335e-05
-3.2957e-05
2.9989e-05
-1.10968e-05
2.64038e-05
1.69393e-08
2.41721e-05
2.18655e-08
2.27775e-05
2.6636e-08
2.18924e-05
3.17188e-08
2.13085e-05
3.74888e-08
2.08907e-05
4.43678e-08
2.05473e-05
5.28974e-08
2.02078e-05
6.3855e-08
1.98055e-05
7.84878e-08
1.92607e-05
9.91373e-08
1.84614e-05
1.31653e-07
1.72404e-05
2.02628e-07
1.47828e-05
1.3297e-06
9.83611e-06
4.96198e-06
6.50235e-06
3.3517e-06
4.38613e-06
2.13636e-06
2.97556e-06
1.43333e-06
1.98245e-06
1.01905e-06
1.24067e-06
7.71567e-07
6.51316e-07
6.23914e-07
1.52582e-07
5.39266e-07
-2.97139e-07
4.97877e-07
-7.29431e-07
4.90379e-07
-1.17288e-06
5.14801e-07
-1.65955e-06
5.76268e-07
-2.23336e-06
6.89576e-07
-2.96438e-06
8.8658e-07
-3.97483e-06
1.23372e-06
-5.46015e-06
1.87266e-06
-2.2172e-06
3.10563e-06
1.5277e-06
3.54699e-06
2.44516e-06
3.02292e-06
2.34812e-06
2.38747e-06
1.92948e-06
1.87155e-06
1.43546e-06
1.50439e-06
9.43324e-07
1.26367e-06
4.67601e-07
1.12296e-06
1.06484e-06
1.04889e-05
-4.01999e-05
6.79593e-07
-1.28749e-06
3.07043e-07
3.89489e-07
-1.22654e-08
3.41174e-07
-2.93875e-07
3.08245e-07
-5.56638e-07
2.94482e-07
-8.14716e-07
2.95568e-07
-1.08023e-06
3.09885e-07
-1.36543e-06
3.38094e-07
-1.68487e-06
3.83298e-07
-2.05831e-06
4.51926e-07
-2.51488e-06
5.55705e-07
-3.09883e-06
7.15607e-07
-3.86555e-06
9.69348e-07
-3.91909e-06
1.38323e-06
-8.36014e-07
1.87891e-06
6.36106e-07
1.87958e-06
1.09552e-06
1.67694e-06
1.09075e-06
1.4381e-06
8.83785e-07
1.22602e-06
5.96368e-07
1.05898e-06
2.82303e-07
9.37979e-07
-3.71509e-08
8.58719e-07
-3.56048e-07
8.16774e-07
-6.7534e-07
8.09671e-07
-9.98411e-07
8.37871e-07
-1.32761e-06
9.05469e-07
-1.65896e-06
1.02093e-06
-1.96989e-06
1.19751e-06
-2.18767e-06
1.4515e-06
-2.10637e-06
1.79136e-06
-1.17643e-06
2.17569e-06
-2.80971e-09
2.37337e-06
7.11778e-07
2.30833e-06
9.92837e-07
2.10641e-06
9.91424e-07
1.87296e-06
8.30674e-07
1.66514e-06
5.87143e-07
1.5072e-06
3.02925e-07
1.40718e-06
1.36776e-06
-1.04869e-08
-4.01433e-05
-1.63588e-07
-1.13439e-06
-2.02643e-07
4.28544e-07
-2.97349e-07
4.3588e-07
-4.29803e-07
4.407e-07
-5.85161e-07
4.49839e-07
-7.55539e-07
4.65946e-07
-9.36771e-07
4.91117e-07
-1.12619e-06
5.27507e-07
-1.3206e-06
5.77712e-07
-1.51366e-06
6.44984e-07
-1.69113e-06
7.33174e-07
-1.82151e-06
8.45988e-07
-1.83667e-06
9.84512e-07
-1.59379e-06
1.14035e-06
-9.93405e-07
1.27852e-06
-4.50914e-07
1.33709e-06
-9.80902e-08
1.32412e-06
7.17557e-08
1.26826e-06
1.02358e-07
1.19541e-06
3.78216e-08
1.12352e-06
-8.7648e-08
1.06345e-06
-2.5024e-07
1.02131e-06
-4.34044e-07
1.00058e-06
-6.2799e-07
1.00362e-06
-8.22812e-07
1.03269e-06
-1.00777e-06
1.09043e-06
-1.16659e-06
1.17974e-06
-1.27183e-06
1.30275e-06
-1.27834e-06
1.45801e-06
-1.12152e-06
1.63454e-06
-7.48259e-07
1.80243e-06
-2.83025e-07
1.90813e-06
1.00237e-07
1.92507e-06
3.34955e-07
1.87169e-06
4.26305e-07
1.78161e-06
4.06394e-07
1.68505e-06
3.10147e-07
1.60345e-06
1.66891e-07
1.55044e-06
1.53465e-06
-2.85415e-08
-4.0078e-05
-1.38802e-07
-1.02413e-06
-2.25772e-07
5.15514e-07
-3.19228e-07
5.29336e-07
-4.21088e-07
5.42559e-07
-5.30488e-07
5.59239e-07
-6.45181e-07
5.80639e-07
-7.62076e-07
6.08012e-07
-8.77142e-07
6.42573e-07
-9.8488e-07
6.85451e-07
-1.07745e-06
7.37557e-07
-1.14356e-06
7.9928e-07
-1.16747e-06
8.69898e-07
-1.12957e-06
9.46611e-07
-1.01248e-06
1.02326e-06
-8.23552e-07
1.08959e-06
-6.20848e-07
1.13438e-06
-4.51424e-07
1.15469e-06
-3.37712e-07
1.15455e-06
-2.8348e-07
1.14118e-06
-2.82232e-07
1.12227e-06
-3.23323e-07
1.10454e-06
-3.95342e-07
1.09333e-06
-4.87484e-07
1.09272e-06
-5.89651e-07
1.10579e-06
-6.91811e-07
1.13485e-06
-7.82921e-07
1.18154e-06
-8.49714e-07
1.24653e-06
-8.7584e-07
1.32888e-06
-8.42608e-07
1.42478e-06
-7.34021e-07
1.52595e-06
-5.50223e-07
1.61863e-06
-3.28031e-07
1.68594e-06
-1.2068e-07
1.71772e-06
3.50425e-08
1.71597e-06
1.25475e-07
1.69118e-06
1.53765e-07
1.65676e-06
1.31881e-07
1.62533e-06
7.51805e-08
1.60714e-06
1.60983e-06
-3.05427e-08
-4.00434e-05
-1.3576e-07
-9.18911e-07
-2.13246e-07
5.93e-07
-2.91984e-07
6.08074e-07
-3.72112e-07
6.22687e-07
-4.5316e-07
6.40287e-07
-5.33873e-07
6.61352e-07
-6.12243e-07
6.86382e-07
-6.85491e-07
7.15822e-07
-7.5002e-07
7.49979e-07
-8.01369e-07
7.88907e-07
-8.34331e-07
8.32242e-07
-8.43435e-07
8.79002e-07
-8.24196e-07
9.27372e-07
-7.75538e-07
9.74606e-07
-7.03215e-07
1.01727e-06
-6.20995e-07
1.05216e-06
-5.4398e-07
1.07768e-06
-4.8365e-07
1.09422e-06
-4.46249e-07
1.10378e-06
-4.33277e-07
1.1093e-06
-4.42751e-07
1.11401e-06
-4.70466e-07
1.12104e-06
-5.10892e-07
1.13315e-06
-5.57681e-07
1.15258e-06
-6.03838e-07
1.18101e-06
-6.4172e-07
1.21942e-06
-6.63078e-07
1.26789e-06
-6.59465e-07
1.32526e-06
-6.23486e-07
1.3888e-06
-5.51388e-07
1.45385e-06
-4.46901e-07
1.51414e-06
-3.24011e-07
1.56305e-06
-2.02488e-07
1.5962e-06
-9.97261e-08
1.61321e-06
-2.60914e-08
1.61755e-06
1.56364e-08
1.61503e-06
2.86679e-08
1.6123e-06
2.02161e-08
1.61559e-06
1.63005e-06
-4.53064e-08
-4.00229e-05
-1.42226e-07
-8.21991e-07
-2.0318e-07
6.53954e-07
-2.64906e-07
6.698e-07
-3.2678e-07
6.84561e-07
-3.87987e-07
7.01494e-07
-4.47442e-07
7.20807e-07
-5.03743e-07
7.42683e-07
-5.55171e-07
7.6725e-07
-5.99723e-07
7.9453e-07
-6.35203e-07
8.24387e-07
-6.59423e-07
8.56463e-07
-6.70544e-07
8.90123e-07
-6.67597e-07
9.24426e-07
-6.51151e-07
9.5816e-07
-6.23868e-07
9.89987e-07
-5.90417e-07
1.01871e-06
-5.56344e-07
1.0436e-06
-5.26729e-07
1.0646e-06
-5.05258e-07
1.08231e-06
-4.93833e-07
1.09787e-06
-4.926e-07
1.11278e-06
-5.00199e-07
1.12864e-06
-5.14082e-07
1.14703e-06
-5.30803e-07
1.1693e-06
-5.46268e-07
1.19647e-06
-5.55975e-07
1.22913e-06
-5.55317e-07
1.26723e-06
-5.40067e-07
1.31001e-06
-5.07148e-07
1.35588e-06
-4.55705e-07
1.40241e-06
-3.88184e-07
1.44662e-06
-3.10693e-07
1.48556e-06
-2.31662e-07
1.51716e-06
-1.59374e-07
1.54092e-06
-9.98747e-08
1.55805e-06
-5.59718e-08
1.57113e-06
-2.71961e-08
1.58352e-06
-1.03133e-08
1.59871e-06
1.61974e-06
-5.56566e-08
-4.00083e-05
-1.46657e-07
-7.3099e-07
-1.95547e-07
7.02843e-07
-2.44829e-07
7.19083e-07
-2.93958e-07
7.3369e-07
-3.42199e-07
7.49735e-07
-3.88702e-07
7.67309e-07
-4.32499e-07
7.8648e-07
-4.72522e-07
8.07274e-07
-5.07646e-07
8.29654e-07
-5.36758e-07
8.53498e-07
-5.58873e-07
8.78578e-07
-5.73295e-07
9.04544e-07
-5.79801e-07
9.30932e-07
-5.78829e-07
9.57189e-07
-5.7158e-07
9.82738e-07
-5.59945e-07
1.00708e-06
-5.46209e-07
1.02987e-06
-5.32649e-07
1.05104e-06
-5.21143e-07
1.0708e-06
-5.12906e-07
1.08964e-06
-5.08353e-07
1.10823e-06
-5.07091e-07
1.12738e-06
-5.07989e-07
1.14793e-06
-5.09307e-07
1.17061e-06
-5.08858e-07
1.19602e-06
-5.04204e-07
1.22448e-06
-4.92914e-07
1.25594e-06
-4.72891e-07
1.28999e-06
-4.42777e-07
1.32577e-06
-4.02398e-07
1.36203e-06
-3.53101e-07
1.39733e-06
-2.9777e-07
1.43023e-06
-2.40329e-07
1.45972e-06
-1.84853e-07
1.48545e-06
-1.34651e-07
1.50785e-06
-9.16268e-08
1.52811e-06
-5.60047e-08
1.5479e-06
-2.63829e-08
1.56908e-06
1.59335e-06
-6.33635e-08
-3.99946e-05
-1.49941e-07
-6.44413e-07
-1.90929e-07
7.43832e-07
-2.32323e-07
7.60476e-07
-2.73602e-07
7.74969e-07
-3.14116e-07
7.9025e-07
-3.53191e-07
8.06384e-07
-3.90125e-07
8.23414e-07
-4.24209e-07
8.41358e-07
-4.5475e-07
8.60194e-07
-4.81111e-07
8.7986e-07
-5.02771e-07
9.00238e-07
-5.19387e-07
9.21161e-07
-5.30866e-07
9.42411e-07
-5.37418e-07
9.63741e-07
-5.39579e-07
9.84899e-07
-5.38171e-07
1.00567e-06
-5.34203e-07
1.0259e-06
-5.28724e-07
1.04556e-06
-5.22663e-07
1.06474e-06
-5.16691e-07
1.08367e-06
-5.11123e-07
1.10266e-06
-5.05871e-07
1.12213e-06
-5.00446e-07
1.1425e-06
-4.94012e-07
1.16418e-06
-4.85463e-07
1.18748e-06
-4.73553e-07
1.21257e-06
-4.57051e-07
1.23944e-06
-4.34932e-07
1.26787e-06
-4.06584e-07
1.29742e-06
-3.72003e-07
1.32745e-06
-3.31916e-07
1.35724e-06
-2.87759e-07
1.38608e-06
-2.4147e-07
1.41343e-06
-1.95125e-07
1.4391e-06
-1.50519e-07
1.46324e-06
-1.08815e-07
1.4864e-06
-7.03385e-08
1.50942e-06
-3.45195e-08
1.53326e-06
1.55883e-06
-6.50516e-08
-3.998e-05
-1.49799e-07
-5.59665e-07
-1.87946e-07
7.81978e-07
-2.26072e-07
7.98603e-07
-2.63845e-07
8.12741e-07
-3.00766e-07
8.27172e-07
-3.36323e-07
8.4194e-07
-3.69998e-07
8.5709e-07
-4.01292e-07
8.72651e-07
-4.29736e-07
8.88638e-07
-4.54919e-07
9.05042e-07
-4.76511e-07
9.21831e-07
-4.94296e-07
9.38946e-07
-5.08193e-07
9.56308e-07
-5.18275e-07
9.73823e-07
-5.24773e-07
9.91397e-07
-5.28055e-07
1.00895e-06
-5.28587e-07
1.02643e-06
-5.26869e-07
1.04384e-06
-5.23365e-07
1.06124e-06
-5.18439e-07
1.07874e-06
-5.12294e-07
1.09651e-06
-5.04938e-07
1.11477e-06
-4.96179e-07
1.13374e-06
-4.85635e-07
1.15364e-06
-4.72781e-07
1.17462e-06
-4.57015e-07
1.1968e-06
-4.37743e-07
1.22017e-06
-4.14485e-07
1.24461e-06
-3.86979e-07
1.26991e-06
-3.55272e-07
1.29574e-06
-3.19773e-07
1.32174e-06
-2.81235e-07
1.34754e-06
-2.40667e-07
1.37287e-06
-1.99164e-07
1.3976e-06
-1.57717e-07
1.42179e-06
-1.17026e-07
1.44571e-06
-7.73728e-08
1.46977e-06
-3.85702e-08
1.49446e-06
1.52026e-06
-6.67714e-08
-3.99642e-05
-1.50934e-07
-4.75502e-07
-1.89297e-07
8.20341e-07
-2.27399e-07
8.36704e-07
-2.64857e-07
8.50199e-07
-3.012e-07
8.63515e-07
-3.35981e-07
8.76721e-07
-3.68782e-07
8.89892e-07
-3.99224e-07
9.03093e-07
-4.26969e-07
9.16383e-07
-4.51734e-07
9.29807e-07
-4.73297e-07
9.43394e-07
-4.91513e-07
9.57161e-07
-5.06315e-07
9.7111e-07
-5.17724e-07
9.85232e-07
-5.25846e-07
9.9952e-07
-5.30861e-07
1.01396e-06
-5.33002e-07
1.02857e-06
-5.32528e-07
1.04337e-06
-5.29691e-07
1.0584e-06
-5.24701e-07
1.07375e-06
-5.17698e-07
1.08951e-06
-5.08731e-07
1.10581e-06
-4.97747e-07
1.12276e-06
-4.84597e-07
1.14049e-06
-4.69058e-07
1.15908e-06
-4.50865e-07
1.17861e-06
-4.29759e-07
1.19906e-06
-4.05539e-07
1.22039e-06
-3.78115e-07
1.24249e-06
-3.47556e-07
1.26518e-06
-3.14111e-07
1.28829e-06
-2.78202e-07
1.31163e-06
-2.40384e-07
1.33505e-06
-2.01263e-07
1.35848e-06
-1.61405e-07
1.38194e-06
-1.21244e-07
1.40555e-06
-8.10025e-08
1.42953e-06
-4.06676e-08
1.45413e-06
1.4796e-06
-6.91797e-08
-3.9947e-05
-1.54741e-07
-3.89941e-07
-1.97024e-07
8.62624e-07
-2.38416e-07
8.78095e-07
-2.78458e-07
8.90242e-07
-3.16688e-07
9.01745e-07
-3.52721e-07
9.12755e-07
-3.86238e-07
9.23409e-07
-4.16975e-07
9.3383e-07
-4.44717e-07
9.44125e-07
-4.69299e-07
9.54389e-07
-4.90603e-07
9.64698e-07
-5.08561e-07
9.75119e-07
-5.23154e-07
9.85703e-07
-5.34415e-07
9.96494e-07
-5.42424e-07
1.00753e-06
-5.473e-07
1.01884e-06
-5.49194e-07
1.03047e-06
-5.48273e-07
1.04245e-06
-5.44704e-07
1.05483e-06
-5.38636e-07
1.06768e-06
-5.30185e-07
1.08106e-06
-5.19424e-07
1.09505e-06
-5.06375e-07
1.10971e-06
-4.91012e-07
1.12512e-06
-4.73268e-07
1.14134e-06
-4.53055e-07
1.15839e-06
-4.30287e-07
1.17629e-06
-4.04906e-07
1.19501e-06
-3.7691e-07
1.21449e-06
-3.46378e-07
1.23465e-06
-3.13477e-07
1.25539e-06
-2.78467e-07
1.27662e-06
-2.41671e-07
1.29825e-06
-2.03446e-07
1.32025e-06
-1.64134e-07
1.34262e-06
-1.24013e-07
1.36543e-06
-8.32633e-08
1.38878e-06
-4.19432e-08
1.41281e-06
1.43765e-06
-7.50626e-08
-3.99254e-05
-1.65372e-07
-2.99631e-07
-2.16431e-07
9.13683e-07
-2.64698e-07
9.26363e-07
-3.09888e-07
9.35432e-07
-3.51776e-07
9.43632e-07
-3.90215e-07
9.51194e-07
-4.25109e-07
9.58303e-07
-4.56396e-07
9.65117e-07
-4.84041e-07
9.71771e-07
-5.08036e-07
9.78383e-07
-5.28394e-07
9.85056e-07
-5.45155e-07
9.9188e-07
-5.58383e-07
9.98931e-07
-5.68166e-07
1.00628e-06
-5.74614e-07
1.01398e-06
-5.77855e-07
1.02208e-06
-5.78032e-07
1.03064e-06
-5.75293e-07
1.03971e-06
-5.69784e-07
1.04932e-06
-5.61641e-07
1.05954e-06
-5.50982e-07
1.0704e-06
-5.37902e-07
1.08197e-06
-5.22465e-07
1.09427e-06
-5.04713e-07
1.10737e-06
-4.84662e-07
1.12129e-06
-4.62315e-07
1.13605e-06
-4.37674e-07
1.15165e-06
-4.10756e-07
1.16809e-06
-3.816e-07
1.18534e-06
-3.50289e-07
1.20334e-06
-3.16947e-07
1.22205e-06
-2.81746e-07
1.24142e-06
-2.4489e-07
1.2614e-06
-2.06603e-07
1.28196e-06
-1.67103e-07
1.30312e-06
-1.2658e-07
1.32491e-06
-8.51742e-08
1.34737e-06
-4.29708e-08
1.3706e-06
1.39468e-06
-1.008e-07
-3.98818e-05
-1.99991e-07
-2.00441e-07
-2.63297e-07
9.76989e-07
-3.19768e-07
9.82834e-07
-3.70299e-07
9.85963e-07
-4.15422e-07
9.88755e-07
-4.55497e-07
9.91269e-07
-4.90788e-07
9.93594e-07
-5.21504e-07
9.95833e-07
-5.47826e-07
9.98093e-07
-5.69922e-07
1.00048e-06
-5.87951e-07
1.00309e-06
-6.02075e-07
1.006e-06
-6.12454e-07
1.00931e-06
-6.19252e-07
1.01308e-06
-6.22636e-07
1.01736e-06
-6.22773e-07
1.02222e-06
-6.1983e-07
1.0277e-06
-6.13968e-07
1.03385e-06
-6.05344e-07
1.0407e-06
-5.94101e-07
1.0483e-06
-5.8037e-07
1.05667e-06
-5.64261e-07
1.06586e-06
-5.45869e-07
1.07588e-06
-5.25269e-07
1.08677e-06
-5.02521e-07
1.09854e-06
-4.77675e-07
1.1112e-06
-4.50775e-07
1.12475e-06
-4.21871e-07
1.13919e-06
-3.91023e-07
1.15449e-06
-3.58307e-07
1.17063e-06
-3.23823e-07
1.18757e-06
-2.8769e-07
1.20528e-06
-2.50046e-07
1.22375e-06
-2.11038e-07
1.24296e-06
-1.70811e-07
1.2629e-06
-1.29497e-07
1.28359e-06
-8.72059e-08
1.30508e-06
-4.40206e-08
1.32742e-06
1.35066e-06
-2.11129e-07
-3.97481e-05
-3.08309e-07
-1.03261e-07
-3.69983e-07
1.03866e-06
-4.25598e-07
1.03845e-06
-4.75197e-07
1.03556e-06
-5.18894e-07
1.03245e-06
-5.56894e-07
1.02927e-06
-5.8945e-07
1.02615e-06
-6.16835e-07
1.02322e-06
-6.39329e-07
1.02059e-06
-6.57209e-07
1.01836e-06
-6.70743e-07
1.01662e-06
-6.80191e-07
1.01545e-06
-6.85799e-07
1.01492e-06
-6.87802e-07
1.01508e-06
-6.86423e-07
1.01598e-06
-6.81871e-07
1.01767e-06
-6.74344e-07
1.02017e-06
-6.64027e-07
1.02353e-06
-6.5109e-07
1.02776e-06
-6.35688e-07
1.03289e-06
-6.17961e-07
1.03894e-06
-5.98032e-07
1.04593e-06
-5.76008e-07
1.05386e-06
-5.5198e-07
1.06274e-06
-5.26027e-07
1.07259e-06
-4.98217e-07
1.08339e-06
-4.68611e-07
1.09515e-06
-4.37269e-07
1.10785e-06
-4.04253e-07
1.12147e-06
-3.69631e-07
1.136e-06
-3.33478e-07
1.15142e-06
-2.95882e-07
1.16769e-06
-2.56934e-07
1.1848e-06
-2.16733e-07
1.20275e-06
-1.75374e-07
1.22154e-06
-1.32948e-07
1.24117e-06
-8.95337e-08
1.26167e-06
-4.51988e-08
1.28308e-06
1.30546e-06
-3.7362e-07
-3.95219e-05
-4.70545e-07
-6.33553e-09
-5.30238e-07
1.09835e-06
-5.82644e-07
1.09086e-06
-6.27945e-07
1.08086e-06
-6.66432e-07
1.07094e-06
-6.98494e-07
1.06133e-06
-7.24559e-07
1.05221e-06
-7.45063e-07
1.04372e-06
-7.60429e-07
1.03595e-06
-7.71056e-07
1.02899e-06
-7.7732e-07
1.02288e-06
-7.79565e-07
1.0177e-06
-7.78106e-07
1.01346e-06
-7.73233e-07
1.01021e-06
-7.6521e-07
1.00796e-06
-7.54275e-07
1.00673e-06
-7.40646e-07
1.00654e-06
-7.24518e-07
1.0074e-06
-7.06067e-07
1.00931e-06
-6.85451e-07
1.01228e-06
-6.62808e-07
1.0163e-06
-6.38261e-07
1.02138e-06
-6.11916e-07
1.02751e-06
-5.83863e-07
1.03469e-06
-5.54182e-07
1.04291e-06
-5.22939e-07
1.05215e-06
-4.90196e-07
1.06241e-06
-4.56006e-07
1.07366e-06
-4.20422e-07
1.08589e-06
-3.83496e-07
1.09908e-06
-3.45282e-07
1.1132e-06
-3.05837e-07
1.12824e-06
-2.65218e-07
1.14419e-06
-2.23487e-07
1.16102e-06
-1.807e-07
1.17875e-06
-1.36912e-07
1.19738e-06
-9.21717e-08
1.21693e-06
-4.65217e-08
1.23743e-06
1.25894e-06
-5.97935e-07
-3.91338e-05
-6.96665e-07
9.23948e-08
-7.53087e-07
1.15478e-06
-7.98424e-07
1.13619e-06
-8.34424e-07
1.11686e-06
-8.62354e-07
1.09887e-06
-8.8322e-07
1.0822e-06
-8.97852e-07
1.06685e-06
-9.06946e-07
1.05282e-06
-9.111e-07
1.04011e-06
-9.10833e-07
1.02872e-06
-9.06596e-07
1.01865e-06
-8.98785e-07
1.00988e-06
-8.87749e-07
1.00242e-06
-8.73792e-07
9.96249e-07
-8.57187e-07
9.91352e-07
-8.38171e-07
9.87716e-07
-8.16953e-07
9.85327e-07
-7.93718e-07
9.84167e-07
-7.68628e-07
9.84222e-07
-7.41823e-07
9.85473e-07
-7.13424e-07
9.87903e-07
-6.83538e-07
9.91494e-07
-6.52252e-07
9.96226e-07
-6.19642e-07
1.00208e-06
-5.85772e-07
1.00904e-06
-5.50695e-07
1.01707e-06
-5.14454e-07
1.02616e-06
-4.77088e-07
1.03629e-06
-4.3863e-07
1.04743e-06
-3.99111e-07
1.05956e-06
-3.58559e-07
1.07265e-06
-3.17003e-07
1.08669e-06
-2.7447e-07
1.10165e-06
-2.30986e-07
1.11754e-06
-1.86573e-07
1.13434e-06
-1.41254e-07
1.15206e-06
-9.50439e-08
1.17072e-06
-4.79562e-08
1.19035e-06
1.21098e-06
-9.53641e-07
-3.84329e-05
-1.03644e-06
1.75192e-07
-1.06672e-06
1.18506e-06
-1.0883e-06
1.15777e-06
-1.10232e-06
1.13088e-06
-1.10971e-06
1.10626e-06
-1.11132e-06
1.0838e-06
-1.10787e-06
1.0634e-06
-1.10002e-06
1.04496e-06
-1.08829e-06
1.02838e-06
-1.07318e-06
1.01361e-06
-1.05509e-06
1.00055e-06
-1.03437e-06
9.89162e-07
-1.01132e-06
9.79372e-07
-9.86198e-07
9.71131e-07
-9.59236e-07
9.6439e-07
-9.30623e-07
9.59103e-07
-9.00525e-07
9.55229e-07
-8.69084e-07
9.52726e-07
-8.36419e-07
9.51557e-07
-8.02633e-07
9.51687e-07
-7.6781e-07
9.53081e-07
-7.32021e-07
9.55705e-07
-6.95323e-07
9.59528e-07
-6.57761e-07
9.64517e-07
-6.19368e-07
9.70643e-07
-5.80172e-07
9.77875e-07
-5.40191e-07
9.86183e-07
-4.99436e-07
9.95537e-07
-4.57915e-07
1.00591e-06
-4.15631e-07
1.01727e-06
-3.72585e-07
1.0296e-06
-3.28775e-07
1.04288e-06
-2.84196e-07
1.05707e-06
-2.38843e-07
1.07219e-06
-1.92706e-07
1.0882e-06
-1.45771e-07
1.10513e-06
-9.80235e-08
1.12297e-06
-4.94412e-08
1.14176e-06
1.16154e-06
-1.39679e-06
-3.73115e-05
-1.45665e-06
2.35048e-07
-1.44921e-06
1.17763e-06
-1.4362e-06
1.14476e-06
-1.41867e-06
1.11335e-06
-1.39733e-06
1.08492e-06
-1.37276e-06
1.05924e-06
-1.34546e-06
1.0361e-06
-1.31584e-06
1.01533e-06
-1.28424e-06
9.96786e-07
-1.25096e-06
9.80329e-07
-1.21625e-06
9.65846e-07
-1.18032e-06
9.53233e-07
-1.14335e-06
9.424e-07
-1.10548e-06
9.33265e-07
-1.06685e-06
9.25755e-07
-1.02755e-06
9.19802e-07
-9.87666e-07
9.15347e-07
-9.47274e-07
9.12333e-07
-9.06424e-07
9.10708e-07
-8.6516e-07
9.10423e-07
-8.23512e-07
9.11432e-07
-7.81499e-07
9.13692e-07
-7.39134e-07
9.17162e-07
-6.96419e-07
9.21802e-07
-6.5335e-07
9.27574e-07
-6.09917e-07
9.34442e-07
-5.66104e-07
9.4237e-07
-5.2189e-07
9.51324e-07
-4.77252e-07
9.61272e-07
-4.32162e-07
9.72184e-07
-3.8659e-07
9.84031e-07
-3.40501e-07
9.96788e-07
-2.93861e-07
1.01043e-06
-2.4663e-07
1.02495e-06
-1.98767e-07
1.04034e-06
-1.50226e-07
1.05658e-06
-1.00955e-07
1.0737e-06
-5.09005e-08
1.09171e-06
1.11064e-06
-1.9e-06
-3.56811e-05
-1.92736e-06
2.62404e-07
-1.87137e-06
1.12164e-06
-1.81537e-06
1.08875e-06
-1.75965e-06
1.05764e-06
-1.70427e-06
1.02954e-06
-1.64926e-06
1.00423e-06
-1.59466e-06
9.81493e-07
-1.54048e-06
9.61155e-07
-1.48675e-06
9.43058e-07
-1.43349e-06
9.27066e-07
-1.3807e-06
9.13058e-07
-1.32839e-06
9.00925e-07
-1.27656e-06
8.90573e-07
-1.22521e-06
8.81914e-07
-1.17433e-06
8.74871e-07
-1.1239e-06
8.69372e-07
-1.0739e-06
8.65351e-07
-1.02432e-06
8.62749e-07
-9.75117e-07
8.61508e-07
-9.26269e-07
8.61576e-07
-8.7774e-07
8.62903e-07
-8.29489e-07
8.65442e-07
-7.81475e-07
8.69148e-07
-7.3365e-07
8.73978e-07
-6.85968e-07
8.79892e-07
-6.38375e-07
8.86849e-07
-5.90817e-07
8.94812e-07
-5.43239e-07
9.03746e-07
-4.95581e-07
9.13614e-07
-4.47782e-07
9.24385e-07
-3.99781e-07
9.36029e-07
-3.51512e-07
9.48519e-07
-3.02907e-07
9.6183e-07
-2.53897e-07
9.75944e-07
-2.04407e-07
9.90849e-07
-1.5436e-07
1.00654e-06
-1.03671e-07
1.02301e-06
-5.22507e-08
1.04029e-06
1.05839e-06
-2.39592e-06
-3.35254e-05
-2.38871e-06
2.55197e-07
-2.28409e-06
1.01702e-06
-2.18509e-06
9.89752e-07
-2.09125e-06
9.63792e-07
-2.00194e-06
9.40231e-07
-1.91664e-06
9.18935e-07
-1.83493e-06
8.9978e-07
-1.75643e-06
8.82656e-07
-1.68084e-06
8.67461e-07
-1.60787e-06
8.54101e-07
-1.53731e-06
8.42493e-07
-1.46894e-06
8.32557e-07
-1.40259e-06
8.24221e-07
-1.33809e-06
8.17418e-07
-1.2753e-06
8.12084e-07
-1.21409e-06
8.0816e-07
-1.15433e-06
8.05591e-07
-1.09591e-06
8.04322e-07
-1.0387e-06
8.04304e-07
-9.82616e-07
8.05489e-07
-9.27544e-07
8.07831e-07
-8.73386e-07
8.11284e-07
-8.20045e-07
8.15807e-07
-7.67425e-07
8.21358e-07
-7.1543e-07
8.27897e-07
-6.63967e-07
8.35386e-07
-6.12944e-07
8.43788e-07
-5.62265e-07
8.53067e-07
-5.1184e-07
8.63188e-07
-4.61573e-07
8.74119e-07
-4.11372e-07
8.85828e-07
-3.61141e-07
8.98287e-07
-3.10782e-07
9.11471e-07
-2.60195e-07
9.25358e-07
-2.09276e-07
9.3993e-07
-1.57917e-07
9.55177e-07
-1.06001e-07
9.71096e-07
-5.34069e-08
9.87693e-07
1.00499e-06
-2.8174e-06
-3.09027e-05
-2.78094e-06
2.18738e-07
-2.6379e-06
8.73982e-07
-2.50421e-06
8.56063e-07
-2.37903e-06
8.38616e-07
-2.2614e-06
8.22599e-07
-2.15049e-06
8.08018e-07
-2.04557e-06
7.94868e-07
-1.94605e-06
7.83136e-07
-1.8514e-06
7.72804e-07
-1.76114e-06
7.63849e-07
-1.67489e-06
7.56243e-07
-1.59229e-06
7.49955e-07
-1.51303e-06
7.44955e-07
-1.43681e-06
7.41206e-07
-1.3634e-06
7.38673e-07
-1.29256e-06
7.3732e-07
-1.22408e-06
7.3711e-07
-1.15777e-06
7.38005e-07
-1.09343e-06
7.39968e-07
-1.0309e-06
7.42963e-07
-9.70024e-07
7.46952e-07
-9.10639e-07
7.51899e-07
-8.526e-07
7.57768e-07
-7.95767e-07
7.64524e-07
-7.40001e-07
7.72132e-07
-6.85171e-07
7.80557e-07
-6.31148e-07
7.89765e-07
-5.77805e-07
7.99724e-07
-5.25017e-07
8.10401e-07
-4.72662e-07
8.21764e-07
-4.20616e-07
8.33782e-07
-3.68757e-07
8.46428e-07
-3.16959e-07
8.59674e-07
-2.65097e-07
8.73495e-07
-2.13039e-07
8.87872e-07
-1.60648e-07
9.02787e-07
-1.07783e-07
9.1823e-07
-5.42881e-08
9.34198e-07
9.50697e-07
-3.12209e-06
-2.79228e-05
-3.06552e-06
1.62169e-07
-2.89929e-06
7.07752e-07
-2.74367e-06
7.00442e-07
-2.59785e-06
6.92789e-07
-2.46086e-06
6.85612e-07
-2.33187e-06
6.79032e-07
-2.21015e-06
6.73145e-07
-2.09504e-06
6.68026e-07
-1.98597e-06
6.63731e-07
-1.88242e-06
6.60301e-07
-1.78394e-06
6.57761e-07
-1.69011e-06
6.56128e-07
-1.60056e-06
6.55408e-07
-1.51496e-06
6.55599e-07
-1.43298e-06
6.56695e-07
-1.35434e-06
6.58684e-07
-1.27878e-06
6.61548e-07
-1.20605e-06
6.6527e-07
-1.13591e-06
6.69828e-07
-1.06814e-06
6.75199e-07
-1.00255e-06
6.81359e-07
-9.38932e-07
6.8828e-07
-8.77102e-07
6.95939e-07
-8.16884e-07
7.04306e-07
-7.58107e-07
7.13354e-07
-7.00606e-07
7.23056e-07
-6.44224e-07
7.33383e-07
-5.88805e-07
7.44306e-07
-5.342e-07
7.55795e-07
-4.8026e-07
7.67823e-07
-4.26838e-07
7.80361e-07
-3.73789e-07
7.93379e-07
-3.20966e-07
8.0685e-07
-2.68218e-07
8.20748e-07
-2.15394e-07
8.35047e-07
-1.62332e-07
8.49726e-07
-1.08867e-07
8.64765e-07
-5.48206e-08
8.80151e-07
8.95877e-07
-3.29725e-06
-2.47113e-05
-3.23008e-06
9.49927e-08
-3.05578e-06
5.33454e-07
-2.89125e-06
5.35909e-07
-2.73595e-06
5.37489e-07
-2.58921e-06
5.3887e-07
-2.45041e-06
5.40241e-07
-2.31902e-06
5.4175e-07
-2.19451e-06
5.43516e-07
-2.07641e-06
5.45632e-07
-1.96428e-06
5.48172e-07
-1.85771e-06
5.5119e-07
-1.75631e-06
5.54729e-07
-1.65972e-06
5.58818e-07
-1.5676e-06
5.63477e-07
-1.47962e-06
5.6872e-07
-1.39549e-06
5.74551e-07
-1.31492e-06
5.80972e-07
-1.23762e-06
5.87978e-07
-1.16336e-06
5.95563e-07
-1.09188e-06
6.03716e-07
-1.02294e-06
6.12425e-07
-9.56338e-07
6.21676e-07
-8.9185e-07
6.31451e-07
-8.29278e-07
6.41733e-07
-7.68428e-07
6.52504e-07
-7.09113e-07
6.63742e-07
-6.51155e-07
6.75425e-07
-5.9438e-07
6.8753e-07
-5.38618e-07
7.00033e-07
-4.83702e-07
7.12908e-07
-4.2947e-07
7.26128e-07
-3.75757e-07
7.39666e-07
-3.224e-07
7.53493e-07
-2.69233e-07
7.6758e-07
-2.16085e-07
7.81899e-07
-1.62779e-07
7.96421e-07
-1.09131e-07
8.11117e-07
-5.49419e-08
8.25963e-07
8.40935e-07
-3.3525e-06
-2.13871e-05
-3.28323e-06
2.5718e-08
-3.11296e-06
3.63192e-07
-2.94988e-06
3.7282e-07
-2.79413e-06
3.8174e-07
-2.64559e-06
3.90339e-07
-2.50409e-06
3.98733e-07
-2.36936e-06
4.07025e-07
-2.24115e-06
4.153e-07
-2.11915e-06
4.23633e-07
-2.00306e-06
4.32084e-07
-1.89257e-06
4.40703e-07
-1.78737e-06
4.49531e-07
-1.68715e-06
4.58599e-07
-1.59161e-06
4.67931e-07
-1.50044e-06
4.77548e-07
-1.41335e-06
4.87462e-07
-1.33006e-06
4.97684e-07
-1.2503e-06
5.08218e-07
-1.1738e-06
5.19068e-07
-1.10032e-06
5.30234e-07
-1.02961e-06
5.41714e-07
-9.61438e-07
5.53503e-07
-8.95582e-07
5.65595e-07
-8.31829e-07
5.7798e-07
-7.69974e-07
5.90649e-07
-7.09819e-07
6.03587e-07
-6.51175e-07
6.16781e-07
-5.93857e-07
6.30212e-07
-5.37685e-07
6.43861e-07
-4.82482e-07
6.57705e-07
-4.28075e-07
6.71721e-07
-3.74289e-07
6.85881e-07
-3.20953e-07
7.00156e-07
-2.67888e-07
7.14515e-07
-2.14913e-07
7.28925e-07
-1.61841e-07
7.43349e-07
-1.08475e-07
7.5775e-07
-5.46033e-08
7.72091e-07
7.86331e-07
-3.32572e-06
-1.80526e-05
-3.25481e-06
-4.51912e-08
-3.09137e-06
1.99756e-07
-2.93357e-06
2.15011e-07
-2.78177e-06
2.29945e-07
-2.63611e-06
2.44676e-07
-2.49659e-06
2.5922e-07
-2.36317e-06
2.73605e-07
-2.23573e-06
2.87858e-07
-2.11411e-06
3.02007e-07
-1.9981e-06
3.16078e-07
-1.88749e-06
3.30094e-07
-1.78203e-06
3.44075e-07
-1.68148e-06
3.58041e-07
-1.58555e-06
3.72009e-07
-1.494e-06
3.85992e-07
-1.40654e-06
4.00004e-07
-1.32291e-06
4.14058e-07
-1.24286e-06
4.28164e-07
-1.16612e-06
4.42331e-07
-1.09245e-06
4.56568e-07
-1.02162e-06
4.7088e-07
-9.53388e-07
4.85271e-07
-8.87537e-07
4.99744e-07
-8.23854e-07
5.14297e-07
-7.62134e-07
5.28929e-07
-7.0218e-07
5.43633e-07
-6.438e-07
5.58401e-07
-5.86808e-07
5.73221e-07
-5.31024e-07
5.88077e-07
-4.76269e-07
6.0295e-07
-4.22367e-07
6.17819e-07
-3.69143e-07
6.32656e-07
-3.16418e-07
6.47432e-07
-2.64015e-07
6.62111e-07
-2.11746e-07
6.76656e-07
-1.5942e-07
6.91023e-07
-1.06834e-07
7.05164e-07
-5.37715e-08
7.19029e-07
7.3256e-07
-3.2354e-06
-1.47906e-05
-3.16086e-06
-1.19734e-07
-3.00398e-06
4.28767e-08
-2.85268e-06
6.37112e-08
-2.70703e-06
8.42964e-08
-2.56704e-06
1.04684e-07
-2.4327e-06
1.24881e-07
-2.30398e-06
1.44884e-07
-2.1808e-06
1.64679e-07
-2.06305e-06
1.84256e-07
-1.95058e-06
2.03603e-07
-1.84319e-06
2.22712e-07
-1.7407e-06
2.41579e-07
-1.64286e-06
2.60205e-07
-1.54944e-06
2.78593e-07
-1.4602e-06
2.96751e-07
-1.37489e-06
3.14691e-07
-1.29326e-06
3.32424e-07
-1.21506e-06
3.49965e-07
-1.14006e-06
3.67329e-07
-1.06802e-06
3.8453e-07
-9.9872e-07
4.01581e-07
-9.31944e-07
4.18495e-07
-8.67481e-07
4.35281e-07
-8.05132e-07
4.51947e-07
-7.447e-07
4.68498e-07
-6.85999e-07
4.84932e-07
-6.28847e-07
5.01249e-07
-5.73066e-07
5.1744e-07
-5.18483e-07
5.33493e-07
-4.64926e-07
5.49393e-07
-4.12224e-07
5.65117e-07
-3.60207e-07
5.8064e-07
-3.08703e-07
5.95928e-07
-2.57534e-07
6.10943e-07
-2.06518e-07
6.2564e-07
-1.55466e-07
6.3997e-07
-1.04175e-07
6.53873e-07
-5.24303e-08
6.67284e-07
6.8013e-07
-3.07549e-06
-1.16731e-05
-2.99847e-06
-1.96756e-07
-2.85234e-06
-1.03255e-07
-2.71073e-06
-7.79018e-08
-2.57403e-06
-5.24018e-08
-2.44246e-06
-2.68842e-08
-2.31613e-06
-1.44814e-09
-2.19506e-06
2.38121e-08
-2.07919e-06
4.88123e-08
-1.96842e-06
7.34812e-08
-1.86258e-06
9.77625e-08
-1.76148e-06
1.21615e-07
-1.66491e-06
1.45012e-07
-1.57265e-06
1.67938e-07
-1.48444e-06
1.90391e-07
-1.40007e-06
2.12376e-07
-1.31928e-06
2.33905e-07
-1.24186e-06
2.54996e-07
-1.16756e-06
2.75669e-07
-1.09618e-06
2.95946e-07
-1.0275e-06
3.15851e-07
-9.61321e-07
3.35404e-07
-8.97452e-07
3.54626e-07
-8.35705e-07
3.73534e-07
-7.75901e-07
3.92143e-07
-7.17866e-07
4.10463e-07
-6.61434e-07
4.285e-07
-6.06441e-07
4.46256e-07
-5.52726e-07
4.63725e-07
-5.00133e-07
4.809e-07
-4.48504e-07
4.97764e-07
-3.97682e-07
5.14296e-07
-3.47509e-07
5.30466e-07
-2.97822e-07
5.46241e-07
-2.48456e-07
5.61576e-07
-1.99237e-07
5.76421e-07
-1.49982e-07
5.90715e-07
-1.00499e-07
6.0439e-07
-5.05798e-08
6.17365e-07
6.2955e-07
-2.86358e-06
-8.7555e-06
-2.78309e-06
-2.77246e-07
-2.64629e-06
-2.40052e-07
-2.51435e-06
-2.09841e-07
-2.38761e-06
-1.79144e-07
-2.26622e-06
-1.48276e-07
-2.15019e-06
-1.17476e-07
-2.03943e-06
-8.69482e-08
-1.93376e-06
-5.6855e-08
-1.83296e-06
-2.73194e-08
-1.73677e-06
1.57247e-09
-1.64492e-06
2.97658e-08
-1.55714e-06
5.72316e-08
-1.47316e-06
8.39615e-08
-1.39274e-06
1.09963e-07
-1.31561e-06
1.35254e-07
-1.24157e-06
1.59861e-07
-1.17039e-06
1.83815e-07
-1.10187e-06
2.07151e-07
-1.03583e-06
2.29903e-07
-9.72082e-07
2.52105e-07
-9.10466e-07
2.73787e-07
-8.50819e-07
2.94979e-07
-7.9299e-07
3.15706e-07
-7.36833e-07
3.35986e-07
-6.82205e-07
3.55835e-07
-6.28969e-07
3.75264e-07
-5.76988e-07
3.94275e-07
-5.26129e-07
4.12866e-07
-4.76257e-07
4.31028e-07
-4.27236e-07
4.48744e-07
-3.78931e-07
4.6599e-07
-3.312e-07
4.82735e-07
-2.83898e-07
4.98939e-07
-2.36875e-07
5.14553e-07
-1.89971e-07
5.29517e-07
-1.43019e-07
5.43763e-07
-9.58387e-08
5.5721e-07
-4.8236e-08
5.69763e-07
5.81314e-07
-2.60005e-06
-6.09546e-06
-2.5134e-06
-3.63903e-07
-2.38476e-06
-3.68688e-07
-2.26276e-06
-3.31847e-07
-2.14747e-06
-2.94427e-07
-2.0387e-06
-2.57053e-07
-1.93602e-06
-2.2015e-07
-1.83896e-06
-1.84009e-07
-1.747e-06
-1.48815e-07
-1.65964e-06
-1.14676e-07
-1.57643e-06
-8.1639e-08
-1.49696e-06
-4.97099e-08
-1.42086e-06
-1.8868e-08
-1.34782e-06
1.09258e-08
-1.27758e-06
3.9721e-08
-1.2099e-06
6.75729e-08
-1.14458e-06
9.45386e-08
-1.08144e-06
1.20675e-07
-1.02032e-06
1.46035e-07
-9.61087e-07
1.70671e-07
-9.03611e-07
1.94628e-07
-8.47771e-07
2.17948e-07
-7.93457e-07
2.40666e-07
-7.40563e-07
2.62811e-07
-6.88986e-07
2.84409e-07
-6.38624e-07
3.05474e-07
-5.89379e-07
3.26018e-07
-5.41148e-07
3.46044e-07
-4.9383e-07
3.65548e-07
-4.47321e-07
3.84518e-07
-4.01512e-07
4.02935e-07
-3.56292e-07
4.2077e-07
-3.11543e-07
4.37986e-07
-2.67142e-07
4.54538e-07
-2.22957e-07
4.70369e-07
-1.7885e-07
4.8541e-07
-1.3467e-07
4.99583e-07
-9.02548e-08
5.12795e-07
-4.5429e-08
5.24937e-07
5.35885e-07
-2.27702e-06
-3.76145e-06
-2.17701e-06
-4.63908e-07
-2.0556e-06
-4.90098e-07
-1.9461e-06
-4.41352e-07
-1.84694e-06
-3.9359e-07
-1.75641e-06
-3.47583e-07
-1.67293e-06
-3.03624e-07
-1.59517e-06
-2.61772e-07
-1.52202e-06
-2.21961e-07
-1.45263e-06
-1.84066e-07
-1.38633e-06
-1.47939e-07
-1.32261e-06
-1.13429e-07
-1.26109e-06
-8.03895e-08
-1.20148e-06
-4.86875e-08
-1.14356e-06
-1.82016e-08
-1.08716e-06
1.11765e-08
-1.03217e-06
3.95427e-08
-9.78472e-07
6.69818e-08
-9.26005e-07
9.35674e-08
-8.74697e-07
1.19364e-07
-8.24494e-07
1.44425e-07
-7.75345e-07
1.68798e-07
-7.272e-07
1.92521e-07
-6.80011e-07
2.15623e-07
-6.33729e-07
2.38126e-07
-5.883e-07
2.60046e-07
-5.4367e-07
2.81388e-07
-4.99777e-07
3.02152e-07
-4.56557e-07
3.22328e-07
-4.13938e-07
3.419e-07
-3.71845e-07
3.60841e-07
-3.30192e-07
3.79117e-07
-2.8889e-07
3.96684e-07
-2.47839e-07
4.13487e-07
-2.06931e-07
4.2946e-07
-1.66048e-07
4.44527e-07
-1.25061e-07
4.58597e-07
-8.38301e-08
4.71564e-07
-4.21997e-08
4.83306e-07
4.93685e-07
-1.84591e-06
-1.86963e-06
-1.72242e-06
-5.87397e-07
-1.62e-06
-5.92511e-07
-1.53961e-06
-5.21746e-07
-1.47303e-06
-4.60166e-07
-1.4151e-06
-4.05512e-07
-1.36255e-06
-3.56179e-07
-1.3133e-06
-3.11017e-07
-1.26608e-06
-2.6919e-07
-1.22006e-06
-2.30082e-07
-1.17477e-06
-1.93229e-07
-1.12992e-06
-1.58276e-07
-1.08536e-06
-1.2495e-07
-1.04102e-06
-9.30321e-08
-9.96869e-07
-6.23505e-08
-9.52928e-07
-3.27648e-08
-9.09224e-07
-4.16105e-09
-8.65797e-07
2.35544e-08
-8.22688e-07
5.04583e-08
-7.79938e-07
7.66136e-08
-7.37584e-07
1.02071e-07
-6.95657e-07
1.26872e-07
-6.54182e-07
1.51046e-07
-6.13175e-07
1.74616e-07
-5.72645e-07
1.97596e-07
-5.3259e-07
2.19991e-07
-4.93003e-07
2.41801e-07
-4.53865e-07
2.63014e-07
-4.1515e-07
2.83612e-07
-3.76821e-07
3.03571e-07
-3.38833e-07
3.22854e-07
-3.01133e-07
3.41417e-07
-2.63655e-07
3.59207e-07
-2.26327e-07
3.76159e-07
-1.89065e-07
3.92198e-07
-1.51773e-07
4.07235e-07
-1.14345e-07
4.21169e-07
-7.66639e-08
4.33882e-07
-3.85974e-08
4.4524e-07
4.55088e-07
-1.01876e-06
-7.45383e-07
-9.74713e-07
-6.3144e-07
-1.00411e-06
-5.63116e-07
-1.0217e-06
-5.04158e-07
-1.0298e-06
-4.52066e-07
-1.03019e-06
-4.05119e-07
-1.02425e-06
-3.62114e-07
-1.01308e-06
-3.22193e-07
-9.97534e-07
-2.84734e-07
-9.78334e-07
-2.49282e-07
-9.56069e-07
-2.15494e-07
-9.31234e-07
-1.83111e-07
-9.04252e-07
-1.51932e-07
-8.75485e-07
-1.21799e-07
-8.45246e-07
-9.25894e-08
-8.13808e-07
-6.42032e-08
-7.81407e-07
-3.65616e-08
-7.48251e-07
-9.60132e-09
-7.14521e-07
1.67276e-08
-6.80371e-07
4.24643e-08
-6.45938e-07
6.76379e-08
-6.11336e-07
9.22692e-08
-5.76661e-07
1.16371e-07
-5.41993e-07
1.39948e-07
-5.07397e-07
1.62999e-07
-4.72921e-07
1.85515e-07
-4.386e-07
2.0748e-07
-4.04456e-07
2.2887e-07
-3.70498e-07
2.49654e-07
-3.36723e-07
2.69795e-07
-3.03114e-07
2.89245e-07
-2.69646e-07
3.07949e-07
-2.36281e-07
3.25841e-07
-2.02969e-07
3.42847e-07
-1.69649e-07
3.58878e-07
-1.36249e-07
3.73836e-07
-1.02686e-07
3.87606e-07
-6.88643e-08
4.00061e-07
-3.46759e-08
4.11052e-07
4.20412e-07
-1.65872e-07
-4.51281e-07
-3.50399e-07
-4.46913e-07
-4.81681e-07
-4.31834e-07
-5.75363e-07
-4.10475e-07
-6.41891e-07
-3.85538e-07
-6.88354e-07
-3.58657e-07
-7.19653e-07
-3.30816e-07
-7.39247e-07
-3.02598e-07
-7.49635e-07
-2.74346e-07
-7.52661e-07
-2.46256e-07
-7.49721e-07
-2.18434e-07
-7.41896e-07
-1.90936e-07
-7.30041e-07
-1.63787e-07
-7.14843e-07
-1.36997e-07
-6.96869e-07
-1.10564e-07
-6.76586e-07
-8.44857e-08
-6.54391e-07
-5.87565e-08
-6.30619e-07
-3.33733e-08
-6.05556e-07
-8.33523e-09
-5.79448e-07
1.63558e-08
-5.52504e-07
4.06939e-08
-5.24904e-07
6.46696e-08
-4.96802e-07
8.82688e-08
-4.68327e-07
1.11473e-07
-4.39586e-07
1.34259e-07
-4.10668e-07
1.56597e-07
-3.81643e-07
1.78455e-07
-3.52564e-07
1.99791e-07
-3.23471e-07
2.20561e-07
-2.94385e-07
2.4071e-07
-2.65317e-07
2.60178e-07
-2.36264e-07
2.78896e-07
-2.0721e-07
2.96787e-07
-1.78128e-07
3.13764e-07
-1.48976e-07
3.29726e-07
-1.19705e-07
3.44564e-07
-9.02517e-08
3.58153e-07
-6.05419e-08
3.70351e-07
-3.04902e-08
3.81e-07
3.89922e-07
-6.46687e-08
-3.3923e-07
-1.6937e-07
-3.42212e-07
-2.61513e-07
-3.39691e-07
-3.39552e-07
-3.32437e-07
-4.03774e-07
-3.21315e-07
-4.55299e-07
-3.07131e-07
-4.95544e-07
-2.90571e-07
-5.25952e-07
-2.7219e-07
-5.47869e-07
-2.52429e-07
-5.62497e-07
-2.31628e-07
-5.70883e-07
-2.10047e-07
-5.73933e-07
-1.87886e-07
-5.72422e-07
-1.65298e-07
-5.67019e-07
-1.42401e-07
-5.58295e-07
-1.19288e-07
-5.46746e-07
-9.60349e-08
-5.32799e-07
-7.27035e-08
-5.16825e-07
-4.93473e-08
-4.99146e-07
-2.6014e-08
-4.80042e-07
-2.7477e-09
-4.59757e-07
2.0409e-08
-4.38502e-07
4.3414e-08
-4.16458e-07
6.62246e-08
-3.93781e-07
8.87963e-08
-3.70605e-07
1.11082e-07
-3.4704e-07
1.33033e-07
-3.2318e-07
1.54594e-07
-2.99098e-07
1.75709e-07
-2.74852e-07
1.96314e-07
-2.50484e-07
2.16341e-07
-2.26022e-07
2.35715e-07
-2.01479e-07
2.54354e-07
-1.76858e-07
2.72167e-07
-1.52148e-07
2.89054e-07
-1.27327e-07
3.04905e-07
-1.0236e-07
3.19598e-07
-7.72035e-08
3.32997e-07
-5.18031e-08
3.4495e-07
-2.60935e-08
3.5529e-07
3.63828e-07
-3.94794e-08
-2.76823e-07
-1.01497e-07
-2.80195e-07
-1.60553e-07
-2.80635e-07
-2.14831e-07
-2.78158e-07
-2.63233e-07
-2.72913e-07
-3.05235e-07
-2.6513e-07
-3.40728e-07
-2.55077e-07
-3.69887e-07
-2.43031e-07
-3.93061e-07
-2.29256e-07
-4.10696e-07
-2.13993e-07
-4.23283e-07
-1.9746e-07
-4.31323e-07
-1.79846e-07
-4.35303e-07
-1.61318e-07
-4.35686e-07
-1.42018e-07
-4.32901e-07
-1.22073e-07
-4.27345e-07
-1.01591e-07
-4.19378e-07
-8.06707e-08
-4.09326e-07
-5.93998e-08
-3.97481e-07
-3.78589e-08
-3.84105e-07
-1.61231e-08
-3.69432e-07
5.73614e-09
-3.53668e-07
2.76499e-08
-3.36994e-07
4.95506e-08
-3.19569e-07
7.13706e-08
-3.01528e-07
9.30418e-08
-2.8299e-07
1.14495e-07
-2.64053e-07
1.35658e-07
-2.44799e-07
1.56455e-07
-2.25294e-07
1.76809e-07
-2.0559e-07
1.96637e-07
-1.85723e-07
2.15848e-07
-1.65718e-07
2.34349e-07
-1.45589e-07
2.52037e-07
-1.25336e-07
2.688e-07
-1.04949e-07
2.84518e-07
-8.44098e-08
2.99058e-07
-6.36879e-08
3.12275e-07
-4.27452e-08
3.24008e-07
-2.15343e-08
3.34079e-07
3.42294e-07
-2.65464e-08
-2.38031e-07
-6.55652e-08
-2.41176e-07
-1.03742e-07
-2.42458e-07
-1.40118e-07
-2.41783e-07
-1.73911e-07
-2.39119e-07
-2.04549e-07
-2.34492e-07
-2.31657e-07
-2.27969e-07
-2.55039e-07
-2.19649e-07
-2.74644e-07
-2.0965e-07
-2.90535e-07
-1.98102e-07
-3.02856e-07
-1.85138e-07
-3.11811e-07
-1.70892e-07
-3.17637e-07
-1.55491e-07
-3.20594e-07
-1.39061e-07
-3.20947e-07
-1.21719e-07
-3.18961e-07
-1.03577e-07
-3.14892e-07
-8.47401e-08
-3.08983e-07
-6.5309e-08
-3.01462e-07
-4.53797e-08
-2.9254e-07
-2.50446e-08
-2.82412e-07
-4.39277e-09
-2.7125e-07
1.64885e-08
-2.59213e-07
3.75137e-08
-2.4644e-07
5.85977e-08
-2.33054e-07
7.96557e-08
-2.19161e-07
1.00602e-07
-2.04853e-07
1.21349e-07
-1.90207e-07
1.41809e-07
-1.75286e-07
1.61889e-07
-1.60142e-07
1.81492e-07
-1.44813e-07
2.00519e-07
-1.29327e-07
2.18863e-07
-1.13702e-07
2.36412e-07
-9.79453e-08
2.53044e-07
-8.20562e-08
2.68629e-07
-6.60245e-08
2.83026e-07
-4.9832e-08
2.96082e-07
-3.34532e-08
3.07629e-07
-1.68555e-08
3.17482e-07
3.25438e-07
-1.74245e-08
-2.13967e-07
-4.17159e-08
-2.16885e-07
-6.57418e-08
-2.18432e-07
-8.90163e-08
-2.18508e-07
-1.11095e-07
-2.17041e-07
-1.31598e-07
-2.13989e-07
-1.50228e-07
-2.0934e-07
-1.66767e-07
-2.0311e-07
-1.81082e-07
-1.95336e-07
-1.9311e-07
-1.86074e-07
-2.02854e-07
-1.75394e-07
-2.10366e-07
-1.63379e-07
-2.1574e-07
-1.50118e-07
-2.19096e-07
-1.35705e-07
-2.20577e-07
-1.20238e-07
-2.20336e-07
-1.03818e-07
-2.18532e-07
-8.65444e-08
-2.15323e-07
-6.85177e-08
-2.10865e-07
-4.98378e-08
-2.05306e-07
-3.06037e-08
-1.98785e-07
-1.09135e-08
-1.91432e-07
9.1354e-09
-1.83365e-07
2.94463e-08
-1.7469e-07
4.99229e-08
-1.65503e-07
7.04687e-08
-1.55888e-07
9.09866e-08
-1.45917e-07
1.11378e-07
-1.35652e-07
1.31545e-07
-1.25147e-07
1.51383e-07
-1.14442e-07
1.70787e-07
-1.03572e-07
1.89649e-07
-9.2561e-08
2.07853e-07
-8.14267e-08
2.25278e-07
-7.01783e-08
2.41796e-07
-5.88182e-08
2.57269e-07
-4.73424e-08
2.71551e-07
-3.5741e-08
2.84481e-07
-2.3998e-08
2.95886e-07
-1.20928e-08
3.05577e-07
3.13345e-07
-9.95631e-09
-2.00706e-07
-2.33621e-08
-2.03479e-07
-3.66854e-08
-2.05109e-07
-4.96943e-08
-2.055e-07
-6.21652e-08
-2.0457e-07
-7.38943e-08
-2.0226e-07
-8.4707e-08
-1.98527e-07
-9.44632e-08
-1.93354e-07
-1.0306e-07
-1.86739e-07
-1.10433e-07
-1.78701e-07
-1.16551e-07
-1.69277e-07
-1.21413e-07
-1.58516e-07
-1.25048e-07
-1.46483e-07
-1.27503e-07
-1.3325e-07
-1.28842e-07
-1.189e-07
-1.29141e-07
-1.03519e-07
-1.28482e-07
-8.72027e-08
-1.26954e-07
-7.00462e-08
-1.24643e-07
-5.21489e-08
-1.21635e-07
-3.36113e-08
-1.18014e-07
-1.45349e-08
-1.13857e-07
4.9783e-09
-1.09236e-07
2.4826e-08
-1.04219e-07
4.49056e-08
-9.88644e-08
6.51141e-08
-9.32257e-08
8.53479e-08
-8.73495e-08
1.05502e-07
-8.12758e-08
1.25471e-07
-7.50384e-08
1.45145e-07
-6.86654e-08
1.64414e-07
-6.2179e-08
1.83163e-07
-5.55962e-08
2.0127e-07
-4.8929e-08
2.18611e-07
-4.21848e-08
2.35051e-07
-3.53665e-08
2.50451e-07
-2.84731e-08
2.64657e-07
-2.14995e-08
2.77507e-07
-1.44376e-08
2.88824e-07
-7.27581e-09
2.98415e-07
3.0607e-07
-3.24441e-09
-7.53876e-09
-1.1815e-08
-1.60039e-08
-2.00375e-08
-2.38522e-08
-2.73914e-08
-3.06082e-08
-3.34661e-08
-3.59397e-08
-3.80144e-08
-3.96859e-08
-4.09587e-08
-4.18446e-08
-4.23615e-08
-4.25319e-08
-4.23812e-08
-4.19366e-08
-4.12264e-08
-4.02785e-08
-3.91203e-08
-3.77776e-08
-3.62749e-08
-3.46345e-08
-3.28767e-08
-3.10196e-08
-2.90792e-08
-2.70694e-08
-2.50019e-08
-2.28863e-08
-2.07305e-08
-1.85405e-08
-1.63207e-08
-1.40737e-08
-1.18007e-08
-9.50175e-09
-7.17528e-09
-4.81874e-09
-2.4285e-09
)
;

boundaryField
{
    top
    {
        type            calculated;
        value           nonuniform List<scalar> 
80
(
2.66603e-07
2.59838e-07
2.51301e-07
2.41182e-07
2.29658e-07
2.16891e-07
2.0303e-07
1.88214e-07
1.72572e-07
1.56225e-07
1.39288e-07
1.2187e-07
1.04076e-07
8.60075e-08
6.77619e-08
4.94354e-08
3.11222e-08
1.29156e-08
-5.09196e-09
-2.28087e-08
-4.01431e-08
-5.70041e-08
-7.33012e-08
-8.89449e-08
-1.03847e-07
-1.17922e-07
-1.31086e-07
-1.43262e-07
-1.54375e-07
-1.64361e-07
-1.73163e-07
-1.80733e-07
-1.87038e-07
-1.92057e-07
-1.95785e-07
-1.98233e-07
-1.99429e-07
-1.99416e-07
-1.98256e-07
-1.96023e-07
-1.9646e-07
-1.99184e-07
-2.00833e-07
-2.01311e-07
-2.00536e-07
-1.98445e-07
-1.94988e-07
-1.90137e-07
-1.83881e-07
-1.76227e-07
-1.67202e-07
-1.56845e-07
-1.4521e-07
-1.32364e-07
-1.18383e-07
-1.03349e-07
-8.73534e-08
-7.04908e-08
-5.28591e-08
-3.45592e-08
-1.56932e-08
3.63565e-09
2.33233e-08
4.32652e-08
6.33563e-08
8.34908e-08
1.03562e-07
1.23461e-07
1.43078e-07
1.62299e-07
1.81007e-07
1.9908e-07
2.16391e-07
2.32804e-07
2.48178e-07
2.62358e-07
2.75181e-07
2.86467e-07
2.96025e-07
3.03641e-07
)
;
    }
    inlet
    {
        type            calculated;
        value           nonuniform List<scalar> 
80
(
1.35525e-20
5.0822e-21
-2.37169e-20
8.47033e-21
1.18585e-20
-8.47033e-21
-3.38813e-21
-5.0822e-21
-3.38813e-21
1.69407e-21
-3.38813e-21
-1.35525e-20
-5.42101e-20
4.06576e-20
-1.0842e-19
5.42101e-20
-6.77626e-20
-1.76183e-19
-1.21973e-19
-1.0842e-19
6.77626e-20
-6.77626e-20
-1.76183e-19
-8.13152e-20
-1.35525e-20
1.49078e-19
8.13152e-20
5.42101e-20
1.0842e-19
6.77626e-20
-1.21973e-19
-1.0842e-19
-9.48677e-20
2.30393e-19
8.13152e-20
2.1684e-19
-1.21973e-19
-1.21973e-19
-4.06576e-20
9.48677e-20
2.71051e-20
-1.89735e-19
5.42101e-20
2.71051e-20
1.0842e-19
1.76183e-19
1.21973e-19
-6.77626e-20
1.21973e-19
1.35525e-20
9.48677e-20
2.71051e-19
9.48677e-20
-1.49078e-19
2.71051e-20
1.49078e-19
-2.71051e-19
-6.77626e-20
2.57498e-19
1.76183e-19
-2.43945e-19
1.89735e-19
1.6263e-19
1.6263e-19
-6.77626e-20
-2.71051e-20
1.89735e-19
5.42101e-20
-8.13152e-20
9.48677e-20
-4.06576e-20
-3.38813e-20
1.35525e-20
-3.04932e-20
2.37169e-20
3.04932e-20
-1.01644e-20
5.0822e-21
6.77626e-21
-1.01644e-20
)
;
    }
    axis
    {
        type            calculated;
        value           uniform 0;
    }
    frontAndBack
    {
        type            empty;
        value           nonuniform List<scalar> 0();
    }
}


// ************************************************************************* //
