/*--------------------------------*- C++ -*----------------------------------*\
  =========                 |
  \\      /  F ield         | OpenFOAM: The Open Source CFD Toolbox
   \\    /   O peration     | Website:  https://openfoam.org
    \\  /    A nd           | Version:  10
     \\/     M anipulation  |
\*---------------------------------------------------------------------------*/
FoamFile
{
    format      ascii;
    class       volScalarField;
    location    "21600";
    object      p;
}
// * * * * * * * * * * * * * * * * * * * * * * * * * * * * * * * * * * * * * //

dimensions      [1 -1 -2 0 0 0 0];

internalField   nonuniform List<scalar> 
6400
(
104.746
104.859
108.102
332.192
544.396
722.038
900.216
1074.13
1245.45
1413.39
1578.46
1736.44
1892.09
2049.85
2206.73
2363.06
2521.04
2678.42
2834.52
2988.84
3140.38
3290.01
3438.56
3586.43
3733.4
3879.41
4024.42
4168.18
4310.29
4450.42
4587.66
4719.64
4807.73
4858.84
4906
4948.18
4984.15
5012.65
5032.46
5042.63
5042.63
5032.46
5012.65
4984.15
4948.18
4906
4858.84
4807.73
4719.64
4587.66
4450.42
4310.29
4168.18
4024.42
3879.41
3733.4
3586.43
3438.56
3290.01
3140.38
2988.84
2834.52
2678.42
2521.04
2363.06
2206.73
2049.85
1892.09
1736.44
1578.46
1413.39
1245.45
1074.13
900.216
722.038
544.396
332.192
108.102
104.859
104.746
104.447
104.563
104.968
104.999
252.163
427.934
606.358
780.207
951.576
1119.5
1284.77
1442.53
1597.99
1755.89
1912.75
2068.99
2227.06
2384.48
2540.6
2694.96
2846.47
2996.06
3144.59
3292.48
3439.45
3585.46
3730.48
3874.26
4016.38
4156.55
4293.9
4426.09
4514.42
4565.73
4613.13
4655.57
4691.83
4720.6
4740.63
4750.92
4750.92
4740.63
4720.6
4691.83
4655.57
4613.13
4565.73
4514.42
4426.09
4293.9
4156.55
4016.38
3874.26
3730.48
3585.46
3439.45
3292.48
3144.59
2996.06
2846.47
2694.96
2540.6
2384.48
2227.06
2068.99
1912.75
1755.89
1597.99
1442.53
1284.77
1119.5
951.576
780.207
606.358
427.934
252.163
104.999
104.968
104.563
104.447
104.113
104.224
104.53
104.53
104.406
104.926
284.208
457.887
629.383
797.253
963.011
1120.27
1275.27
1433.49
1590.33
1746.33
1904.65
2062.13
2218.3
2372.78
2524.19
2673.71
2822.19
2970.1
3117.08
3263.1
3408.15
3551.97
3694.12
3834.38
3971.97
4104.65
4193.55
4245.3
4293.24
4336.31
4373.24
4402.65
4423.18
4433.74
4433.74
4423.18
4402.65
4373.24
4336.31
4293.24
4245.3
4193.55
4104.65
3971.97
3834.38
3694.12
3551.97
3408.15
3263.1
3117.08
2970.1
2822.19
2673.71
2524.19
2372.78
2218.3
2062.13
1904.65
1746.33
1590.33
1433.49
1275.27
1120.27
963.011
797.253
629.383
457.887
284.208
104.926
104.406
104.53
104.53
104.224
104.113
103.74
103.84
104.067
104.085
104.013
104.153
103.936
104.377
276.18
443.88
610.633
766.912
921.057
1079.95
1236.72
1392.26
1551.05
1708.65
1864.9
2019.59
2170.83
2320.19
2468.61
2616.57
2763.56
2909.58
3054.68
3198.58
3340.78
3481.19
3619.19
3752.71
3842.59
3895.09
3943.98
3988.15
4026.28
4056.82
4078.26
4089.33
4089.33
4078.26
4056.82
4026.28
3988.15
3943.98
3895.09
3842.59
3752.71
3619.19
3481.19
3340.78
3198.58
3054.68
2909.58
2763.56
2616.57
2468.61
2320.19
2170.83
2019.59
1864.9
1708.65
1551.05
1392.26
1236.72
1079.95
921.057
766.912
610.633
443.88
276.18
104.377
103.936
104.153
104.013
104.085
104.067
103.84
103.74
103.323
103.409
103.576
103.604
103.565
103.642
103.505
103.584
103.331
103.432
225.69
379.46
532.108
692.292
848.921
1003.63
1163.29
1321.02
1477.39
1632.46
1783.38
1932.52
2080.82
2228.88
2375.88
2521.9
2667.07
2811.1
2953.36
3093.99
3232.6
3367.4
3458.75
3512.43
3562.77
3608.69
3648.73
3681.13
3704.05
3715.96
3715.96
3704.05
3681.13
3648.73
3608.69
3562.77
3512.43
3458.75
3367.4
3232.6
3093.99
2953.36
2811.1
2667.07
2521.9
2375.88
2228.88
2080.82
1932.52
1783.38
1632.46
1477.39
1321.02
1163.29
1003.63
848.921
692.292
532.108
379.46
225.69
103.432
103.331
103.584
103.505
103.642
103.565
103.604
103.576
103.409
103.323
102.859
102.929
103.051
103.081
103.063
103.1
103.012
103.03
102.858
102.847
102.665
102.6
104.484
267.396
423.688
576.837
738.114
895.952
1052.45
1208.21
1358.57
1507.37
1655.48
1803.73
1950.74
2096.76
2242.03
2386.27
2528.59
2669.49
2808.95
2945.57
3038.99
3094.31
3146.79
3195.33
3238.31
3273.61
3298.9
3312.15
3312.15
3298.9
3273.61
3238.31
3195.33
3146.79
3094.31
3038.99
2945.57
2808.95
2669.49
2528.59
2386.27
2242.03
2096.76
1950.74
1803.73
1655.48
1507.37
1358.57
1208.21
1052.45
895.952
738.114
576.837
423.688
267.396
104.484
102.6
102.665
102.847
102.858
103.03
103.012
103.1
103.063
103.081
103.051
102.929
102.859
102.341
102.396
102.484
102.514
102.507
102.52
102.46
102.444
102.32
102.276
102.142
102.092
102.244
101.891
101.819
107.496
272.133
429.837
586.412
743.492
892.786
1041.11
1188.93
1337.54
1484.54
1630.53
1775.96
1920.51
2062.84
2204.05
2344.6
2483.75
2579.85
2637.39
2692.85
2745.18
2792.61
2832.43
2861.48
2876.89
2876.89
2861.48
2832.43
2792.61
2745.18
2692.85
2637.39
2579.85
2483.75
2344.6
2204.05
2062.84
1920.51
1775.96
1630.53
1484.54
1337.54
1188.93
1041.11
892.786
743.492
586.412
429.837
272.133
107.496
101.819
101.891
102.244
102.092
102.142
102.276
102.32
102.444
102.46
102.52
102.507
102.514
102.484
102.396
102.341
101.766
101.808
101.87
101.896
101.894
101.894
101.848
101.815
101.721
101.66
101.557
101.509
101.554
101.327
101.255
101.373
100.937
100.786
101.569
235.601
382.062
529.732
677.059
826.415
973.311
1119.22
1264.86
1409.94
1552.15
1693.64
1835.51
1978.07
2077.41
2137.75
2197.19
2254.95
2309.1
2356.07
2391.22
2410.2
2410.2
2391.22
2356.07
2309.1
2254.95
2197.19
2137.75
2077.41
1978.07
1835.51
1693.64
1552.15
1409.94
1264.86
1119.22
973.311
826.415
677.059
529.732
382.062
235.601
101.569
100.786
100.937
101.373
101.255
101.327
101.554
101.509
101.557
101.66
101.721
101.815
101.848
101.894
101.894
101.896
101.87
101.808
101.766
101.129
101.159
101.202
101.223
101.222
101.214
101.176
101.134
101.058
100.992
100.907
100.854
100.839
100.685
100.606
100.605
100.317
100.165
100.137
99.7685
99.5773
99.5499
115.031
266.304
412.747
558.422
704.362
850.418
992.135
1133.76
1277.05
1424.3
1527.07
1590.61
1655.1
1720.44
1784.91
1843.56
1889.01
1914.19
1914.19
1889.01
1843.56
1784.91
1720.44
1655.1
1590.61
1527.07
1424.3
1277.05
1133.76
992.135
850.418
704.362
558.422
412.747
266.304
115.031
99.5499
99.5773
99.7685
100.137
100.165
100.317
100.605
100.606
100.685
100.839
100.854
100.907
100.992
101.058
101.134
101.176
101.214
101.222
101.223
101.202
101.159
101.129
100.425
100.446
100.474
100.489
100.487
100.473
100.439
100.395
100.328
100.262
100.187
100.129
100.082
99.9652
99.8797
99.8171
99.6098
99.4596
99.3591
99.096
98.9216
98.8599
98.8939
98.4519
98.2224
98.155
101.276
238.266
378.041
519.409
663.844
818.102
923.388
989.824
1060
1135.41
1216.12
1294.92
1358.62
1395.51
1395.51
1358.62
1294.92
1216.12
1135.41
1060
989.824
923.388
818.102
663.844
519.409
378.041
238.266
101.276
98.155
98.2224
98.4519
98.8939
98.8599
98.9216
99.096
99.3591
99.4596
99.6098
99.8171
99.8797
99.9652
100.082
100.129
100.187
100.262
100.328
100.395
100.439
100.473
100.487
100.489
100.474
100.446
100.425
99.6475
99.6608
99.6785
99.687
99.6825
99.6658
99.633
99.5885
99.5286
99.4643
99.3947
99.3315
99.268
99.1688
99.0777
98.9858
98.8214
98.6748
98.5431
98.338
98.1767
98.0817
98.0089
97.7116
97.5019
97.396
97.3569
96.9159
96.6427
96.4883
96.5346
165.331
261.777
328.351
403.07
489.806
597.265
712.95
809.989
871.53
871.53
809.989
712.95
597.265
489.806
403.07
328.351
261.777
165.331
96.5346
96.4883
96.6427
96.9159
97.3569
97.396
97.5019
97.7116
98.0089
98.0817
98.1767
98.338
98.5431
98.6748
98.8214
98.9858
99.0777
99.1688
99.268
99.3315
99.3947
99.4643
99.5286
99.5885
99.633
99.6658
99.6825
99.687
99.6785
99.6608
99.6475
98.7912
98.799
98.8086
98.8114
98.8037
98.7846
98.7522
98.7083
98.6526
98.5904
98.5235
98.4566
98.3848
98.2931
98.1982
98.094
97.9519
97.8099
97.6682
97.4946
97.3415
97.222
97.1
96.8754
96.6831
96.5452
96.4159
96.1068
95.8594
95.689
95.5781
95.3185
95.1405
95.0598
95.0103
95.0034
97.9562
147.68
275.359
391.828
391.828
275.359
147.68
97.9562
95.0034
95.0103
95.0598
95.1405
95.3185
95.5781
95.689
95.8594
96.1068
96.4159
96.5452
96.6831
96.8754
97.1
97.222
97.3415
97.4946
97.6682
97.8099
97.9519
98.094
98.1982
98.2931
98.3848
98.4566
98.5235
98.5904
98.6526
98.7083
98.7522
98.7846
98.8037
98.8114
98.8086
98.799
98.7912
97.8494
97.8531
97.8566
97.8545
97.8436
97.8225
97.79
97.7469
97.6938
97.6335
97.5678
97.4986
97.4226
97.3335
97.2367
97.1284
96.9982
96.8612
96.7192
96.5626
96.4143
96.2798
96.137
95.9477
95.767
95.6091
95.4432
95.199
94.9748
94.7925
94.6336
94.4155
94.2653
94.1852
94.1183
94.0605
93.9932
93.9558
93.9019
137.062
137.062
93.9019
93.9558
93.9932
94.0605
94.1183
94.1852
94.2653
94.4155
94.6336
94.7925
94.9748
95.199
95.4432
95.6091
95.767
95.9477
96.137
96.2798
96.4143
96.5626
96.7192
96.8612
96.9982
97.1284
97.2367
97.3335
97.4226
97.4986
97.5678
97.6335
97.6938
97.7469
97.79
97.8225
97.8436
97.8545
97.8566
97.8531
97.8494
96.815
96.8157
96.8146
96.8085
96.7946
96.7717
96.7389
96.6964
96.645
96.5861
96.5211
96.4505
96.3725
96.2842
96.1867
96.078
95.9547
95.8228
95.684
95.5372
95.3918
95.2497
95.0993
94.9267
94.7532
94.5855
94.4076
94.1954
93.9878
93.7999
93.6212
93.4211
93.2806
93.1989
93.1221
93.0484
92.9748
92.9038
92.6811
95.3861
95.3861
92.6811
92.9038
92.9748
93.0484
93.1221
93.1989
93.2806
93.4211
93.6212
93.7999
93.9878
94.1954
94.4076
94.5855
94.7532
94.9267
95.0993
95.2497
95.3918
95.5372
95.684
95.8228
95.9547
96.078
96.1867
96.2842
96.3725
96.4505
96.5211
96.5861
96.645
96.6964
96.7389
96.7717
96.7946
96.8085
96.8146
96.8157
96.815
95.6801
95.6786
95.6742
95.6648
95.6484
95.6239
95.5906
95.5486
95.4981
95.4403
95.3757
95.3044
95.2256
95.1376
95.0405
94.933
94.8143
94.687
94.5525
94.4118
94.2688
94.1239
93.9717
93.8074
93.6385
93.4677
93.288
93.0924
92.8959
92.7069
92.5209
92.3276
92.1891
92.1051
92.0219
91.9382
91.8516
91.7581
91.4501
89.4755
89.4755
91.4501
91.7581
91.8516
91.9382
92.0219
92.1051
92.1891
92.3276
92.5209
92.7069
92.8959
93.0924
93.288
93.4677
93.6385
93.8074
93.9717
94.1239
94.2688
94.4118
94.5525
94.687
94.8143
94.933
95.0405
95.1376
95.2256
95.3044
95.3757
95.4403
95.4981
95.5486
95.5906
95.6239
95.6484
95.6648
95.6742
95.6786
95.6801
94.4361
94.4332
94.4264
94.4144
94.3959
94.3701
94.3362
94.2943
94.2446
94.1874
94.1232
94.0518
93.9728
93.8854
93.7891
93.6835
93.5685
93.4453
93.315
93.1787
93.0381
92.8933
92.7419
92.5823
92.4169
92.2468
92.0693
91.883
91.6939
91.5062
91.3185
91.1274
90.9885
90.9028
90.8166
90.7292
90.6396
90.5469
90.2578
88.3171
88.3171
90.2578
90.5469
90.6396
90.7292
90.8166
90.9028
90.9885
91.1274
91.3185
91.5062
91.6939
91.883
92.0693
92.2468
92.4169
92.5823
92.7419
92.8933
93.0381
93.1787
93.315
93.4453
93.5685
93.6835
93.7891
93.8854
93.9728
94.0518
94.1232
94.1874
94.2446
94.2943
94.3362
94.3701
94.3959
94.4144
94.4264
94.4332
94.4361
92.9873
92.9832
92.9746
92.9607
92.9405
92.9134
92.879
92.8371
92.7878
92.7312
92.6674
92.5964
92.5178
92.4312
92.3364
92.2331
92.1215
92.0022
91.8759
91.7436
91.6058
91.4627
91.3134
91.1575
90.9956
90.828
90.6543
90.4745
90.291
90.1056
89.9184
89.7282
89.5889
89.5024
89.4152
89.3269
89.2374
89.1468
88.8715
87.0923
87.0923
88.8715
89.1468
89.2374
89.3269
89.4152
89.5024
89.5889
89.7282
89.9184
90.1056
90.291
90.4745
90.6543
90.828
90.9956
91.1575
91.3134
91.4627
91.6058
91.7436
91.8759
92.0022
92.1215
92.2331
92.3364
92.4312
92.5178
92.5964
92.6674
92.7312
92.7878
92.8371
92.879
92.9134
92.9405
92.9607
92.9746
92.9832
92.9873
91.3932
91.3884
91.3786
91.3632
91.3418
91.3139
91.2791
91.2372
91.1882
91.1321
91.0689
90.9985
90.9207
90.8354
90.7423
90.6414
90.5329
90.4172
90.2946
90.1659
90.0312
89.8907
89.7443
89.5918
89.4333
89.2692
89.0994
88.9244
88.7452
88.5626
88.3769
88.1877
88.0484
87.9618
87.8744
87.7861
87.6967
87.6064
87.338
85.676
85.676
87.338
87.6064
87.6967
87.7861
87.8744
87.9618
88.0484
88.1877
88.3769
88.5626
88.7452
88.9244
89.0994
89.2692
89.4333
89.5918
89.7443
89.8907
90.0312
90.1659
90.2946
90.4172
90.5329
90.6414
90.7423
90.8354
90.9207
90.9985
91.0689
91.1321
91.1882
91.2372
91.2791
91.3139
91.3418
91.3632
91.3786
91.3884
91.3932
89.8038
89.7986
89.7881
89.7719
89.7497
89.7212
89.6861
89.6443
89.5956
89.54
89.4775
89.4079
89.3312
89.2473
89.156
89.0574
88.9516
88.8389
88.7196
88.594
88.4624
88.3248
88.1813
88.0319
87.8768
87.716
87.5498
87.3785
87.2027
87.0227
86.8388
86.6508
86.512
86.4257
86.3384
86.2503
86.1611
86.0709
85.8091
84.2701
84.2701
85.8091
86.0709
86.1611
86.2503
86.3384
86.4257
86.512
86.6508
86.8388
87.0227
87.2027
87.3785
87.5498
87.716
87.8768
88.0319
88.1813
88.3248
88.4624
88.594
88.7196
88.8389
88.9516
89.0574
89.156
89.2473
89.3312
89.4079
89.4775
89.54
89.5956
89.6443
89.6861
89.7212
89.7497
89.7719
89.7881
89.7986
89.8038
88.2196
88.2142
88.2032
88.1866
88.164
88.1352
88.1
88.0583
88.01
87.9549
87.8932
87.8245
87.749
87.6665
87.577
87.4806
87.3773
87.2673
87.1509
87.0282
86.8995
86.7648
86.6242
86.4779
86.3259
86.1683
86.0053
85.8372
85.6643
85.4868
85.3048
85.1182
84.9801
84.8942
84.8073
84.7194
84.6305
84.5406
84.2859
82.8669
82.8669
84.2859
84.5406
84.6305
84.7194
84.8073
84.8942
84.9801
85.1182
85.3048
85.4868
85.6643
85.8372
86.0053
86.1683
86.3259
86.4779
86.6242
86.7648
86.8995
87.0282
87.1509
87.2673
87.3773
87.4806
87.577
87.6665
87.749
87.8245
87.8932
87.9549
88.01
88.0583
88.1
88.1352
88.164
88.1866
88.2032
88.2142
88.2196
86.6408
86.6353
86.6241
86.6072
86.5844
86.5555
86.5204
86.4789
86.431
86.3766
86.3156
86.248
86.1737
86.0927
86.005
85.9106
85.8096
85.7022
85.5884
85.4684
85.3425
85.2106
85.0729
84.9295
84.7805
84.6259
84.466
84.3008
84.1305
83.9553
83.7753
83.5903
83.453
83.3675
83.281
83.1935
83.105
83.0154
82.7674
81.4631
81.4631
82.7674
83.0154
83.105
83.1935
83.281
83.3675
83.453
83.5903
83.7753
83.9553
84.1305
84.3008
84.466
84.6259
84.7805
84.9295
85.0729
85.2106
85.3425
85.4684
85.5884
85.7022
85.8096
85.9106
86.005
86.0927
86.1737
86.248
86.3156
86.3766
86.431
86.4789
86.5204
86.5555
86.5844
86.6072
86.6241
86.6353
86.6408
85.0676
85.062
85.0507
85.0337
85.0108
84.982
84.9471
84.906
84.8586
84.8049
84.7448
84.6782
84.6052
84.5257
84.4397
84.3473
84.2484
84.1433
84.032
83.9147
83.7914
83.6623
83.5274
83.3868
83.2406
83.0889
82.9318
82.7694
82.6017
82.4288
82.2507
82.0673
81.931
81.8461
81.76
81.6729
81.5846
81.4952
81.2539
80.0592
80.0592
81.2539
81.4952
81.5846
81.6729
81.76
81.8461
81.931
82.0673
82.2507
82.4288
82.6017
82.7694
82.9318
83.0889
83.2406
83.3868
83.5274
83.6623
83.7914
83.9147
84.032
84.1433
84.2484
84.3473
84.4397
84.5257
84.6052
84.6782
84.7448
84.8049
84.8586
84.906
84.9471
84.982
85.0108
85.0337
85.0507
85.062
85.0676
83.4999
83.4943
83.483
83.4661
83.4433
83.4146
83.38
83.3393
83.2925
83.2395
83.1803
83.1149
83.0431
82.9651
82.8808
82.7903
82.6935
82.5906
82.4817
82.3669
82.2462
82.1197
81.9875
81.8497
81.7063
81.5574
81.403
81.2432
81.0781
80.9075
80.7314
80.5498
80.4145
80.3301
80.2445
80.1578
80.0699
79.9807
79.746
78.656
78.656
79.746
79.9807
80.0699
80.1578
80.2445
80.3301
80.4145
80.5498
80.7314
80.9075
81.0781
81.2432
81.403
81.5574
81.7063
81.8497
81.9875
82.1197
82.2462
82.3669
82.4817
82.5906
82.6935
82.7903
82.8808
82.9651
83.0431
83.1149
83.1803
83.2395
83.2925
83.3393
83.38
83.4146
83.4433
83.4661
83.483
83.4943
83.4999
81.9379
81.9323
81.9211
81.9042
81.8816
81.8532
81.8189
81.7787
81.7326
81.6804
81.6221
81.5578
81.4874
81.4108
81.3282
81.2395
81.1447
81.044
80.9374
80.825
80.7067
80.5828
80.4533
80.3182
80.1775
80.0313
79.8796
79.7225
79.5598
79.3916
79.2177
79.038
78.9038
78.82
78.735
78.6488
78.5612
78.4723
78.2443
77.2545
77.2545
78.2443
78.4723
78.5612
78.6488
78.735
78.82
78.9038
79.038
79.2177
79.3916
79.5598
79.7225
79.8796
80.0313
80.1775
80.3182
80.4533
80.5828
80.7067
80.825
80.9374
81.044
81.1447
81.2395
81.3282
81.4108
81.4874
81.5578
81.6221
81.6804
81.7326
81.7787
81.8189
81.8532
81.8816
81.9042
81.9211
81.9323
81.9379
80.3815
80.376
80.3648
80.3481
80.3257
80.2976
80.2638
80.2241
80.1787
80.1273
80.07
80.0068
79.9377
79.8626
79.7816
79.6947
79.6019
79.5033
79.3989
79.2888
79.173
79.0516
78.9246
78.7922
78.6542
78.5107
78.3617
78.2072
78.0472
77.8814
77.7098
77.5321
77.3993
77.3163
77.2319
77.1462
77.0591
76.9707
76.7496
75.8554
75.8554
76.7496
76.9707
77.0591
77.1462
77.2319
77.3163
77.3993
77.5321
77.7098
77.8814
78.0472
78.2072
78.3617
78.5107
78.6542
78.7922
78.9246
79.0516
79.173
79.2888
79.3989
79.5033
79.6019
79.6947
79.7816
79.8626
79.9377
80.0068
80.07
80.1273
80.1787
80.2241
80.2638
80.2976
80.3257
80.3481
80.3648
80.376
80.3815
78.8307
78.8252
78.8142
78.7976
78.7755
78.7478
78.7144
78.6754
78.6306
78.5801
78.5239
78.4618
78.394
78.3204
78.241
78.1558
78.0649
77.9683
77.8661
77.7583
77.6449
77.5259
77.4015
77.2717
77.1363
76.9956
76.8493
76.6976
76.5402
76.377
76.2079
76.0326
75.9013
75.8191
75.7356
75.6506
75.5642
75.4762
75.2626
74.4593
74.4593
75.2626
75.4762
75.5642
75.6506
75.7356
75.8191
75.9013
76.0326
76.2079
76.377
76.5402
76.6976
76.8493
76.9956
77.1363
77.2717
77.4015
77.5259
77.6449
77.7583
77.8661
77.9683
78.0649
78.1558
78.241
78.3204
78.394
78.4618
78.5239
78.5801
78.6306
78.6754
78.7144
78.7478
78.7755
78.7976
78.8142
78.8252
78.8307
77.2854
77.2799
77.2691
77.2527
77.2309
77.2036
77.1708
77.1324
77.0884
77.0387
76.9835
76.9226
76.8561
76.7839
76.7061
76.6226
76.5336
76.439
76.3389
76.2333
76.1222
76.0058
75.8839
75.7566
75.624
75.4859
75.3425
75.1935
75.0389
74.8786
74.7123
74.5396
74.4101
74.329
74.2465
74.1624
74.0768
73.9897
73.7839
73.0666
73.0666
73.7839
73.9897
74.0768
74.1624
74.2465
74.329
74.4101
74.5396
74.7123
74.8786
75.0389
75.1935
75.3425
75.4859
75.624
75.7566
75.8839
76.0058
76.1222
76.2333
76.3389
76.439
76.5336
76.6226
76.7061
76.7839
76.8561
76.9226
76.9835
77.0387
77.0884
77.1324
77.1708
77.2036
77.2309
77.2527
77.2691
77.2799
77.2854
75.7455
75.7401
75.7294
75.7133
75.6919
75.665
75.6327
75.5949
75.5517
75.503
75.4487
75.389
75.3238
75.253
75.1768
75.0951
75.0079
74.9152
74.8172
74.7138
74.6051
74.491
74.3716
74.2469
74.117
73.9817
73.8411
73.6951
73.5435
73.3862
73.2229
73.0533
72.926
72.8462
72.7649
72.6821
72.5976
72.5115
72.3142
71.678
71.678
72.3142
72.5115
72.5976
72.6821
72.7649
72.8462
72.926
73.0533
73.2229
73.3862
73.5435
73.6951
73.8411
73.9817
74.117
74.2469
74.3716
74.491
74.6051
74.7138
74.8172
74.9152
75.0079
75.0951
75.1768
75.253
75.3238
75.389
75.4487
75.503
75.5517
75.5949
75.6327
75.665
75.6919
75.7133
75.7294
75.7401
75.7455
74.2109
74.2057
74.1951
74.1793
74.1582
74.1318
74.1
74.0629
74.0205
73.9727
73.9195
73.8609
73.797
73.7277
73.653
73.5729
73.4876
73.3969
73.3009
73.1997
73.0932
72.9815
72.8646
72.7426
72.6153
72.4829
72.3452
72.2022
72.0538
71.8997
71.7399
71.5738
71.4491
71.3709
71.2912
71.2099
71.127
71.0423
70.8545
70.2941
70.2941
70.8545
71.0423
71.127
71.2099
71.2912
71.3709
71.4491
71.5738
71.7399
71.8997
72.0538
72.2022
72.3452
72.4829
72.6153
72.7426
72.8646
72.9815
73.0932
73.1997
73.3009
73.3969
73.4876
73.5729
73.653
73.7277
73.797
73.8609
73.9195
73.9727
74.0205
74.0629
74.1
74.1318
74.1582
74.1793
74.1951
74.2057
74.2109
72.6816
72.6765
72.6661
72.6506
72.6298
72.6039
72.5727
72.5363
72.4947
72.4478
72.3957
72.3383
72.2756
72.2077
72.1345
72.0562
71.9726
71.8838
71.7898
71.6907
71.5865
71.4772
71.3628
71.2434
71.1188
70.9892
70.8546
70.7147
70.5696
70.4191
70.2631
70.101
69.9793
69.9031
69.8254
69.7461
69.6652
69.5826
69.4053
68.9153
68.9153
69.4053
69.5826
69.6652
69.7461
69.8254
69.9031
69.9793
70.101
70.2631
70.4191
70.5696
70.7147
70.8546
70.9892
71.1188
71.2434
71.3628
71.4772
71.5865
71.6907
71.7898
71.8838
71.9726
72.0562
72.1345
72.2077
72.2756
72.3383
72.3957
72.4478
72.4947
72.5363
72.5727
72.6039
72.6298
72.6506
72.6661
72.6765
72.6816
71.1575
71.1524
71.1423
71.127
71.1067
71.0812
71.0506
71.0149
70.9741
70.9282
70.8771
70.8208
70.7595
70.693
70.6213
70.5446
70.4628
70.3759
70.2839
70.1869
70.085
69.978
69.8661
69.7492
69.6274
69.5007
69.3691
69.2325
69.0909
68.9442
68.7922
68.6346
68.5166
68.4426
68.3673
68.2906
68.2124
68.1324
67.967
67.5412
67.5412
67.967
68.1324
68.2124
68.2906
68.3673
68.4426
68.5166
68.6346
68.7922
68.9442
69.0909
69.2325
69.3691
69.5007
69.6274
69.7492
69.8661
69.978
70.085
70.1869
70.2839
70.3759
70.4628
70.5446
70.6213
70.693
70.7595
70.8208
70.8771
70.9282
70.9741
71.0149
71.0506
71.0812
71.1067
71.127
71.1423
71.1524
71.1575
69.6385
69.6335
69.6235
69.6086
69.5886
69.5637
69.5337
69.4987
69.4587
69.4137
69.3636
69.3085
69.2484
69.1833
69.1132
69.0381
68.958
68.873
68.783
68.6881
68.5884
68.4837
68.3743
68.26
68.141
68.0171
67.8886
67.7553
67.6172
67.4744
67.3268
67.1742
67.0602
66.989
66.9166
66.843
66.768
66.6916
66.5396
66.1713
66.1713
66.5396
66.6916
66.768
66.843
66.9166
66.989
67.0602
67.1742
67.3268
67.4744
67.6172
67.7553
67.8886
68.0171
68.141
68.26
68.3743
68.4837
68.5884
68.6881
68.783
68.873
68.958
69.0381
69.1132
69.1833
69.2484
69.3085
69.3636
69.4137
69.4587
69.4987
69.5337
69.5637
69.5886
69.6086
69.6235
69.6335
69.6385
68.1245
68.1196
68.1098
68.0951
68.0756
68.0511
68.0217
67.9875
67.9483
67.9042
67.8552
67.8013
67.7424
67.6787
67.6101
67.5366
67.4583
67.3751
67.2871
67.1942
67.0967
66.9943
66.8873
66.7756
66.6592
66.5383
66.4128
66.2828
66.1484
66.0096
65.8664
65.719
65.6095
65.5412
65.4721
65.402
65.3311
65.259
65.1221
64.8035
64.8035
65.1221
65.259
65.3311
65.402
65.4721
65.5412
65.6095
65.719
65.8664
66.0096
66.1484
66.2828
66.4128
66.5383
66.6592
66.7756
66.8873
66.9943
67.0967
67.1942
67.2871
67.3751
67.4583
67.5366
67.6101
67.6787
67.7424
67.8013
67.8552
67.9042
67.9483
67.9875
68.0217
68.0511
68.0756
68.0951
68.1098
68.1196
68.1245
66.6153
66.6105
66.6009
66.5866
66.5674
66.5435
66.5147
66.4812
66.4428
66.3996
66.3517
66.2989
66.2413
66.179
66.1119
66.04
65.9633
65.882
65.7959
65.7051
65.6097
65.5096
65.405
65.2958
65.1821
65.064
64.9415
64.8148
64.6839
64.549
64.4103
64.2681
64.163
64.0978
64.0321
63.9659
63.8993
63.8324
63.7115
63.433
63.433
63.7115
63.8324
63.8993
63.9659
64.0321
64.0978
64.163
64.2681
64.4103
64.549
64.6839
64.8148
64.9415
65.064
65.1821
65.2958
65.405
65.5096
65.6097
65.7051
65.7959
65.882
65.9633
66.04
66.1119
66.179
66.2413
66.2989
66.3517
66.3996
66.4428
66.4812
66.5147
66.5435
66.5674
66.5866
66.6009
66.6105
66.6153
65.1109
65.1063
65.0969
65.0828
65.0641
65.0406
65.0125
64.9796
64.9421
64.8999
64.8529
64.8013
64.745
64.684
64.6184
64.5481
64.4731
64.3936
64.3094
64.2206
64.1273
64.0295
63.9272
63.8205
63.7094
63.5941
63.4745
63.3509
63.2234
63.0922
62.9577
62.8203
62.7195
62.6571
62.5945
62.5319
62.4694
62.4073
62.3016
62.0516
62.0516
62.3016
62.4073
62.4694
62.5319
62.5945
62.6571
62.7195
62.8203
62.9577
63.0922
63.2234
63.3509
63.4745
63.5941
63.7094
63.8205
63.9272
64.0295
64.1273
64.2206
64.3094
64.3936
64.4731
64.5481
64.6184
64.684
64.745
64.8013
64.8529
64.8999
64.9421
64.9796
65.0125
65.0406
65.0641
65.0828
65.0969
65.1063
65.1109
63.6113
63.6067
63.5975
63.5838
63.5654
63.5425
63.5149
63.4828
63.4461
63.4048
63.3589
63.3084
63.2534
63.1938
63.1296
63.0608
62.9876
62.9098
62.8275
62.7407
62.6495
62.5539
62.4539
62.3496
62.241
62.1283
62.0116
61.8909
61.7666
61.6388
61.508
61.3748
61.2774
61.2173
61.1572
61.0973
61.0377
60.9788
60.8844
60.6504
60.6504
60.8844
60.9788
61.0377
61.0973
61.1572
61.2173
61.2774
61.3748
61.508
61.6388
61.7666
61.8909
62.0116
62.1283
62.241
62.3496
62.4539
62.5539
62.6495
62.7407
62.8275
62.9098
62.9876
63.0608
63.1296
63.1938
63.2534
63.3084
63.3589
63.4048
63.4461
63.4828
63.5149
63.5425
63.5654
63.5838
63.5975
63.6067
63.6113
62.1162
62.1117
62.1027
62.0893
62.0713
62.0489
62.022
61.9906
61.9547
61.9143
61.8695
61.8201
61.7663
61.708
61.6453
61.5781
61.5065
61.4305
61.35
61.2652
61.176
61.0826
60.9848
60.8829
60.7768
60.6666
60.5525
60.4346
60.3132
60.1884
60.0608
59.9309
59.836
59.7775
59.7191
59.6608
59.6027
59.5452
59.4587
59.2331
59.2331
59.4587
59.5452
59.6027
59.6608
59.7191
59.7775
59.836
59.9309
60.0608
60.1884
60.3132
60.4346
60.5525
60.6666
60.7768
60.8829
60.9848
61.0826
61.176
61.2652
61.35
61.4305
61.5065
61.5781
61.6453
61.708
61.7663
61.8201
61.8695
61.9143
61.9547
61.9906
62.022
62.0489
62.0713
62.0893
62.1027
62.1117
62.1162
60.6256
60.6212
60.6124
60.5993
60.5817
60.5598
60.5335
60.5029
60.4678
60.4283
60.3845
60.3363
60.2837
60.2268
60.1655
60.0998
60.0299
59.9556
59.877
59.7941
59.7069
59.6156
59.52
59.4203
59.3166
59.2089
59.0973
58.9819
58.8631
58.7409
58.6159
58.4885
58.3953
58.3377
58.2802
58.2227
58.1654
58.1084
58.0288
57.8097
57.8097
58.0288
58.1084
58.1654
58.2227
58.2802
58.3377
58.3953
58.4885
58.6159
58.7409
58.8631
58.9819
59.0973
59.2089
59.3166
59.4203
59.52
59.6156
59.7069
59.7941
59.877
59.9556
60.0299
60.0998
60.1655
60.2268
60.2837
60.3363
60.3845
60.4283
60.4678
60.5029
60.5335
60.5598
60.5817
60.5993
60.6124
60.6212
60.6256
59.1393
59.1351
59.1265
59.1137
59.0965
59.0751
59.0495
59.0195
58.9853
58.9467
58.9039
58.8569
58.8055
58.7499
58.69
58.6259
58.5575
58.485
58.4082
58.3272
58.242
58.1527
58.0593
57.9619
57.8604
57.755
57.6457
57.5328
57.4162
57.2963
57.1733
57.0476
56.9553
56.8982
56.8409
56.7835
56.7263
56.6693
56.5967
56.3838
56.3838
56.5967
56.6693
56.7263
56.7835
56.8409
56.8982
56.9553
57.0476
57.1733
57.2963
57.4162
57.5328
57.6457
57.755
57.8604
57.9619
58.0593
58.1527
58.242
58.3272
58.4082
58.485
58.5575
58.6259
58.69
58.7499
58.8055
58.8569
58.9039
58.9467
58.9853
59.0195
59.0495
59.0751
59.0965
59.1137
59.1265
59.1351
59.1393
57.6574
57.6532
57.6449
57.6323
57.6156
57.5947
57.5697
57.5404
57.507
57.4694
57.4276
57.3817
57.3315
57.2773
57.2188
57.1562
57.0895
57.0186
56.9436
56.8645
56.7813
56.694
56.6027
56.5074
56.4081
56.3049
56.1979
56.0872
55.9728
55.8548
55.7335
55.6089
55.5168
55.4596
55.4019
55.3438
55.2856
55.2276
55.1619
54.9561
54.9561
55.1619
55.2276
55.2856
55.3438
55.4019
55.4596
55.5168
55.6089
55.7335
55.8548
55.9728
56.0872
56.1979
56.3049
56.4081
56.5074
56.6027
56.694
56.7813
56.8645
56.9436
57.0186
57.0895
57.1562
57.2188
57.2773
57.3315
57.3817
57.4276
57.4694
57.507
57.5404
57.5697
57.5947
57.6156
57.6323
57.6449
57.6532
57.6574
56.1796
56.1756
56.1674
56.1552
56.1389
56.1185
56.094
56.0655
56.0329
55.9962
55.9555
55.9106
55.8617
55.8088
55.7517
55.6907
55.6255
55.5563
55.4831
55.4058
55.3246
55.2393
55.1501
55.0569
54.9597
54.8587
54.7539
54.6452
54.5328
54.4167
54.2969
54.1733
54.0811
54.0235
53.9648
53.9049
53.8433
53.7792
53.7118
53.5944
53.5944
53.7118
53.7792
53.8433
53.9049
53.9648
54.0235
54.0811
54.1733
54.2969
54.4167
54.5328
54.6452
54.7539
54.8587
54.9597
55.0569
55.1501
55.2393
55.3246
55.4058
55.4831
55.5563
55.6255
55.6907
55.7517
55.8088
55.8617
55.9106
55.9555
55.9962
56.0329
56.0655
56.094
56.1185
56.1389
56.1552
56.1674
56.1756
56.1796
54.706
54.7021
54.6941
54.6822
54.6663
54.6464
54.6226
54.5948
54.563
54.5272
54.4875
54.4438
54.3961
54.3445
54.2888
54.2292
54.1657
54.0982
54.0267
53.9513
53.8719
53.7887
53.7014
53.6103
53.5153
53.4165
53.3137
53.2071
53.0967
52.9823
52.864
52.7416
52.65
52.5926
52.5342
52.4746
52.4138
52.3517
52.2874
52.1743
52.1743
52.2874
52.3517
52.4138
52.4746
52.5342
52.5926
52.65
52.7416
52.864
52.9823
53.0967
53.2071
53.3137
53.4165
53.5153
53.6103
53.7014
53.7887
53.8719
53.9513
54.0267
54.0982
54.1657
54.2292
54.2888
54.3445
54.3961
54.4438
54.4875
54.5272
54.563
54.5948
54.6226
54.6464
54.6663
54.6822
54.6941
54.7021
54.706
53.2364
53.2325
53.2248
53.2132
53.1977
53.1784
53.1551
53.128
53.0971
53.0622
53.0235
52.9809
52.9344
52.8841
52.8299
52.7718
52.7098
52.644
52.5743
52.5007
52.4232
52.3419
52.2567
52.1677
52.0748
51.978
51.8774
51.7728
51.6644
51.5519
51.4354
51.3145
51.2239
51.1672
51.1094
51.0506
50.9908
50.9298
50.8668
50.757
50.757
50.8668
50.9298
50.9908
51.0506
51.1094
51.1672
51.2239
51.3145
51.4354
51.5519
51.6644
51.7728
51.8774
51.978
52.0748
52.1677
52.2567
52.3419
52.4232
52.5007
52.5743
52.644
52.7098
52.7718
52.8299
52.8841
52.9344
52.9809
53.0235
53.0622
53.0971
53.128
53.1551
53.1784
53.1977
53.2132
53.2248
53.2325
53.2364
51.7707
51.7669
51.7594
51.7481
51.733
51.7142
51.6915
51.6652
51.635
51.6011
51.5634
51.5219
51.4767
51.4276
51.3748
51.3182
51.2578
51.1937
51.1257
51.054
50.9784
50.8991
50.8159
50.7289
50.6381
50.5435
50.4449
50.3425
50.2361
50.1256
50.011
49.8919
49.8027
49.7468
49.6899
49.6321
49.5732
49.5133
49.4514
49.3449
49.3449
49.4514
49.5133
49.5732
49.6321
49.6899
49.7468
49.8027
49.8919
50.011
50.1256
50.2361
50.3425
50.4449
50.5435
50.6381
50.7289
50.8159
50.8991
50.9784
51.054
51.1257
51.1937
51.2578
51.3182
51.3748
51.4276
51.4767
51.5219
51.5634
51.6011
51.635
51.6652
51.6915
51.7142
51.733
51.7481
51.7594
51.7669
51.7707
50.3087
50.305
50.2977
50.2867
50.272
50.2537
50.2317
50.2061
50.1767
50.1437
50.107
50.0667
50.0226
49.9749
49.9235
49.8684
49.8096
49.7471
49.6809
49.611
49.5374
49.46
49.3789
49.294
49.2053
49.1128
49.0164
48.9161
48.8119
48.7035
48.5909
48.474
48.3862
48.3313
48.2754
48.2186
48.1608
48.102
48.0413
47.9381
47.9381
48.0413
48.102
48.1608
48.2186
48.2754
48.3313
48.3862
48.474
48.5909
48.7035
48.8119
48.9161
49.0164
49.1128
49.2053
49.294
49.3789
49.46
49.5374
49.611
49.6809
49.7471
49.8096
49.8684
49.9235
49.9749
50.0226
50.0667
50.107
50.1437
50.1767
50.2061
50.2317
50.2537
50.272
50.2867
50.2977
50.305
50.3087
48.8504
48.8468
48.8397
48.829
48.8147
48.7969
48.7756
48.7506
48.7221
48.69
48.6544
48.6151
48.5723
48.5259
48.4759
48.4223
48.3651
48.3043
48.2399
48.1718
48.1001
48.0247
47.9456
47.8629
47.7763
47.686
47.5918
47.4938
47.3917
47.2856
47.1753
47.0606
46.9745
46.9207
46.8659
46.8101
46.7534
46.6958
46.6362
46.5364
46.5364
46.6362
46.6958
46.7534
46.8101
46.8659
46.9207
46.9745
47.0606
47.1753
47.2856
47.3917
47.4938
47.5918
47.686
47.7763
47.8629
47.9456
48.0247
48.1001
48.1718
48.2399
48.3043
48.3651
48.4223
48.4759
48.5259
48.5723
48.6151
48.6544
48.69
48.7221
48.7506
48.7756
48.7969
48.8147
48.829
48.8397
48.8468
48.8504
47.3956
47.3921
47.3852
47.3749
47.361
47.3437
47.323
47.2987
47.2711
47.2399
47.2053
47.1672
47.1256
47.0805
47.0319
46.9798
46.9242
46.8651
46.8025
46.7363
46.6665
46.5931
46.5161
46.4355
46.3511
46.263
46.1711
46.0754
45.9756
45.8719
45.7639
45.6517
45.5674
45.5147
45.461
45.4064
45.3509
45.2944
45.2361
45.1397
45.1397
45.2361
45.2944
45.3509
45.4064
45.461
45.5147
45.5674
45.6517
45.7639
45.8719
45.9756
46.0754
46.1711
46.263
46.3511
46.4355
46.5161
46.5931
46.6665
46.7363
46.8025
46.8651
46.9242
46.9798
47.0319
47.0805
47.1256
47.1672
47.2053
47.2399
47.2711
47.2987
47.323
47.3437
47.361
47.3749
47.3852
47.3921
47.3956
45.9443
45.941
45.9342
45.9242
45.9108
45.894
45.8738
45.8503
45.8235
45.7933
45.7597
45.7227
45.6823
45.6386
45.5914
45.5408
45.4869
45.4295
45.3686
45.3043
45.2365
45.1651
45.0902
45.0118
44.9296
44.8438
44.7543
44.6609
44.5636
44.4623
44.3569
44.2472
44.1649
44.1133
44.0608
44.0075
43.9532
43.898
43.8409
43.7479
43.7479
43.8409
43.898
43.9532
44.0075
44.0608
44.1133
44.1649
44.2472
44.3569
44.4623
44.5636
44.6609
44.7543
44.8438
44.9296
45.0118
45.0902
45.1651
45.2365
45.3043
45.3686
45.4295
45.4869
45.5408
45.5914
45.6386
45.6823
45.7227
45.7597
45.7933
45.8235
45.8503
45.8738
45.894
45.9108
45.9242
45.9342
45.941
45.9443
44.4964
44.4931
44.4866
44.4769
44.4639
44.4476
44.4281
44.4053
44.3793
44.35
44.3174
44.2816
44.2424
44.2
44.1543
44.1053
44.0529
43.9972
43.9382
43.8758
43.8099
43.7407
43.6679
43.5917
43.5119
43.4284
43.3413
43.2504
43.1556
43.0569
42.9541
42.8472
42.7668
42.7165
42.6652
42.6131
42.5601
42.5062
42.4506
42.3609
42.3609
42.4506
42.5062
42.5601
42.6131
42.6652
42.7165
42.7668
42.8472
42.9541
43.0569
43.1556
43.2504
43.3413
43.4284
43.5119
43.5917
43.6679
43.7407
43.8099
43.8758
43.9382
43.9972
44.0529
44.1053
44.1543
44.2
44.2424
44.2816
44.3174
44.35
44.3793
44.4053
44.4281
44.4476
44.4639
44.4769
44.4866
44.4931
44.4964
43.0517
43.0485
43.0422
43.0328
43.0202
43.0045
42.9856
42.9635
42.9383
42.91
42.8784
42.8437
42.8059
42.7648
42.7205
42.673
42.6223
42.5684
42.5112
42.4507
42.3869
42.3197
42.2492
42.1752
42.0977
42.0167
41.9321
41.8437
41.7516
41.6556
41.5555
41.4514
41.3731
41.3241
41.2742
41.2234
41.1717
41.1192
41.0649
40.9787
40.9787
41.0649
41.1192
41.1717
41.2234
41.2742
41.3241
41.3731
41.4514
41.5555
41.6556
41.7516
41.8437
41.9321
42.0167
42.0977
42.1752
42.2492
42.3197
42.3869
42.4507
42.5112
42.5684
42.6223
42.673
42.7205
42.7648
42.8059
42.8437
42.8784
42.91
42.9383
42.9635
42.9856
43.0045
43.0202
43.0328
43.0422
43.0485
43.0517
41.6101
41.6071
41.601
41.5919
41.5797
41.5645
41.5462
41.5249
41.5006
41.4731
41.4427
41.4091
41.3725
41.3328
41.29
41.244
41.195
41.1428
41.0875
41.0289
40.9672
40.9021
40.8338
40.7622
40.6871
40.6086
40.5265
40.4408
40.3514
40.2582
40.1611
40.0599
39.9838
39.9361
39.8876
39.8382
39.7879
39.7367
39.6839
39.6012
39.6012
39.6839
39.7367
39.7879
39.8382
39.8876
39.9361
39.9838
40.0599
40.1611
40.2582
40.3514
40.4408
40.5265
40.6086
40.6871
40.7622
40.8338
40.9021
40.9672
41.0289
41.0875
41.1428
41.195
41.244
41.29
41.3328
41.3725
41.4091
41.4427
41.4731
41.5006
41.5249
41.5462
41.5645
41.5797
41.5919
41.601
41.6071
41.6101
40.1716
40.1687
40.1628
40.154
40.1422
40.1276
40.1099
40.0894
40.0658
40.0394
40.0099
39.9775
39.9422
39.9038
39.8625
39.8181
39.7708
39.7204
39.6669
39.6104
39.5507
39.4879
39.4218
39.3526
39.28
39.204
39.1246
39.0417
38.9551
38.8648
38.7706
38.6725
38.5987
38.5524
38.5053
38.4574
38.4085
38.3588
38.3075
38.2283
38.2283
38.3075
38.3588
38.4085
38.4574
38.5053
38.5524
38.5987
38.6725
38.7706
38.8648
38.9551
39.0417
39.1246
39.204
39.28
39.3526
39.4218
39.4879
39.5507
39.6104
39.6669
39.7204
39.7708
39.8181
39.8625
39.9038
39.9422
39.9775
40.0099
40.0394
40.0658
40.0894
40.1099
40.1276
40.1422
40.154
40.1628
40.1687
40.1716
38.736
38.7332
38.7275
38.719
38.7077
38.6936
38.6766
38.6567
38.6341
38.6085
38.5802
38.5489
38.5149
38.4779
38.438
38.3953
38.3496
38.301
38.2495
38.1949
38.1374
38.0768
38.0131
37.9462
37.8762
37.8029
37.7262
37.6461
37.5625
37.4752
37.3842
37.2893
37.2178
37.173
37.1274
37.0809
37.0336
36.9854
36.9357
36.86
36.86
36.9357
36.9854
37.0336
37.0809
37.1274
37.173
37.2178
37.2893
37.3842
37.4752
37.5625
37.6461
37.7262
37.8029
37.8762
37.9462
38.0131
38.0768
38.1374
38.1949
38.2495
38.301
38.3496
38.3953
38.438
38.4779
38.5149
38.5489
38.5802
38.6085
38.6341
38.6567
38.6766
38.6936
38.7077
38.719
38.7275
38.7332
38.736
37.3033
37.3006
37.2951
37.2869
37.276
37.2624
37.2461
37.227
37.2051
37.1806
37.1533
37.1232
37.0904
37.0548
37.0165
36.9753
36.9314
36.8846
36.835
36.7825
36.7271
36.6688
36.6075
36.5431
36.4757
36.4051
36.3313
36.2541
36.1735
36.0894
36.0016
35.9101
35.8411
35.7978
35.7537
35.7088
35.6631
35.6165
35.5684
35.4963
35.4963
35.5684
35.6165
35.6631
35.7088
35.7537
35.7978
35.8411
35.9101
36.0016
36.0894
36.1735
36.2541
36.3313
36.4051
36.4757
36.5431
36.6075
36.6688
36.7271
36.7825
36.835
36.8846
36.9314
36.9753
37.0165
37.0548
37.0904
37.1232
37.1533
37.1806
37.2051
37.227
37.2461
37.2624
37.276
37.2869
37.2951
37.3006
37.3033
35.8733
35.8706
35.8654
35.8576
35.8471
35.834
35.8183
35.7999
35.779
35.7554
35.7291
35.7002
35.6687
35.6345
35.5977
35.5582
35.516
35.471
35.4234
35.373
35.3198
35.2638
35.2049
35.1431
35.0784
35.0106
34.9397
34.8656
34.7881
34.7073
34.6229
34.5348
34.4684
34.4267
34.3842
34.341
34.2969
34.2519
34.2055
34.137
34.137
34.2055
34.2519
34.2969
34.341
34.3842
34.4267
34.4684
34.5348
34.6229
34.7073
34.7881
34.8656
34.9397
35.0106
35.0784
35.1431
35.2049
35.2638
35.3198
35.373
35.4234
35.471
35.516
35.5582
35.5977
35.6345
35.6687
35.7002
35.7291
35.7554
35.779
35.7999
35.8183
35.834
35.8471
35.8576
35.8654
35.8706
35.8733
34.4459
34.4433
34.4383
34.4308
34.4207
34.4082
34.3931
34.3755
34.3554
34.3328
34.3076
34.2799
34.2497
34.2169
34.1816
34.1437
34.1033
34.0602
34.0145
33.9662
33.9153
33.8616
33.8052
33.7461
33.6841
33.6192
33.5513
33.4803
33.4061
33.3287
33.2478
33.1633
33.0996
33.0597
33.0189
32.9773
32.935
32.8917
32.8471
32.7822
32.7822
32.8471
32.8917
32.935
32.9773
33.0189
33.0597
33.0996
33.1633
33.2478
33.3287
33.4061
33.4803
33.5513
33.6192
33.6841
33.7461
33.8052
33.8616
33.9153
33.9662
34.0145
34.0602
34.1033
34.1437
34.1816
34.2169
34.2497
34.2799
34.3076
34.3328
34.3554
34.3755
34.3931
34.4082
34.4207
34.4308
34.4383
34.4433
34.4459
33.021
33.0186
33.0138
33.0065
32.9969
32.9849
32.9705
32.9536
32.9344
32.9127
32.8886
32.8621
32.8332
32.8019
32.7681
32.7318
32.6931
32.652
32.6083
32.5622
32.5135
32.4622
32.4084
32.3519
32.2927
32.2307
32.1659
32.0982
32.0275
31.9535
31.8763
31.7957
31.7348
31.6966
31.6576
31.6178
31.5772
31.5358
31.4931
31.4319
31.4319
31.4931
31.5358
31.5772
31.6178
31.6576
31.6966
31.7348
31.7957
31.8763
31.9535
32.0275
32.0982
32.1659
32.2307
32.2927
32.3519
32.4084
32.4622
32.5135
32.5622
32.6083
32.652
32.6931
32.7318
32.7681
32.8019
32.8332
32.8621
32.8886
32.9127
32.9344
32.9536
32.9705
32.9849
32.9969
33.0065
33.0138
33.0186
33.021
31.5985
31.5962
31.5916
31.5847
31.5755
31.564
31.5502
31.5341
31.5158
31.4951
31.4721
31.4468
31.4192
31.3892
31.357
31.3224
31.2855
31.2462
31.2046
31.1606
31.1142
31.0654
31.0141
30.9604
30.904
30.8451
30.7835
30.7191
30.6519
30.5817
30.5083
30.4316
30.3737
30.3374
30.3002
30.2624
30.2237
30.1842
30.1434
30.086
30.086
30.1434
30.1842
30.2237
30.2624
30.3002
30.3374
30.3737
30.4316
30.5083
30.5817
30.6519
30.7191
30.7835
30.8451
30.904
30.9604
31.0141
31.0654
31.1142
31.1606
31.2046
31.2462
31.2855
31.3224
31.357
31.3892
31.4192
31.4468
31.4721
31.4951
31.5158
31.5341
31.5502
31.564
31.5755
31.5847
31.5916
31.5962
31.5985
30.1783
30.1761
30.1717
30.1651
30.1564
30.1454
30.1323
30.117
30.0994
30.0797
30.0578
30.0337
30.0074
29.9789
29.9482
29.9153
29.8802
29.8429
29.8033
29.7615
29.7174
29.6711
29.6224
29.5714
29.518
29.4622
29.4039
29.343
29.2794
29.213
29.1436
29.0711
29.0164
28.9819
28.9468
28.9109
28.8743
28.8368
28.7981
28.7445
28.7445
28.7981
28.8368
28.8743
28.9109
28.9468
28.9819
29.0164
29.0711
29.1436
29.213
29.2794
29.343
29.4039
29.4622
29.518
29.5714
29.6224
29.6711
29.7174
29.7615
29.8033
29.8429
29.8802
29.9153
29.9482
29.9789
30.0074
30.0337
30.0578
30.0797
30.0994
30.117
30.1323
30.1454
30.1564
30.1651
30.1717
30.1761
30.1783
28.7603
28.7582
28.754
28.7478
28.7395
28.729
28.7165
28.702
28.6853
28.6666
28.6458
28.6229
28.5979
28.5708
28.5417
28.5105
28.4771
28.4417
28.4042
28.3646
28.3229
28.279
28.233
28.1848
28.1344
28.0818
28.0268
27.9695
27.9096
27.8472
27.7821
27.714
27.6625
27.6302
27.5971
27.5634
27.5289
27.4936
27.4571
27.4074
27.4074
27.4571
27.4936
27.5289
27.5634
27.5971
27.6302
27.6625
27.714
27.7821
27.8472
27.9096
27.9695
28.0268
28.0818
28.1344
28.1848
28.233
28.279
28.3229
28.3646
28.4042
28.4417
28.4771
28.5105
28.5417
28.5708
28.5979
28.6229
28.6458
28.6666
28.6853
28.702
28.7165
28.729
28.7395
28.7478
28.754
28.7582
28.7603
27.3444
27.3424
27.3384
27.3325
27.3246
27.3147
27.3029
27.2891
27.2733
27.2555
27.2358
27.2141
27.1904
27.1648
27.1372
27.1077
27.0762
27.0427
27.0072
26.9698
26.9305
26.8891
26.8458
26.8004
26.7531
26.7036
26.6521
26.5984
26.5425
26.4842
26.4235
26.36
26.3121
26.2819
26.2511
26.2196
26.1874
26.1544
26.1203
26.0747
26.0747
26.1203
26.1544
26.1874
26.2196
26.2511
26.2819
26.3121
26.36
26.4235
26.4842
26.5425
26.5984
26.6521
26.7036
26.7531
26.8004
26.8458
26.8891
26.9305
26.9698
27.0072
27.0427
27.0762
27.1077
27.1372
27.1648
27.1904
27.2141
27.2358
27.2555
27.2733
27.2891
27.3029
27.3147
27.3246
27.3325
27.3384
27.3424
27.3444
25.9304
25.9286
25.9248
25.9192
25.9117
25.9024
25.8912
25.8781
25.8632
25.8464
25.8278
25.8073
25.7849
25.7607
25.7347
25.7068
25.6771
25.6456
25.6122
25.5771
25.54
25.5012
25.4606
25.4181
25.3738
25.3276
25.2796
25.2296
25.1777
25.1237
25.0675
25.009
24.9648
24.937
24.9086
24.8796
24.8499
24.8194
24.7879
24.7464
24.7464
24.7879
24.8194
24.8499
24.8796
24.9086
24.937
24.9648
25.009
25.0675
25.1237
25.1777
25.2296
25.2796
25.3276
25.3738
25.4181
25.4606
25.5012
25.54
25.5771
25.6122
25.6456
25.6771
25.7068
25.7347
25.7607
25.7849
25.8073
25.8278
25.8464
25.8632
25.8781
25.8912
25.9024
25.9117
25.9192
25.9248
25.9286
25.9304
24.5183
24.5166
24.5131
24.5078
24.5007
24.4919
24.4814
24.4691
24.455
24.4392
24.4216
24.4023
24.3813
24.3585
24.3341
24.3079
24.28
24.2503
24.2191
24.1861
24.1514
24.1151
24.0772
24.0376
23.9963
23.9535
23.909
23.8628
23.815
23.7654
23.714
23.6606
23.6204
23.5952
23.5694
23.5431
23.5161
23.4883
23.4597
23.4226
23.4226
23.4597
23.4883
23.5161
23.5431
23.5694
23.5952
23.6204
23.6606
23.714
23.7654
23.815
23.8628
23.909
23.9535
23.9963
24.0376
24.0772
24.1151
24.1514
24.1861
24.2191
24.2503
24.28
24.3079
24.3341
24.3585
24.3813
24.4023
24.4216
24.4392
24.455
24.4691
24.4814
24.4919
24.5007
24.5078
24.5131
24.5166
24.5183
23.108
23.1064
23.1031
23.0981
23.0915
23.0832
23.0733
23.0617
23.0485
23.0337
23.0172
22.9991
22.9794
22.958
22.9351
22.9106
22.8845
22.8568
22.8276
22.7968
22.7645
22.7307
22.6954
22.6587
22.6205
22.581
22.54
22.4977
22.454
22.4089
22.3625
22.3145
22.2786
22.2561
22.2332
22.2098
22.1858
22.1612
22.1357
22.1034
22.1034
22.1357
22.1612
22.1858
22.2098
22.2332
22.2561
22.2786
22.3145
22.3625
22.4089
22.454
22.4977
22.54
22.581
22.6205
22.6587
22.6954
22.7307
22.7645
22.7968
22.8276
22.8568
22.8845
22.9106
22.9351
22.958
22.9794
22.9991
23.0172
23.0337
23.0485
23.0617
23.0733
23.0832
23.0915
23.0981
23.1031
23.1064
23.108
21.6994
21.6978
21.6947
21.6901
21.6839
21.6761
21.6669
21.656
21.6437
21.6298
21.6144
21.5975
21.5791
21.5591
21.5377
21.5149
21.4905
21.4648
21.4376
21.409
21.379
21.3477
21.3151
21.2813
21.2461
21.2098
21.1724
21.1339
21.0944
21.0539
21.0124
20.9701
20.9387
20.9192
20.8994
20.8793
20.8588
20.8378
20.8161
20.7889
20.7889
20.8161
20.8378
20.8588
20.8793
20.8994
20.9192
20.9387
20.9701
21.0124
21.0539
21.0944
21.1339
21.1724
21.2098
21.2461
21.2813
21.3151
21.3477
21.379
21.409
21.4376
21.4648
21.4905
21.5149
21.5377
21.5591
21.5791
21.5975
21.6144
21.6298
21.6437
21.656
21.6669
21.6761
21.6839
21.6901
21.6947
21.6978
21.6994
20.2923
20.2908
20.2879
20.2836
20.2778
20.2706
20.262
20.2519
20.2404
20.2275
20.2131
20.1974
20.1803
20.1617
20.1419
20.1206
20.0981
20.0742
20.049
20.0226
19.9949
19.9661
19.9361
19.905
19.8729
19.8399
19.8059
19.7711
19.7357
19.6997
19.6633
19.6266
19.6001
19.5837
19.5673
19.5509
19.5344
19.5178
19.5007
19.4797
19.4797
19.5007
19.5178
19.5344
19.5509
19.5673
19.5837
19.6001
19.6266
19.6633
19.6997
19.7357
19.7711
19.8059
19.8399
19.8729
19.905
19.9361
19.9661
19.9949
20.0226
20.049
20.0742
20.0981
20.1206
20.1419
20.1617
20.1803
20.1974
20.2131
20.2275
20.2404
20.2519
20.262
20.2706
20.2778
20.2836
20.2879
20.2908
20.2923
18.8866
18.8853
18.8826
18.8786
18.8732
18.8665
18.8585
18.8492
18.8385
18.8265
18.8133
18.7987
18.7828
18.7657
18.7473
18.7277
18.7069
18.6849
18.6617
18.6374
18.612
18.5856
18.5582
18.5299
18.5007
18.4707
18.4402
18.4091
18.3776
18.346
18.3145
18.2833
18.2615
18.2483
18.2354
18.2229
18.2109
18.1996
18.1891
18.1771
18.1771
18.1891
18.1996
18.2109
18.2229
18.2354
18.2483
18.2615
18.2833
18.3145
18.346
18.3776
18.4091
18.4402
18.4707
18.5007
18.5299
18.5582
18.5856
18.612
18.6374
18.6617
18.6849
18.7069
18.7277
18.7473
18.7657
18.7828
18.7987
18.8133
18.8265
18.8385
18.8492
18.8585
18.8665
18.8732
18.8786
18.8826
18.8853
18.8866
17.4823
17.4811
17.4786
17.4749
17.4699
17.4638
17.4564
17.4478
17.4379
17.4269
17.4147
17.4013
17.3867
17.3709
17.354
17.336
17.3169
17.2967
17.2755
17.2533
17.2301
17.2061
17.1812
17.1555
17.1292
17.1023
17.075
17.0474
17.0197
16.9922
16.9652
16.9392
16.9216
16.9112
16.9014
16.8923
16.8841
16.877
16.8715
16.868
16.868
16.8715
16.877
16.8841
16.8923
16.9014
16.9112
16.9216
16.9392
16.9652
16.9922
17.0197
17.0474
17.075
17.1023
17.1292
17.1555
17.1812
17.2061
17.2301
17.2533
17.2755
17.2967
17.3169
17.336
17.354
17.3709
17.3867
17.4013
17.4147
17.4269
17.4379
17.4478
17.4564
17.4638
17.4699
17.4749
17.4786
17.4811
17.4823
16.0792
16.0781
16.0758
16.0724
16.0679
16.0622
16.0555
16.0476
16.0386
16.0285
16.0173
16.005
15.9917
15.9773
15.9619
15.9454
15.928
15.9096
15.8903
15.8702
15.8492
15.8274
15.8049
15.7819
15.7583
15.7343
15.71
15.6857
15.6616
15.6379
15.615
15.5935
15.5794
15.5713
15.5638
15.5571
15.5513
15.5467
15.5434
15.5416
15.5416
15.5434
15.5467
15.5513
15.5571
15.5638
15.5713
15.5794
15.5935
15.615
15.6379
15.6616
15.6857
15.71
15.7343
15.7583
15.7819
15.8049
15.8274
15.8492
15.8702
15.8903
15.9096
15.928
15.9454
15.9619
15.9773
15.9917
16.005
16.0173
16.0285
16.0386
16.0476
16.0555
16.0622
16.0679
16.0724
16.0758
16.0781
16.0792
14.6773
14.6762
14.6742
14.6711
14.667
14.6618
14.6557
14.6485
14.6403
14.6311
14.621
14.6098
14.5977
14.5847
14.5707
14.5558
14.54
14.5234
14.506
14.4879
14.469
14.4494
14.4293
14.4087
14.3877
14.3665
14.3452
14.3239
14.303
14.2827
14.2635
14.2457
14.2344
14.228
14.2223
14.2172
14.213
14.2097
14.2074
14.2062
14.2062
14.2074
14.2097
14.213
14.2172
14.2223
14.228
14.2344
14.2457
14.2635
14.2827
14.303
14.3239
14.3452
14.3665
14.3877
14.4087
14.4293
14.4494
14.469
14.4879
14.506
14.5234
14.54
14.5558
14.5707
14.5847
14.5977
14.6098
14.621
14.6311
14.6403
14.6485
14.6557
14.6618
14.667
14.6711
14.6742
14.6762
14.6773
13.2763
13.2754
13.2736
13.2708
13.2671
13.2624
13.2569
13.2504
13.243
13.2348
13.2256
13.2156
13.2047
13.193
13.1804
13.1671
13.1529
13.1381
13.1225
13.1063
13.0894
13.072
13.0542
13.0359
13.0174
12.9988
12.9802
12.9618
12.9438
12.9266
12.9104
12.8958
12.8867
12.8816
12.8771
12.8732
12.87
12.8675
12.8658
12.8649
12.8649
12.8658
12.8675
12.87
12.8732
12.8771
12.8816
12.8867
12.8958
12.9104
12.9266
12.9438
12.9618
12.9802
12.9988
13.0174
13.0359
13.0542
13.072
13.0894
13.1063
13.1225
13.1381
13.1529
13.1671
13.1804
13.193
13.2047
13.2156
13.2256
13.2348
13.243
13.2504
13.2569
13.2624
13.2671
13.2708
13.2736
13.2754
13.2763
11.8764
11.8755
11.8739
11.8714
11.8681
11.8639
11.859
11.8532
11.8467
11.8393
11.8312
11.8222
11.8125
11.8021
11.791
11.7791
11.7666
11.7534
11.7396
11.7253
11.7104
11.6951
11.6794
11.6634
11.6473
11.6311
11.615
11.5992
11.5839
11.5693
11.5558
11.5438
11.5365
11.5324
11.5288
11.5257
11.5232
11.5213
11.5199
11.5193
11.5193
11.5199
11.5213
11.5232
11.5257
11.5288
11.5324
11.5365
11.5438
11.5558
11.5693
11.5839
11.5992
11.615
11.6311
11.6473
11.6634
11.6794
11.6951
11.7104
11.7253
11.7396
11.7534
11.7666
11.7791
11.791
11.8021
11.8125
11.8222
11.8312
11.8393
11.8467
11.8532
11.859
11.8639
11.8681
11.8714
11.8739
11.8755
11.8764
10.4772
10.4765
10.475
10.4728
10.4699
10.4663
10.4619
10.4569
10.4511
10.4446
10.4375
10.4296
10.4211
10.412
10.4022
10.3918
10.3808
10.3693
10.3573
10.3448
10.3318
10.3185
10.3049
10.2911
10.2772
10.2633
10.2496
10.2361
10.2232
10.211
10.1998
10.19
10.184
10.1807
10.1778
10.1754
10.1734
10.1719
10.1708
10.1703
10.1703
10.1708
10.1719
10.1734
10.1754
10.1778
10.1807
10.184
10.19
10.1998
10.211
10.2232
10.2361
10.2496
10.2633
10.2772
10.2911
10.3049
10.3185
10.3318
10.3448
10.3573
10.3693
10.3808
10.3918
10.4022
10.412
10.4211
10.4296
10.4375
10.4446
10.4511
10.4569
10.4619
10.4663
10.4699
10.4728
10.475
10.4765
10.4772
9.07877
9.07814
9.07688
9.07499
9.07247
9.06934
9.06558
9.0612
9.05622
9.05064
9.04446
9.0377
9.03037
9.02248
9.01406
9.00511
8.99567
8.98577
8.97543
8.9647
8.95363
8.94226
8.93066
8.91892
8.90712
8.89537
8.88379
8.87253
8.86177
8.85168
8.8425
8.83447
8.82967
8.82703
8.82472
8.82276
8.82117
8.81997
8.81916
8.81875
8.81875
8.81916
8.81997
8.82117
8.82276
8.82472
8.82703
8.82967
8.83447
8.8425
8.85168
8.86177
8.87253
8.88379
8.89537
8.90712
8.91892
8.93066
8.94226
8.95363
8.9647
8.97543
8.98577
8.99567
9.00511
9.01406
9.02248
9.03037
9.0377
9.04446
9.05064
9.05622
9.0612
9.06558
9.06934
9.07247
9.07499
9.07688
9.07814
9.07877
7.68097
7.68044
7.67938
7.67778
7.67566
7.67301
7.66984
7.66615
7.66195
7.65724
7.65203
7.64633
7.64016
7.63352
7.62642
7.6189
7.61097
7.60265
7.59398
7.58498
7.57571
7.56621
7.55654
7.54677
7.53697
7.52725
7.5177
7.50845
7.49965
7.49146
7.48404
7.47758
7.47376
7.47166
7.46983
7.46828
7.46702
7.46607
7.46543
7.46511
7.46511
7.46543
7.46607
7.46702
7.46828
7.46983
7.47166
7.47376
7.47758
7.48404
7.49146
7.49965
7.50845
7.5177
7.52725
7.53697
7.54677
7.55654
7.56621
7.57571
7.58498
7.59398
7.60265
7.61097
7.6189
7.62642
7.63352
7.64016
7.64633
7.65203
7.65724
7.66195
7.66615
7.66984
7.67301
7.67566
7.67778
7.67938
7.68044
7.68097
6.28371
6.28328
6.28241
6.2811
6.27937
6.27721
6.27462
6.27161
6.26818
6.26434
6.26009
6.25545
6.25041
6.245
6.23923
6.2331
6.22665
6.21989
6.21284
6.20555
6.19803
6.19034
6.18253
6.17464
6.16676
6.15895
6.15131
6.14393
6.13694
6.13045
6.1246
6.11955
6.11656
6.11492
6.1135
6.1123
6.11133
6.11059
6.1101
6.10985
6.10985
6.1101
6.11059
6.11133
6.1123
6.1135
6.11492
6.11656
6.11955
6.1246
6.13045
6.13694
6.14393
6.15131
6.15895
6.16676
6.17464
6.18253
6.19034
6.19803
6.20555
6.21284
6.21989
6.22665
6.2331
6.23923
6.245
6.25041
6.25545
6.26009
6.26434
6.26818
6.27161
6.27462
6.27721
6.27937
6.2811
6.28241
6.28328
6.28371
4.88688
4.88654
4.88587
4.88486
4.88351
4.88183
4.87982
4.87749
4.87483
4.87184
4.86855
4.86495
4.86104
4.85685
4.85238
4.84763
4.84264
4.83741
4.83196
4.82632
4.82052
4.8146
4.80858
4.80252
4.79647
4.79049
4.78465
4.77903
4.77371
4.7688
4.76439
4.76058
4.75834
4.75712
4.75606
4.75516
4.75443
4.75388
4.75352
4.75333
4.75333
4.75352
4.75388
4.75443
4.75516
4.75606
4.75712
4.75834
4.76058
4.76439
4.7688
4.77371
4.77903
4.78465
4.79049
4.79647
4.80252
4.80858
4.8146
4.82052
4.82632
4.83196
4.83741
4.84264
4.84763
4.85238
4.85685
4.86104
4.86495
4.86855
4.87184
4.87483
4.87749
4.87982
4.88183
4.88351
4.88486
4.88587
4.88654
4.88688
3.49039
3.49015
3.48967
3.48895
3.48799
3.48679
3.48535
3.48369
3.48179
3.47967
3.47732
3.47475
3.47197
3.46898
3.46579
3.46242
3.45886
3.45514
3.45127
3.44726
3.44314
3.43894
3.43467
3.43038
3.42611
3.42188
3.41777
3.41381
3.41008
3.40664
3.40356
3.40091
3.39936
3.39851
3.39777
3.39714
3.39664
3.39626
3.39601
3.39588
3.39588
3.39601
3.39626
3.39664
3.39714
3.39777
3.39851
3.39936
3.40091
3.40356
3.40664
3.41008
3.41381
3.41777
3.42188
3.42611
3.43038
3.43467
3.43894
3.44314
3.44726
3.45127
3.45514
3.45886
3.46242
3.46579
3.46898
3.47197
3.47475
3.47732
3.47967
3.48179
3.48369
3.48535
3.48679
3.48799
3.48895
3.48967
3.49015
3.49039
2.09414
2.09399
2.0937
2.09327
2.0927
2.09198
2.09112
2.09012
2.08898
2.08771
2.0863
2.08476
2.0831
2.08131
2.0794
2.07738
2.07525
2.07302
2.07071
2.06831
2.06585
2.06334
2.0608
2.05824
2.05569
2.05317
2.05073
2.04838
2.04617
2.04413
2.04231
2.04074
2.03983
2.03933
2.03889
2.03852
2.03823
2.03801
2.03786
2.03778
2.03778
2.03786
2.03801
2.03823
2.03852
2.03889
2.03933
2.03983
2.04074
2.04231
2.04413
2.04617
2.04838
2.05073
2.05317
2.05569
2.05824
2.0608
2.06334
2.06585
2.06831
2.07071
2.07302
2.07525
2.07738
2.0794
2.08131
2.0831
2.08476
2.0863
2.08771
2.08898
2.09012
2.09112
2.09198
2.0927
2.09327
2.0937
2.09399
2.09414
0.69803
0.697981
0.697885
0.697741
0.69755
0.697311
0.697024
0.696692
0.696313
0.695889
0.69542
0.694907
0.694352
0.693756
0.693121
0.692448
0.691739
0.690998
0.690227
0.68943
0.688612
0.687777
0.686931
0.68608
0.685233
0.684399
0.683587
0.682808
0.682075
0.681401
0.680798
0.680281
0.679978
0.679812
0.679669
0.679548
0.67945
0.679376
0.679327
0.679302
0.679302
0.679327
0.679376
0.67945
0.679548
0.679669
0.679812
0.679978
0.680281
0.680798
0.681401
0.682075
0.682808
0.683587
0.684399
0.685233
0.68608
0.686931
0.687777
0.688612
0.68943
0.690227
0.690998
0.691739
0.692448
0.693121
0.693756
0.694352
0.694907
0.69542
0.695889
0.696313
0.696692
0.697024
0.697311
0.69755
0.697741
0.697885
0.697981
0.69803
)
;

boundaryField
{
    top
    {
        type            fixedValue;
        value           uniform 0;
    }
    inlet
    {
        type            darcyGradPressure;
        gradient        nonuniform List<scalar> 
80
(
9.81
9.81
342.002
9796.1
9807.11
9808.61
9809.12
9809.38
9809.52
9809.62
9809.68
9809.73
9809.76
9809.79
9809.81
9809.83
9809.85
9809.86
9809.87
9809.88
9809.88
9809.89
9809.9
9809.9
9809.91
9809.91
9809.91
9809.92
9809.92
9809.92
9809.92
9809.93
9809.93
9809.93
9809.93
9809.93
9809.93
9809.93
9809.93
9809.93
9809.93
9809.93
9809.93
9809.93
9809.93
9809.93
9809.93
9809.93
9809.93
9809.92
9809.92
9809.92
9809.92
9809.91
9809.91
9809.91
9809.9
9809.9
9809.89
9809.88
9809.88
9809.87
9809.86
9809.85
9809.83
9809.81
9809.79
9809.76
9809.73
9809.68
9809.62
9809.52
9809.38
9809.12
9808.61
9807.11
9796.1
342.002
9.81
9.81
)
;
        value           nonuniform List<scalar> 
80
(
104.886
104.999
112.99
472.202
684.562
862.226
1040.41
1214.33
1385.65
1553.59
1718.66
1876.64
2032.3
2190.05
2346.94
2503.27
2661.24
2818.62
2974.72
3129.04
3280.58
3430.22
3578.77
3726.64
3873.61
4019.62
4164.63
4308.39
4450.5
4590.62
4727.87
4859.85
4947.93
4999.05
5046.21
5088.38
5124.36
5152.86
5172.67
5182.84
5182.84
5172.67
5152.86
5124.36
5088.38
5046.21
4999.05
4947.93
4859.85
4727.87
4590.62
4450.5
4308.39
4164.63
4019.62
3873.61
3726.64
3578.77
3430.22
3280.58
3129.04
2974.72
2818.62
2661.24
2503.27
2346.94
2190.05
2032.3
1876.64
1718.66
1553.59
1385.65
1214.33
1040.41
862.226
684.562
472.202
112.99
104.999
104.886
)
;
    }
    axis
    {
        type            darcyGradPressure;
        gradient        uniform -0;
        value           nonuniform List<scalar> 
160
(
104.746
104.447
104.113
103.74
103.323
102.859
102.341
101.766
101.129
100.425
99.6475
98.7912
97.8494
96.815
95.6801
94.4361
92.9873
91.3932
89.8038
88.2196
86.6408
85.0676
83.4999
81.9379
80.3815
78.8307
77.2854
75.7455
74.2109
72.6816
71.1575
69.6385
68.1245
66.6153
65.1109
63.6113
62.1162
60.6256
59.1393
57.6574
56.1796
54.706
53.2364
51.7707
50.3087
48.8504
47.3956
45.9443
44.4964
43.0517
41.6101
40.1716
38.736
37.3033
35.8733
34.4459
33.021
31.5985
30.1783
28.7603
27.3444
25.9304
24.5183
23.108
21.6994
20.2923
18.8866
17.4823
16.0792
14.6773
13.2763
11.8764
10.4772
9.07877
7.68097
6.28371
4.88688
3.49039
2.09414
0.69803
104.746
104.447
104.113
103.74
103.323
102.859
102.341
101.766
101.129
100.425
99.6475
98.7912
97.8494
96.815
95.6801
94.4361
92.9873
91.3932
89.8038
88.2196
86.6408
85.0676
83.4999
81.9379
80.3815
78.8307
77.2854
75.7455
74.2109
72.6816
71.1575
69.6385
68.1245
66.6153
65.1109
63.6113
62.1162
60.6256
59.1393
57.6574
56.1796
54.706
53.2364
51.7707
50.3087
48.8504
47.3956
45.9443
44.4964
43.0517
41.6101
40.1716
38.736
37.3033
35.8733
34.4459
33.021
31.5985
30.1783
28.7603
27.3444
25.9304
24.5183
23.108
21.6994
20.2923
18.8866
17.4823
16.0792
14.6773
13.2763
11.8764
10.4772
9.07877
7.68097
6.28371
4.88688
3.49039
2.09414
0.69803
)
;
    }
    frontAndBack
    {
        type            empty;
    }
}


// ************************************************************************* //
