/*--------------------------------*- C++ -*----------------------------------*\
  =========                 |
  \\      /  F ield         | OpenFOAM: The Open Source CFD Toolbox
   \\    /   O peration     | Website:  https://openfoam.org
    \\  /    A nd           | Version:  10
     \\/     M anipulation  |
\*---------------------------------------------------------------------------*/
FoamFile
{
    format      ascii;
    class       volScalarField;
    location    "0.39";
    object      Sb;
}
// * * * * * * * * * * * * * * * * * * * * * * * * * * * * * * * * * * * * * //

dimensions      [0 0 0 0 0 0 0];

internalField   nonuniform List<scalar> 
12225
(
0.798851
0.797067
0.794758
0.79216
0.789448
0.786755
0.784181
0.781802
0.77968
0.777853
0.776332
0.775062
0.773827
0.77193
0.76666
0.739415
0.321268
0.000346549
0.823289
0.821473
0.81925
0.816839
0.814379
0.811953
0.809598
0.807321
0.805097
0.802875
0.80056
0.79798
0.794794
0.790221
0.781779
0.755684
0.404653
0.00092309
0.833663
0.831503
0.828913
0.82614
0.823334
0.820568
0.817866
0.815215
0.812575
0.809878
0.807023
0.803829
0.799958
0.794645
0.785545
0.760316
0.442124
0.00149947
0.841568
0.839038
0.836037
0.832853
0.829653
0.826514
0.823452
0.820447
0.817448
0.814381
0.811135
0.80753
0.803226
0.79748
0.788077
0.76391
0.479039
0.00248057
0.848516
0.845598
0.842164
0.838546
0.834931
0.831403
0.827976
0.824623
0.821287
0.817888
0.81431
0.81037
0.805734
0.799679
0.790123
0.767095
0.517583
0.00426402
0.855027
0.851697
0.847804
0.843729
0.839679
0.835747
0.831945
0.828242
0.824577
0.820863
0.81698
0.812746
0.807829
0.801534
0.791905
0.770015
0.557269
0.00755586
0.861367
0.85759
0.853205
0.848643
0.844136
0.839781
0.835591
0.831532
0.827537
0.823514
0.819342
0.814836
0.809671
0.803177
0.793521
0.772704
0.595954
0.0134959
0.867704
0.863431
0.858511
0.853427
0.848434
0.843634
0.839041
0.834615
0.830285
0.825955
0.821499
0.816736
0.811344
0.804678
0.795015
0.775161
0.630553
0.0235265
0.874167
0.869332
0.863821
0.858171
0.852657
0.847386
0.842369
0.837562
0.832888
0.828247
0.823512
0.818498
0.812892
0.80607
0.796405
0.777385
0.658868
0.0388098
0.880869
0.875384
0.869207
0.862936
0.85686
0.851087
0.845623
0.840418
0.835389
0.830432
0.825414
0.820152
0.814338
0.807366
0.797695
0.779384
0.68061
0.059475
0.887922
0.881664
0.87473
0.867767
0.861078
0.854767
0.84883
0.843208
0.83781
0.832528
0.827223
0.821713
0.815692
0.808571
0.798887
0.781162
0.69676
0.0842677
0.895447
0.888252
0.880437
0.872696
0.865334
0.858442
0.852003
0.845943
0.840163
0.834546
0.82895
0.823189
0.816961
0.809693
0.799989
0.782749
0.708623
0.109691
0.902378
0.894182
0.885474
0.876976
0.868977
0.861548
0.85465
0.848194
0.842068
0.83615
0.830291
0.824297
0.817872
0.810456
0.800697
0.783737
0.715747
0.131536
0.91091
0.901308
0.891409
0.881938
0.87315
0.86507
0.857629
0.850709
0.844212
0.837961
0.831798
0.825536
0.818882
0.811283
0.801425
0.78465
0.721277
0.151365
0.921584
0.909922
0.898383
0.887634
0.877863
0.868996
0.860967
0.853588
0.846632
0.839967
0.833445
0.826872
0.819953
0.812134
0.802112
0.785325
0.724082
0.161529
0.935356
0.920525
0.906596
0.894072
0.883229
0.873607
0.864843
0.856762
0.849227
0.842079
0.835144
0.828212
0.820974
0.812861
0.802529
0.785227
0.720242
0.145765
0.955334
0.935619
0.918192
0.903254
0.890249
0.878962
0.869022
0.860091
0.851893
0.844199
0.836791
0.829429
0.821765
0.813166
0.802104
0.782918
0.695558
0.0822911
0.929841
0.916652
0.904278
0.892927
0.882572
0.873122
0.864439
0.856369
0.84876
0.841458
0.834287
0.827022
0.81928
0.810281
0.7979
0.77256
0.54555
0.00653689
0.905942
0.897087
0.888072
0.879364
0.871108
0.863317
0.855939
0.848889
0.842062
0.835332
0.828524
0.821356
0.813271
0.80291
0.785382
0.71665
0.12679
1.53467e-05
0.889779
0.883286
0.876258
0.869179
0.862254
0.855544
0.849038
0.842676
0.836364
0.829964
0.823249
0.815779
0.806538
0.792273
0.752782
0.293149
0.000169163
1.1e-06
0.876483
0.871484
0.865846
0.859984
0.854098
0.84826
0.842466
0.83666
0.830733
0.824499
0.817609
0.809288
0.797331
0.771279
0.505295
0.00293156
1.1e-06
1.1e-06
0.865161
0.861174
0.85656
0.851646
0.846601
0.841487
0.836292
0.830939
0.825282
0.819035
0.811603
0.801427
0.78238
0.674184
0.0409897
1.73017e-06
1.1e-06
1.1e-06
0.855211
0.851961
0.848138
0.843992
0.839654
0.835163
0.830486
0.825515
0.820026
0.813566
0.805052
0.79082
0.743882
0.178674
3.15976e-05
1.1e-06
1.1e-06
1.1e-06
0.846194
0.843514
0.840333
0.836834
0.83311
0.829175
0.824966
0.820325
0.81492
0.808017
0.797513
0.77327
0.477365
0.00142107
1.1e-06
1.1e-06
1.1e-06
1.1e-06
0.837747
0.835532
0.832895
0.829962
0.82679
0.823365
0.819592
0.815249
0.80986
0.802231
0.788089
0.725981
0.0750277
4.09317e-06
1.1e-06
1.1e-06
1.1e-06
1.1e-06
0.829512
0.827696
0.825537
0.823114
0.820452
0.81751
0.814155
0.810095
0.804667
0.795924
0.774415
0.442489
0.000716191
1.1e-06
1.1e-06
1.1e-06
1.1e-06
1.1e-06
0.82102
0.819562
0.81784
0.815895
0.813721
0.811249
0.808309
0.804533
0.799031
0.788781
0.751978
0.132462
1.35611e-05
1.1e-06
1.1e-06
1.1e-06
1.1e-06
1.1e-06
0.811358
0.810244
0.808949
0.807481
0.805808
0.803833
0.801349
0.797907
0.792293
0.779944
0.695981
0.0263193
1.17636e-06
1.1e-06
1.1e-06
1.1e-06
1.1e-06
1.1e-06
0.797405
0.796708
0.795951
0.795109
0.794117
0.792858
0.791091
0.788259
0.782732
0.766874
0.482338
0.00138073
1.1e-06
1.1e-06
1.1e-06
1.1e-06
1.1e-06
1.1e-06
0.743602
0.743601
0.743741
0.744218
0.745206
0.746791
0.748836
0.750596
0.74907
0.721373
0.214184
6.24099e-05
1.1e-06
1.1e-06
1.1e-06
1.1e-06
1.1e-06
1.1e-06
1.1e-06
1.1e-06
1.1e-06
1.1e-06
1.1e-06
1.1e-06
1.1e-06
1.1e-06
1.1e-06
1.1e-06
1.1e-06
1.1e-06
1.1e-06
1.1e-06
1.1e-06
1.1e-06
1.1e-06
1.1e-06
1.1e-06
1.1e-06
1.1e-06
1.1e-06
1.1e-06
1.1e-06
1.1e-06
1.1e-06
1.1e-06
1.1e-06
1.1e-06
1.1e-06
1.1e-06
1.1e-06
1.1e-06
1.1e-06
1.1e-06
1.1e-06
1.1e-06
1.1e-06
1.1e-06
1.1e-06
1.1e-06
1.1e-06
1.1e-06
1.1e-06
1.1e-06
1.1e-06
1.1e-06
1.1e-06
1.1e-06
1.1e-06
1.1e-06
1.1e-06
1.1e-06
1.1e-06
1.1e-06
1.1e-06
1.1e-06
1.1e-06
1.1e-06
1.1e-06
1.1e-06
1.1e-06
1.1e-06
1.1e-06
1.1e-06
1.1e-06
1.1e-06
1.1e-06
1.1e-06
1.1e-06
1.1e-06
1.1e-06
1.1e-06
1.1e-06
1.1e-06
1.1e-06
1.1e-06
1.1e-06
1.1e-06
1.1e-06
1.1e-06
1.1e-06
1.1e-06
1.1e-06
1.1e-06
1.1e-06
1.1e-06
1.1e-06
1.1e-06
1.1e-06
1.1e-06
1.1e-06
1.1e-06
1.1e-06
1.1e-06
1.1e-06
1.1e-06
1.1e-06
1.1e-06
1.1e-06
1.1e-06
1.1e-06
1.1e-06
1.1e-06
1.1e-06
1.1e-06
1.1e-06
1.1e-06
1.1e-06
1.1e-06
1.1e-06
1.1e-06
1.1e-06
1.1e-06
1.1e-06
1.1e-06
1.1e-06
1.1e-06
1.1e-06
1.1e-06
1.1e-06
1.1e-06
1.1e-06
1.1e-06
1.1e-06
1.1e-06
1.1e-06
1.1e-06
1.1e-06
1.1e-06
1.1e-06
1.1e-06
1.1e-06
1.1e-06
1.1e-06
1.1e-06
1.1e-06
1.1e-06
1.1e-06
1.1e-06
1.1e-06
1.1e-06
1.1e-06
1.1e-06
1.1e-06
1.1e-06
1.1e-06
1.1e-06
1.1e-06
1.1e-06
1.1e-06
1.1e-06
1.1e-06
1.1e-06
1.1e-06
1.1e-06
1.1e-06
1.1e-06
1.1e-06
1.1e-06
1.1e-06
1.1e-06
1.1e-06
1.1e-06
1.1e-06
1.1e-06
1.1e-06
1.1e-06
1.1e-06
1.1e-06
1.1e-06
1.1e-06
1.1e-06
1.1e-06
1.1e-06
1.1e-06
1.1e-06
1.1e-06
1.1e-06
1.1e-06
1.1e-06
1.1e-06
1.1e-06
1.1e-06
1.1e-06
1.1e-06
1.1e-06
1.1e-06
1.1e-06
1.1e-06
1.1e-06
1.1e-06
1.1e-06
1.1e-06
1.1e-06
1.1e-06
1.1e-06
1.1e-06
1.1e-06
1.1e-06
1.1e-06
1.1e-06
1.1e-06
1.1e-06
1.1e-06
1.1e-06
1.1e-06
1.1e-06
1.1e-06
1.1e-06
1.1e-06
1.1e-06
1.1e-06
1.1e-06
1.1e-06
1.1e-06
1.1e-06
1.1e-06
1.1e-06
1.1e-06
1.1e-06
1.1e-06
1.1e-06
1.1e-06
1.1e-06
1.1e-06
1.1e-06
1.1e-06
1.1e-06
1.1e-06
1.1e-06
1.1e-06
1.1e-06
1.1e-06
1.1e-06
1.1e-06
1.1e-06
1.1e-06
1.1e-06
1.1e-06
1.1e-06
1.1e-06
1.1e-06
1.1e-06
1.1e-06
1.1e-06
1.1e-06
1.1e-06
1.1e-06
1.1e-06
1.1e-06
1.1e-06
1.1e-06
1.1e-06
1.1e-06
1.1e-06
1.1e-06
1.1e-06
1.1e-06
1.1e-06
1.1e-06
1.1e-06
1.1e-06
1.1e-06
1.1e-06
1.1e-06
1.1e-06
1.1e-06
1.1e-06
1.1e-06
1.1e-06
1.1e-06
1.1e-06
1.1e-06
1.1e-06
1.1e-06
1.1e-06
1.1e-06
1.1e-06
1.1e-06
1.1e-06
1.1e-06
1.1e-06
1.1e-06
1.1e-06
1.1e-06
1.1e-06
1.1e-06
1.1e-06
1.1e-06
1.1e-06
1.1e-06
1.1e-06
1.1e-06
1.1e-06
1.1e-06
1.1e-06
1.1e-06
1.1e-06
1.1e-06
1.1e-06
1.1e-06
1.1e-06
1.1e-06
1.1e-06
1.1e-06
1.1e-06
1.1e-06
1.1e-06
1.1e-06
1.1e-06
1.1e-06
1.1e-06
1.1e-06
1.1e-06
1.1e-06
1.1e-06
1.1e-06
1.1e-06
1.1e-06
1.1e-06
1.1e-06
1.1e-06
1.1e-06
1.1e-06
1.1e-06
1.1e-06
1.1e-06
1.1e-06
1.1e-06
1.1e-06
1.1e-06
1.1e-06
1.1e-06
1.1e-06
1.1e-06
1.1e-06
1.1e-06
1.1e-06
1.1e-06
1.1e-06
1.1e-06
1.1e-06
1.1e-06
1.1e-06
1.1e-06
1.1e-06
1.1e-06
1.1e-06
1.1e-06
1.1e-06
1.1e-06
1.1e-06
1.1e-06
1.1e-06
1.1e-06
1.1e-06
1.1e-06
1.1e-06
1.1e-06
1.1e-06
1.1e-06
1.1e-06
1.1e-06
1.1e-06
1.1e-06
1.1e-06
1.1e-06
1.1e-06
1.1e-06
1.1e-06
1.1e-06
1.1e-06
1.1e-06
1.1e-06
1.1e-06
1.1e-06
1.1e-06
1.1e-06
1.1e-06
1.1e-06
1.1e-06
1.1e-06
1.1e-06
1.1e-06
1.1e-06
1.1e-06
1.1e-06
1.1e-06
1.1e-06
1.1e-06
1.1e-06
1.1e-06
1.1e-06
1.1e-06
1.1e-06
1.1e-06
1.1e-06
1.1e-06
1.1e-06
1.1e-06
1.1e-06
1.1e-06
1.1e-06
1.1e-06
1.1e-06
1.1e-06
1.1e-06
1.1e-06
1.1e-06
1.1e-06
1.1e-06
1.1e-06
1.1e-06
1.1e-06
1.1e-06
1.1e-06
1.1e-06
1.1e-06
1.1e-06
1.1e-06
1.1e-06
1.1e-06
1.1e-06
1.1e-06
1.1e-06
1.1e-06
1.1e-06
1.1e-06
1.1e-06
1.1e-06
1.1e-06
1.1e-06
1.1e-06
1.1e-06
1.1e-06
1.1e-06
1.1e-06
1.1e-06
1.1e-06
1.1e-06
1.1e-06
1.1e-06
1.1e-06
1.1e-06
1.1e-06
1.1e-06
1.1e-06
1.1e-06
1.1e-06
1.1e-06
1.1e-06
1.1e-06
1.1e-06
1.1e-06
1.1e-06
1.1e-06
1.1e-06
1.1e-06
1.1e-06
1.1e-06
1.1e-06
1.1e-06
1.1e-06
1.1e-06
1.1e-06
1.1e-06
1.1e-06
1.1e-06
1.1e-06
1.1e-06
1.1e-06
1.1e-06
1.1e-06
1.1e-06
1.1e-06
1.1e-06
1.1e-06
1.1e-06
1.1e-06
1.1e-06
1.1e-06
1.1e-06
1.1e-06
1.1e-06
1.1e-06
1.1e-06
1.1e-06
1.1e-06
1.1e-06
1.1e-06
1.1e-06
1.1e-06
1.1e-06
1.1e-06
1.1e-06
1.1e-06
1.1e-06
1.1e-06
1.1e-06
1.1e-06
1.1e-06
1.1e-06
1.1e-06
1.1e-06
1.1e-06
1.1e-06
1.1e-06
1.1e-06
1.1e-06
1.1e-06
1.1e-06
1.1e-06
1.1e-06
1.1e-06
1.1e-06
1.1e-06
1.1e-06
1.1e-06
1.1e-06
1.1e-06
1.1e-06
1.1e-06
1.1e-06
1.1e-06
1.1e-06
1.1e-06
1.1e-06
1.1e-06
1.1e-06
1.1e-06
1.1e-06
1.1e-06
1.1e-06
1.1e-06
1.1e-06
1.1e-06
1.1e-06
1.1e-06
1.1e-06
1.1e-06
1.1e-06
1.1e-06
1.1e-06
1.1e-06
1.1e-06
1.1e-06
1.1e-06
1.1e-06
1.1e-06
1.1e-06
1.1e-06
1.1e-06
1.1e-06
1.1e-06
1.1e-06
1.1e-06
1.1e-06
1.1e-06
1.1e-06
1.1e-06
1.1e-06
1.1e-06
1.1e-06
1.1e-06
1.1e-06
1.1e-06
1.1e-06
1.1e-06
1.1e-06
1.1e-06
1.1e-06
1.1e-06
1.1e-06
1.1e-06
1.1e-06
1.1e-06
1.1e-06
1.1e-06
1.1e-06
1.1e-06
1.1e-06
1.1e-06
1.1e-06
1.1e-06
1.1e-06
1.1e-06
1.1e-06
1.1e-06
1.1e-06
1.1e-06
1.1e-06
1.1e-06
1.1e-06
1.1e-06
1.1e-06
1.1e-06
1.1e-06
1.1e-06
1.1e-06
1.1e-06
1.1e-06
1.1e-06
1.1e-06
1.1e-06
1.1e-06
1.1e-06
1.1e-06
1.1e-06
1.1e-06
1.1e-06
1.1e-06
1.1e-06
1.1e-06
1.1e-06
1.1e-06
1.1e-06
1.1e-06
1.1e-06
1.1e-06
1.1e-06
1.1e-06
1.1e-06
1.1e-06
1.1e-06
1.1e-06
1.1e-06
1.1e-06
1.1e-06
1.1e-06
1.1e-06
1.1e-06
1.1e-06
1.1e-06
1.1e-06
1.1e-06
1.1e-06
1.1e-06
1.1e-06
1.1e-06
1.1e-06
1.1e-06
1.1e-06
1.1e-06
1.1e-06
1.1e-06
1.1e-06
1.1e-06
1.1e-06
1.1e-06
1.1e-06
1.1e-06
1.1e-06
1.1e-06
1.1e-06
1.1e-06
1.1e-06
1.1e-06
1.1e-06
1.1e-06
1.1e-06
1.1e-06
1.1e-06
1.1e-06
1.1e-06
1.1e-06
1.1e-06
1.1e-06
1.1e-06
1.1e-06
1.1e-06
1.1e-06
1.1e-06
1.1e-06
1.1e-06
1.1e-06
1.1e-06
1.1e-06
1.1e-06
1.1e-06
1.1e-06
1.1e-06
1.1e-06
1.1e-06
1.1e-06
1.1e-06
1.1e-06
1.1e-06
1.1e-06
1.1e-06
1.1e-06
1.1e-06
1.1e-06
1.1e-06
1.1e-06
1.1e-06
1.1e-06
1.1e-06
1.1e-06
1.1e-06
1.1e-06
1.1e-06
1.1e-06
1.1e-06
1.1e-06
1.1e-06
1.1e-06
1.1e-06
1.1e-06
1.1e-06
1.1e-06
1.1e-06
1.1e-06
1.1e-06
1.1e-06
1.1e-06
1.1e-06
1.1e-06
1.1e-06
1.1e-06
1.1e-06
1.1e-06
1.1e-06
1.1e-06
1.1e-06
1.1e-06
1.1e-06
1.1e-06
1.1e-06
1.1e-06
1.1e-06
1.1e-06
1.1e-06
1.1e-06
1.1e-06
1.1e-06
1.1e-06
1.1e-06
1.1e-06
1.1e-06
1.1e-06
1.1e-06
1.1e-06
1.1e-06
1.1e-06
1.1e-06
1.1e-06
1.1e-06
1.1e-06
1.1e-06
1.1e-06
1.1e-06
1.1e-06
1.1e-06
1.1e-06
1.1e-06
1.1e-06
1.1e-06
1.1e-06
1.1e-06
1.1e-06
1.1e-06
1.1e-06
1.1e-06
1.1e-06
1.1e-06
1.1e-06
1.1e-06
1.1e-06
1.1e-06
1.1e-06
1.1e-06
1.1e-06
1.1e-06
1.1e-06
1.1e-06
1.1e-06
1.1e-06
1.1e-06
1.1e-06
1.1e-06
1.1e-06
1.1e-06
1.1e-06
1.1e-06
1.1e-06
1.1e-06
1.1e-06
1.1e-06
1.1e-06
1.1e-06
1.1e-06
1.1e-06
1.1e-06
1.1e-06
1.1e-06
1.1e-06
1.1e-06
1.1e-06
1.1e-06
1.1e-06
1.1e-06
1.1e-06
1.1e-06
1.1e-06
1.1e-06
1.1e-06
1.1e-06
1.1e-06
1.1e-06
1.1e-06
1.1e-06
1.1e-06
1.1e-06
1.1e-06
1.1e-06
1.1e-06
1.1e-06
1.1e-06
1.1e-06
1.1e-06
1.1e-06
1.1e-06
1.1e-06
1.1e-06
1.1e-06
1.1e-06
1.1e-06
1.1e-06
1.1e-06
1.1e-06
1.1e-06
1.1e-06
1.1e-06
1.1e-06
1.1e-06
1.1e-06
1.1e-06
1.1e-06
1.1e-06
1.1e-06
1.1e-06
1.1e-06
1.1e-06
1.1e-06
1.1e-06
1.1e-06
1.1e-06
1.1e-06
1.1e-06
1.1e-06
1.1e-06
1.1e-06
1.1e-06
1.1e-06
1.1e-06
1.1e-06
1.1e-06
1.1e-06
1.1e-06
1.1e-06
1.1e-06
1.1e-06
1.1e-06
1.1e-06
1.1e-06
1.1e-06
1.1e-06
1.1e-06
1.1e-06
1.1e-06
1.1e-06
1.1e-06
1.1e-06
1.1e-06
1.1e-06
1.1e-06
1.1e-06
1.1e-06
1.1e-06
1.1e-06
1.1e-06
1.1e-06
1.1e-06
1.1e-06
1.1e-06
1.1e-06
1.1e-06
1.1e-06
1.1e-06
1.1e-06
1.1e-06
1.1e-06
1.1e-06
1.1e-06
1.1e-06
1.1e-06
1.1e-06
1.1e-06
1.1e-06
1.1e-06
1.1e-06
1.1e-06
1.1e-06
1.1e-06
1.1e-06
1.1e-06
1.1e-06
1.1e-06
1.1e-06
1.1e-06
1.1e-06
1.1e-06
1.1e-06
1.1e-06
1.1e-06
1.1e-06
1.1e-06
1.1e-06
1.1e-06
1.1e-06
1.1e-06
1.1e-06
1.1e-06
1.1e-06
1.1e-06
1.1e-06
1.1e-06
1.1e-06
1.1e-06
1.1e-06
1.1e-06
1.1e-06
1.1e-06
1.1e-06
1.1e-06
1.1e-06
1.1e-06
1.1e-06
1.1e-06
1.1e-06
1.1e-06
1.1e-06
1.1e-06
1.1e-06
1.1e-06
1.1e-06
1.1e-06
1.1e-06
1.1e-06
1.1e-06
1.1e-06
1.1e-06
1.1e-06
1.1e-06
1.1e-06
1.1e-06
1.1e-06
1.1e-06
1.1e-06
1.1e-06
1.1e-06
1.1e-06
1.1e-06
1.1e-06
1.1e-06
1.1e-06
1.1e-06
1.1e-06
1.1e-06
1.1e-06
1.1e-06
1.1e-06
1.1e-06
1.1e-06
1.1e-06
1.1e-06
1.1e-06
1.1e-06
1.1e-06
1.1e-06
1.1e-06
1.1e-06
1.1e-06
1.1e-06
1.1e-06
1.1e-06
1.1e-06
1.1e-06
1.1e-06
1.1e-06
1.1e-06
1.1e-06
1.1e-06
1.1e-06
1.1e-06
1.1e-06
1.1e-06
1.1e-06
1.1e-06
1.1e-06
1.1e-06
1.1e-06
1.1e-06
1.1e-06
1.1e-06
1.1e-06
1.1e-06
1.1e-06
1.1e-06
1.1e-06
1.1e-06
1.1e-06
1.1e-06
1.1e-06
1.1e-06
1.1e-06
1.1e-06
1.1e-06
1.1e-06
1.1e-06
1.1e-06
1.1e-06
1.1e-06
1.1e-06
1.1e-06
1.1e-06
1.1e-06
1.1e-06
1.1e-06
1.1e-06
1.1e-06
1.1e-06
1.1e-06
1.1e-06
1.1e-06
1.1e-06
1.1e-06
1.1e-06
1.1e-06
1.1e-06
1.1e-06
1.1e-06
1.1e-06
1.1e-06
1.1e-06
1.1e-06
1.1e-06
1.1e-06
1.1e-06
1.1e-06
1.1e-06
1.1e-06
1.1e-06
1.1e-06
1.1e-06
1.1e-06
1.1e-06
1.1e-06
1.1e-06
1.1e-06
1.1e-06
1.1e-06
1.1e-06
1.1e-06
1.1e-06
1.1e-06
1.1e-06
1.1e-06
1.1e-06
1.1e-06
1.1e-06
1.1e-06
1.1e-06
1.1e-06
1.1e-06
1.1e-06
1.1e-06
1.1e-06
1.1e-06
1.1e-06
1.1e-06
1.1e-06
1.1e-06
1.1e-06
1.1e-06
1.1e-06
1.1e-06
1.1e-06
1.1e-06
1.1e-06
1.1e-06
1.1e-06
1.1e-06
1.1e-06
1.1e-06
1.1e-06
1.1e-06
1.1e-06
1.1e-06
1.1e-06
1.1e-06
1.1e-06
1.1e-06
1.1e-06
1.1e-06
1.1e-06
1.1e-06
1.1e-06
1.1e-06
1.1e-06
1.1e-06
1.1e-06
1.1e-06
1.1e-06
1.1e-06
1.1e-06
1.1e-06
1.1e-06
1.1e-06
1.1e-06
1.1e-06
1.1e-06
1.1e-06
1.1e-06
1.1e-06
1.1e-06
1.1e-06
1.1e-06
1.1e-06
1.1e-06
1.1e-06
1.1e-06
1.1e-06
1.1e-06
1.1e-06
1.1e-06
1.1e-06
1.1e-06
1.1e-06
1.1e-06
1.1e-06
1.1e-06
1.1e-06
1.1e-06
1.1e-06
1.1e-06
1.1e-06
1.1e-06
1.1e-06
1.1e-06
1.1e-06
1.1e-06
1.1e-06
1.1e-06
1.1e-06
1.1e-06
1.1e-06
1.1e-06
1.1e-06
1.1e-06
1.1e-06
1.1e-06
1.1e-06
1.1e-06
1.1e-06
1.1e-06
1.1e-06
1.1e-06
1.1e-06
1.1e-06
1.1e-06
1.1e-06
1.1e-06
1.1e-06
1.1e-06
1.1e-06
1.1e-06
1.1e-06
1.1e-06
1.1e-06
1.1e-06
1.1e-06
1.1e-06
1.1e-06
1.1e-06
1.1e-06
1.1e-06
1.1e-06
1.1e-06
1.1e-06
1.1e-06
1.1e-06
1.1e-06
1.1e-06
1.1e-06
1.1e-06
1.1e-06
1.1e-06
1.1e-06
1.1e-06
1.1e-06
1.1e-06
1.1e-06
1.1e-06
1.1e-06
1.1e-06
1.1e-06
1.1e-06
1.1e-06
1.1e-06
1.1e-06
1.1e-06
1.1e-06
1.1e-06
1.1e-06
1.1e-06
1.1e-06
1.1e-06
1.1e-06
1.1e-06
1.1e-06
1.1e-06
1.1e-06
1.1e-06
1.1e-06
1.1e-06
1.1e-06
1.1e-06
1.1e-06
1.1e-06
1.1e-06
1.1e-06
1.1e-06
1.1e-06
1.1e-06
1.1e-06
1.1e-06
1.1e-06
1.1e-06
1.1e-06
1.1e-06
1.1e-06
1.1e-06
1.1e-06
1.1e-06
1.1e-06
1.1e-06
1.1e-06
1.1e-06
1.1e-06
1.1e-06
1.1e-06
1.1e-06
1.1e-06
1.1e-06
1.1e-06
1.1e-06
1.1e-06
1.1e-06
1.1e-06
1.1e-06
1.1e-06
1.1e-06
1.1e-06
1.1e-06
1.1e-06
1.1e-06
1.1e-06
1.1e-06
1.1e-06
1.1e-06
1.1e-06
1.1e-06
1.1e-06
1.1e-06
1.1e-06
1.1e-06
1.1e-06
1.1e-06
1.1e-06
1.1e-06
1.1e-06
1.1e-06
1.1e-06
1.1e-06
1.1e-06
1.1e-06
1.1e-06
1.1e-06
1.1e-06
1.1e-06
1.1e-06
1.1e-06
1.1e-06
1.1e-06
1.1e-06
1.1e-06
1.1e-06
1.1e-06
1.1e-06
1.1e-06
1.1e-06
1.1e-06
1.1e-06
1.1e-06
1.1e-06
1.1e-06
1.1e-06
1.1e-06
1.1e-06
1.1e-06
1.1e-06
1.1e-06
1.1e-06
1.1e-06
1.1e-06
1.1e-06
1.1e-06
1.1e-06
1.1e-06
1.1e-06
1.1e-06
1.1e-06
1.1e-06
1.1e-06
1.1e-06
1.1e-06
1.1e-06
1.1e-06
1.1e-06
1.1e-06
1.1e-06
1.1e-06
1.1e-06
1.1e-06
1.1e-06
1.1e-06
1.1e-06
1.1e-06
1.1e-06
1.1e-06
1.1e-06
1.1e-06
1.1e-06
1.1e-06
1.1e-06
1.1e-06
1.1e-06
1.1e-06
1.1e-06
1.1e-06
1.1e-06
1.1e-06
1.1e-06
1.1e-06
1.1e-06
1.1e-06
1.1e-06
1.1e-06
1.1e-06
1.1e-06
1.1e-06
1.1e-06
1.1e-06
1.1e-06
1.1e-06
1.1e-06
1.1e-06
1.1e-06
1.1e-06
1.1e-06
1.1e-06
1.1e-06
1.1e-06
1.1e-06
1.1e-06
1.1e-06
1.1e-06
1.1e-06
1.1e-06
1.1e-06
1.1e-06
1.1e-06
1.1e-06
1.1e-06
1.1e-06
1.1e-06
1.1e-06
1.1e-06
1.1e-06
1.1e-06
1.1e-06
1.1e-06
1.1e-06
1.1e-06
1.1e-06
1.1e-06
1.1e-06
1.1e-06
1.1e-06
1.1e-06
1.1e-06
1.1e-06
1.1e-06
1.1e-06
1.1e-06
1.1e-06
1.1e-06
1.1e-06
1.1e-06
1.1e-06
1.1e-06
1.1e-06
1.1e-06
1.1e-06
1.1e-06
1.1e-06
1.1e-06
1.1e-06
1.1e-06
1.1e-06
1.1e-06
1.1e-06
1.1e-06
1.1e-06
1.1e-06
1.1e-06
1.1e-06
1.1e-06
1.1e-06
1.1e-06
1.1e-06
1.1e-06
1.1e-06
1.1e-06
1.1e-06
1.1e-06
1.1e-06
1.1e-06
1.1e-06
1.1e-06
1.1e-06
1.1e-06
1.1e-06
1.1e-06
1.1e-06
1.1e-06
1.1e-06
1.1e-06
1.1e-06
1.1e-06
1.1e-06
1.1e-06
1.1e-06
1.1e-06
1.1e-06
1.1e-06
1.1e-06
1.1e-06
1.1e-06
1.1e-06
1.1e-06
1.1e-06
1.1e-06
1.1e-06
1.1e-06
1.1e-06
1.1e-06
1.1e-06
1.1e-06
1.1e-06
1.1e-06
1.1e-06
1.1e-06
1.1e-06
1.1e-06
1.1e-06
1.1e-06
1.1e-06
1.1e-06
1.1e-06
1.1e-06
1.1e-06
1.1e-06
1.1e-06
1.1e-06
1.1e-06
1.1e-06
1.1e-06
1.1e-06
1.1e-06
1.1e-06
1.1e-06
1.1e-06
1.1e-06
1.1e-06
1.1e-06
1.1e-06
1.1e-06
1.1e-06
1.1e-06
1.1e-06
1.1e-06
1.1e-06
1.1e-06
1.1e-06
1.1e-06
1.1e-06
1.1e-06
1.1e-06
1.1e-06
1.1e-06
1.1e-06
1.1e-06
1.1e-06
1.1e-06
1.1e-06
1.1e-06
1.1e-06
1.1e-06
1.1e-06
1.1e-06
1.1e-06
1.1e-06
1.1e-06
1.1e-06
1.1e-06
1.1e-06
1.1e-06
1.1e-06
1.1e-06
1.1e-06
1.1e-06
1.1e-06
1.1e-06
1.1e-06
1.1e-06
1.1e-06
1.1e-06
1.1e-06
1.1e-06
1.1e-06
1.1e-06
1.1e-06
1.1e-06
1.1e-06
1.1e-06
1.1e-06
1.1e-06
1.1e-06
1.1e-06
1.1e-06
1.1e-06
1.1e-06
1.1e-06
1.1e-06
1.1e-06
1.1e-06
1.1e-06
1.1e-06
1.1e-06
1.1e-06
1.1e-06
1.1e-06
1.1e-06
1.1e-06
1.1e-06
1.1e-06
1.1e-06
1.1e-06
1.1e-06
1.1e-06
1.1e-06
1.1e-06
1.1e-06
1.1e-06
1.1e-06
1.1e-06
1.1e-06
1.1e-06
1.1e-06
1.1e-06
1.1e-06
1.1e-06
1.1e-06
1.1e-06
1.1e-06
1.1e-06
1.1e-06
1.1e-06
1.1e-06
1.1e-06
1.1e-06
1.1e-06
1.1e-06
1.1e-06
1.1e-06
1.1e-06
1.1e-06
1.1e-06
1.1e-06
1.1e-06
1.1e-06
1.1e-06
1.1e-06
1.1e-06
1.1e-06
1.1e-06
1.1e-06
1.1e-06
1.1e-06
1.1e-06
1.1e-06
1.1e-06
1.1e-06
1.1e-06
1.1e-06
1.1e-06
1.1e-06
1.1e-06
1.1e-06
1.1e-06
1.1e-06
1.1e-06
1.1e-06
1.1e-06
1.1e-06
1.1e-06
1.1e-06
1.1e-06
1.1e-06
1.1e-06
1.1e-06
1.1e-06
1.1e-06
1.1e-06
1.1e-06
1.1e-06
1.1e-06
1.1e-06
1.1e-06
1.1e-06
1.1e-06
1.1e-06
1.1e-06
1.1e-06
1.1e-06
1.1e-06
1.1e-06
1.1e-06
1.1e-06
1.1e-06
1.1e-06
1.1e-06
1.1e-06
1.1e-06
1.1e-06
1.1e-06
1.1e-06
1.1e-06
1.1e-06
1.1e-06
1.1e-06
1.1e-06
1.1e-06
1.1e-06
1.1e-06
1.1e-06
1.1e-06
1.1e-06
1.1e-06
1.1e-06
1.1e-06
1.1e-06
1.1e-06
1.1e-06
1.1e-06
1.1e-06
1.1e-06
1.1e-06
1.1e-06
1.1e-06
1.1e-06
1.1e-06
1.1e-06
1.1e-06
1.1e-06
1.1e-06
1.1e-06
1.1e-06
1.1e-06
1.1e-06
1.1e-06
1.1e-06
1.1e-06
1.1e-06
1.1e-06
1.1e-06
1.1e-06
1.1e-06
1.1e-06
1.1e-06
1.1e-06
1.1e-06
1.1e-06
1.1e-06
1.1e-06
1.1e-06
1.1e-06
1.1e-06
1.1e-06
1.1e-06
1.1e-06
1.1e-06
1.1e-06
1.1e-06
1.1e-06
1.1e-06
1.1e-06
1.1e-06
1.1e-06
1.1e-06
1.1e-06
1.1e-06
1.1e-06
1.1e-06
1.1e-06
1.1e-06
1.1e-06
1.1e-06
1.1e-06
1.1e-06
1.1e-06
1.1e-06
1.1e-06
1.1e-06
1.1e-06
1.1e-06
1.1e-06
1.1e-06
1.1e-06
1.1e-06
1.1e-06
1.1e-06
1.1e-06
1.1e-06
1.1e-06
1.1e-06
1.1e-06
1.1e-06
1.1e-06
1.1e-06
1.1e-06
1.1e-06
1.1e-06
1.1e-06
1.1e-06
1.1e-06
1.1e-06
1.1e-06
1.1e-06
1.1e-06
1.1e-06
1.1e-06
1.1e-06
1.1e-06
1.1e-06
1.1e-06
1.1e-06
1.1e-06
1.1e-06
1.1e-06
1.1e-06
1.1e-06
1.1e-06
1.1e-06
1.1e-06
1.1e-06
1.1e-06
1.1e-06
1.1e-06
1.1e-06
1.1e-06
1.1e-06
1.1e-06
1.1e-06
1.1e-06
1.1e-06
1.1e-06
1.1e-06
1.1e-06
1.1e-06
1.1e-06
1.1e-06
1.1e-06
1.1e-06
1.1e-06
1.1e-06
1.1e-06
1.1e-06
1.1e-06
1.1e-06
1.1e-06
1.1e-06
1.1e-06
1.1e-06
1.1e-06
1.1e-06
1.1e-06
1.1e-06
1.1e-06
1.1e-06
1.1e-06
1.1e-06
1.1e-06
1.1e-06
1.1e-06
1.1e-06
1.1e-06
1.1e-06
1.1e-06
1.1e-06
1.1e-06
1.1e-06
1.1e-06
1.1e-06
1.1e-06
1.1e-06
1.1e-06
1.1e-06
1.1e-06
1.1e-06
1.1e-06
1.1e-06
1.1e-06
1.1e-06
1.1e-06
1.1e-06
1.1e-06
1.1e-06
1.1e-06
1.1e-06
1.1e-06
1.1e-06
1.1e-06
1.1e-06
1.1e-06
1.1e-06
1.1e-06
1.1e-06
1.1e-06
1.1e-06
1.1e-06
1.1e-06
1.1e-06
1.1e-06
1.1e-06
1.1e-06
1.1e-06
1.1e-06
1.1e-06
1.1e-06
1.1e-06
1.1e-06
1.1e-06
1.1e-06
1.1e-06
1.1e-06
1.1e-06
1.1e-06
1.1e-06
1.1e-06
1.1e-06
1.1e-06
1.1e-06
1.1e-06
1.1e-06
1.1e-06
1.1e-06
1.1e-06
1.1e-06
1.1e-06
1.1e-06
1.1e-06
1.1e-06
1.1e-06
1.1e-06
1.1e-06
1.1e-06
1.1e-06
1.1e-06
1.1e-06
1.1e-06
1.1e-06
1.1e-06
1.1e-06
1.1e-06
1.1e-06
1.1e-06
1.1e-06
1.1e-06
1.1e-06
1.1e-06
1.1e-06
1.1e-06
1.1e-06
1.1e-06
1.1e-06
1.1e-06
1.1e-06
1.1e-06
1.1e-06
1.1e-06
1.1e-06
1.1e-06
1.1e-06
1.1e-06
1.1e-06
1.1e-06
1.1e-06
1.1e-06
1.1e-06
1.1e-06
1.1e-06
1.1e-06
1.1e-06
1.1e-06
1.1e-06
1.1e-06
1.1e-06
1.1e-06
1.1e-06
1.1e-06
1.1e-06
1.1e-06
1.1e-06
1.1e-06
1.1e-06
1.1e-06
1.1e-06
1.1e-06
1.1e-06
1.1e-06
1.1e-06
1.1e-06
1.1e-06
1.1e-06
1.1e-06
1.1e-06
1.1e-06
1.1e-06
1.1e-06
1.1e-06
1.1e-06
1.1e-06
1.1e-06
1.1e-06
1.1e-06
1.1e-06
1.1e-06
1.1e-06
1.1e-06
1.1e-06
1.1e-06
1.1e-06
1.1e-06
1.1e-06
1.1e-06
1.1e-06
1.1e-06
1.1e-06
1.1e-06
1.1e-06
1.1e-06
1.1e-06
1.1e-06
1.1e-06
1.1e-06
1.1e-06
1.1e-06
1.1e-06
1.1e-06
1.1e-06
1.1e-06
1.1e-06
1.1e-06
1.1e-06
1.1e-06
1.1e-06
1.1e-06
1.1e-06
1.1e-06
1.1e-06
1.1e-06
1.1e-06
1.1e-06
1.1e-06
1.1e-06
1.1e-06
1.1e-06
1.1e-06
1.1e-06
1.1e-06
1.1e-06
1.1e-06
1.1e-06
1.1e-06
1.1e-06
1.1e-06
1.1e-06
1.1e-06
1.1e-06
1.1e-06
1.1e-06
1.1e-06
1.1e-06
1.1e-06
1.1e-06
1.1e-06
1.1e-06
1.1e-06
1.1e-06
1.1e-06
1.1e-06
1.1e-06
1.1e-06
1.1e-06
1.1e-06
1.1e-06
1.1e-06
1.1e-06
1.1e-06
1.1e-06
1.1e-06
1.1e-06
1.1e-06
1.1e-06
1.1e-06
1.1e-06
1.1e-06
1.1e-06
1.1e-06
1.1e-06
1.1e-06
1.1e-06
1.1e-06
1.1e-06
1.1e-06
1.1e-06
1.1e-06
1.1e-06
1.1e-06
1.1e-06
1.1e-06
1.1e-06
1.1e-06
1.1e-06
1.1e-06
1.1e-06
1.1e-06
1.1e-06
1.1e-06
1.1e-06
1.1e-06
1.1e-06
1.1e-06
1.1e-06
1.1e-06
1.1e-06
1.1e-06
1.1e-06
1.1e-06
1.1e-06
1.1e-06
1.1e-06
1.1e-06
1.1e-06
1.1e-06
1.1e-06
1.1e-06
1.1e-06
1.1e-06
1.1e-06
1.1e-06
1.1e-06
1.1e-06
1.1e-06
1.1e-06
1.1e-06
1.1e-06
1.1e-06
1.1e-06
1.1e-06
1.1e-06
1.1e-06
1.1e-06
1.1e-06
1.1e-06
1.1e-06
1.1e-06
1.1e-06
1.1e-06
1.1e-06
1.1e-06
1.1e-06
1.1e-06
1.1e-06
1.1e-06
1.1e-06
1.1e-06
1.1e-06
1.1e-06
1.1e-06
1.1e-06
1.1e-06
1.1e-06
1.1e-06
1.1e-06
1.1e-06
1.1e-06
1.1e-06
1.1e-06
1.1e-06
1.1e-06
1.1e-06
1.1e-06
1.1e-06
1.1e-06
1.1e-06
1.1e-06
1.1e-06
1.1e-06
1.1e-06
1.1e-06
1.1e-06
1.1e-06
1.1e-06
1.1e-06
1.1e-06
1.1e-06
1.1e-06
1.1e-06
1.1e-06
1.1e-06
1.1e-06
1.1e-06
1.1e-06
1.1e-06
1.1e-06
1.1e-06
1.1e-06
1.1e-06
1.1e-06
1.1e-06
1.1e-06
1.1e-06
1.1e-06
1.1e-06
1.1e-06
1.1e-06
1.1e-06
1.1e-06
1.1e-06
1.1e-06
1.1e-06
1.1e-06
1.1e-06
1.1e-06
1.1e-06
1.1e-06
1.1e-06
1.1e-06
1.1e-06
1.1e-06
1.1e-06
1.1e-06
1.1e-06
1.1e-06
1.1e-06
1.1e-06
1.1e-06
1.1e-06
1.1e-06
1.1e-06
1.1e-06
1.1e-06
1.1e-06
1.1e-06
1.1e-06
1.1e-06
1.1e-06
1.1e-06
1.1e-06
1.1e-06
1.1e-06
1.1e-06
1.1e-06
1.1e-06
1.1e-06
1.1e-06
1.1e-06
1.1e-06
1.1e-06
1.1e-06
1.1e-06
1.1e-06
1.1e-06
1.1e-06
1.1e-06
1.1e-06
1.1e-06
1.1e-06
1.1e-06
1.1e-06
1.1e-06
1.1e-06
1.1e-06
1.1e-06
1.1e-06
1.1e-06
1.1e-06
1.1e-06
1.1e-06
1.1e-06
1.1e-06
1.1e-06
1.1e-06
1.1e-06
1.1e-06
1.1e-06
1.1e-06
1.1e-06
1.1e-06
1.1e-06
1.1e-06
1.1e-06
1.1e-06
1.1e-06
1.1e-06
1.1e-06
1.1e-06
1.1e-06
1.1e-06
1.1e-06
1.1e-06
1.1e-06
1.1e-06
1.1e-06
1.1e-06
1.1e-06
1.1e-06
1.1e-06
1.1e-06
1.1e-06
1.1e-06
1.1e-06
1.1e-06
1.1e-06
1.1e-06
1.1e-06
1.1e-06
1.1e-06
1.1e-06
1.1e-06
1.1e-06
1.1e-06
1.1e-06
1.1e-06
1.1e-06
1.1e-06
1.1e-06
1.1e-06
1.1e-06
1.1e-06
1.1e-06
1.1e-06
1.1e-06
1.1e-06
1.1e-06
1.1e-06
1.1e-06
1.1e-06
1.1e-06
1.1e-06
1.1e-06
1.1e-06
1.1e-06
1.1e-06
1.1e-06
1.1e-06
1.1e-06
1.1e-06
1.1e-06
1.1e-06
1.1e-06
1.1e-06
1.1e-06
1.1e-06
1.1e-06
1.1e-06
1.1e-06
1.1e-06
1.1e-06
1.1e-06
1.1e-06
1.1e-06
1.1e-06
1.1e-06
1.1e-06
1.1e-06
1.1e-06
1.1e-06
1.1e-06
1.1e-06
1.1e-06
1.1e-06
1.1e-06
1.1e-06
1.1e-06
1.1e-06
1.1e-06
1.1e-06
1.1e-06
1.1e-06
1.1e-06
1.1e-06
1.1e-06
1.1e-06
1.1e-06
1.1e-06
1.1e-06
1.1e-06
1.1e-06
1.1e-06
1.1e-06
1.1e-06
1.1e-06
1.1e-06
1.1e-06
1.1e-06
1.1e-06
1.1e-06
1.1e-06
1.1e-06
1.1e-06
1.1e-06
1.1e-06
1.1e-06
1.1e-06
1.1e-06
1.1e-06
1.1e-06
1.1e-06
1.1e-06
1.1e-06
1.1e-06
1.1e-06
1.1e-06
1.1e-06
1.1e-06
1.1e-06
1.1e-06
1.1e-06
1.1e-06
1.1e-06
1.1e-06
1.1e-06
1.1e-06
1.1e-06
1.1e-06
1.1e-06
1.1e-06
1.1e-06
1.1e-06
1.1e-06
1.1e-06
1.1e-06
1.1e-06
1.1e-06
1.1e-06
1.1e-06
1.1e-06
1.1e-06
1.1e-06
1.1e-06
1.1e-06
1.1e-06
1.1e-06
1.1e-06
1.1e-06
1.1e-06
1.1e-06
1.1e-06
1.1e-06
1.1e-06
1.1e-06
1.1e-06
1.1e-06
1.1e-06
1.1e-06
1.1e-06
1.1e-06
1.1e-06
1.1e-06
1.1e-06
1.1e-06
1.1e-06
1.1e-06
1.1e-06
1.1e-06
1.1e-06
1.1e-06
1.1e-06
1.1e-06
1.1e-06
1.1e-06
1.1e-06
1.1e-06
1.1e-06
1.1e-06
1.1e-06
1.1e-06
1.1e-06
1.1e-06
1.1e-06
1.1e-06
1.1e-06
1.1e-06
1.1e-06
1.1e-06
1.1e-06
1.1e-06
1.1e-06
1.1e-06
1.1e-06
1.1e-06
1.1e-06
1.1e-06
1.1e-06
1.1e-06
1.1e-06
1.1e-06
1.1e-06
1.1e-06
1.1e-06
1.1e-06
1.1e-06
1.1e-06
1.1e-06
1.1e-06
1.1e-06
1.1e-06
1.1e-06
1.1e-06
1.1e-06
1.1e-06
1.1e-06
1.1e-06
1.1e-06
1.1e-06
1.1e-06
1.1e-06
1.1e-06
1.1e-06
1.1e-06
1.1e-06
1.1e-06
1.1e-06
1.1e-06
1.1e-06
1.1e-06
1.1e-06
1.1e-06
1.1e-06
1.1e-06
1.1e-06
1.1e-06
1.1e-06
1.1e-06
1.1e-06
1.1e-06
1.1e-06
1.1e-06
1.1e-06
1.1e-06
1.1e-06
1.1e-06
1.1e-06
1.1e-06
1.1e-06
1.1e-06
1.1e-06
1.1e-06
1.1e-06
1.1e-06
1.1e-06
1.1e-06
1.1e-06
1.1e-06
1.1e-06
1.1e-06
1.1e-06
1.1e-06
1.1e-06
1.1e-06
1.1e-06
1.1e-06
1.1e-06
1.1e-06
1.1e-06
1.1e-06
1.1e-06
1.1e-06
1.1e-06
1.1e-06
1.1e-06
1.1e-06
1.1e-06
1.1e-06
1.1e-06
1.1e-06
1.1e-06
1.1e-06
1.1e-06
1.1e-06
1.1e-06
1.1e-06
1.1e-06
1.1e-06
1.1e-06
1.1e-06
1.1e-06
1.1e-06
1.1e-06
1.1e-06
1.1e-06
1.1e-06
1.1e-06
1.1e-06
1.1e-06
1.1e-06
1.1e-06
1.1e-06
1.1e-06
1.1e-06
1.1e-06
1.1e-06
1.1e-06
1.1e-06
1.1e-06
1.1e-06
1.1e-06
1.1e-06
1.1e-06
1.1e-06
1.1e-06
1.1e-06
1.1e-06
1.1e-06
1.1e-06
1.1e-06
1.1e-06
1.1e-06
1.1e-06
1.1e-06
1.1e-06
1.1e-06
1.1e-06
1.1e-06
1.1e-06
1.1e-06
1.1e-06
1.1e-06
1.1e-06
1.1e-06
1.1e-06
1.1e-06
1.1e-06
1.1e-06
1.1e-06
1.1e-06
1.1e-06
1.1e-06
1.1e-06
1.1e-06
1.1e-06
1.1e-06
1.1e-06
1.1e-06
1.1e-06
1.1e-06
1.1e-06
1.1e-06
1.1e-06
1.1e-06
1.1e-06
1.1e-06
1.1e-06
1.1e-06
1.1e-06
1.1e-06
1.1e-06
1.1e-06
1.1e-06
1.1e-06
1.1e-06
1.1e-06
1.1e-06
1.1e-06
1.1e-06
1.1e-06
1.1e-06
1.1e-06
1.1e-06
1.1e-06
1.1e-06
1.1e-06
1.1e-06
1.1e-06
1.1e-06
1.1e-06
1.1e-06
1.1e-06
1.1e-06
1.1e-06
1.1e-06
1.1e-06
1.1e-06
1.1e-06
1.1e-06
1.1e-06
1.1e-06
1.1e-06
1.1e-06
1.1e-06
1.1e-06
1.1e-06
1.1e-06
1.1e-06
1.1e-06
1.1e-06
1.1e-06
1.1e-06
1.1e-06
1.1e-06
1.1e-06
1.1e-06
1.1e-06
1.1e-06
1.1e-06
1.1e-06
1.1e-06
1.1e-06
1.1e-06
1.1e-06
1.1e-06
1.1e-06
1.1e-06
1.1e-06
1.1e-06
1.1e-06
1.1e-06
1.1e-06
1.1e-06
1.1e-06
1.1e-06
1.1e-06
1.1e-06
1.1e-06
1.1e-06
1.1e-06
1.1e-06
1.1e-06
1.1e-06
1.1e-06
1.1e-06
1.1e-06
1.1e-06
1.1e-06
1.1e-06
1.1e-06
1.1e-06
1.1e-06
1.1e-06
1.1e-06
1.1e-06
1.1e-06
1.1e-06
1.1e-06
1.1e-06
1.1e-06
1.1e-06
1.1e-06
1.1e-06
1.1e-06
1.1e-06
1.1e-06
1.1e-06
1.1e-06
1.1e-06
1.1e-06
1.1e-06
1.1e-06
1.1e-06
1.1e-06
1.1e-06
1.1e-06
1.1e-06
1.1e-06
1.1e-06
1.1e-06
1.1e-06
1.1e-06
1.1e-06
1.1e-06
1.1e-06
1.1e-06
1.1e-06
1.1e-06
1.1e-06
1.1e-06
1.1e-06
1.1e-06
1.1e-06
1.1e-06
1.1e-06
1.1e-06
1.1e-06
1.1e-06
1.1e-06
1.1e-06
1.1e-06
1.1e-06
1.1e-06
1.1e-06
1.1e-06
1.1e-06
1.1e-06
1.1e-06
1.1e-06
1.1e-06
1.1e-06
1.1e-06
1.1e-06
1.1e-06
1.1e-06
1.1e-06
1.1e-06
1.1e-06
1.1e-06
1.1e-06
1.1e-06
1.1e-06
1.1e-06
1.1e-06
1.1e-06
1.1e-06
1.1e-06
1.1e-06
1.1e-06
1.1e-06
1.1e-06
1.1e-06
1.1e-06
1.1e-06
1.1e-06
1.1e-06
1.1e-06
1.1e-06
1.1e-06
1.1e-06
1.1e-06
1.1e-06
1.1e-06
1.1e-06
1.1e-06
1.1e-06
1.1e-06
1.1e-06
1.1e-06
1.1e-06
1.1e-06
1.1e-06
1.1e-06
1.1e-06
1.1e-06
1.1e-06
1.1e-06
1.1e-06
1.1e-06
1.1e-06
1.1e-06
1.1e-06
1.1e-06
1.1e-06
1.1e-06
1.1e-06
1.1e-06
1.1e-06
1.1e-06
1.1e-06
1.1e-06
1.1e-06
1.1e-06
1.1e-06
1.1e-06
1.1e-06
1.1e-06
1.1e-06
1.1e-06
1.1e-06
1.1e-06
1.1e-06
1.1e-06
1.1e-06
1.1e-06
1.1e-06
1.1e-06
1.1e-06
1.1e-06
1.1e-06
1.1e-06
1.1e-06
1.1e-06
1.1e-06
1.1e-06
1.1e-06
1.1e-06
1.1e-06
1.1e-06
1.1e-06
1.1e-06
1.1e-06
1.1e-06
1.1e-06
1.1e-06
1.1e-06
1.1e-06
1.1e-06
1.1e-06
1.1e-06
1.1e-06
1.1e-06
1.1e-06
1.1e-06
1.1e-06
1.1e-06
1.1e-06
1.1e-06
1.1e-06
1.1e-06
1.1e-06
1.1e-06
1.1e-06
1.1e-06
1.1e-06
1.1e-06
1.1e-06
1.1e-06
1.1e-06
1.1e-06
1.1e-06
1.1e-06
1.1e-06
1.1e-06
1.1e-06
1.1e-06
1.1e-06
1.1e-06
1.1e-06
1.1e-06
1.1e-06
1.1e-06
1.1e-06
1.1e-06
1.1e-06
1.1e-06
1.1e-06
1.1e-06
1.1e-06
1.1e-06
1.1e-06
1.1e-06
1.1e-06
1.1e-06
1.1e-06
1.1e-06
1.1e-06
1.1e-06
1.1e-06
1.1e-06
1.1e-06
1.1e-06
1.1e-06
1.1e-06
1.1e-06
1.1e-06
1.1e-06
1.1e-06
1.1e-06
1.1e-06
1.1e-06
1.1e-06
1.1e-06
1.1e-06
1.1e-06
1.1e-06
1.1e-06
1.1e-06
1.1e-06
1.1e-06
1.1e-06
1.1e-06
1.1e-06
1.1e-06
1.1e-06
1.1e-06
1.1e-06
1.1e-06
1.1e-06
1.1e-06
1.1e-06
1.1e-06
1.1e-06
1.1e-06
1.1e-06
1.1e-06
1.1e-06
1.1e-06
1.1e-06
1.1e-06
1.1e-06
1.1e-06
1.1e-06
1.1e-06
1.1e-06
1.1e-06
1.1e-06
1.1e-06
1.1e-06
1.1e-06
1.1e-06
1.1e-06
1.1e-06
1.1e-06
1.1e-06
1.1e-06
1.1e-06
1.1e-06
1.1e-06
1.1e-06
1.1e-06
1.1e-06
1.1e-06
1.1e-06
1.1e-06
1.1e-06
1.1e-06
1.1e-06
1.1e-06
1.1e-06
1.1e-06
1.1e-06
1.1e-06
1.1e-06
1.1e-06
1.1e-06
1.1e-06
1.1e-06
1.1e-06
1.1e-06
1.1e-06
1.1e-06
1.1e-06
1.1e-06
1.1e-06
1.1e-06
1.1e-06
1.1e-06
1.1e-06
1.1e-06
1.1e-06
1.1e-06
1.1e-06
1.1e-06
1.1e-06
1.1e-06
1.1e-06
1.1e-06
1.1e-06
1.1e-06
1.1e-06
1.1e-06
1.1e-06
1.1e-06
1.1e-06
1.1e-06
1.1e-06
1.1e-06
1.1e-06
1.1e-06
1.1e-06
1.1e-06
1.1e-06
1.1e-06
1.1e-06
1.1e-06
1.1e-06
1.1e-06
1.1e-06
1.1e-06
1.1e-06
1.1e-06
1.1e-06
1.1e-06
1.1e-06
1.1e-06
1.1e-06
1.1e-06
1.1e-06
1.1e-06
1.1e-06
1.1e-06
1.1e-06
1.1e-06
1.1e-06
1.1e-06
1.1e-06
1.1e-06
1.1e-06
1.1e-06
1.1e-06
1.1e-06
1.1e-06
1.1e-06
1.1e-06
1.1e-06
1.1e-06
1.1e-06
1.1e-06
1.1e-06
1.1e-06
1.1e-06
1.1e-06
1.1e-06
1.1e-06
1.1e-06
1.1e-06
1.1e-06
1.1e-06
1.1e-06
1.1e-06
1.1e-06
1.1e-06
1.1e-06
1.1e-06
1.1e-06
1.1e-06
1.1e-06
1.1e-06
1.1e-06
1.1e-06
1.1e-06
1.1e-06
1.1e-06
1.1e-06
1.1e-06
1.1e-06
1.1e-06
1.1e-06
1.1e-06
1.1e-06
1.1e-06
1.1e-06
1.1e-06
1.1e-06
1.1e-06
1.1e-06
1.1e-06
1.1e-06
1.1e-06
1.1e-06
1.1e-06
1.1e-06
1.1e-06
1.1e-06
1.1e-06
1.1e-06
1.1e-06
1.1e-06
1.1e-06
1.1e-06
1.1e-06
1.1e-06
1.1e-06
1.1e-06
1.1e-06
1.1e-06
1.1e-06
1.1e-06
1.1e-06
1.1e-06
1.1e-06
1.1e-06
1.1e-06
1.1e-06
1.1e-06
1.1e-06
1.1e-06
1.1e-06
1.1e-06
1.1e-06
1.1e-06
1.1e-06
1.1e-06
1.1e-06
1.1e-06
1.1e-06
1.1e-06
1.1e-06
1.1e-06
1.1e-06
1.1e-06
1.1e-06
1.1e-06
1.1e-06
1.1e-06
1.1e-06
1.1e-06
1.1e-06
1.1e-06
1.1e-06
1.1e-06
1.1e-06
1.1e-06
1.1e-06
1.1e-06
1.1e-06
1.1e-06
1.1e-06
1.1e-06
1.1e-06
1.1e-06
1.1e-06
1.1e-06
1.1e-06
1.1e-06
1.1e-06
1.1e-06
1.1e-06
1.1e-06
1.1e-06
1.1e-06
1.1e-06
1.1e-06
1.1e-06
1.1e-06
1.1e-06
1.1e-06
1.1e-06
1.1e-06
1.1e-06
1.1e-06
1.1e-06
1.1e-06
1.1e-06
1.1e-06
1.1e-06
1.1e-06
1.1e-06
1.1e-06
1.1e-06
1.1e-06
1.1e-06
1.1e-06
1.1e-06
1.1e-06
1.1e-06
1.1e-06
1.1e-06
1.1e-06
1.1e-06
1.1e-06
1.1e-06
1.1e-06
1.1e-06
1.1e-06
1.1e-06
1.1e-06
1.1e-06
1.1e-06
1.1e-06
1.1e-06
1.1e-06
1.1e-06
1.1e-06
1.1e-06
1.1e-06
1.1e-06
1.1e-06
1.1e-06
1.1e-06
1.1e-06
1.1e-06
1.1e-06
1.1e-06
1.1e-06
1.1e-06
1.1e-06
1.1e-06
1.1e-06
1.1e-06
1.1e-06
1.1e-06
1.1e-06
1.1e-06
1.1e-06
1.1e-06
1.1e-06
1.1e-06
1.1e-06
1.1e-06
1.1e-06
1.1e-06
1.1e-06
1.1e-06
1.1e-06
1.1e-06
1.1e-06
1.1e-06
1.1e-06
1.1e-06
1.1e-06
1.1e-06
1.1e-06
1.1e-06
1.1e-06
1.1e-06
1.1e-06
1.1e-06
1.1e-06
1.1e-06
1.1e-06
1.1e-06
1.1e-06
1.1e-06
1.1e-06
1.1e-06
1.1e-06
1.1e-06
1.1e-06
1.1e-06
1.1e-06
1.1e-06
1.1e-06
1.1e-06
1.1e-06
1.1e-06
1.1e-06
1.1e-06
1.1e-06
1.1e-06
1.1e-06
1.1e-06
1.1e-06
1.1e-06
1.1e-06
1.1e-06
1.1e-06
1.1e-06
1.1e-06
1.1e-06
1.1e-06
1.1e-06
1.1e-06
1.1e-06
1.1e-06
1.1e-06
1.1e-06
1.1e-06
1.1e-06
1.1e-06
1.1e-06
1.1e-06
1.1e-06
1.1e-06
1.1e-06
1.1e-06
1.1e-06
1.1e-06
1.1e-06
1.1e-06
1.1e-06
1.1e-06
1.1e-06
1.1e-06
1.1e-06
1.1e-06
1.1e-06
1.1e-06
1.1e-06
1.1e-06
1.1e-06
1.1e-06
1.1e-06
1.1e-06
1.1e-06
1.1e-06
1.1e-06
1.1e-06
1.1e-06
1.1e-06
1.1e-06
1.1e-06
1.1e-06
1.1e-06
1.1e-06
1.1e-06
1.1e-06
1.1e-06
1.1e-06
1.1e-06
1.1e-06
1.1e-06
1.1e-06
1.1e-06
1.1e-06
1.1e-06
1.1e-06
1.1e-06
1.1e-06
1.1e-06
1.1e-06
1.1e-06
1.1e-06
1.1e-06
1.1e-06
1.1e-06
1.1e-06
1.1e-06
1.1e-06
1.1e-06
1.1e-06
1.1e-06
1.1e-06
1.1e-06
1.1e-06
1.1e-06
1.1e-06
1.1e-06
1.1e-06
1.1e-06
1.1e-06
1.1e-06
1.1e-06
1.1e-06
1.1e-06
1.1e-06
1.1e-06
1.1e-06
1.1e-06
1.1e-06
1.1e-06
1.1e-06
1.1e-06
1.1e-06
1.1e-06
1.1e-06
1.1e-06
1.1e-06
1.1e-06
1.1e-06
1.1e-06
1.1e-06
1.1e-06
1.1e-06
1.1e-06
1.1e-06
1.1e-06
1.1e-06
1.1e-06
1.1e-06
1.1e-06
1.1e-06
1.1e-06
1.1e-06
1.1e-06
1.1e-06
1.1e-06
1.1e-06
1.1e-06
1.1e-06
1.1e-06
1.1e-06
1.1e-06
1.1e-06
1.1e-06
1.1e-06
1.1e-06
1.1e-06
1.1e-06
1.1e-06
1.1e-06
1.1e-06
1.1e-06
1.1e-06
1.1e-06
1.1e-06
1.1e-06
1.1e-06
1.1e-06
1.1e-06
1.1e-06
1.1e-06
1.1e-06
1.1e-06
1.1e-06
1.1e-06
1.1e-06
1.1e-06
1.1e-06
1.1e-06
1.1e-06
1.1e-06
1.1e-06
1.1e-06
1.1e-06
1.1e-06
1.1e-06
1.1e-06
1.1e-06
1.1e-06
1.1e-06
1.1e-06
1.1e-06
1.1e-06
1.1e-06
1.1e-06
1.1e-06
1.1e-06
1.1e-06
1.1e-06
1.1e-06
1.1e-06
1.1e-06
1.1e-06
1.1e-06
1.1e-06
1.1e-06
1.1e-06
1.1e-06
1.1e-06
1.1e-06
1.1e-06
1.1e-06
1.1e-06
1.1e-06
1.1e-06
1.1e-06
1.1e-06
1.1e-06
1.1e-06
1.1e-06
1.1e-06
1.1e-06
1.1e-06
1.1e-06
1.1e-06
1.1e-06
1.1e-06
1.1e-06
1.1e-06
1.1e-06
1.1e-06
1.1e-06
1.1e-06
1.1e-06
1.1e-06
1.1e-06
1.1e-06
1.1e-06
1.1e-06
1.1e-06
1.1e-06
1.1e-06
1.1e-06
1.1e-06
1.1e-06
1.1e-06
1.1e-06
1.1e-06
1.1e-06
1.1e-06
1.1e-06
1.1e-06
1.1e-06
1.1e-06
1.1e-06
1.1e-06
1.1e-06
1.1e-06
1.1e-06
1.1e-06
1.1e-06
1.1e-06
1.1e-06
1.1e-06
1.1e-06
1.1e-06
1.1e-06
1.1e-06
1.1e-06
1.1e-06
1.1e-06
1.1e-06
1.1e-06
1.1e-06
1.1e-06
1.1e-06
1.1e-06
1.1e-06
1.1e-06
1.1e-06
1.1e-06
1.1e-06
1.1e-06
1.1e-06
1.1e-06
1.1e-06
1.1e-06
1.1e-06
1.1e-06
1.1e-06
1.1e-06
1.1e-06
1.1e-06
1.1e-06
1.1e-06
1.1e-06
1.1e-06
1.1e-06
1.1e-06
1.1e-06
1.1e-06
1.1e-06
1.1e-06
1.1e-06
1.1e-06
1.1e-06
1.1e-06
1.1e-06
1.1e-06
1.1e-06
1.1e-06
1.1e-06
1.1e-06
1.1e-06
1.1e-06
1.1e-06
1.1e-06
1.1e-06
1.1e-06
1.1e-06
1.1e-06
1.1e-06
1.1e-06
1.1e-06
1.1e-06
1.1e-06
1.1e-06
1.1e-06
1.1e-06
1.1e-06
1.1e-06
1.1e-06
1.1e-06
1.1e-06
1.1e-06
1.1e-06
1.1e-06
1.1e-06
1.1e-06
1.1e-06
1.1e-06
1.1e-06
1.1e-06
1.1e-06
1.1e-06
1.1e-06
1.1e-06
1.1e-06
1.1e-06
1.1e-06
1.1e-06
1.1e-06
1.1e-06
1.1e-06
1.1e-06
1.1e-06
1.1e-06
1.1e-06
1.1e-06
1.1e-06
1.1e-06
1.1e-06
1.1e-06
1.1e-06
1.1e-06
1.1e-06
1.1e-06
1.1e-06
1.1e-06
1.1e-06
1.1e-06
1.1e-06
1.1e-06
1.1e-06
1.1e-06
1.1e-06
1.1e-06
1.1e-06
1.1e-06
1.1e-06
1.1e-06
1.1e-06
1.1e-06
1.1e-06
1.1e-06
1.1e-06
1.1e-06
1.1e-06
1.1e-06
1.1e-06
1.1e-06
1.1e-06
1.1e-06
1.1e-06
1.1e-06
1.1e-06
1.1e-06
1.1e-06
1.1e-06
1.1e-06
1.1e-06
1.1e-06
1.1e-06
1.1e-06
1.1e-06
1.1e-06
1.1e-06
1.1e-06
1.1e-06
1.1e-06
1.1e-06
1.1e-06
1.1e-06
1.1e-06
1.1e-06
1.1e-06
1.1e-06
1.1e-06
1.1e-06
1.1e-06
1.1e-06
1.1e-06
1.1e-06
1.1e-06
1.1e-06
1.1e-06
1.1e-06
1.1e-06
1.1e-06
1.1e-06
1.1e-06
1.1e-06
1.1e-06
1.1e-06
1.1e-06
1.1e-06
1.1e-06
1.1e-06
1.1e-06
1.1e-06
1.1e-06
1.1e-06
1.1e-06
1.1e-06
1.1e-06
1.1e-06
1.1e-06
1.1e-06
1.1e-06
1.1e-06
1.1e-06
1.1e-06
1.1e-06
1.1e-06
1.1e-06
1.1e-06
1.1e-06
1.1e-06
1.1e-06
1.1e-06
1.1e-06
1.1e-06
1.1e-06
1.1e-06
1.1e-06
1.1e-06
1.1e-06
1.1e-06
1.1e-06
1.1e-06
1.1e-06
1.1e-06
1.1e-06
1.1e-06
1.1e-06
1.1e-06
1.1e-06
1.1e-06
1.1e-06
1.1e-06
1.1e-06
1.1e-06
1.1e-06
1.1e-06
1.1e-06
1.1e-06
1.1e-06
1.1e-06
1.1e-06
1.1e-06
1.1e-06
1.1e-06
1.1e-06
1.1e-06
1.1e-06
1.1e-06
1.1e-06
1.1e-06
1.1e-06
1.1e-06
1.1e-06
1.1e-06
1.1e-06
1.1e-06
1.1e-06
1.1e-06
1.1e-06
1.1e-06
1.1e-06
1.1e-06
1.1e-06
1.1e-06
1.1e-06
1.1e-06
1.1e-06
1.1e-06
1.1e-06
1.1e-06
1.1e-06
1.1e-06
1.1e-06
1.1e-06
1.1e-06
1.1e-06
1.1e-06
1.1e-06
1.1e-06
1.1e-06
1.1e-06
1.1e-06
1.1e-06
1.1e-06
1.1e-06
1.1e-06
1.1e-06
1.1e-06
1.1e-06
1.1e-06
1.1e-06
1.1e-06
1.1e-06
1.1e-06
1.1e-06
1.1e-06
1.1e-06
1.1e-06
1.1e-06
1.1e-06
1.1e-06
1.1e-06
1.1e-06
1.1e-06
1.1e-06
1.1e-06
1.1e-06
1.1e-06
1.1e-06
1.1e-06
1.1e-06
1.1e-06
1.1e-06
1.1e-06
1.1e-06
1.1e-06
1.1e-06
1.1e-06
1.1e-06
1.1e-06
1.1e-06
1.1e-06
1.1e-06
1.1e-06
1.1e-06
1.1e-06
1.1e-06
1.1e-06
1.1e-06
1.1e-06
1.1e-06
1.1e-06
1.1e-06
1.1e-06
1.1e-06
1.1e-06
1.1e-06
1.1e-06
1.1e-06
1.1e-06
1.1e-06
1.1e-06
1.1e-06
1.1e-06
1.1e-06
1.1e-06
1.1e-06
1.1e-06
1.1e-06
1.1e-06
1.1e-06
1.1e-06
1.1e-06
1.1e-06
1.1e-06
1.1e-06
1.1e-06
1.1e-06
1.1e-06
1.1e-06
1.1e-06
1.1e-06
1.1e-06
1.1e-06
1.1e-06
1.1e-06
1.1e-06
1.1e-06
1.1e-06
1.1e-06
1.1e-06
1.1e-06
1.1e-06
1.1e-06
1.1e-06
1.1e-06
1.1e-06
1.1e-06
1.1e-06
1.1e-06
1.1e-06
1.1e-06
1.1e-06
1.1e-06
1.1e-06
1.1e-06
1.1e-06
1.1e-06
1.1e-06
1.1e-06
1.1e-06
1.1e-06
1.1e-06
1.1e-06
1.1e-06
1.1e-06
1.1e-06
1.1e-06
1.1e-06
1.1e-06
1.1e-06
1.1e-06
1.1e-06
1.1e-06
1.1e-06
1.1e-06
1.1e-06
1.1e-06
1.1e-06
1.1e-06
1.1e-06
1.1e-06
1.1e-06
1.1e-06
1.1e-06
1.1e-06
1.1e-06
1.1e-06
1.1e-06
1.1e-06
1.1e-06
1.1e-06
1.1e-06
1.1e-06
1.1e-06
1.1e-06
1.1e-06
1.1e-06
1.1e-06
1.1e-06
1.1e-06
1.1e-06
1.1e-06
1.1e-06
1.1e-06
1.1e-06
1.1e-06
1.1e-06
1.1e-06
1.1e-06
1.1e-06
1.1e-06
1.1e-06
1.1e-06
1.1e-06
1.1e-06
1.1e-06
1.1e-06
1.1e-06
1.1e-06
1.1e-06
1.1e-06
1.1e-06
1.1e-06
1.1e-06
1.1e-06
1.1e-06
1.1e-06
1.1e-06
1.1e-06
1.1e-06
1.1e-06
1.1e-06
1.1e-06
1.1e-06
1.1e-06
1.1e-06
1.1e-06
1.1e-06
1.1e-06
1.1e-06
1.1e-06
1.1e-06
1.1e-06
1.1e-06
1.1e-06
1.1e-06
1.1e-06
1.1e-06
1.1e-06
1.1e-06
1.1e-06
1.1e-06
1.1e-06
1.1e-06
1.1e-06
1.1e-06
1.1e-06
1.1e-06
1.1e-06
1.1e-06
1.1e-06
1.1e-06
1.1e-06
1.1e-06
1.1e-06
1.1e-06
1.1e-06
1.1e-06
1.1e-06
1.1e-06
1.1e-06
1.1e-06
1.1e-06
1.1e-06
1.1e-06
1.1e-06
1.1e-06
1.1e-06
1.1e-06
1.1e-06
1.1e-06
1.1e-06
1.1e-06
1.1e-06
1.1e-06
1.1e-06
1.1e-06
1.1e-06
1.1e-06
1.1e-06
1.1e-06
1.1e-06
1.1e-06
1.1e-06
1.1e-06
1.1e-06
1.1e-06
1.1e-06
1.1e-06
1.1e-06
1.1e-06
1.1e-06
1.1e-06
1.1e-06
1.1e-06
1.1e-06
1.1e-06
1.1e-06
1.1e-06
1.1e-06
1.1e-06
1.1e-06
1.1e-06
1.1e-06
1.1e-06
1.1e-06
1.1e-06
1.1e-06
1.1e-06
1.1e-06
1.1e-06
1.1e-06
1.1e-06
1.1e-06
1.1e-06
1.1e-06
1.1e-06
1.1e-06
1.1e-06
1.1e-06
1.1e-06
1.1e-06
1.1e-06
1.1e-06
1.1e-06
1.1e-06
1.1e-06
1.1e-06
1.1e-06
1.1e-06
1.1e-06
1.1e-06
1.1e-06
1.1e-06
1.1e-06
1.1e-06
1.1e-06
1.1e-06
1.1e-06
1.1e-06
1.1e-06
1.1e-06
1.1e-06
1.1e-06
1.1e-06
1.1e-06
1.1e-06
1.1e-06
1.1e-06
1.1e-06
1.1e-06
1.1e-06
1.1e-06
1.1e-06
1.1e-06
1.1e-06
1.1e-06
1.1e-06
1.1e-06
1.1e-06
1.1e-06
1.1e-06
1.1e-06
1.1e-06
1.1e-06
1.1e-06
1.1e-06
1.1e-06
1.1e-06
1.1e-06
1.1e-06
1.1e-06
1.1e-06
1.1e-06
1.1e-06
1.1e-06
1.1e-06
1.1e-06
1.1e-06
1.1e-06
1.1e-06
1.1e-06
1.1e-06
1.1e-06
1.1e-06
1.1e-06
1.1e-06
1.1e-06
1.1e-06
1.1e-06
1.1e-06
1.1e-06
1.1e-06
1.1e-06
1.1e-06
1.1e-06
1.1e-06
1.1e-06
1.1e-06
1.1e-06
1.1e-06
1.1e-06
1.1e-06
1.1e-06
1.1e-06
1.1e-06
1.1e-06
1.1e-06
1.1e-06
1.1e-06
1.1e-06
1.1e-06
1.1e-06
1.1e-06
1.1e-06
1.1e-06
1.1e-06
1.1e-06
1.1e-06
1.1e-06
1.1e-06
1.1e-06
1.1e-06
1.1e-06
1.1e-06
1.1e-06
1.1e-06
1.1e-06
1.1e-06
1.1e-06
1.1e-06
1.1e-06
1.1e-06
1.1e-06
1.1e-06
1.1e-06
1.1e-06
1.1e-06
1.1e-06
1.1e-06
1.1e-06
1.1e-06
1.1e-06
1.1e-06
1.1e-06
1.1e-06
1.1e-06
1.1e-06
1.1e-06
1.1e-06
1.1e-06
1.1e-06
1.1e-06
1.1e-06
1.1e-06
1.1e-06
1.1e-06
1.1e-06
1.1e-06
1.1e-06
1.1e-06
1.1e-06
1.1e-06
1.1e-06
1.1e-06
1.1e-06
1.1e-06
1.1e-06
1.1e-06
1.1e-06
1.1e-06
1.1e-06
1.1e-06
1.1e-06
1.1e-06
1.1e-06
1.1e-06
1.1e-06
1.1e-06
1.1e-06
1.1e-06
1.1e-06
1.1e-06
1.1e-06
1.1e-06
1.1e-06
1.1e-06
1.1e-06
1.1e-06
1.1e-06
1.1e-06
1.1e-06
1.1e-06
1.1e-06
1.1e-06
1.1e-06
1.1e-06
1.1e-06
1.1e-06
1.1e-06
1.1e-06
1.1e-06
1.1e-06
1.1e-06
1.1e-06
1.1e-06
1.1e-06
1.1e-06
1.1e-06
1.1e-06
1.1e-06
1.1e-06
1.1e-06
1.1e-06
1.1e-06
1.1e-06
1.1e-06
1.1e-06
1.1e-06
1.1e-06
1.1e-06
1.1e-06
1.1e-06
1.1e-06
1.1e-06
1.1e-06
1.1e-06
1.1e-06
1.1e-06
1.1e-06
1.1e-06
1.1e-06
1.1e-06
1.1e-06
1.1e-06
1.1e-06
1.1e-06
1.1e-06
1.1e-06
1.1e-06
1.1e-06
1.1e-06
1.1e-06
1.1e-06
1.1e-06
1.1e-06
1.1e-06
1.1e-06
1.1e-06
1.1e-06
1.1e-06
1.1e-06
1.1e-06
1.1e-06
1.1e-06
1.1e-06
1.1e-06
1.1e-06
1.1e-06
1.1e-06
1.1e-06
1.1e-06
1.1e-06
1.1e-06
1.1e-06
1.1e-06
1.1e-06
1.1e-06
1.1e-06
1.1e-06
1.1e-06
1.1e-06
1.1e-06
1.1e-06
1.1e-06
1.1e-06
1.1e-06
1.1e-06
1.1e-06
1.1e-06
1.1e-06
1.1e-06
1.1e-06
1.1e-06
1.1e-06
1.1e-06
1.1e-06
1.1e-06
1.1e-06
1.1e-06
1.1e-06
1.1e-06
1.1e-06
1.1e-06
1.1e-06
1.1e-06
1.1e-06
1.1e-06
1.1e-06
1.1e-06
1.1e-06
1.1e-06
1.1e-06
1.1e-06
1.1e-06
1.1e-06
1.1e-06
1.1e-06
1.1e-06
1.1e-06
1.1e-06
1.1e-06
1.1e-06
1.1e-06
1.1e-06
1.1e-06
1.1e-06
1.1e-06
1.1e-06
1.1e-06
1.1e-06
1.1e-06
1.1e-06
1.1e-06
1.1e-06
1.1e-06
1.1e-06
1.1e-06
1.1e-06
1.1e-06
1.1e-06
1.1e-06
1.1e-06
1.1e-06
1.1e-06
1.1e-06
1.1e-06
1.1e-06
1.1e-06
1.1e-06
1.1e-06
1.1e-06
1.1e-06
1.1e-06
1.1e-06
1.1e-06
1.1e-06
1.1e-06
1.1e-06
1.1e-06
1.1e-06
1.1e-06
1.1e-06
1.1e-06
1.1e-06
1.1e-06
1.1e-06
1.1e-06
1.1e-06
1.1e-06
1.1e-06
1.1e-06
1.1e-06
1.1e-06
1.1e-06
1.1e-06
1.1e-06
1.1e-06
1.1e-06
1.1e-06
1.1e-06
1.1e-06
1.1e-06
1.1e-06
1.1e-06
1.1e-06
1.1e-06
1.1e-06
1.1e-06
1.1e-06
1.1e-06
1.1e-06
1.1e-06
1.1e-06
1.1e-06
1.1e-06
1.1e-06
1.1e-06
1.1e-06
1.1e-06
1.1e-06
1.1e-06
1.1e-06
1.1e-06
1.1e-06
1.1e-06
1.1e-06
1.1e-06
1.1e-06
1.1e-06
1.1e-06
1.1e-06
1.1e-06
1.1e-06
1.1e-06
1.1e-06
1.1e-06
1.1e-06
1.1e-06
1.1e-06
1.1e-06
1.1e-06
1.1e-06
1.1e-06
1.1e-06
1.1e-06
1.1e-06
1.1e-06
1.1e-06
1.1e-06
1.1e-06
1.1e-06
1.1e-06
1.1e-06
1.1e-06
1.1e-06
1.1e-06
1.1e-06
1.1e-06
1.1e-06
1.1e-06
1.1e-06
1.1e-06
1.1e-06
1.1e-06
1.1e-06
1.1e-06
1.1e-06
1.1e-06
1.1e-06
1.1e-06
1.1e-06
1.1e-06
1.1e-06
1.1e-06
1.1e-06
1.1e-06
1.1e-06
1.1e-06
1.1e-06
1.1e-06
1.1e-06
1.1e-06
1.1e-06
1.1e-06
1.1e-06
1.1e-06
1.1e-06
1.1e-06
1.1e-06
1.1e-06
1.1e-06
1.1e-06
1.1e-06
1.1e-06
1.1e-06
1.1e-06
1.1e-06
1.1e-06
1.1e-06
1.1e-06
1.1e-06
1.1e-06
1.1e-06
1.1e-06
1.1e-06
1.1e-06
1.1e-06
1.1e-06
1.1e-06
1.1e-06
1.1e-06
1.1e-06
1.1e-06
1.1e-06
1.1e-06
1.1e-06
1.1e-06
1.1e-06
1.1e-06
1.1e-06
1.1e-06
1.1e-06
1.1e-06
1.1e-06
1.1e-06
1.1e-06
1.1e-06
1.1e-06
1.1e-06
1.1e-06
1.1e-06
1.1e-06
1.1e-06
1.1e-06
1.1e-06
1.1e-06
1.1e-06
1.1e-06
1.1e-06
1.1e-06
1.1e-06
1.1e-06
1.1e-06
1.1e-06
1.1e-06
1.1e-06
1.1e-06
1.1e-06
1.1e-06
1.1e-06
1.1e-06
1.1e-06
1.1e-06
1.1e-06
1.1e-06
1.1e-06
1.1e-06
1.1e-06
1.1e-06
1.1e-06
1.1e-06
1.1e-06
1.1e-06
1.1e-06
1.1e-06
1.1e-06
1.1e-06
1.1e-06
1.1e-06
1.1e-06
1.1e-06
1.1e-06
1.1e-06
1.1e-06
1.1e-06
1.1e-06
1.1e-06
1.1e-06
1.1e-06
1.1e-06
1.1e-06
1.1e-06
1.1e-06
1.1e-06
1.1e-06
1.1e-06
1.1e-06
1.1e-06
1.1e-06
1.1e-06
1.1e-06
1.1e-06
1.1e-06
1.1e-06
1.1e-06
1.1e-06
1.1e-06
1.1e-06
1.1e-06
1.1e-06
1.1e-06
1.1e-06
1.1e-06
1.1e-06
1.1e-06
1.1e-06
1.1e-06
1.1e-06
1.1e-06
1.1e-06
1.1e-06
1.1e-06
1.1e-06
1.1e-06
1.1e-06
1.1e-06
1.1e-06
1.1e-06
1.1e-06
1.1e-06
1.1e-06
1.1e-06
1.1e-06
1.1e-06
1.1e-06
1.1e-06
1.1e-06
1.1e-06
1.1e-06
1.1e-06
1.1e-06
1.1e-06
1.1e-06
1.1e-06
1.1e-06
1.1e-06
1.1e-06
1.1e-06
1.1e-06
1.1e-06
1.1e-06
1.1e-06
1.1e-06
1.1e-06
1.1e-06
1.1e-06
1.1e-06
1.1e-06
1.1e-06
1.1e-06
1.1e-06
1.1e-06
1.1e-06
1.1e-06
1.1e-06
1.1e-06
1.1e-06
1.1e-06
1.1e-06
1.1e-06
1.1e-06
1.1e-06
1.1e-06
1.1e-06
1.1e-06
1.1e-06
1.1e-06
1.1e-06
1.1e-06
1.1e-06
1.1e-06
1.1e-06
1.1e-06
1.1e-06
1.1e-06
1.1e-06
1.1e-06
1.1e-06
1.1e-06
1.1e-06
1.1e-06
1.1e-06
1.1e-06
1.1e-06
1.1e-06
1.1e-06
1.1e-06
1.1e-06
1.1e-06
1.1e-06
1.1e-06
1.1e-06
1.1e-06
1.1e-06
1.1e-06
1.1e-06
1.1e-06
1.1e-06
1.1e-06
1.1e-06
1.1e-06
1.1e-06
1.1e-06
1.1e-06
1.1e-06
1.1e-06
1.1e-06
1.1e-06
1.1e-06
1.1e-06
1.1e-06
1.1e-06
1.1e-06
1.1e-06
1.1e-06
1.1e-06
1.1e-06
1.1e-06
1.1e-06
1.1e-06
1.1e-06
1.1e-06
1.1e-06
1.1e-06
1.1e-06
1.1e-06
1.1e-06
1.1e-06
1.1e-06
1.1e-06
1.1e-06
1.1e-06
1.1e-06
1.1e-06
1.1e-06
1.1e-06
1.1e-06
1.1e-06
1.1e-06
1.1e-06
1.1e-06
1.1e-06
1.1e-06
1.1e-06
1.1e-06
1.1e-06
1.1e-06
1.1e-06
1.1e-06
1.1e-06
1.1e-06
1.1e-06
1.1e-06
1.1e-06
1.1e-06
1.1e-06
1.1e-06
1.1e-06
1.1e-06
1.1e-06
1.1e-06
1.1e-06
1.1e-06
1.1e-06
1.1e-06
1.1e-06
1.1e-06
1.1e-06
1.1e-06
1.1e-06
1.1e-06
1.1e-06
1.1e-06
1.1e-06
1.1e-06
1.1e-06
1.1e-06
1.1e-06
1.1e-06
1.1e-06
1.1e-06
1.1e-06
1.1e-06
1.1e-06
1.1e-06
1.1e-06
1.1e-06
1.1e-06
1.1e-06
1.1e-06
1.1e-06
1.1e-06
1.1e-06
1.1e-06
1.1e-06
1.1e-06
1.1e-06
1.1e-06
1.1e-06
1.1e-06
1.1e-06
1.1e-06
1.1e-06
1.1e-06
1.1e-06
1.1e-06
1.1e-06
1.1e-06
1.1e-06
1.1e-06
1.1e-06
1.1e-06
1.1e-06
1.1e-06
1.1e-06
1.1e-06
1.1e-06
1.1e-06
1.1e-06
1.1e-06
1.1e-06
1.1e-06
1.1e-06
1.1e-06
1.1e-06
1.1e-06
1.1e-06
1.1e-06
1.1e-06
1.1e-06
1.1e-06
1.1e-06
1.1e-06
1.1e-06
1.1e-06
1.1e-06
1.1e-06
1.1e-06
1.1e-06
1.1e-06
1.1e-06
1.1e-06
1.1e-06
1.1e-06
1.1e-06
1.1e-06
1.1e-06
1.1e-06
1.1e-06
1.1e-06
1.1e-06
1.1e-06
1.1e-06
1.1e-06
1.1e-06
1.1e-06
1.1e-06
1.1e-06
1.1e-06
1.1e-06
1.1e-06
1.1e-06
1.1e-06
1.1e-06
1.1e-06
1.1e-06
1.1e-06
1.1e-06
1.1e-06
1.1e-06
1.1e-06
1.1e-06
1.1e-06
1.1e-06
1.1e-06
1.1e-06
1.1e-06
1.1e-06
1.1e-06
1.1e-06
1.1e-06
1.1e-06
1.1e-06
1.1e-06
1.1e-06
1.1e-06
1.1e-06
1.1e-06
1.1e-06
1.1e-06
1.1e-06
1.1e-06
1.1e-06
1.1e-06
1.1e-06
1.1e-06
1.1e-06
1.1e-06
1.1e-06
1.1e-06
1.1e-06
1.1e-06
1.1e-06
1.1e-06
1.1e-06
1.1e-06
1.1e-06
1.1e-06
1.1e-06
1.1e-06
1.1e-06
1.1e-06
1.1e-06
1.1e-06
1.1e-06
1.1e-06
1.1e-06
1.1e-06
1.1e-06
1.1e-06
1.1e-06
1.1e-06
1.1e-06
1.1e-06
1.1e-06
1.1e-06
1.1e-06
1.1e-06
1.1e-06
1.1e-06
1.1e-06
1.1e-06
1.1e-06
1.1e-06
1.1e-06
1.1e-06
1.1e-06
1.1e-06
1.1e-06
1.1e-06
1.1e-06
1.1e-06
1.1e-06
1.1e-06
1.1e-06
1.1e-06
1.1e-06
1.1e-06
1.1e-06
1.1e-06
1.1e-06
1.1e-06
1.1e-06
1.1e-06
1.1e-06
1.1e-06
1.1e-06
1.1e-06
1.1e-06
1.1e-06
1.1e-06
1.1e-06
1.1e-06
1.1e-06
1.1e-06
1.1e-06
1.1e-06
1.1e-06
1.1e-06
1.1e-06
1.1e-06
1.1e-06
1.1e-06
1.1e-06
1.1e-06
1.1e-06
1.1e-06
1.1e-06
1.1e-06
1.1e-06
1.1e-06
1.1e-06
1.1e-06
1.1e-06
1.1e-06
1.1e-06
1.1e-06
1.1e-06
1.1e-06
1.1e-06
1.1e-06
1.1e-06
1.1e-06
1.1e-06
1.1e-06
1.1e-06
1.1e-06
1.1e-06
1.1e-06
1.1e-06
1.1e-06
1.1e-06
1.1e-06
1.1e-06
1.1e-06
1.1e-06
1.1e-06
1.1e-06
1.1e-06
1.1e-06
1.1e-06
1.1e-06
1.1e-06
1.1e-06
1.1e-06
1.1e-06
1.1e-06
1.1e-06
1.1e-06
1.1e-06
1.1e-06
1.1e-06
1.1e-06
1.1e-06
1.1e-06
1.1e-06
1.1e-06
1.1e-06
1.1e-06
1.1e-06
1.1e-06
1.1e-06
1.1e-06
1.1e-06
1.1e-06
1.1e-06
1.1e-06
1.1e-06
1.1e-06
1.1e-06
1.1e-06
1.1e-06
1.1e-06
1.1e-06
1.1e-06
1.1e-06
1.1e-06
1.1e-06
1.1e-06
1.1e-06
1.1e-06
1.1e-06
1.1e-06
1.1e-06
1.1e-06
1.1e-06
1.1e-06
1.1e-06
1.1e-06
1.1e-06
1.1e-06
1.1e-06
1.1e-06
1.1e-06
1.1e-06
1.1e-06
1.1e-06
1.1e-06
1.1e-06
1.1e-06
1.1e-06
1.1e-06
1.1e-06
1.1e-06
1.1e-06
1.1e-06
1.1e-06
1.1e-06
1.1e-06
1.1e-06
1.1e-06
1.1e-06
1.1e-06
1.1e-06
1.1e-06
1.1e-06
1.1e-06
1.1e-06
1.1e-06
1.1e-06
1.1e-06
1.1e-06
1.1e-06
1.1e-06
1.1e-06
1.1e-06
1.1e-06
1.1e-06
1.1e-06
1.1e-06
1.1e-06
1.1e-06
1.1e-06
1.1e-06
1.1e-06
1.1e-06
1.1e-06
1.1e-06
1.1e-06
1.1e-06
1.1e-06
1.1e-06
1.1e-06
1.1e-06
1.1e-06
1.1e-06
1.1e-06
1.1e-06
1.1e-06
1.1e-06
1.1e-06
1.1e-06
1.1e-06
1.1e-06
1.1e-06
1.1e-06
1.1e-06
1.1e-06
1.1e-06
1.1e-06
1.1e-06
1.1e-06
1.1e-06
1.1e-06
1.1e-06
1.1e-06
1.1e-06
1.1e-06
1.1e-06
1.1e-06
1.1e-06
1.1e-06
1.1e-06
1.1e-06
1.1e-06
1.1e-06
1.1e-06
1.1e-06
1.1e-06
1.1e-06
1.1e-06
1.1e-06
1.1e-06
1.1e-06
1.1e-06
1.1e-06
1.1e-06
1.1e-06
1.1e-06
1.1e-06
1.1e-06
1.1e-06
1.1e-06
1.1e-06
1.1e-06
1.1e-06
1.1e-06
1.1e-06
1.1e-06
1.1e-06
1.1e-06
1.1e-06
1.1e-06
1.1e-06
1.1e-06
1.1e-06
1.1e-06
1.1e-06
1.1e-06
1.1e-06
1.1e-06
1.1e-06
1.1e-06
1.1e-06
1.1e-06
1.1e-06
1.1e-06
1.1e-06
1.1e-06
1.1e-06
1.1e-06
1.1e-06
1.1e-06
1.1e-06
1.1e-06
1.1e-06
1.1e-06
1.1e-06
1.1e-06
1.1e-06
1.1e-06
1.1e-06
1.1e-06
1.1e-06
1.1e-06
1.1e-06
1.1e-06
1.1e-06
1.1e-06
1.1e-06
1.1e-06
1.1e-06
1.1e-06
1.1e-06
1.1e-06
1.1e-06
1.1e-06
1.1e-06
1.1e-06
1.1e-06
1.1e-06
1.1e-06
1.1e-06
1.1e-06
1.1e-06
1.1e-06
1.1e-06
1.1e-06
1.1e-06
1.1e-06
1.1e-06
1.1e-06
1.1e-06
1.1e-06
1.1e-06
1.1e-06
1.1e-06
1.1e-06
1.1e-06
1.1e-06
1.1e-06
1.1e-06
1.1e-06
1.1e-06
1.1e-06
1.1e-06
1.1e-06
1.1e-06
1.1e-06
1.1e-06
1.1e-06
1.1e-06
1.1e-06
1.1e-06
1.1e-06
1.1e-06
1.1e-06
1.1e-06
1.1e-06
1.1e-06
1.1e-06
1.1e-06
1.1e-06
1.1e-06
1.1e-06
1.1e-06
1.1e-06
1.1e-06
1.1e-06
1.1e-06
1.1e-06
1.1e-06
1.1e-06
1.1e-06
1.1e-06
1.1e-06
1.1e-06
1.1e-06
1.1e-06
1.1e-06
1.1e-06
1.1e-06
1.1e-06
1.1e-06
1.1e-06
1.1e-06
1.1e-06
1.1e-06
1.1e-06
1.1e-06
1.1e-06
1.1e-06
1.1e-06
1.1e-06
1.1e-06
1.1e-06
1.1e-06
1.1e-06
1.1e-06
1.1e-06
1.1e-06
1.1e-06
1.1e-06
1.1e-06
1.1e-06
1.1e-06
1.1e-06
1.1e-06
1.1e-06
1.1e-06
1.1e-06
1.1e-06
1.1e-06
1.1e-06
1.1e-06
1.1e-06
1.1e-06
1.1e-06
1.1e-06
1.1e-06
1.1e-06
1.1e-06
1.1e-06
1.1e-06
1.1e-06
1.1e-06
1.1e-06
1.1e-06
1.1e-06
1.1e-06
1.1e-06
1.1e-06
1.1e-06
1.1e-06
1.1e-06
1.1e-06
1.1e-06
1.1e-06
1.1e-06
1.1e-06
1.1e-06
1.1e-06
1.1e-06
1.1e-06
1.1e-06
1.1e-06
1.1e-06
1.1e-06
1.1e-06
1.1e-06
1.1e-06
1.1e-06
1.1e-06
1.1e-06
1.1e-06
1.1e-06
1.1e-06
1.1e-06
1.1e-06
1.1e-06
1.1e-06
1.1e-06
1.1e-06
1.1e-06
1.1e-06
1.1e-06
1.1e-06
1.1e-06
1.1e-06
1.1e-06
1.1e-06
1.1e-06
1.1e-06
1.1e-06
1.1e-06
1.1e-06
1.1e-06
1.1e-06
1.1e-06
1.1e-06
1.1e-06
1.1e-06
1.1e-06
1.1e-06
1.1e-06
1.1e-06
1.1e-06
1.1e-06
1.1e-06
1.1e-06
1.1e-06
1.1e-06
1.1e-06
1.1e-06
1.1e-06
1.1e-06
1.1e-06
1.1e-06
1.1e-06
1.1e-06
1.1e-06
1.1e-06
1.1e-06
1.1e-06
1.1e-06
1.1e-06
1.1e-06
1.1e-06
1.1e-06
1.1e-06
1.1e-06
1.1e-06
1.1e-06
1.1e-06
1.1e-06
1.1e-06
1.1e-06
1.1e-06
1.1e-06
1.1e-06
1.1e-06
1.1e-06
1.1e-06
1.1e-06
1.1e-06
1.1e-06
1.1e-06
1.1e-06
1.1e-06
1.1e-06
1.1e-06
1.1e-06
1.1e-06
1.1e-06
1.1e-06
1.1e-06
1.1e-06
1.1e-06
1.1e-06
1.1e-06
1.1e-06
1.1e-06
1.1e-06
1.1e-06
1.1e-06
1.1e-06
1.1e-06
1.1e-06
1.1e-06
1.1e-06
1.1e-06
1.1e-06
1.1e-06
1.1e-06
1.1e-06
1.1e-06
1.1e-06
1.1e-06
1.1e-06
1.1e-06
1.1e-06
1.1e-06
1.1e-06
1.1e-06
1.1e-06
1.1e-06
1.1e-06
1.1e-06
1.1e-06
1.1e-06
1.1e-06
1.1e-06
1.1e-06
1.1e-06
1.1e-06
1.1e-06
1.1e-06
1.1e-06
1.1e-06
1.1e-06
1.1e-06
1.1e-06
1.1e-06
1.1e-06
1.1e-06
1.1e-06
1.1e-06
1.1e-06
1.1e-06
1.1e-06
1.1e-06
1.1e-06
1.1e-06
1.1e-06
1.1e-06
1.1e-06
1.1e-06
1.1e-06
1.1e-06
1.1e-06
1.1e-06
1.1e-06
1.1e-06
1.1e-06
1.1e-06
1.1e-06
1.1e-06
1.1e-06
1.1e-06
1.1e-06
1.1e-06
1.1e-06
1.1e-06
1.1e-06
1.1e-06
1.1e-06
1.1e-06
1.1e-06
1.1e-06
1.1e-06
1.1e-06
1.1e-06
1.1e-06
1.1e-06
1.1e-06
1.1e-06
1.1e-06
1.1e-06
1.1e-06
1.1e-06
1.1e-06
1.1e-06
1.1e-06
1.1e-06
1.1e-06
1.1e-06
1.1e-06
1.1e-06
1.1e-06
1.1e-06
1.1e-06
1.1e-06
1.1e-06
1.1e-06
1.1e-06
1.1e-06
1.1e-06
1.1e-06
1.1e-06
1.1e-06
1.1e-06
1.1e-06
1.1e-06
1.1e-06
1.1e-06
1.1e-06
1.1e-06
1.1e-06
1.1e-06
1.1e-06
1.1e-06
1.1e-06
1.1e-06
1.1e-06
1.1e-06
1.1e-06
1.1e-06
1.1e-06
1.1e-06
1.1e-06
1.1e-06
1.1e-06
1.1e-06
1.1e-06
1.1e-06
1.1e-06
1.10003e-06
1.1e-06
1.1e-06
1.1e-06
1.1e-06
1.1e-06
1.1e-06
1.1e-06
1.1e-06
1.1e-06
1.1e-06
1.1e-06
1.1e-06
1.1e-06
1.1e-06
1.1e-06
1.1e-06
1.1e-06
1.1e-06
1.1e-06
1.1e-06
1.1e-06
1.1e-06
1.1e-06
1.1e-06
1.1e-06
1.1e-06
1.1e-06
1.1e-06
1.1e-06
1.1e-06
1.1e-06
1.1e-06
1.1e-06
1.1e-06
1.1e-06
1.1e-06
1.1e-06
1.1e-06
1.1e-06
1.1e-06
1.1e-06
1.1e-06
1.1e-06
1.1e-06
1.1e-06
1.1e-06
1.1e-06
1.1e-06
1.1e-06
1.1e-06
1.1e-06
1.1e-06
1.1e-06
1.1e-06
1.1e-06
1.1e-06
1.1e-06
1.1e-06
1.1e-06
1.1e-06
1.1e-06
1.1e-06
1.1e-06
1.1e-06
1.1e-06
1.1e-06
1.1e-06
1.1e-06
1.1e-06
1.1e-06
1.1e-06
1.1e-06
1.1e-06
1.1e-06
1.1e-06
1.1e-06
1.1e-06
1.1e-06
1.1e-06
1.1e-06
1.1e-06
1.1e-06
1.1e-06
1.1e-06
1.1e-06
1.1e-06
1.1e-06
1.1e-06
1.1e-06
1.1e-06
1.1e-06
1.1e-06
1.1e-06
1.1e-06
1.1e-06
1.1e-06
1.1e-06
1.1e-06
1.1e-06
1.1e-06
1.1e-06
1.1e-06
1.1e-06
1.1e-06
1.1e-06
1.1e-06
1.1e-06
1.1e-06
1.1e-06
1.1e-06
1.1e-06
1.1e-06
1.1e-06
1.1e-06
1.1e-06
1.1e-06
1.1e-06
1.1e-06
1.1e-06
1.1e-06
1.1e-06
1.1e-06
1.1e-06
1.1e-06
1.1e-06
1.1e-06
1.1e-06
1.1e-06
1.1e-06
1.1e-06
1.1e-06
1.1e-06
1.1e-06
1.1e-06
1.1e-06
1.1e-06
1.1e-06
1.1e-06
1.1e-06
1.1e-06
1.1e-06
1.1e-06
1.1e-06
1.1e-06
1.1e-06
1.1e-06
1.1e-06
1.1e-06
1.1e-06
1.1e-06
1.1e-06
1.1e-06
1.1e-06
1.1e-06
1.1e-06
1.1e-06
1.1e-06
1.1e-06
1.1e-06
1.1e-06
1.1e-06
1.1e-06
1.1e-06
1.1e-06
1.1e-06
1.1e-06
1.1e-06
1.1e-06
1.1e-06
1.1e-06
1.1e-06
1.1e-06
1.1e-06
1.1e-06
1.1e-06
1.1e-06
1.1e-06
1.1e-06
1.1e-06
1.10051e-06
1.1e-06
1.1e-06
1.1e-06
1.1e-06
1.1e-06
1.1e-06
1.1e-06
1.1e-06
1.1e-06
1.1e-06
1.1e-06
1.1e-06
1.1e-06
1.1e-06
1.1e-06
1.1e-06
1.1e-06
1.1e-06
1.1e-06
1.1e-06
1.1e-06
1.1e-06
1.1e-06
1.1e-06
1.1e-06
1.1e-06
1.1e-06
1.1e-06
1.1e-06
1.1e-06
1.1e-06
1.1e-06
1.1e-06
1.1e-06
1.1e-06
1.1e-06
1.1e-06
1.1e-06
1.1e-06
1.1e-06
1.1e-06
1.1e-06
1.1e-06
1.1e-06
1.1e-06
1.1e-06
1.1e-06
1.1e-06
1.1e-06
1.1e-06
1.1e-06
1.1e-06
1.1e-06
1.1e-06
1.1e-06
1.1e-06
1.1e-06
1.1e-06
1.1e-06
1.1e-06
1.1e-06
1.1e-06
1.1e-06
1.1e-06
1.1e-06
1.1e-06
1.1e-06
1.1e-06
1.1e-06
1.1e-06
1.1e-06
1.1e-06
1.1e-06
1.1e-06
1.1e-06
1.1e-06
1.1e-06
1.1e-06
1.1e-06
1.1e-06
1.1e-06
1.1e-06
1.1e-06
1.1e-06
1.1e-06
1.1e-06
1.1e-06
1.1e-06
1.1e-06
1.1e-06
1.1e-06
1.1e-06
1.1e-06
1.1e-06
1.1e-06
1.1e-06
1.1e-06
1.1e-06
1.1e-06
1.1e-06
1.1e-06
1.1e-06
1.1e-06
1.1e-06
1.1e-06
1.1e-06
1.1e-06
1.1e-06
1.1e-06
1.1e-06
1.1e-06
1.1e-06
1.1e-06
1.1e-06
1.1e-06
1.1e-06
1.1e-06
1.1e-06
1.1e-06
1.1e-06
1.1e-06
1.1e-06
1.1e-06
1.1e-06
1.1e-06
1.1e-06
1.1e-06
1.1e-06
1.1e-06
1.1e-06
1.1e-06
1.1e-06
1.1e-06
1.1e-06
1.1e-06
1.1e-06
1.1e-06
1.1e-06
1.1e-06
1.1e-06
1.1e-06
1.1e-06
1.1e-06
1.1e-06
1.1e-06
1.1e-06
1.1e-06
1.1e-06
1.1e-06
1.1e-06
1.1e-06
1.1e-06
1.1e-06
1.1e-06
1.1e-06
1.1e-06
1.1e-06
1.1e-06
1.1e-06
1.1e-06
1.1e-06
1.1e-06
1.1e-06
1.1e-06
1.1e-06
1.1e-06
1.1e-06
1.1e-06
1.1e-06
1.1e-06
1.1e-06
1.1e-06
1.1e-06
1.1e-06
1.1e-06
1.1e-06
1.1e-06
1.1e-06
1.1e-06
1.11056e-06
1.1e-06
1.1e-06
1.1e-06
1.1e-06
1.1e-06
1.1e-06
1.1e-06
1.1e-06
1.1e-06
1.1e-06
1.1e-06
1.1e-06
1.1e-06
1.1e-06
1.1e-06
1.1e-06
1.1e-06
1.1e-06
1.1e-06
1.1e-06
1.1e-06
1.1e-06
1.1e-06
1.1e-06
1.1e-06
1.1e-06
1.1e-06
1.1e-06
1.1e-06
1.1e-06
1.1e-06
1.1e-06
1.1e-06
1.1e-06
1.1e-06
1.1e-06
1.1e-06
1.1e-06
1.1e-06
1.1e-06
1.1e-06
1.1e-06
1.1e-06
1.1e-06
1.1e-06
1.1e-06
1.1e-06
1.1e-06
1.1e-06
1.1e-06
1.1e-06
1.1e-06
1.1e-06
1.1e-06
1.1e-06
1.1e-06
1.1e-06
1.1e-06
1.1e-06
1.1e-06
1.1e-06
1.1e-06
1.1e-06
1.1e-06
1.1e-06
1.1e-06
1.1e-06
1.1e-06
1.1e-06
1.1e-06
1.1e-06
1.1e-06
1.1e-06
1.1e-06
1.1e-06
1.1e-06
1.1e-06
1.1e-06
1.1e-06
1.1e-06
1.1e-06
1.1e-06
1.1e-06
1.1e-06
1.1e-06
1.1e-06
1.1e-06
1.1e-06
1.1e-06
1.1e-06
1.1e-06
1.1e-06
1.1e-06
1.1e-06
1.1e-06
1.1e-06
1.1e-06
1.1e-06
1.1e-06
1.1e-06
1.1e-06
1.1e-06
1.1e-06
1.1e-06
1.1e-06
1.1e-06
1.1e-06
1.1e-06
1.1e-06
1.1e-06
1.1e-06
1.1e-06
1.1e-06
1.1e-06
1.1e-06
1.1e-06
1.1e-06
1.1e-06
1.1e-06
1.1e-06
1.1e-06
1.1e-06
1.1e-06
1.1e-06
1.1e-06
1.1e-06
1.1e-06
1.1e-06
1.1e-06
1.1e-06
1.1e-06
1.1e-06
1.1e-06
1.1e-06
1.1e-06
1.1e-06
1.1e-06
1.1e-06
1.1e-06
1.1e-06
1.1e-06
1.1e-06
1.1e-06
1.1e-06
1.1e-06
1.1e-06
1.1e-06
1.1e-06
1.1e-06
1.1e-06
1.1e-06
1.1e-06
1.1e-06
1.1e-06
1.1e-06
1.1e-06
1.1e-06
1.1e-06
1.1e-06
1.1e-06
1.1e-06
1.1e-06
1.1e-06
1.1e-06
1.1e-06
1.1e-06
1.1e-06
1.1e-06
1.1e-06
1.1e-06
1.1e-06
1.1e-06
1.1e-06
1.1e-06
1.1e-06
1.1e-06
1.1e-06
1.1e-06
1.1e-06
1.25797e-06
1.1e-06
1.1e-06
1.1e-06
1.1e-06
1.1e-06
1.1e-06
1.1e-06
1.1e-06
1.1e-06
1.1e-06
1.1e-06
1.1e-06
1.1e-06
1.1e-06
1.1e-06
1.1e-06
1.1e-06
1.1e-06
1.1e-06
1.1e-06
1.1e-06
1.1e-06
1.1e-06
1.1e-06
1.1e-06
1.1e-06
1.1e-06
1.1e-06
1.1e-06
1.1e-06
1.1e-06
1.1e-06
1.1e-06
1.1e-06
1.1e-06
1.1e-06
1.1e-06
1.1e-06
1.1e-06
1.1e-06
1.1e-06
1.1e-06
1.1e-06
1.1e-06
1.1e-06
1.1e-06
1.1e-06
1.1e-06
1.1e-06
1.1e-06
1.1e-06
1.1e-06
1.1e-06
1.1e-06
1.1e-06
1.1e-06
1.1e-06
1.1e-06
1.1e-06
1.1e-06
1.1e-06
1.1e-06
1.1e-06
1.1e-06
1.1e-06
1.1e-06
1.1e-06
1.1e-06
1.1e-06
1.1e-06
1.1e-06
1.1e-06
1.1e-06
1.1e-06
1.1e-06
1.1e-06
1.1e-06
1.1e-06
1.1e-06
1.1e-06
1.1e-06
1.1e-06
1.1e-06
1.1e-06
1.1e-06
1.1e-06
1.1e-06
1.1e-06
1.1e-06
1.1e-06
1.1e-06
1.1e-06
1.1e-06
1.1e-06
1.1e-06
1.1e-06
1.1e-06
1.1e-06
1.1e-06
1.1e-06
1.1e-06
1.1e-06
1.1e-06
1.1e-06
1.1e-06
1.1e-06
1.1e-06
1.1e-06
1.1e-06
1.1e-06
1.1e-06
1.1e-06
1.1e-06
1.1e-06
1.1e-06
1.1e-06
1.1e-06
1.1e-06
1.1e-06
1.1e-06
1.1e-06
1.1e-06
1.1e-06
1.1e-06
1.1e-06
1.1e-06
1.1e-06
1.1e-06
1.1e-06
1.1e-06
1.1e-06
1.1e-06
1.1e-06
1.1e-06
1.1e-06
1.1e-06
1.1e-06
1.1e-06
1.1e-06
1.1e-06
1.1e-06
1.1e-06
1.1e-06
1.1e-06
1.1e-06
1.1e-06
1.1e-06
1.1e-06
1.1e-06
1.1e-06
1.1e-06
1.1e-06
1.1e-06
1.1e-06
1.1e-06
1.1e-06
1.1e-06
1.1e-06
1.1e-06
1.1e-06
1.1e-06
1.1e-06
1.1e-06
1.1e-06
1.1e-06
1.1e-06
1.1e-06
1.1e-06
1.1e-06
1.1e-06
1.1e-06
1.1e-06
1.1e-06
1.1e-06
1.1e-06
1.1e-06
1.1e-06
1.1e-06
1.1e-06
1.894e-06
1.1e-06
1.1e-06
1.1e-06
1.1e-06
1.1e-06
1.1e-06
1.1e-06
1.1e-06
1.1e-06
1.1e-06
1.1e-06
1.1e-06
1.1e-06
1.1e-06
1.1e-06
1.1e-06
1.1e-06
1.1e-06
1.1e-06
1.1e-06
1.1e-06
1.1e-06
1.1e-06
1.1e-06
1.1e-06
1.1e-06
1.1e-06
1.1e-06
1.1e-06
1.1e-06
1.1e-06
1.1e-06
1.1e-06
1.1e-06
1.1e-06
1.1e-06
1.1e-06
1.1e-06
1.1e-06
1.1e-06
1.1e-06
1.1e-06
1.1e-06
1.1e-06
1.1e-06
1.1e-06
1.1e-06
1.1e-06
1.1e-06
1.1e-06
1.1e-06
1.1e-06
1.1e-06
1.1e-06
1.1e-06
1.1e-06
1.1e-06
1.1e-06
1.1e-06
1.1e-06
1.1e-06
1.1e-06
1.1e-06
1.1e-06
1.1e-06
1.1e-06
1.1e-06
1.1e-06
1.1e-06
1.1e-06
1.1e-06
1.1e-06
1.1e-06
1.1e-06
1.1e-06
1.1e-06
1.1e-06
1.1e-06
1.1e-06
1.1e-06
1.1e-06
1.1e-06
1.1e-06
1.1e-06
1.1e-06
1.1e-06
1.1e-06
1.1e-06
1.1e-06
1.1e-06
1.1e-06
1.1e-06
1.1e-06
1.1e-06
1.1e-06
1.1e-06
1.1e-06
1.1e-06
1.1e-06
1.1e-06
1.1e-06
1.1e-06
1.1e-06
1.1e-06
1.1e-06
1.1e-06
1.1e-06
1.1e-06
1.1e-06
1.1e-06
1.1e-06
1.1e-06
1.1e-06
1.1e-06
1.1e-06
1.1e-06
1.1e-06
1.1e-06
1.1e-06
1.1e-06
1.1e-06
1.1e-06
1.1e-06
1.1e-06
1.1e-06
1.1e-06
1.1e-06
1.1e-06
1.1e-06
1.1e-06
1.1e-06
1.1e-06
1.1e-06
1.1e-06
1.1e-06
1.1e-06
1.1e-06
1.1e-06
1.1e-06
1.1e-06
1.1e-06
1.1e-06
1.1e-06
1.1e-06
1.1e-06
1.1e-06
1.1e-06
1.1e-06
1.1e-06
1.1e-06
1.1e-06
1.1e-06
1.1e-06
1.1e-06
1.1e-06
1.1e-06
1.1e-06
1.1e-06
1.1e-06
1.1e-06
1.1e-06
1.1e-06
1.1e-06
1.1e-06
1.1e-06
1.1e-06
1.1e-06
1.1e-06
1.1e-06
1.1e-06
1.1e-06
1.1e-06
1.1e-06
1.1e-06
1.1e-06
1.1e-06
1.1e-06
1.1e-06
1.1e-06
3.62251e-06
1.1e-06
1.1e-06
1.1e-06
1.1e-06
1.1e-06
1.1e-06
1.1e-06
1.1e-06
1.1e-06
1.1e-06
1.1e-06
1.1e-06
1.1e-06
1.1e-06
1.1e-06
1.1e-06
1.1e-06
1.1e-06
1.1e-06
1.1e-06
1.1e-06
1.1e-06
1.1e-06
1.1e-06
1.1e-06
1.1e-06
1.1e-06
1.1e-06
1.1e-06
1.1e-06
1.1e-06
1.1e-06
1.1e-06
1.1e-06
1.1e-06
1.1e-06
1.1e-06
1.1e-06
1.1e-06
1.1e-06
1.1e-06
1.1e-06
1.1e-06
1.1e-06
1.1e-06
1.1e-06
1.1e-06
1.1e-06
1.1e-06
1.1e-06
1.1e-06
1.1e-06
1.1e-06
1.1e-06
1.1e-06
1.1e-06
1.1e-06
1.1e-06
1.1e-06
1.1e-06
1.1e-06
1.1e-06
1.1e-06
1.1e-06
1.1e-06
1.1e-06
1.1e-06
1.1e-06
1.1e-06
1.1e-06
1.1e-06
1.1e-06
1.1e-06
1.1e-06
1.1e-06
1.1e-06
1.1e-06
1.1e-06
1.1e-06
1.1e-06
1.1e-06
1.1e-06
1.1e-06
1.1e-06
1.1e-06
1.1e-06
1.1e-06
1.1e-06
1.1e-06
1.1e-06
1.1e-06
1.1e-06
1.1e-06
1.1e-06
1.1e-06
1.1e-06
1.1e-06
1.1e-06
1.1e-06
1.1e-06
1.1e-06
1.1e-06
1.1e-06
1.1e-06
1.1e-06
1.1e-06
1.1e-06
1.1e-06
1.1e-06
1.1e-06
1.1e-06
1.1e-06
1.1e-06
1.1e-06
1.1e-06
1.1e-06
1.1e-06
1.1e-06
1.1e-06
1.1e-06
1.1e-06
1.1e-06
1.1e-06
1.1e-06
1.1e-06
1.1e-06
1.1e-06
1.1e-06
1.1e-06
1.1e-06
1.1e-06
1.1e-06
1.1e-06
1.1e-06
1.1e-06
1.1e-06
1.1e-06
1.1e-06
1.1e-06
1.1e-06
1.1e-06
1.1e-06
1.1e-06
1.1e-06
1.1e-06
1.1e-06
1.1e-06
1.1e-06
1.1e-06
1.1e-06
1.1e-06
1.1e-06
1.1e-06
1.1e-06
1.1e-06
1.1e-06
1.1e-06
1.1e-06
1.1e-06
1.1e-06
1.1e-06
1.1e-06
1.1e-06
1.1e-06
1.1e-06
1.1e-06
1.1e-06
1.1e-06
1.1e-06
1.1e-06
1.1e-06
1.1e-06
1.1e-06
1.1e-06
1.1e-06
1.1e-06
1.1e-06
1.1e-06
1.1e-06
7.41809e-06
1.1e-06
1.1e-06
1.1e-06
1.1e-06
1.1e-06
1.1e-06
1.1e-06
1.1e-06
1.1e-06
1.1e-06
1.1e-06
1.1e-06
1.1e-06
1.1e-06
1.1e-06
1.1e-06
1.1e-06
1.1e-06
1.1e-06
1.1e-06
1.1e-06
1.1e-06
1.1e-06
1.1e-06
1.1e-06
1.1e-06
1.1e-06
1.1e-06
1.1e-06
1.1e-06
1.1e-06
1.1e-06
1.1e-06
1.1e-06
1.1e-06
1.1e-06
1.1e-06
1.1e-06
1.1e-06
1.1e-06
1.1e-06
1.1e-06
1.1e-06
1.1e-06
1.1e-06
1.1e-06
1.1e-06
1.1e-06
1.1e-06
1.1e-06
1.1e-06
1.1e-06
1.1e-06
1.1e-06
1.1e-06
1.1e-06
1.1e-06
1.1e-06
1.1e-06
1.1e-06
1.1e-06
1.1e-06
1.1e-06
1.1e-06
1.1e-06
1.1e-06
1.1e-06
1.1e-06
1.1e-06
1.1e-06
1.1e-06
1.1e-06
1.1e-06
1.1e-06
1.1e-06
1.1e-06
1.1e-06
1.1e-06
1.1e-06
1.1e-06
1.1e-06
1.1e-06
1.1e-06
1.1e-06
1.1e-06
1.1e-06
1.1e-06
1.1e-06
1.1e-06
1.1e-06
1.1e-06
1.1e-06
1.1e-06
1.1e-06
1.1e-06
1.1e-06
1.1e-06
1.1e-06
1.1e-06
1.1e-06
1.1e-06
1.1e-06
1.1e-06
1.1e-06
1.1e-06
1.1e-06
1.1e-06
1.1e-06
1.1e-06
1.1e-06
1.1e-06
1.1e-06
1.1e-06
1.1e-06
1.1e-06
1.1e-06
1.1e-06
1.1e-06
1.1e-06
1.1e-06
1.1e-06
1.1e-06
1.1e-06
1.1e-06
1.1e-06
1.1e-06
1.1e-06
1.1e-06
1.1e-06
1.1e-06
1.1e-06
1.1e-06
1.1e-06
1.1e-06
1.1e-06
1.1e-06
1.1e-06
1.1e-06
1.1e-06
1.1e-06
1.1e-06
1.1e-06
1.1e-06
1.1e-06
1.1e-06
1.1e-06
1.1e-06
1.1e-06
1.1e-06
1.1e-06
1.1e-06
1.1e-06
1.1e-06
1.1e-06
1.1e-06
1.1e-06
1.1e-06
1.1e-06
1.1e-06
1.1e-06
1.1e-06
1.1e-06
1.1e-06
1.1e-06
1.1e-06
1.1e-06
1.1e-06
1.1e-06
1.1e-06
1.1e-06
1.1e-06
1.1e-06
1.1e-06
1.1e-06
1.1e-06
1.1e-06
1.1e-06
1.1e-06
1.1e-06
1.38014e-05
1.1e-06
1.1e-06
1.1e-06
1.1e-06
1.1e-06
1.1e-06
1.1e-06
1.1e-06
1.1e-06
1.1e-06
1.1e-06
1.1e-06
1.1e-06
1.1e-06
1.1e-06
1.1e-06
1.1e-06
1.1e-06
1.1e-06
1.1e-06
1.1e-06
1.1e-06
1.1e-06
1.1e-06
1.1e-06
1.1e-06
1.1e-06
1.1e-06
1.1e-06
1.1e-06
1.1e-06
1.1e-06
1.1e-06
1.1e-06
1.1e-06
1.1e-06
1.1e-06
1.1e-06
1.1e-06
1.1e-06
1.1e-06
1.1e-06
1.1e-06
1.1e-06
1.1e-06
1.1e-06
1.1e-06
1.1e-06
1.1e-06
1.1e-06
1.1e-06
1.1e-06
1.1e-06
1.1e-06
1.1e-06
1.1e-06
1.1e-06
1.1e-06
1.1e-06
1.1e-06
1.1e-06
1.1e-06
1.1e-06
1.1e-06
1.1e-06
1.1e-06
1.1e-06
1.1e-06
1.1e-06
1.1e-06
1.1e-06
1.1e-06
1.1e-06
1.1e-06
1.1e-06
1.1e-06
1.1e-06
1.1e-06
1.1e-06
1.1e-06
1.1e-06
1.1e-06
1.1e-06
1.1e-06
1.1e-06
1.1e-06
1.1e-06
1.1e-06
1.1e-06
1.1e-06
1.1e-06
1.1e-06
1.1e-06
1.1e-06
1.1e-06
1.1e-06
1.1e-06
1.1e-06
1.1e-06
1.1e-06
1.1e-06
1.1e-06
1.1e-06
1.1e-06
1.1e-06
1.1e-06
1.1e-06
1.1e-06
1.1e-06
1.1e-06
1.1e-06
1.1e-06
1.1e-06
1.1e-06
1.1e-06
1.1e-06
1.1e-06
1.1e-06
1.1e-06
1.1e-06
1.1e-06
1.1e-06
1.1e-06
1.1e-06
1.1e-06
1.1e-06
1.1e-06
1.1e-06
1.1e-06
1.1e-06
1.1e-06
1.1e-06
1.1e-06
1.1e-06
1.1e-06
1.1e-06
1.1e-06
1.1e-06
1.1e-06
1.1e-06
1.1e-06
1.1e-06
1.1e-06
1.1e-06
1.1e-06
1.1e-06
1.1e-06
1.1e-06
1.1e-06
1.1e-06
1.1e-06
1.1e-06
1.1e-06
1.1e-06
1.1e-06
1.1e-06
1.1e-06
1.1e-06
1.1e-06
1.1e-06
1.1e-06
1.1e-06
1.1e-06
1.1e-06
1.1e-06
1.1e-06
1.1e-06
1.1e-06
1.1e-06
1.1e-06
1.1e-06
1.1e-06
1.1e-06
1.1e-06
1.1e-06
1.1e-06
1.1e-06
1.1e-06
1.1e-06
2.18135e-05
1.1e-06
1.1e-06
1.1e-06
1.1e-06
1.1e-06
1.1e-06
1.1e-06
1.1e-06
1.1e-06
1.1e-06
1.1e-06
1.1e-06
1.1e-06
1.1e-06
1.1e-06
1.1e-06
1.1e-06
1.1e-06
1.1e-06
1.1e-06
1.1e-06
1.1e-06
1.1e-06
1.1e-06
1.1e-06
1.1e-06
1.1e-06
1.1e-06
1.1e-06
1.1e-06
1.1e-06
1.1e-06
1.1e-06
1.1e-06
1.1e-06
1.1e-06
1.1e-06
1.1e-06
1.1e-06
1.1e-06
1.1e-06
1.1e-06
1.1e-06
1.1e-06
1.1e-06
1.1e-06
1.1e-06
1.1e-06
1.1e-06
1.1e-06
1.1e-06
1.1e-06
1.1e-06
1.1e-06
1.1e-06
1.1e-06
1.1e-06
1.1e-06
1.1e-06
1.1e-06
1.1e-06
1.1e-06
1.1e-06
1.1e-06
1.1e-06
1.1e-06
1.1e-06
1.1e-06
1.1e-06
1.1e-06
1.1e-06
1.1e-06
1.1e-06
1.1e-06
1.1e-06
1.1e-06
1.1e-06
1.1e-06
1.1e-06
1.1e-06
1.1e-06
1.1e-06
1.1e-06
1.1e-06
1.1e-06
1.1e-06
1.1e-06
1.1e-06
1.1e-06
1.1e-06
1.1e-06
1.1e-06
1.1e-06
1.1e-06
1.1e-06
1.1e-06
1.1e-06
1.1e-06
1.1e-06
1.1e-06
1.1e-06
1.1e-06
1.1e-06
1.1e-06
1.1e-06
1.1e-06
1.1e-06
1.1e-06
1.1e-06
1.1e-06
1.1e-06
1.1e-06
1.1e-06
1.1e-06
1.1e-06
1.1e-06
1.1e-06
1.1e-06
1.1e-06
1.1e-06
1.1e-06
1.1e-06
1.1e-06
1.1e-06
1.1e-06
1.1e-06
1.1e-06
1.1e-06
1.1e-06
1.1e-06
1.1e-06
1.1e-06
1.1e-06
1.1e-06
1.1e-06
1.1e-06
1.1e-06
1.1e-06
1.1e-06
1.1e-06
1.1e-06
1.1e-06
1.1e-06
1.1e-06
1.1e-06
1.1e-06
1.1e-06
1.1e-06
1.1e-06
1.1e-06
1.1e-06
1.1e-06
1.1e-06
1.1e-06
1.1e-06
1.1e-06
1.1e-06
1.1e-06
1.1e-06
1.1e-06
1.1e-06
1.1e-06
1.1e-06
1.1e-06
1.1e-06
1.1e-06
1.1e-06
1.1e-06
1.1e-06
1.1e-06
1.1e-06
1.1e-06
1.1e-06
1.1e-06
1.1e-06
1.1e-06
1.1e-06
1.1e-06
1.1e-06
3.16312e-05
1.1e-06
1.1e-06
1.1e-06
1.1e-06
1.1e-06
1.1e-06
1.1e-06
1.1e-06
1.1e-06
1.1e-06
1.1e-06
1.1e-06
1.1e-06
1.1e-06
1.1e-06
1.1e-06
1.1e-06
1.1e-06
1.1e-06
1.1e-06
1.1e-06
1.1e-06
1.1e-06
1.1e-06
1.1e-06
1.1e-06
1.1e-06
1.1e-06
1.1e-06
1.1e-06
1.1e-06
1.1e-06
1.1e-06
1.1e-06
1.1e-06
1.1e-06
1.1e-06
1.1e-06
1.1e-06
1.1e-06
1.1e-06
1.1e-06
1.1e-06
1.1e-06
1.1e-06
1.1e-06
1.1e-06
1.1e-06
1.1e-06
1.1e-06
1.1e-06
1.1e-06
1.1e-06
1.1e-06
1.1e-06
1.1e-06
1.1e-06
1.1e-06
1.1e-06
1.1e-06
1.1e-06
1.1e-06
1.1e-06
1.1e-06
1.1e-06
1.1e-06
1.1e-06
1.1e-06
1.1e-06
1.1e-06
1.1e-06
1.1e-06
1.1e-06
1.1e-06
1.1e-06
1.1e-06
1.1e-06
1.1e-06
1.1e-06
1.1e-06
1.1e-06
1.1e-06
1.1e-06
1.1e-06
1.1e-06
1.1e-06
1.1e-06
1.1e-06
1.1e-06
1.1e-06
1.1e-06
1.1e-06
1.1e-06
1.1e-06
1.1e-06
1.1e-06
1.1e-06
1.1e-06
1.1e-06
1.1e-06
1.1e-06
1.1e-06
1.1e-06
1.1e-06
1.1e-06
1.1e-06
1.1e-06
1.1e-06
1.1e-06
1.1e-06
1.1e-06
1.1e-06
1.1e-06
1.1e-06
1.1e-06
1.1e-06
1.1e-06
1.1e-06
1.1e-06
1.1e-06
1.1e-06
1.1e-06
1.1e-06
1.1e-06
1.1e-06
1.1e-06
1.1e-06
1.1e-06
1.1e-06
1.1e-06
1.1e-06
1.1e-06
1.1e-06
1.1e-06
1.1e-06
1.1e-06
1.1e-06
1.1e-06
1.1e-06
1.1e-06
1.1e-06
1.1e-06
1.1e-06
1.1e-06
1.1e-06
1.1e-06
1.1e-06
1.1e-06
1.1e-06
1.1e-06
1.1e-06
1.1e-06
1.1e-06
1.1e-06
1.1e-06
1.1e-06
1.1e-06
1.1e-06
1.1e-06
1.1e-06
1.1e-06
1.1e-06
1.1e-06
1.1e-06
1.1e-06
1.1e-06
1.1e-06
1.1e-06
1.1e-06
1.1e-06
1.1e-06
1.1e-06
1.1e-06
1.1e-06
1.1e-06
1.1e-06
1.1e-06
1.1e-06
1.1e-06
3.79318e-05
1.1e-06
1.1e-06
1.1e-06
1.1e-06
1.1e-06
1.1e-06
1.1e-06
1.1e-06
1.1e-06
1.1e-06
1.1e-06
1.1e-06
1.1e-06
1.1e-06
1.1e-06
1.1e-06
1.1e-06
1.1e-06
1.1e-06
1.1e-06
1.1e-06
1.1e-06
1.1e-06
1.1e-06
1.1e-06
1.1e-06
1.1e-06
1.1e-06
1.1e-06
1.1e-06
1.1e-06
1.1e-06
1.1e-06
1.1e-06
1.1e-06
1.1e-06
1.1e-06
1.1e-06
1.1e-06
1.1e-06
1.1e-06
1.1e-06
1.1e-06
1.1e-06
1.1e-06
1.1e-06
1.1e-06
1.1e-06
1.1e-06
1.1e-06
1.1e-06
1.1e-06
1.1e-06
1.1e-06
1.1e-06
1.1e-06
1.1e-06
1.1e-06
1.1e-06
1.1e-06
1.1e-06
1.1e-06
1.1e-06
1.1e-06
1.1e-06
1.1e-06
1.1e-06
1.1e-06
1.1e-06
1.1e-06
1.1e-06
1.1e-06
1.1e-06
1.1e-06
1.1e-06
1.1e-06
1.1e-06
1.1e-06
1.1e-06
1.1e-06
1.1e-06
1.1e-06
1.1e-06
1.1e-06
1.1e-06
1.1e-06
1.1e-06
1.1e-06
1.1e-06
1.1e-06
1.1e-06
1.1e-06
1.1e-06
1.1e-06
1.1e-06
1.1e-06
1.1e-06
1.1e-06
1.1e-06
1.1e-06
1.1e-06
1.1e-06
1.1e-06
1.1e-06
1.1e-06
1.1e-06
1.1e-06
1.1e-06
1.1e-06
1.1e-06
1.1e-06
1.1e-06
1.1e-06
1.1e-06
1.1e-06
1.1e-06
1.1e-06
1.1e-06
1.1e-06
1.1e-06
1.1e-06
1.1e-06
1.1e-06
1.1e-06
1.1e-06
1.1e-06
1.1e-06
1.1e-06
1.1e-06
1.1e-06
1.1e-06
1.1e-06
1.1e-06
1.1e-06
1.1e-06
1.1e-06
1.1e-06
1.1e-06
1.1e-06
1.1e-06
1.1e-06
1.1e-06
1.1e-06
1.1e-06
1.1e-06
1.1e-06
1.1e-06
1.1e-06
1.1e-06
1.1e-06
1.1e-06
1.1e-06
1.1e-06
1.1e-06
1.1e-06
1.1e-06
1.1e-06
1.1e-06
1.1e-06
1.1e-06
1.1e-06
1.1e-06
1.1e-06
1.1e-06
1.1e-06
1.1e-06
1.1e-06
1.1e-06
1.1e-06
1.1e-06
1.1e-06
1.1e-06
1.1e-06
1.1e-06
1.1e-06
1.1e-06
1.1e-06
1.1e-06
1.1e-06
2.92163e-05
1.1e-06
1.1e-06
1.1e-06
1.1e-06
1.1e-06
1.1e-06
1.1e-06
1.1e-06
1.1e-06
1.1e-06
1.1e-06
1.1e-06
1.1e-06
1.1e-06
1.1e-06
1.1e-06
1.1e-06
1.1e-06
1.1e-06
1.1e-06
1.1e-06
1.1e-06
1.1e-06
1.1e-06
1.1e-06
1.1e-06
1.1e-06
1.1e-06
1.1e-06
1.1e-06
1.1e-06
1.1e-06
1.1e-06
1.1e-06
1.1e-06
1.1e-06
1.1e-06
1.1e-06
1.1e-06
1.1e-06
1.1e-06
1.1e-06
1.1e-06
1.1e-06
1.1e-06
1.1e-06
1.1e-06
1.1e-06
1.1e-06
1.1e-06
1.1e-06
1.1e-06
1.1e-06
1.1e-06
1.1e-06
1.1e-06
1.1e-06
1.1e-06
1.1e-06
1.1e-06
1.1e-06
1.1e-06
1.1e-06
1.1e-06
1.1e-06
1.1e-06
1.1e-06
1.1e-06
1.1e-06
1.1e-06
1.1e-06
1.1e-06
1.1e-06
1.1e-06
1.1e-06
1.1e-06
1.1e-06
1.1e-06
1.1e-06
1.1e-06
1.1e-06
1.1e-06
1.1e-06
1.1e-06
1.1e-06
1.1e-06
1.1e-06
1.1e-06
1.1e-06
1.1e-06
1.1e-06
1.1e-06
1.1e-06
1.1e-06
1.1e-06
1.1e-06
1.1e-06
1.1e-06
1.1e-06
1.1e-06
1.1e-06
1.1e-06
1.1e-06
1.1e-06
1.1e-06
1.1e-06
1.1e-06
1.1e-06
1.1e-06
1.1e-06
1.1e-06
1.1e-06
1.1e-06
1.1e-06
1.1e-06
1.1e-06
1.1e-06
1.1e-06
1.1e-06
1.1e-06
1.1e-06
1.1e-06
1.1e-06
1.1e-06
1.1e-06
1.1e-06
1.1e-06
1.1e-06
1.1e-06
1.1e-06
1.1e-06
1.1e-06
1.1e-06
1.1e-06
1.1e-06
1.1e-06
1.1e-06
1.1e-06
1.1e-06
1.1e-06
1.1e-06
1.1e-06
1.1e-06
1.1e-06
1.1e-06
1.1e-06
1.1e-06
1.1e-06
1.1e-06
1.1e-06
1.1e-06
1.1e-06
1.1e-06
1.1e-06
1.1e-06
1.1e-06
1.1e-06
1.1e-06
1.1e-06
1.1e-06
1.1e-06
1.1e-06
1.1e-06
1.1e-06
1.1e-06
1.1e-06
1.1e-06
1.1e-06
1.1e-06
1.1e-06
1.1e-06
1.1e-06
1.1e-06
1.1e-06
1.1e-06
1.1e-06
1.1e-06
1.1e-06
1.1e-06
7.40124e-06
1.1e-06
1.1e-06
1.1e-06
1.1e-06
1.1e-06
1.1e-06
1.1e-06
1.1e-06
1.1e-06
1.1e-06
1.1e-06
1.1e-06
1.1e-06
1.1e-06
1.1e-06
1.1e-06
1.1e-06
1.1e-06
1.1e-06
1.1e-06
1.1e-06
1.1e-06
1.1e-06
1.1e-06
1.1e-06
1.1e-06
1.1e-06
1.1e-06
1.1e-06
1.1e-06
1.1e-06
1.1e-06
1.1e-06
1.1e-06
1.1e-06
1.1e-06
1.1e-06
1.1e-06
1.1e-06
1.1e-06
1.1e-06
1.1e-06
1.1e-06
1.1e-06
1.1e-06
1.1e-06
1.1e-06
1.1e-06
1.1e-06
1.1e-06
1.1e-06
1.1e-06
1.1e-06
1.1e-06
1.1e-06
1.1e-06
1.1e-06
1.1e-06
1.1e-06
1.1e-06
1.1e-06
1.1e-06
1.1e-06
1.1e-06
1.1e-06
1.1e-06
1.1e-06
1.1e-06
1.1e-06
1.1e-06
1.1e-06
1.1e-06
1.1e-06
1.1e-06
1.1e-06
1.1e-06
1.1e-06
1.1e-06
1.1e-06
1.1e-06
1.1e-06
1.1e-06
1.1e-06
1.1e-06
1.1e-06
1.1e-06
1.1e-06
1.1e-06
1.1e-06
1.1e-06
1.1e-06
1.1e-06
1.1e-06
1.1e-06
1.1e-06
1.1e-06
1.1e-06
1.1e-06
1.1e-06
1.1e-06
1.1e-06
1.1e-06
1.1e-06
1.1e-06
1.1e-06
1.1e-06
1.1e-06
1.1e-06
1.1e-06
1.1e-06
1.1e-06
1.1e-06
1.1e-06
1.1e-06
1.1e-06
1.1e-06
1.1e-06
1.1e-06
1.1e-06
1.1e-06
1.1e-06
1.1e-06
1.1e-06
1.1e-06
1.1e-06
1.1e-06
1.1e-06
1.1e-06
1.1e-06
1.1e-06
1.1e-06
1.1e-06
1.1e-06
1.1e-06
1.1e-06
1.1e-06
1.1e-06
1.1e-06
1.1e-06
1.1e-06
1.1e-06
1.1e-06
1.1e-06
1.1e-06
1.1e-06
1.1e-06
1.1e-06
1.1e-06
1.1e-06
1.1e-06
1.1e-06
1.1e-06
1.1e-06
1.1e-06
1.1e-06
1.1e-06
1.1e-06
1.1e-06
1.1e-06
1.1e-06
1.1e-06
1.1e-06
1.1e-06
1.1e-06
1.1e-06
1.1e-06
1.1e-06
1.1e-06
1.1e-06
1.1e-06
1.1e-06
1.1e-06
1.1e-06
1.1e-06
1.1e-06
1.1e-06
1.1e-06
1.1e-06
1.1e-06
1.10029e-06
1.1e-06
1.1e-06
1.1e-06
1.1e-06
1.1e-06
1.1e-06
1.1e-06
1.1e-06
1.1e-06
1.1e-06
1.1e-06
1.1e-06
1.1e-06
1.1e-06
1.1e-06
1.1e-06
1.1e-06
1.1e-06
1.1e-06
1.1e-06
1.1e-06
1.1e-06
1.1e-06
1.1e-06
1.1e-06
1.1e-06
1.1e-06
1.1e-06
1.1e-06
1.1e-06
1.1e-06
1.1e-06
1.1e-06
1.1e-06
1.1e-06
1.1e-06
1.1e-06
1.1e-06
1.1e-06
1.1e-06
1.1e-06
1.1e-06
1.1e-06
1.1e-06
1.1e-06
1.1e-06
1.1e-06
1.1e-06
1.1e-06
1.1e-06
1.1e-06
1.1e-06
1.1e-06
1.1e-06
1.1e-06
1.1e-06
1.1e-06
1.1e-06
1.1e-06
1.1e-06
1.1e-06
1.1e-06
1.1e-06
1.1e-06
1.1e-06
1.1e-06
1.1e-06
1.1e-06
1.1e-06
1.1e-06
1.1e-06
1.1e-06
1.1e-06
1.1e-06
1.1e-06
1.1e-06
1.1e-06
1.1e-06
1.1e-06
1.1e-06
1.1e-06
1.1e-06
1.1e-06
1.1e-06
1.1e-06
1.1e-06
1.1e-06
1.1e-06
1.1e-06
1.1e-06
1.1e-06
1.1e-06
1.1e-06
1.1e-06
1.1e-06
1.1e-06
1.1e-06
1.1e-06
1.1e-06
1.1e-06
1.1e-06
1.1e-06
1.1e-06
1.1e-06
1.1e-06
1.1e-06
1.1e-06
1.1e-06
1.1e-06
1.1e-06
1.1e-06
1.1e-06
1.1e-06
1.1e-06
1.1e-06
1.1e-06
1.1e-06
1.1e-06
1.1e-06
1.1e-06
1.1e-06
1.1e-06
1.1e-06
1.1e-06
1.1e-06
1.1e-06
1.1e-06
1.1e-06
1.1e-06
1.1e-06
1.1e-06
1.1e-06
1.1e-06
1.1e-06
1.1e-06
1.1e-06
1.1e-06
1.1e-06
1.1e-06
1.1e-06
1.1e-06
1.1e-06
1.1e-06
1.1e-06
1.1e-06
1.1e-06
1.1e-06
1.1e-06
1.1e-06
1.1e-06
1.1e-06
1.1e-06
1.1e-06
1.1e-06
1.1e-06
1.1e-06
1.1e-06
1.1e-06
1.1e-06
1.1e-06
1.1e-06
1.1e-06
1.1e-06
1.1e-06
1.1e-06
1.1e-06
1.1e-06
1.1e-06
1.1e-06
1.1e-06
1.1e-06
1.1e-06
1.1e-06
1.1e-06
1.1e-06
1.1e-06
1.1e-06
1.1e-06
1.1e-06
1.1e-06
1.1e-06
1.1e-06
1.1e-06
1.1e-06
1.1e-06
1.1e-06
1.1e-06
1.1e-06
1.1e-06
1.1e-06
1.1e-06
1.1e-06
1.1e-06
1.1e-06
1.1e-06
1.1e-06
1.1e-06
1.1e-06
1.1e-06
1.1e-06
1.1e-06
1.1e-06
1.1e-06
1.1e-06
1.1e-06
1.1e-06
1.1e-06
1.1e-06
1.1e-06
1.1e-06
1.1e-06
1.1e-06
1.1e-06
1.1e-06
1.1e-06
1.1e-06
1.1e-06
1.1e-06
1.1e-06
1.1e-06
1.1e-06
1.1e-06
1.1e-06
1.1e-06
1.1e-06
1.1e-06
1.1e-06
1.1e-06
1.1e-06
1.1e-06
1.1e-06
1.1e-06
1.1e-06
1.1e-06
1.1e-06
1.1e-06
1.1e-06
1.1e-06
1.1e-06
1.1e-06
1.1e-06
1.1e-06
1.1e-06
1.1e-06
1.1e-06
1.1e-06
1.1e-06
1.1e-06
1.1e-06
1.1e-06
1.1e-06
1.1e-06
1.1e-06
1.1e-06
1.1e-06
1.1e-06
1.1e-06
1.1e-06
1.1e-06
1.1e-06
1.1e-06
1.1e-06
1.1e-06
1.1e-06
1.1e-06
1.1e-06
1.1e-06
1.1e-06
1.1e-06
1.1e-06
1.1e-06
1.1e-06
1.1e-06
1.1e-06
1.1e-06
1.1e-06
1.1e-06
1.1e-06
1.1e-06
1.1e-06
1.1e-06
1.1e-06
1.1e-06
1.1e-06
1.1e-06
1.1e-06
1.1e-06
1.1e-06
1.1e-06
1.1e-06
1.1e-06
1.1e-06
1.1e-06
1.1e-06
1.1e-06
1.1e-06
1.1e-06
1.1e-06
1.1e-06
1.1e-06
1.1e-06
1.1e-06
1.1e-06
1.1e-06
1.1e-06
1.1e-06
1.1e-06
1.1e-06
1.1e-06
1.1e-06
1.1e-06
1.1e-06
1.1e-06
1.1e-06
1.1e-06
1.1e-06
1.1e-06
1.1e-06
1.1e-06
1.1e-06
1.1e-06
1.1e-06
1.1e-06
1.1e-06
1.1e-06
1.1e-06
1.1e-06
1.1e-06
1.1e-06
1.1e-06
1.1e-06
1.1e-06
1.1e-06
1.1e-06
1.1e-06
1.1e-06
1.1e-06
1.1e-06
1.1e-06
1.1e-06
1.1e-06
1.1e-06
1.1e-06
1.1e-06
1.1e-06
1.1e-06
1.1e-06
1.1e-06
1.1e-06
1.1e-06
1.1e-06
1.1e-06
1.1e-06
1.1e-06
1.1e-06
1.1e-06
1.1e-06
1.1e-06
1.1e-06
1.1e-06
1.1e-06
1.1e-06
1.1e-06
1.1e-06
1.1e-06
1.1e-06
1.1e-06
1.1e-06
1.1e-06
1.1e-06
1.1e-06
1.1e-06
1.1e-06
1.1e-06
1.1e-06
1.1e-06
1.1e-06
1.1e-06
1.1e-06
1.1e-06
1.1e-06
1.1e-06
1.1e-06
1.1e-06
1.1e-06
1.1e-06
1.1e-06
1.1e-06
1.1e-06
1.1e-06
1.1e-06
1.1e-06
1.1e-06
1.1e-06
1.1e-06
1.1e-06
1.1e-06
1.1e-06
1.1e-06
1.1e-06
1.1e-06
1.1e-06
1.1e-06
1.1e-06
1.1e-06
1.1e-06
1.1e-06
1.1e-06
1.1e-06
1.1e-06
1.1e-06
1.1e-06
1.1e-06
1.1e-06
1.1e-06
1.1e-06
1.1e-06
1.1e-06
1.1e-06
1.1e-06
1.1e-06
1.1e-06
1.1e-06
1.1e-06
1.1e-06
1.1e-06
1.1e-06
1.1e-06
1.1e-06
1.1e-06
1.1e-06
1.1e-06
1.1e-06
1.1e-06
1.1e-06
1.1e-06
1.1e-06
1.1e-06
1.1e-06
1.1e-06
1.1e-06
1.1e-06
1.1e-06
1.1e-06
1.1e-06
1.1e-06
1.1e-06
1.1e-06
1.1e-06
1.1e-06
1.1e-06
1.1e-06
1.1e-06
1.1e-06
1.1e-06
1.1e-06
1.1e-06
1.1e-06
1.1e-06
1.1e-06
1.1e-06
1.1e-06
1.1e-06
1.1e-06
1.1e-06
1.1e-06
1.1e-06
1.1e-06
1.1e-06
1.1e-06
1.1e-06
1.1e-06
1.1e-06
1.1e-06
1.1e-06
1.1e-06
1.1e-06
1.1e-06
1.1e-06
1.1e-06
1.1e-06
1.1e-06
1.1e-06
1.1e-06
1.1e-06
1.1e-06
1.1e-06
1.1e-06
1.1e-06
1.1e-06
1.1e-06
1.1e-06
1.1e-06
1.1e-06
1.1e-06
1.1e-06
1.1e-06
1.1e-06
1.1e-06
1.1e-06
1.1e-06
1.1e-06
1.1e-06
1.1e-06
1.1e-06
1.1e-06
1.1e-06
1.1e-06
1.1e-06
1.1e-06
1.1e-06
1.1e-06
1.1e-06
1.1e-06
1.1e-06
1.1e-06
1.1e-06
1.1e-06
1.1e-06
1.1e-06
1.1e-06
1.1e-06
1.1e-06
1.1e-06
1.1e-06
1.1e-06
1.1e-06
1.1e-06
1.1e-06
1.1e-06
1.1e-06
1.1e-06
1.1e-06
1.1e-06
1.1e-06
1.1e-06
1.1e-06
1.1e-06
1.1e-06
1.1e-06
1.1e-06
1.1e-06
1.1e-06
1.1e-06
1.1e-06
1.1e-06
1.1e-06
1.1e-06
1.1e-06
1.1e-06
1.1e-06
1.1e-06
1.1e-06
1.1e-06
1.1e-06
1.1e-06
1.1e-06
1.1e-06
1.1e-06
1.1e-06
1.1e-06
1.1e-06
1.1e-06
1.1e-06
1.1e-06
1.1e-06
1.1e-06
1.1e-06
1.1e-06
1.1e-06
1.1e-06
1.1e-06
1.1e-06
1.1e-06
1.1e-06
1.1e-06
1.1e-06
1.1e-06
1.1e-06
1.1e-06
1.1e-06
1.1e-06
1.1e-06
1.1e-06
1.1e-06
1.1e-06
1.1e-06
1.1e-06
1.1e-06
1.1e-06
1.1e-06
1.1e-06
1.1e-06
1.1e-06
1.1e-06
1.1e-06
1.1e-06
1.1e-06
1.1e-06
1.1e-06
1.1e-06
1.1e-06
1.1e-06
1.1e-06
1.1e-06
1.1e-06
1.1e-06
1.1e-06
1.1e-06
1.1e-06
1.1e-06
1.1e-06
1.1e-06
1.1e-06
1.1e-06
1.1e-06
1.1e-06
1.1e-06
1.1e-06
1.1e-06
1.1e-06
1.1e-06
1.1e-06
1.1e-06
1.1e-06
1.1e-06
1.1e-06
1.1e-06
1.1e-06
1.1e-06
1.1e-06
1.1e-06
1.1e-06
1.1e-06
1.1e-06
1.1e-06
1.1e-06
1.1e-06
1.1e-06
1.1e-06
1.1e-06
1.1e-06
1.1e-06
1.1e-06
1.1e-06
1.1e-06
1.1e-06
1.1e-06
1.1e-06
1.1e-06
1.1e-06
1.1e-06
1.1e-06
1.1e-06
1.1e-06
1.1e-06
1.1e-06
1.1e-06
1.1e-06
1.1e-06
1.1e-06
1.1e-06
1.1e-06
1.1e-06
1.1e-06
1.1e-06
1.1e-06
1.1e-06
1.1e-06
1.1e-06
1.1e-06
1.1e-06
1.1e-06
1.1e-06
1.1e-06
1.1e-06
1.1e-06
1.1e-06
1.1e-06
1.1e-06
1.1e-06
1.1e-06
1.1e-06
1.1e-06
1.1e-06
1.1e-06
1.1e-06
1.1e-06
1.1e-06
1.1e-06
1.1e-06
1.1e-06
1.1e-06
1.1e-06
1.1e-06
1.1e-06
1.1e-06
1.1e-06
1.1e-06
1.1e-06
1.1e-06
1.1e-06
1.1e-06
1.1e-06
1.1e-06
1.1e-06
1.1e-06
1.1e-06
1.1e-06
1.1e-06
1.1e-06
1.1e-06
1.1e-06
1.1e-06
1.1e-06
1.1e-06
1.1e-06
1.1e-06
1.1e-06
1.1e-06
1.1e-06
1.1e-06
1.1e-06
1.1e-06
1.1e-06
1.1e-06
1.1e-06
1.1e-06
1.1e-06
1.1e-06
1.1e-06
1.1e-06
1.1e-06
1.1e-06
1.1e-06
1.1e-06
1.1e-06
1.1e-06
1.1e-06
1.1e-06
1.1e-06
1.1e-06
1.1e-06
1.1e-06
1.1e-06
1.1e-06
1.1e-06
1.1e-06
1.1e-06
1.1e-06
1.1e-06
1.1e-06
1.1e-06
1.1e-06
1.1e-06
1.1e-06
1.1e-06
1.1e-06
1.1e-06
1.1e-06
1.1e-06
1.1e-06
1.1e-06
1.1e-06
1.1e-06
1.1e-06
1.1e-06
1.1e-06
1.1e-06
1.1e-06
1.1e-06
1.1e-06
1.1e-06
1.1e-06
1.1e-06
1.1e-06
1.1e-06
1.1e-06
1.1e-06
1.1e-06
1.1e-06
1.1e-06
1.1e-06
1.1e-06
1.1e-06
1.1e-06
1.1e-06
1.1e-06
1.1e-06
1.1e-06
1.1e-06
1.1e-06
1.1e-06
1.1e-06
1.1e-06
1.1e-06
1.1e-06
1.1e-06
1.1e-06
1.1e-06
1.1e-06
1.1e-06
1.1e-06
1.1e-06
1.1e-06
1.1e-06
1.1e-06
1.1e-06
1.1e-06
1.1e-06
1.1e-06
1.1e-06
1.1e-06
1.1e-06
1.1e-06
1.1e-06
1.1e-06
1.1e-06
1.1e-06
1.1e-06
1.1e-06
1.1e-06
1.1e-06
1.1e-06
1.1e-06
1.1e-06
1.1e-06
1.1e-06
1.1e-06
1.1e-06
1.1e-06
1.1e-06
1.1e-06
1.1e-06
1.1e-06
1.1e-06
1.1e-06
1.1e-06
1.1e-06
1.1e-06
1.1e-06
1.1e-06
1.1e-06
1.1e-06
1.1e-06
1.1e-06
1.1e-06
1.1e-06
1.1e-06
1.1e-06
1.1e-06
1.1e-06
1.1e-06
1.1e-06
1.1e-06
1.1e-06
1.1e-06
1.1e-06
1.1e-06
1.1e-06
1.1e-06
1.1e-06
1.1e-06
1.1e-06
1.1e-06
1.1e-06
1.1e-06
1.1e-06
1.1e-06
1.1e-06
1.1e-06
1.1e-06
1.1e-06
1.1e-06
1.1e-06
1.1e-06
1.1e-06
1.1e-06
1.1e-06
1.1e-06
1.1e-06
1.1e-06
1.1e-06
1.1e-06
1.1e-06
1.1e-06
1.1e-06
1.1e-06
1.1e-06
1.1e-06
1.1e-06
1.1e-06
1.1e-06
1.1e-06
1.1e-06
1.1e-06
1.1e-06
1.1e-06
1.1e-06
1.1e-06
1.1e-06
1.1e-06
1.1e-06
1.1e-06
1.1e-06
1.1e-06
1.1e-06
1.1e-06
1.1e-06
1.1e-06
1.1e-06
1.1e-06
1.1e-06
1.1e-06
1.1e-06
1.1e-06
1.1e-06
1.1e-06
1.1e-06
1.1e-06
1.1e-06
1.1e-06
1.1e-06
1.1e-06
1.1e-06
1.1e-06
1.1e-06
1.1e-06
1.1e-06
1.1e-06
1.1e-06
1.1e-06
1.1e-06
1.1e-06
1.1e-06
1.1e-06
1.1e-06
1.1e-06
1.1e-06
1.1e-06
1.1e-06
1.1e-06
1.1e-06
1.1e-06
1.1e-06
1.1e-06
1.1e-06
1.1e-06
1.1e-06
1.1e-06
1.1e-06
1.1e-06
1.1e-06
1.1e-06
1.1e-06
1.1e-06
1.1e-06
1.1e-06
1.1e-06
1.1e-06
1.1e-06
1.1e-06
1.1e-06
1.1e-06
1.1e-06
1.1e-06
1.1e-06
1.1e-06
1.1e-06
1.1e-06
1.1e-06
1.1e-06
1.1e-06
1.1e-06
1.1e-06
1.1e-06
1.1e-06
1.1e-06
1.1e-06
1.1e-06
1.1e-06
1.1e-06
1.1e-06
1.1e-06
1.1e-06
1.1e-06
1.1e-06
1.1e-06
1.1e-06
1.1e-06
1.1e-06
1.1e-06
1.1e-06
1.1e-06
1.1e-06
1.1e-06
1.1e-06
1.1e-06
1.1e-06
1.1e-06
1.1e-06
1.1e-06
1.1e-06
1.1e-06
1.1e-06
1.1e-06
1.1e-06
1.1e-06
1.1e-06
1.1e-06
1.1e-06
1.1e-06
1.1e-06
1.1e-06
1.1e-06
1.1e-06
1.1e-06
1.1e-06
1.1e-06
1.1e-06
1.1e-06
1.1e-06
1.1e-06
1.1e-06
1.1e-06
1.1e-06
1.1e-06
1.1e-06
1.1e-06
1.1e-06
1.1e-06
1.1e-06
1.1e-06
1.1e-06
1.1e-06
1.1e-06
1.1e-06
1.1e-06
1.1e-06
1.1e-06
1.1e-06
1.1e-06
1.1e-06
1.1e-06
1.1e-06
1.1e-06
1.1e-06
1.1e-06
1.1e-06
1.1e-06
1.1e-06
1.1e-06
1.1e-06
1.1e-06
1.1e-06
1.1e-06
1.1e-06
1.1e-06
1.1e-06
1.1e-06
1.1e-06
1.1e-06
1.1e-06
1.1e-06
1.1e-06
1.1e-06
1.1e-06
1.1e-06
1.1e-06
1.1e-06
1.1e-06
1.1e-06
1.1e-06
1.1e-06
1.1e-06
1.1e-06
1.1e-06
1.1e-06
1.1e-06
1.1e-06
1.1e-06
1.1e-06
1.1e-06
1.1e-06
1.1e-06
1.1e-06
1.1e-06
1.1e-06
1.1e-06
1.1e-06
1.1e-06
1.1e-06
1.1e-06
1.1e-06
1.1e-06
1.1e-06
1.1e-06
1.1e-06
1.1e-06
1.1e-06
1.1e-06
1.1e-06
1.1e-06
1.1e-06
1.1e-06
1.1e-06
1.1e-06
1.1e-06
1.1e-06
1.1e-06
1.1e-06
1.1e-06
1.1e-06
1.1e-06
1.1e-06
1.1e-06
1.1e-06
1.1e-06
1.1e-06
1.1e-06
1.1e-06
1.1e-06
1.1e-06
1.1e-06
1.1e-06
1.1e-06
1.1e-06
1.1e-06
1.1e-06
1.1e-06
1.1e-06
1.1e-06
1.1e-06
1.1e-06
1.1e-06
1.1e-06
1.1e-06
1.1e-06
1.1e-06
1.1e-06
1.1e-06
1.1e-06
1.1e-06
1.1e-06
1.1e-06
1.1e-06
1.1e-06
1.1e-06
1.1e-06
1.1e-06
1.1e-06
1.1e-06
1.1e-06
1.1e-06
1.1e-06
1.1e-06
1.1e-06
1.1e-06
1.1e-06
1.1e-06
1.1e-06
1.1e-06
1.1e-06
1.1e-06
1.1e-06
1.1e-06
1.1e-06
1.1e-06
1.1e-06
1.1e-06
1.1e-06
1.1e-06
1.1e-06
1.1e-06
1.1e-06
1.1e-06
1.1e-06
1.1e-06
1.1e-06
1.1e-06
1.1e-06
1.1e-06
1.1e-06
1.1e-06
1.1e-06
1.1e-06
1.1e-06
1.1e-06
1.1e-06
1.1e-06
1.1e-06
1.1e-06
1.1e-06
1.1e-06
1.1e-06
1.1e-06
1.1e-06
1.1e-06
1.1e-06
1.1e-06
1.1e-06
1.1e-06
1.1e-06
1.1e-06
1.1e-06
1.1e-06
1.1e-06
1.1e-06
1.1e-06
1.1e-06
1.1e-06
1.1e-06
1.1e-06
1.1e-06
1.1e-06
1.1e-06
1.1e-06
1.1e-06
1.1e-06
1.1e-06
1.1e-06
1.1e-06
1.1e-06
1.1e-06
1.1e-06
1.1e-06
1.1e-06
1.1e-06
1.1e-06
1.1e-06
1.1e-06
1.1e-06
1.1e-06
1.1e-06
1.1e-06
1.1e-06
1.1e-06
1.1e-06
1.1e-06
1.1e-06
1.1e-06
1.1e-06
1.1e-06
1.1e-06
1.1e-06
1.1e-06
1.1e-06
1.1e-06
1.1e-06
1.1e-06
1.1e-06
1.1e-06
1.1e-06
1.1e-06
1.1e-06
1.1e-06
1.1e-06
1.1e-06
1.1e-06
1.1e-06
1.1e-06
1.1e-06
1.1e-06
1.1e-06
1.1e-06
1.1e-06
1.1e-06
1.1e-06
1.1e-06
1.1e-06
1.1e-06
1.1e-06
1.1e-06
1.1e-06
1.1e-06
1.1e-06
1.1e-06
1.1e-06
1.1e-06
1.1e-06
1.1e-06
1.1e-06
1.1e-06
1.1e-06
1.1e-06
1.1e-06
1.1e-06
1.1e-06
1.1e-06
1.1e-06
1.1e-06
1.1e-06
1.1e-06
1.1e-06
1.1e-06
1.1e-06
1.1e-06
1.1e-06
1.1e-06
1.1e-06
1.1e-06
1.1e-06
1.1e-06
1.1e-06
1.1e-06
1.1e-06
1.1e-06
1.1e-06
1.1e-06
1.1e-06
1.1e-06
1.1e-06
1.1e-06
1.1e-06
1.1e-06
1.1e-06
1.1e-06
1.1e-06
1.1e-06
1.1e-06
1.1e-06
1.1e-06
1.1e-06
1.1e-06
1.1e-06
1.1e-06
1.1e-06
1.1e-06
1.1e-06
1.1e-06
1.1e-06
1.1e-06
1.1e-06
1.1e-06
1.1e-06
1.1e-06
1.1e-06
1.1e-06
1.1e-06
1.1e-06
1.1e-06
1.1e-06
1.1e-06
1.1e-06
1.1e-06
1.1e-06
1.1e-06
1.1e-06
1.1e-06
1.1e-06
1.1e-06
1.1e-06
1.1e-06
1.1e-06
1.1e-06
1.1e-06
1.1e-06
1.1e-06
1.1e-06
1.1e-06
1.1e-06
1.1e-06
1.1e-06
1.1e-06
1.1e-06
1.1e-06
1.1e-06
1.1e-06
1.1e-06
1.1e-06
1.1e-06
1.1e-06
1.1e-06
1.1e-06
1.1e-06
1.1e-06
1.1e-06
1.1e-06
1.1e-06
1.1e-06
1.1e-06
1.1e-06
1.1e-06
1.1e-06
1.1e-06
1.1e-06
1.1e-06
1.1e-06
1.1e-06
1.1e-06
1.1e-06
1.1e-06
1.1e-06
1.1e-06
1.1e-06
1.1e-06
1.1e-06
1.1e-06
1.1e-06
1.1e-06
1.1e-06
1.1e-06
1.1e-06
1.1e-06
1.1e-06
1.1e-06
1.1e-06
1.1e-06
1.1e-06
1.1e-06
1.1e-06
1.1e-06
1.1e-06
1.1e-06
1.1e-06
1.1e-06
1.1e-06
1.1e-06
1.1e-06
1.1e-06
1.1e-06
1.1e-06
1.1e-06
1.1e-06
1.1e-06
1.1e-06
1.1e-06
1.1e-06
1.1e-06
1.1e-06
1.1e-06
1.1e-06
1.1e-06
1.1e-06
1.1e-06
1.1e-06
1.1e-06
1.1e-06
1.1e-06
1.1e-06
1.1e-06
1.1e-06
1.1e-06
1.1e-06
1.1e-06
1.1e-06
1.1e-06
1.1e-06
1.1e-06
1.1e-06
1.1e-06
1.1e-06
1.1e-06
1.1e-06
1.1e-06
1.1e-06
1.1e-06
1.1e-06
1.1e-06
1.1e-06
1.1e-06
1.1e-06
1.1e-06
1.1e-06
1.1e-06
1.1e-06
1.1e-06
1.1e-06
1.1e-06
1.1e-06
1.1e-06
1.1e-06
1.1e-06
1.1e-06
1.1e-06
1.1e-06
1.1e-06
1.1e-06
1.1e-06
1.1e-06
1.1e-06
1.1e-06
1.1e-06
1.1e-06
1.1e-06
1.1e-06
1.1e-06
1.1e-06
1.1e-06
1.1e-06
1.1e-06
1.1e-06
1.1e-06
1.1e-06
1.1e-06
1.1e-06
1.1e-06
1.1e-06
1.1e-06
1.1e-06
1.1e-06
1.1e-06
1.1e-06
1.1e-06
1.1e-06
1.1e-06
1.1e-06
1.1e-06
1.1e-06
1.1e-06
1.1e-06
1.1e-06
1.1e-06
1.1e-06
1.1e-06
1.1e-06
1.1e-06
1.1e-06
1.1e-06
1.1e-06
1.1e-06
1.1e-06
1.1e-06
1.1e-06
1.1e-06
1.1e-06
1.1e-06
1.1e-06
1.1e-06
1.1e-06
1.1e-06
1.1e-06
1.1e-06
1.1e-06
1.1e-06
1.1e-06
1.1e-06
1.1e-06
1.1e-06
1.1e-06
1.1e-06
1.1e-06
1.1e-06
1.1e-06
1.1e-06
1.1e-06
1.1e-06
1.1e-06
1.1e-06
1.1e-06
1.1e-06
1.1e-06
1.1e-06
1.1e-06
1.1e-06
1.1e-06
1.1e-06
1.1e-06
1.1e-06
1.1e-06
1.1e-06
1.1e-06
1.1e-06
1.1e-06
1.1e-06
1.1e-06
1.1e-06
1.1e-06
1.1e-06
1.1e-06
1.1e-06
1.1e-06
1.1e-06
1.1e-06
1.1e-06
1.1e-06
1.1e-06
1.1e-06
1.1e-06
1.1e-06
1.1e-06
1.1e-06
1.1e-06
1.1e-06
1.1e-06
1.1e-06
1.1e-06
1.1e-06
1.1e-06
1.1e-06
1.1e-06
1.1e-06
1.1e-06
1.1e-06
1.1e-06
1.1e-06
1.1e-06
1.1e-06
1.1e-06
1.1e-06
1.1e-06
1.1e-06
1.1e-06
1.1e-06
1.1e-06
1.1e-06
1.1e-06
1.1e-06
1.1e-06
1.1e-06
1.1e-06
1.1e-06
1.1e-06
1.1e-06
1.1e-06
1.1e-06
1.1e-06
1.1e-06
1.1e-06
1.1e-06
1.1e-06
1.1e-06
1.1e-06
1.1e-06
1.1e-06
1.1e-06
1.1e-06
1.1e-06
1.1e-06
1.1e-06
1.1e-06
1.1e-06
1.1e-06
1.1e-06
1.1e-06
1.1e-06
1.1e-06
1.1e-06
1.1e-06
1.1e-06
1.1e-06
1.1e-06
1.1e-06
1.1e-06
1.1e-06
1.1e-06
1.1e-06
1.1e-06
1.1e-06
1.1e-06
1.1e-06
1.1e-06
1.1e-06
1.1e-06
1.1e-06
1.1e-06
1.1e-06
1.1e-06
1.1e-06
1.1e-06
1.1e-06
1.1e-06
1.1e-06
1.1e-06
1.1e-06
1.1e-06
1.1e-06
1.1e-06
1.1e-06
1.1e-06
1.1e-06
1.1e-06
1.1e-06
1.1e-06
1.1e-06
1.1e-06
1.1e-06
1.1e-06
1.1e-06
1.1e-06
1.1e-06
1.1e-06
1.1e-06
1.1e-06
1.1e-06
1.1e-06
1.1e-06
1.1e-06
1.1e-06
1.1e-06
1.1e-06
1.1e-06
1.1e-06
1.1e-06
1.1e-06
1.1e-06
1.1e-06
1.1e-06
1.1e-06
1.1e-06
1.1e-06
1.1e-06
1.1e-06
1.1e-06
1.1e-06
1.1e-06
1.1e-06
1.1e-06
1.1e-06
1.1e-06
1.1e-06
1.1e-06
1.1e-06
1.1e-06
1.1e-06
1.1e-06
1.1e-06
1.1e-06
1.1e-06
1.1e-06
1.1e-06
1.1e-06
1.1e-06
1.1e-06
1.1e-06
1.1e-06
1.1e-06
1.1e-06
1.1e-06
1.1e-06
1.1e-06
1.1e-06
1.1e-06
1.1e-06
1.1e-06
1.1e-06
1.1e-06
1.1e-06
1.1e-06
1.1e-06
1.1e-06
1.1e-06
1.1e-06
1.1e-06
1.1e-06
1.1e-06
1.1e-06
1.1e-06
1.1e-06
1.1e-06
1.1e-06
1.1e-06
1.1e-06
1.1e-06
1.1e-06
1.1e-06
1.1e-06
1.1e-06
1.1e-06
1.1e-06
1.1e-06
1.1e-06
1.1e-06
1.1e-06
1.1e-06
1.1e-06
1.1e-06
1.1e-06
1.1e-06
1.1e-06
1.1e-06
1.1e-06
1.1e-06
1.1e-06
1.1e-06
1.1e-06
1.1e-06
1.1e-06
1.1e-06
1.1e-06
1.1e-06
1.1e-06
1.1e-06
1.1e-06
1.1e-06
1.1e-06
1.1e-06
1.1e-06
1.1e-06
1.1e-06
1.1e-06
1.1e-06
1.1e-06
1.1e-06
1.1e-06
1.1e-06
1.1e-06
1.1e-06
1.1e-06
1.1e-06
1.1e-06
1.1e-06
1.1e-06
1.1e-06
1.1e-06
1.1e-06
1.1e-06
1.1e-06
1.1e-06
1.1e-06
1.1e-06
1.1e-06
1.1e-06
1.1e-06
1.1e-06
1.1e-06
1.1e-06
1.1e-06
1.1e-06
1.1e-06
1.1e-06
1.1e-06
1.1e-06
1.1e-06
1.1e-06
1.1e-06
1.1e-06
1.1e-06
1.1e-06
1.1e-06
1.1e-06
1.1e-06
1.1e-06
1.1e-06
1.1e-06
1.1e-06
1.1e-06
1.1e-06
1.1e-06
1.1e-06
1.1e-06
1.1e-06
1.1e-06
1.1e-06
1.1e-06
1.1e-06
1.1e-06
1.1e-06
1.1e-06
1.1e-06
1.1e-06
1.1e-06
1.1e-06
1.1e-06
1.1e-06
1.1e-06
1.1e-06
1.1e-06
1.1e-06
1.1e-06
1.1e-06
1.1e-06
1.1e-06
1.1e-06
1.1e-06
1.1e-06
1.1e-06
1.1e-06
1.1e-06
1.1e-06
1.1e-06
1.1e-06
1.1e-06
1.1e-06
1.1e-06
1.1e-06
1.1e-06
1.1e-06
1.1e-06
1.1e-06
1.1e-06
1.1e-06
1.1e-06
1.1e-06
1.1e-06
1.1e-06
1.1e-06
1.1e-06
1.1e-06
1.1e-06
1.1e-06
1.1e-06
1.1e-06
1.1e-06
1.1e-06
1.1e-06
1.1e-06
1.1e-06
1.1e-06
1.1e-06
1.1e-06
1.1e-06
1.1e-06
1.1e-06
1.1e-06
1.1e-06
1.1e-06
1.1e-06
1.1e-06
1.1e-06
1.1e-06
1.1e-06
1.1e-06
1.1e-06
1.1e-06
1.1e-06
1.1e-06
1.1e-06
1.1e-06
1.1e-06
1.1e-06
1.1e-06
1.1e-06
1.1e-06
1.1e-06
1.1e-06
1.1e-06
1.1e-06
1.1e-06
1.1e-06
1.1e-06
1.1e-06
1.1e-06
1.1e-06
1.1e-06
1.1e-06
1.1e-06
1.1e-06
1.1e-06
1.1e-06
1.1e-06
1.1e-06
1.1e-06
1.1e-06
1.1e-06
1.1e-06
1.1e-06
1.1e-06
1.1e-06
1.1e-06
1.1e-06
1.1e-06
1.1e-06
1.1e-06
1.1e-06
1.1e-06
1.1e-06
1.1e-06
1.1e-06
1.1e-06
1.1e-06
1.1e-06
1.1e-06
1.1e-06
1.1e-06
1.1e-06
1.1e-06
1.1e-06
1.1e-06
1.1e-06
1.1e-06
1.1e-06
1.1e-06
1.1e-06
1.1e-06
1.1e-06
1.1e-06
1.1e-06
1.1e-06
1.1e-06
1.1e-06
1.1e-06
1.1e-06
1.1e-06
1.1e-06
1.1e-06
1.1e-06
1.1e-06
1.1e-06
1.1e-06
1.1e-06
1.1e-06
1.1e-06
1.1e-06
1.1e-06
1.1e-06
1.1e-06
1.1e-06
1.1e-06
1.1e-06
1.1e-06
1.1e-06
1.1e-06
1.1e-06
1.1e-06
1.1e-06
1.1e-06
1.1e-06
1.1e-06
1.1e-06
1.1e-06
1.1e-06
1.1e-06
1.1e-06
1.1e-06
1.1e-06
1.1e-06
1.1e-06
1.1e-06
1.1e-06
1.1e-06
1.1e-06
1.1e-06
1.1e-06
1.1e-06
1.1e-06
1.1e-06
1.1e-06
1.1e-06
1.1e-06
1.1e-06
1.1e-06
1.1e-06
1.1e-06
1.1e-06
1.1e-06
1.1e-06
1.1e-06
1.1e-06
1.1e-06
1.1e-06
1.1e-06
1.1e-06
1.1e-06
1.1e-06
1.1e-06
1.1e-06
1.1e-06
1.1e-06
1.1e-06
1.1e-06
1.1e-06
1.1e-06
1.1e-06
1.1e-06
1.1e-06
1.1e-06
1.1e-06
1.1e-06
1.1e-06
1.1e-06
1.1e-06
1.1e-06
1.1e-06
1.1e-06
1.1e-06
1.1e-06
1.1e-06
1.1e-06
1.1e-06
1.1e-06
1.1e-06
1.1e-06
1.1e-06
1.1e-06
1.1e-06
1.1e-06
1.1e-06
1.1e-06
1.1e-06
1.1e-06
1.1e-06
1.1e-06
1.1e-06
1.1e-06
1.1e-06
1.1e-06
1.1e-06
1.1e-06
1.1e-06
1.1e-06
1.1e-06
1.1e-06
1.1e-06
1.1e-06
1.1e-06
1.1e-06
1.1e-06
1.1e-06
1.1e-06
1.1e-06
1.1e-06
1.1e-06
1.1e-06
1.1e-06
1.1e-06
1.1e-06
1.1e-06
1.1e-06
1.1e-06
1.1e-06
1.1e-06
1.1e-06
1.1e-06
1.1e-06
1.1e-06
1.1e-06
1.1e-06
1.1e-06
1.1e-06
1.1e-06
1.1e-06
1.1e-06
1.1e-06
1.1e-06
1.1e-06
1.1e-06
1.1e-06
1.1e-06
1.1e-06
1.1e-06
1.1e-06
1.1e-06
1.1e-06
1.1e-06
1.1e-06
1.1e-06
1.1e-06
1.1e-06
1.1e-06
1.1e-06
1.1e-06
1.1e-06
1.1e-06
1.1e-06
1.1e-06
1.1e-06
1.1e-06
1.1e-06
1.1e-06
1.1e-06
1.1e-06
1.1e-06
1.1e-06
1.1e-06
1.1e-06
1.1e-06
1.1e-06
1.1e-06
1.1e-06
1.1e-06
1.1e-06
1.1e-06
1.1e-06
1.1e-06
1.1e-06
1.1e-06
1.1e-06
1.1e-06
1.1e-06
1.1e-06
1.1e-06
1.1e-06
1.1e-06
1.1e-06
1.1e-06
1.1e-06
1.1e-06
1.1e-06
1.1e-06
1.1e-06
1.1e-06
1.1e-06
1.1e-06
1.1e-06
1.1e-06
1.1e-06
1.1e-06
1.1e-06
1.1e-06
1.1e-06
1.1e-06
1.1e-06
1.1e-06
1.1e-06
1.1e-06
1.1e-06
1.1e-06
1.1e-06
1.1e-06
1.1e-06
1.1e-06
1.1e-06
1.1e-06
1.1e-06
1.1e-06
1.1e-06
1.1e-06
1.1e-06
1.1e-06
1.1e-06
1.1e-06
1.1e-06
1.1e-06
1.1e-06
1.1e-06
1.1e-06
1.1e-06
1.1e-06
1.1e-06
1.1e-06
1.1e-06
1.1e-06
1.1e-06
1.1e-06
1.1e-06
1.1e-06
1.1e-06
1.1e-06
1.1e-06
1.1e-06
1.1e-06
1.1e-06
1.1e-06
1.1e-06
1.1e-06
1.1e-06
1.1e-06
1.1e-06
1.1e-06
1.1e-06
1.1e-06
1.1e-06
1.1e-06
1.1e-06
1.1e-06
1.1e-06
1.1e-06
1.1e-06
1.1e-06
1.1e-06
1.1e-06
1.1e-06
1.1e-06
1.1e-06
1.1e-06
1.1e-06
1.1e-06
1.1e-06
1.1e-06
1.1e-06
1.1e-06
1.1e-06
1.1e-06
1.1e-06
1.1e-06
1.1e-06
1.1e-06
1.1e-06
1.1e-06
1.1e-06
1.1e-06
1.1e-06
1.1e-06
1.1e-06
1.1e-06
1.1e-06
1.1e-06
1.1e-06
1.1e-06
1.1e-06
1.1e-06
1.1e-06
1.1e-06
1.1e-06
1.1e-06
1.1e-06
1.1e-06
1.1e-06
1.1e-06
1.1e-06
1.1e-06
1.1e-06
1.1e-06
1.1e-06
1.1e-06
1.1e-06
1.1e-06
1.1e-06
1.1e-06
1.1e-06
1.1e-06
1.1e-06
1.1e-06
1.1e-06
1.1e-06
1.1e-06
1.1e-06
1.1e-06
1.1e-06
1.1e-06
1.1e-06
1.1e-06
1.1e-06
1.1e-06
1.1e-06
1.1e-06
1.1e-06
1.1e-06
1.1e-06
1.1e-06
1.1e-06
1.1e-06
1.1e-06
1.1e-06
1.1e-06
1.1e-06
1.1e-06
1.1e-06
1.1e-06
1.1e-06
1.1e-06
1.1e-06
1.1e-06
1.1e-06
1.1e-06
1.1e-06
1.1e-06
1.1e-06
1.1e-06
1.1e-06
1.1e-06
1.1e-06
1.1e-06
1.1e-06
1.1e-06
1.1e-06
1.1e-06
1.1e-06
1.1e-06
1.1e-06
1.1e-06
1.1e-06
1.1e-06
1.1e-06
1.1e-06
1.1e-06
1.1e-06
1.1e-06
1.1e-06
1.1e-06
1.1e-06
1.1e-06
1.1e-06
1.1e-06
1.1e-06
1.1e-06
1.1e-06
1.1e-06
1.1e-06
1.1e-06
1.1e-06
1.1e-06
1.1e-06
1.1e-06
1.1e-06
1.1e-06
1.1e-06
1.1e-06
1.1e-06
1.1e-06
1.1e-06
1.1e-06
1.1e-06
1.1e-06
1.1e-06
1.1e-06
1.1e-06
1.1e-06
1.1e-06
1.1e-06
1.1e-06
1.1e-06
1.1e-06
1.1e-06
1.1e-06
1.1e-06
1.1e-06
1.1e-06
1.1e-06
1.1e-06
1.1e-06
1.1e-06
1.1e-06
1.1e-06
1.1e-06
1.1e-06
1.1e-06
1.1e-06
1.1e-06
1.1e-06
1.1e-06
1.1e-06
1.1e-06
1.1e-06
1.1e-06
1.1e-06
1.1e-06
1.1e-06
1.1e-06
1.1e-06
1.1e-06
1.1e-06
1.1e-06
1.1e-06
1.1e-06
1.1e-06
1.1e-06
1.1e-06
1.1e-06
1.1e-06
1.1e-06
1.1e-06
1.1e-06
1.1e-06
1.1e-06
1.1e-06
1.1e-06
1.1e-06
1.1e-06
1.1e-06
1.1e-06
1.1e-06
1.1e-06
1.1e-06
1.1e-06
1.1e-06
1.1e-06
1.1e-06
1.1e-06
1.1e-06
1.1e-06
1.1e-06
1.1e-06
1.1e-06
1.1e-06
1.1e-06
1.1e-06
1.1e-06
1.1e-06
1.1e-06
1.1e-06
1.1e-06
1.1e-06
1.1e-06
1.1e-06
1.1e-06
1.1e-06
1.1e-06
1.1e-06
1.1e-06
1.1e-06
1.1e-06
1.1e-06
1.1e-06
1.1e-06
1.1e-06
1.1e-06
1.1e-06
1.1e-06
1.1e-06
1.1e-06
1.1e-06
1.1e-06
1.1e-06
1.1e-06
1.1e-06
1.1e-06
1.1e-06
1.1e-06
1.1e-06
1.1e-06
1.1e-06
1.1e-06
1.1e-06
1.1e-06
1.1e-06
1.1e-06
1.1e-06
1.1e-06
1.1e-06
1.1e-06
1.1e-06
1.1e-06
1.1e-06
1.1e-06
1.1e-06
1.1e-06
1.1e-06
1.1e-06
1.1e-06
1.1e-06
1.1e-06
1.1e-06
1.1e-06
1.1e-06
1.1e-06
1.1e-06
1.1e-06
1.1e-06
1.1e-06
1.1e-06
1.1e-06
1.1e-06
1.1e-06
1.1e-06
1.1e-06
1.1e-06
1.1e-06
1.1e-06
1.1e-06
1.1e-06
1.1e-06
1.1e-06
1.1e-06
1.1e-06
1.1e-06
1.1e-06
1.1e-06
1.1e-06
1.1e-06
1.1e-06
1.1e-06
1.1e-06
1.1e-06
1.1e-06
1.1e-06
1.1e-06
1.1e-06
1.1e-06
1.1e-06
1.1e-06
1.1e-06
1.1e-06
1.1e-06
1.1e-06
1.1e-06
1.1e-06
1.1e-06
1.1e-06
1.1e-06
1.1e-06
1.1e-06
1.1e-06
1.1e-06
1.1e-06
1.1e-06
1.1e-06
1.1e-06
1.1e-06
1.1e-06
1.1e-06
1.1e-06
1.1e-06
1.1e-06
1.1e-06
1.1e-06
1.1e-06
1.1e-06
1.1e-06
1.1e-06
1.1e-06
1.1e-06
1.1e-06
1.1e-06
1.1e-06
1.1e-06
1.1e-06
1.1e-06
1.1e-06
1.1e-06
1.1e-06
1.1e-06
1.1e-06
1.1e-06
1.1e-06
1.1e-06
1.1e-06
1.1e-06
1.1e-06
1.1e-06
1.1e-06
1.1e-06
1.1e-06
1.1e-06
1.1e-06
1.1e-06
1.1e-06
1.1e-06
1.1e-06
1.1e-06
1.1e-06
1.1e-06
1.1e-06
1.1e-06
1.1e-06
1.1e-06
1.1e-06
1.1e-06
1.1e-06
1.1e-06
1.1e-06
1.1e-06
1.1e-06
1.1e-06
1.1e-06
1.1e-06
1.1e-06
1.1e-06
1.1e-06
1.1e-06
1.1e-06
1.1e-06
1.1e-06
1.1e-06
1.1e-06
1.1e-06
1.1e-06
1.1e-06
1.1e-06
1.1e-06
1.1e-06
1.1e-06
1.1e-06
1.1e-06
1.1e-06
1.1e-06
1.1e-06
1.1e-06
1.1e-06
1.1e-06
1.1e-06
1.1e-06
1.1e-06
1.1e-06
1.1e-06
1.1e-06
1.1e-06
1.1e-06
1.1e-06
1.1e-06
1.1e-06
1.1e-06
1.1e-06
1.1e-06
1.1e-06
1.1e-06
1.1e-06
1.1e-06
1.1e-06
1.1e-06
1.1e-06
1.1e-06
1.1e-06
1.1e-06
1.1e-06
1.1e-06
1.1e-06
1.1e-06
1.1e-06
1.1e-06
1.1e-06
1.1e-06
1.1e-06
1.1e-06
1.1e-06
1.1e-06
1.1e-06
1.1e-06
1.1e-06
1.1e-06
1.1e-06
1.1e-06
1.1e-06
1.1e-06
1.1e-06
1.1e-06
1.1e-06
1.1e-06
1.1e-06
1.1e-06
1.1e-06
1.1e-06
1.1e-06
1.1e-06
1.1e-06
1.1e-06
1.1e-06
1.1e-06
1.1e-06
1.1e-06
1.1e-06
1.1e-06
1.1e-06
1.1e-06
1.1e-06
1.1e-06
1.1e-06
1.1e-06
1.1e-06
1.1e-06
1.1e-06
1.1e-06
1.1e-06
1.1e-06
1.1e-06
1.1e-06
1.1e-06
1.1e-06
1.1e-06
1.1e-06
1.1e-06
1.1e-06
1.1e-06
1.1e-06
1.1e-06
1.1e-06
1.1e-06
1.1e-06
1.1e-06
1.1e-06
1.1e-06
1.1e-06
1.1e-06
1.1e-06
1.1e-06
1.1e-06
1.1e-06
1.1e-06
1.1e-06
1.1e-06
1.1e-06
1.1e-06
1.1e-06
1.1e-06
1.1e-06
1.1e-06
1.1e-06
1.1e-06
1.1e-06
1.1e-06
1.1e-06
1.1e-06
1.1e-06
1.1e-06
1.1e-06
1.1e-06
1.1e-06
1.1e-06
1.1e-06
1.1e-06
1.1e-06
1.1e-06
1.1e-06
1.1e-06
1.1e-06
1.1e-06
1.1e-06
1.1e-06
1.1e-06
1.1e-06
1.1e-06
1.1e-06
1.1e-06
1.1e-06
1.1e-06
1.1e-06
1.1e-06
1.1e-06
1.1e-06
1.1e-06
1.1e-06
1.1e-06
1.1e-06
1.1e-06
1.1e-06
1.1e-06
1.1e-06
1.1e-06
1.1e-06
1.1e-06
1.1e-06
1.1e-06
1.1e-06
1.1e-06
1.1e-06
1.1e-06
1.1e-06
1.1e-06
1.1e-06
1.1e-06
1.1e-06
1.1e-06
1.1e-06
1.1e-06
1.1e-06
1.1e-06
1.1e-06
1.1e-06
1.1e-06
1.1e-06
1.1e-06
1.1e-06
1.1e-06
1.1e-06
1.1e-06
1.1e-06
1.1e-06
1.1e-06
1.1e-06
1.1e-06
1.1e-06
1.1e-06
1.1e-06
1.1e-06
1.1e-06
1.1e-06
1.1e-06
1.1e-06
1.1e-06
1.1e-06
1.1e-06
1.1e-06
1.1e-06
1.1e-06
1.1e-06
1.1e-06
1.1e-06
1.1e-06
1.1e-06
1.1e-06
1.1e-06
1.1e-06
1.1e-06
1.1e-06
1.1e-06
1.1e-06
1.1e-06
1.1e-06
1.1e-06
1.1e-06
1.1e-06
1.1e-06
1.1e-06
1.1e-06
1.1e-06
1.1e-06
1.1e-06
1.1e-06
1.1e-06
1.1e-06
1.1e-06
1.1e-06
1.1e-06
1.1e-06
1.1e-06
1.1e-06
1.1e-06
1.1e-06
1.1e-06
1.1e-06
1.1e-06
1.1e-06
1.1e-06
1.1e-06
1.1e-06
1.1e-06
1.1e-06
1.1e-06
1.1e-06
1.1e-06
1.1e-06
1.1e-06
1.1e-06
1.1e-06
1.1e-06
1.1e-06
1.1e-06
1.1e-06
1.1e-06
1.1e-06
1.1e-06
1.1e-06
1.1e-06
1.1e-06
1.1e-06
1.1e-06
1.1e-06
1.1e-06
1.1e-06
1.1e-06
1.1e-06
1.1e-06
1.1e-06
1.1e-06
1.1e-06
1.1e-06
1.1e-06
1.1e-06
1.1e-06
1.1e-06
1.1e-06
1.1e-06
1.1e-06
1.1e-06
1.1e-06
1.1e-06
1.1e-06
1.1e-06
1.1e-06
1.1e-06
1.1e-06
1.1e-06
1.1e-06
1.1e-06
1.1e-06
1.1e-06
1.1e-06
1.1e-06
1.1e-06
1.1e-06
1.1e-06
1.1e-06
1.1e-06
1.1e-06
1.1e-06
1.1e-06
1.1e-06
1.1e-06
1.1e-06
1.1e-06
1.1e-06
1.1e-06
1.1e-06
1.1e-06
1.1e-06
1.1e-06
1.1e-06
1.1e-06
1.1e-06
1.1e-06
1.1e-06
1.1e-06
1.1e-06
1.1e-06
1.1e-06
1.1e-06
1.1e-06
1.1e-06
1.1e-06
1.1e-06
1.1e-06
1.1e-06
1.1e-06
1.1e-06
1.1e-06
1.1e-06
1.1e-06
1.1e-06
1.1e-06
1.1e-06
1.1e-06
1.1e-06
1.1e-06
1.1e-06
1.1e-06
1.1e-06
1.1e-06
1.1e-06
1.1e-06
1.1e-06
1.1e-06
1.1e-06
1.1e-06
1.1e-06
1.1e-06
1.1e-06
1.1e-06
1.1e-06
1.1e-06
1.1e-06
1.1e-06
1.1e-06
1.1e-06
1.1e-06
1.1e-06
1.1e-06
1.1e-06
1.1e-06
1.1e-06
1.1e-06
1.1e-06
1.1e-06
1.1e-06
1.1e-06
1.1e-06
1.1e-06
1.1e-06
1.1e-06
1.1e-06
1.1e-06
1.1e-06
1.1e-06
1.1e-06
1.1e-06
1.1e-06
1.1e-06
1.1e-06
1.1e-06
1.1e-06
1.1e-06
1.1e-06
1.1e-06
1.1e-06
1.1e-06
1.1e-06
1.1e-06
1.1e-06
1.1e-06
1.1e-06
1.1e-06
1.1e-06
1.1e-06
1.1e-06
1.1e-06
1.1e-06
1.1e-06
1.1e-06
1.1e-06
1.1e-06
1.1e-06
1.1e-06
1.1e-06
1.1e-06
1.1e-06
1.1e-06
1.1e-06
1.1e-06
1.1e-06
1.1e-06
1.1e-06
1.1e-06
1.1e-06
1.1e-06
1.1e-06
1.1e-06
1.1e-06
1.1e-06
1.1e-06
1.1e-06
1.1e-06
1.1e-06
1.1e-06
1.1e-06
1.1e-06
1.1e-06
1.1e-06
1.1e-06
1.1e-06
1.1e-06
1.1e-06
1.1e-06
1.1e-06
1.1e-06
1.1e-06
1.1e-06
1.1e-06
1.1e-06
1.1e-06
1.1e-06
1.1e-06
1.1e-06
1.1e-06
1.1e-06
1.1e-06
1.1e-06
1.1e-06
1.1e-06
1.1e-06
1.1e-06
1.1e-06
1.1e-06
1.1e-06
1.1e-06
1.1e-06
1.1e-06
1.1e-06
1.1e-06
1.1e-06
1.1e-06
1.1e-06
1.1e-06
1.1e-06
1.1e-06
1.1e-06
1.1e-06
1.1e-06
1.1e-06
1.1e-06
1.1e-06
1.1e-06
1.1e-06
1.1e-06
1.1e-06
1.1e-06
1.1e-06
1.1e-06
1.1e-06
1.1e-06
1.1e-06
1.1e-06
1.1e-06
1.1e-06
1.1e-06
1.1e-06
1.1e-06
1.1e-06
1.1e-06
1.1e-06
1.1e-06
1.1e-06
1.1e-06
1.1e-06
1.1e-06
1.1e-06
1.1e-06
1.1e-06
1.1e-06
1.1e-06
1.1e-06
1.1e-06
1.1e-06
1.1e-06
1.1e-06
1.1e-06
1.1e-06
1.1e-06
1.1e-06
1.1e-06
1.1e-06
1.1e-06
1.1e-06
1.1e-06
1.1e-06
1.1e-06
1.1e-06
1.1e-06
1.1e-06
1.1e-06
1.1e-06
1.1e-06
1.1e-06
1.1e-06
1.1e-06
1.1e-06
1.1e-06
1.1e-06
1.1e-06
1.1e-06
1.1e-06
1.1e-06
1.1e-06
1.1e-06
1.1e-06
1.1e-06
1.1e-06
1.1e-06
1.1e-06
1.1e-06
1.1e-06
1.1e-06
1.1e-06
1.1e-06
1.1e-06
1.1e-06
1.1e-06
1.1e-06
1.1e-06
1.1e-06
1.1e-06
1.1e-06
1.1e-06
1.1e-06
1.1e-06
1.1e-06
1.1e-06
1.1e-06
1.1e-06
1.1e-06
1.1e-06
1.1e-06
1.1e-06
1.1e-06
1.1e-06
1.1e-06
1.1e-06
1.1e-06
1.1e-06
1.1e-06
1.1e-06
1.1e-06
1.1e-06
1.1e-06
1.1e-06
1.1e-06
1.1e-06
1.1e-06
1.1e-06
1.1e-06
1.1e-06
1.1e-06
1.1e-06
1.1e-06
1.1e-06
1.1e-06
1.1e-06
1.1e-06
1.1e-06
1.1e-06
1.1e-06
1.1e-06
1.1e-06
1.1e-06
1.1e-06
1.1e-06
1.1e-06
1.1e-06
1.1e-06
1.1e-06
1.1e-06
1.1e-06
1.1e-06
1.1e-06
1.1e-06
1.1e-06
1.1e-06
1.1e-06
1.1e-06
1.1e-06
1.1e-06
1.1e-06
1.1e-06
1.1e-06
1.1e-06
1.1e-06
1.1e-06
1.1e-06
1.1e-06
1.1e-06
1.1e-06
1.1e-06
1.1e-06
1.1e-06
1.1e-06
1.1e-06
1.1e-06
1.1e-06
1.1e-06
1.1e-06
1.1e-06
1.1e-06
1.1e-06
1.1e-06
1.1e-06
1.1e-06
1.1e-06
1.1e-06
1.1e-06
1.1e-06
1.1e-06
1.1e-06
1.1e-06
1.1e-06
1.1e-06
1.1e-06
1.1e-06
1.1e-06
1.1e-06
1.1e-06
1.1e-06
1.1e-06
1.1e-06
1.1e-06
1.1e-06
1.1e-06
1.1e-06
1.1e-06
1.1e-06
1.1e-06
1.1e-06
1.1e-06
1.1e-06
1.1e-06
1.1e-06
1.1e-06
1.1e-06
1.1e-06
1.1e-06
1.1e-06
1.1e-06
1.1e-06
1.1e-06
1.1e-06
1.1e-06
1.1e-06
1.1e-06
1.1e-06
1.1e-06
1.1e-06
1.1e-06
1.1e-06
1.1e-06
1.1e-06
1.1e-06
1.1e-06
1.1e-06
1.1e-06
1.1e-06
1.1e-06
1.1e-06
1.1e-06
1.1e-06
1.1e-06
1.1e-06
1.1e-06
1.1e-06
1.1e-06
1.1e-06
1.1e-06
1.1e-06
1.1e-06
1.1e-06
1.1e-06
1.1e-06
1.1e-06
1.1e-06
1.1e-06
1.1e-06
1.1e-06
1.1e-06
1.1e-06
1.1e-06
1.1e-06
1.1e-06
1.1e-06
1.1e-06
1.1e-06
1.1e-06
1.1e-06
1.1e-06
1.1e-06
1.1e-06
1.1e-06
1.1e-06
1.1e-06
1.1e-06
1.1e-06
1.1e-06
1.1e-06
1.1e-06
1.1e-06
1.1e-06
1.1e-06
1.1e-06
1.1e-06
1.1e-06
1.1e-06
1.1e-06
1.1e-06
1.1e-06
1.1e-06
1.1e-06
1.1e-06
1.1e-06
1.1e-06
1.1e-06
1.1e-06
1.1e-06
1.1e-06
1.1e-06
1.1e-06
1.1e-06
1.1e-06
1.1e-06
1.1e-06
1.1e-06
1.1e-06
1.1e-06
1.1e-06
1.1e-06
1.1e-06
1.1e-06
1.1e-06
1.1e-06
1.1e-06
1.1e-06
1.1e-06
1.1e-06
1.1e-06
1.1e-06
1.1e-06
1.1e-06
1.1e-06
1.1e-06
1.1e-06
1.1e-06
1.1e-06
1.1e-06
1.1e-06
1.1e-06
1.1e-06
1.1e-06
1.1e-06
1.1e-06
1.1e-06
1.1e-06
1.1e-06
1.1e-06
1.1e-06
1.1e-06
1.1e-06
1.1e-06
1.1e-06
1.1e-06
1.1e-06
1.1e-06
1.1e-06
1.1e-06
1.1e-06
1.1e-06
1.1e-06
1.1e-06
1.1e-06
1.1e-06
1.1e-06
1.1e-06
1.1e-06
1.1e-06
1.1e-06
1.1e-06
1.1e-06
1.1e-06
1.1e-06
1.1e-06
1.1e-06
1.1e-06
1.1e-06
1.1e-06
1.1e-06
1.1e-06
1.1e-06
1.1e-06
1.1e-06
1.1e-06
1.1e-06
1.1e-06
1.1e-06
1.1e-06
1.1e-06
1.1e-06
1.1e-06
1.1e-06
1.1e-06
1.1e-06
1.1e-06
1.1e-06
1.1e-06
1.1e-06
1.1e-06
1.1e-06
1.1e-06
1.1e-06
1.1e-06
1.1e-06
1.1e-06
1.1e-06
1.1e-06
1.1e-06
1.1e-06
1.1e-06
1.1e-06
1.1e-06
1.1e-06
1.1e-06
1.1e-06
1.1e-06
1.1e-06
1.1e-06
1.1e-06
1.1e-06
1.1e-06
1.1e-06
1.1e-06
1.1e-06
1.1e-06
1.1e-06
1.1e-06
1.1e-06
1.1e-06
1.1e-06
1.1e-06
1.1e-06
1.1e-06
1.1e-06
1.1e-06
1.1e-06
1.1e-06
1.1e-06
1.1e-06
1.1e-06
1.1e-06
1.1e-06
1.1e-06
1.1e-06
1.1e-06
1.1e-06
1.1e-06
1.1e-06
1.1e-06
1.1e-06
1.1e-06
1.1e-06
1.1e-06
1.1e-06
1.1e-06
1.1e-06
1.1e-06
1.1e-06
1.1e-06
1.1e-06
1.1e-06
1.1e-06
1.1e-06
1.1e-06
1.1e-06
1.1e-06
1.1e-06
1.1e-06
1.1e-06
1.1e-06
1.1e-06
1.1e-06
1.1e-06
1.1e-06
1.1e-06
1.1e-06
1.1e-06
1.1e-06
1.1e-06
1.1e-06
1.1e-06
1.1e-06
1.1e-06
1.1e-06
1.1e-06
1.1e-06
1.1e-06
1.1e-06
1.1e-06
1.1e-06
1.1e-06
1.1e-06
1.1e-06
1.1e-06
1.1e-06
1.1e-06
1.1e-06
1.1e-06
1.1e-06
1.1e-06
1.1e-06
1.1e-06
1.1e-06
1.1e-06
1.1e-06
1.1e-06
1.1e-06
1.1e-06
1.1e-06
1.1e-06
1.1e-06
1.1e-06
1.1e-06
1.1e-06
1.1e-06
1.1e-06
1.1e-06
1.1e-06
1.1e-06
1.1e-06
1.1e-06
1.1e-06
1.1e-06
1.1e-06
1.1e-06
1.1e-06
1.1e-06
1.1e-06
1.1e-06
1.1e-06
1.1e-06
1.1e-06
1.1e-06
1.1e-06
1.1e-06
1.1e-06
1.1e-06
1.1e-06
1.1e-06
1.1e-06
1.1e-06
1.1e-06
1.1e-06
1.1e-06
1.1e-06
1.1e-06
1.1e-06
1.1e-06
1.1e-06
1.1e-06
1.1e-06
1.1e-06
1.1e-06
1.1e-06
1.1e-06
1.1e-06
1.1e-06
1.1e-06
1.1e-06
1.1e-06
1.1e-06
1.1e-06
1.1e-06
1.1e-06
1.1e-06
1.1e-06
1.1e-06
1.1e-06
1.1e-06
1.1e-06
1.1e-06
1.1e-06
1.1e-06
1.1e-06
1.1e-06
1.1e-06
1.1e-06
1.1e-06
1.1e-06
1.1e-06
1.1e-06
1.1e-06
1.1e-06
1.1e-06
1.1e-06
1.1e-06
1.1e-06
1.1e-06
1.1e-06
1.1e-06
1.1e-06
1.1e-06
1.1e-06
1.1e-06
1.1e-06
1.1e-06
1.1e-06
1.1e-06
1.1e-06
1.1e-06
1.1e-06
1.1e-06
1.1e-06
1.1e-06
1.1e-06
1.1e-06
1.1e-06
1.1e-06
1.1e-06
1.1e-06
1.1e-06
1.1e-06
1.1e-06
1.1e-06
1.1e-06
1.1e-06
1.1e-06
1.1e-06
1.1e-06
1.1e-06
1.1e-06
1.1e-06
1.1e-06
1.1e-06
1.1e-06
1.1e-06
1.1e-06
1.1e-06
1.1e-06
1.1e-06
1.1e-06
1.1e-06
1.1e-06
1.1e-06
1.1e-06
1.1e-06
1.1e-06
1.1e-06
1.1e-06
1.1e-06
1.1e-06
1.1e-06
1.1e-06
1.1e-06
1.1e-06
1.1e-06
1.1e-06
1.1e-06
1.1e-06
1.1e-06
1.1e-06
1.1e-06
1.1e-06
1.1e-06
1.1e-06
1.1e-06
1.1e-06
1.1e-06
1.1e-06
1.1e-06
1.1e-06
1.1e-06
1.1e-06
1.1e-06
1.1e-06
1.1e-06
1.1e-06
1.1e-06
1.1e-06
1.1e-06
1.1e-06
1.1e-06
1.1e-06
1.1e-06
)
;

boundaryField
{
    inlet
    {
        type            zeroGradient;
    }
    outlet
    {
        type            zeroGradient;
    }
    upperWall
    {
        type            zeroGradient;
    }
    lowerWall
    {
        type            zeroGradient;
    }
    frontAndBack
    {
        type            empty;
    }
}


// ************************************************************************* //
