/*--------------------------------*- C++ -*----------------------------------*\
  =========                 |
  \\      /  F ield         | OpenFOAM: The Open Source CFD Toolbox
   \\    /   O peration     | Website:  https://openfoam.org
    \\  /    A nd           | Version:  10
     \\/     M anipulation  |
\*---------------------------------------------------------------------------*/
FoamFile
{
    format      ascii;
    class       surfaceScalarField;
    location    "0.009";
    object      phi;
}
// * * * * * * * * * * * * * * * * * * * * * * * * * * * * * * * * * * * * * //

dimensions      [0 3 -1 0 0 0 0];

internalField   nonuniform List<scalar> 
7780
(
2.50002e-09
-2.45248e-14
2.5001e-09
-9.1533e-14
2.50024e-09
-1.47306e-13
2.50043e-09
-2.00855e-13
2.50067e-09
-2.53731e-13
2.50096e-09
-3.06257e-13
2.50132e-09
-3.57964e-13
2.50171e-09
-4.09846e-13
2.50217e-09
-4.61101e-13
2.50266e-09
-5.12682e-13
2.50323e-09
-5.63608e-13
2.50382e-09
-6.15131e-13
2.50449e-09
-6.66053e-13
2.50518e-09
-7.17909e-13
2.50596e-09
-7.69264e-13
2.50675e-09
-8.2196e-13
2.50763e-09
-8.74305e-13
2.50853e-09
-9.28471e-13
2.50952e-09
-9.82484e-13
2.51053e-09
-1.03887e-12
2.51164e-09
-1.09536e-12
2.51275e-09
-1.15484e-12
2.51399e-09
-1.21471e-12
2.51522e-09
-1.27827e-12
2.51659e-09
-1.34258e-12
2.51796e-09
-1.41133e-12
2.51946e-09
-1.48123e-12
2.52097e-09
-1.5564e-12
2.52263e-09
-1.63317e-12
2.5243e-09
-1.71612e-12
2.52614e-09
-1.80117e-12
2.52797e-09
-1.89338e-12
2.53e-09
-1.98825e-12
2.53203e-09
-2.09134e-12
2.53428e-09
-2.19771e-12
2.53653e-09
-2.31343e-12
2.53901e-09
-2.4331e-12
2.54151e-09
-2.56335e-12
2.54426e-09
-2.69828e-12
2.54703e-09
-2.84507e-12
2.55009e-09
-2.99733e-12
2.55318e-09
-3.16278e-12
2.55658e-09
-3.33454e-12
2.56002e-09
-3.52087e-12
2.56381e-09
-3.71435e-12
2.56765e-09
-3.92382e-12
2.57187e-09
-4.14126e-12
2.57615e-09
-4.37607e-12
2.58086e-09
-4.61962e-12
2.58565e-09
-4.88183e-12
2.5909e-09
-5.15344e-12
2.59624e-09
-5.44486e-12
2.60209e-09
-5.74611e-12
2.60805e-09
-6.06807e-12
2.61456e-09
-6.39997e-12
2.6212e-09
-6.75311e-12
2.62844e-09
-7.11584e-12
2.63582e-09
-7.49981e-12
2.64384e-09
-7.8924e-12
2.65202e-09
-8.30551e-12
2.66088e-09
-8.72546e-12
2.66992e-09
-9.16431e-12
2.67967e-09
-9.6072e-12
2.68961e-09
-1.00663e-11
2.70029e-09
-1.05253e-11
2.71115e-09
-1.09965e-11
2.72277e-09
-1.14623e-11
2.73457e-09
-1.19347e-11
2.74713e-09
-1.23948e-11
2.75984e-09
-1.28545e-11
2.77332e-09
-1.32936e-11
2.7869e-09
-1.37238e-11
2.80121e-09
-1.41238e-11
2.81557e-09
-1.45054e-11
2.83062e-09
-1.48462e-11
2.84564e-09
-1.51584e-11
2.86126e-09
-1.54194e-11
2.87677e-09
-1.56415e-11
2.89278e-09
-1.58025e-11
2.90858e-09
-1.59156e-11
2.92475e-09
-1.59593e-11
2.9406e-09
-1.59479e-11
2.95667e-09
-1.58617e-11
2.97231e-09
-1.57157e-11
2.988e-09
-1.54932e-11
3.00316e-09
-1.52096e-11
3.01821e-09
-1.48514e-11
3.03262e-09
-1.44345e-11
3.04675e-09
-1.39487e-11
3.06018e-09
-1.34099e-11
3.07315e-09
-1.28114e-11
3.08537e-09
-1.21681e-11
3.09699e-09
-1.14769e-11
3.10783e-09
-1.07511e-11
3.11794e-09
-9.99079e-12
3.12727e-09
-9.20674e-12
3.13577e-09
-8.40237e-12
3.14351e-09
-7.58511e-12
3.15035e-09
-6.76132e-12
3.15647e-09
-5.93464e-12
3.16163e-09
-5.1141e-12
3.16615e-09
-4.29921e-12
3.16966e-09
-3.50144e-12
3.17263e-09
-2.71604e-12
3.17457e-09
-1.95673e-12
3.17607e-09
-1.21457e-12
3.17652e-09
-5.05451e-13
3.17664e-09
1.83447e-13
3.17573e-09
8.34455e-13
3.17458e-09
1.4644e-12
3.17243e-09
2.05455e-12
3.17013e-09
2.62596e-12
3.16685e-09
3.15831e-12
3.16352e-09
3.67505e-12
3.15922e-09
4.15394e-12
3.15495e-09
4.62059e-12
3.14973e-09
5.05099e-12
3.14462e-09
5.47255e-12
3.13857e-09
5.85963e-12
3.1327e-09
6.24115e-12
3.12591e-09
6.58981e-12
3.11934e-09
6.93584e-12
3.11188e-09
7.25031e-12
3.10469e-09
7.56461e-12
3.09661e-09
7.84816e-12
3.08887e-09
8.13347e-12
3.08023e-09
8.38825e-12
3.07198e-09
8.64618e-12
3.06285e-09
8.87317e-12
3.05416e-09
9.10423e-12
3.04458e-09
9.3034e-12
3.03549e-09
9.50711e-12
3.02553e-09
9.67753e-12
3.01611e-09
9.85267e-12
3.00581e-09
9.99278e-12
2.99612e-09
1.01376e-11
2.98555e-09
1.02456e-11
2.97566e-09
1.03582e-11
2.96489e-09
1.04321e-11
2.95485e-09
1.05108e-11
2.94394e-09
1.05491e-11
2.93383e-09
1.05926e-11
2.92287e-09
1.05943e-11
2.91276e-09
1.06018e-11
2.90181e-09
1.05669e-11
2.89176e-09
1.05387e-11
2.8809e-09
1.04678e-11
2.87099e-09
1.0405e-11
2.86028e-09
1.03e-11
2.85057e-09
1.02046e-11
2.84008e-09
1.00681e-11
2.83063e-09
9.94317e-12
2.82042e-09
9.77854e-12
2.81128e-09
9.62758e-12
2.8014e-09
9.43891e-12
2.79261e-09
9.26604e-12
2.78312e-09
9.05776e-12
2.77471e-09
8.8674e-12
2.76563e-09
8.64413e-12
2.75764e-09
8.44079e-12
2.749e-09
8.20715e-12
2.74144e-09
7.99525e-12
2.73325e-09
7.75566e-12
2.72613e-09
7.53941e-12
2.71841e-09
7.29797e-12
2.71173e-09
7.08116e-12
2.70448e-09
6.84155e-12
2.69824e-09
6.62758e-12
2.69144e-09
6.39295e-12
2.68562e-09
6.1847e-12
2.67927e-09
5.95772e-12
2.67387e-09
5.75757e-12
2.66794e-09
5.54037e-12
2.66294e-09
5.3502e-12
2.65742e-09
5.14441e-12
2.65279e-09
4.96565e-12
2.64765e-09
4.77247e-12
2.64336e-09
4.60613e-12
2.63858e-09
4.42634e-12
2.63462e-09
4.27308e-12
2.63017e-09
4.10713e-12
2.62651e-09
3.96731e-12
2.62236e-09
3.81539e-12
2.61897e-09
3.68909e-12
2.61509e-09
3.55116e-12
2.61195e-09
3.43835e-12
2.60832e-09
3.31424e-12
2.60539e-09
3.21475e-12
2.60198e-09
3.10417e-12
2.59924e-09
3.01772e-12
2.59602e-09
2.92025e-12
2.59345e-09
2.84651e-12
2.59039e-09
2.76172e-12
2.58797e-09
2.70028e-12
2.58504e-09
2.6277e-12
2.58274e-09
2.57776e-12
2.58009e-09
2.51749e-12
2.57756e-09
2.47366e-12
2.57512e-09
2.43729e-12
2.38379e-12
2.50002e-09
-4.9421e-14
2.5001e-09
-1.84462e-13
2.50024e-09
-2.96274e-13
2.50043e-09
-4.03106e-13
2.50068e-09
-5.08993e-13
2.50097e-09
-6.13672e-13
2.50132e-09
-7.17377e-13
2.50172e-09
-8.20762e-13
2.50218e-09
-9.23721e-13
2.50267e-09
-1.02642e-12
2.50323e-09
-1.1288e-12
2.50383e-09
-1.23122e-12
2.5045e-09
-1.33363e-12
2.50519e-09
-1.43649e-12
2.50596e-09
-1.53978e-12
2.50676e-09
-1.64406e-12
2.50764e-09
-1.74934e-12
2.50854e-09
-1.85629e-12
2.50953e-09
-1.96492e-12
2.51053e-09
-2.07603e-12
2.51164e-09
-2.18963e-12
2.51276e-09
-2.30664e-12
2.51398e-09
-2.42708e-12
2.51522e-09
-2.55197e-12
2.51657e-09
-2.68134e-12
2.51794e-09
-2.81635e-12
2.51943e-09
-2.957e-12
2.52094e-09
-3.10458e-12
2.52259e-09
-3.25911e-12
2.52425e-09
-3.422e-12
2.52607e-09
-3.59325e-12
2.5279e-09
-3.77441e-12
2.52991e-09
-3.96549e-12
2.53194e-09
-4.16818e-12
2.53416e-09
-4.38248e-12
2.5364e-09
-4.61021e-12
2.53886e-09
-4.85138e-12
2.54135e-09
-5.10796e-12
2.54407e-09
-5.37994e-12
2.54684e-09
-5.66941e-12
2.54986e-09
-5.97637e-12
2.55294e-09
-6.30303e-12
2.55631e-09
-6.64936e-12
2.55974e-09
-7.01767e-12
2.56349e-09
-7.4079e-12
2.56732e-09
-7.82242e-12
2.5715e-09
-8.26109e-12
2.57578e-09
-8.72633e-12
2.58045e-09
-9.21784e-12
2.58523e-09
-9.73805e-12
2.59044e-09
-1.02865e-11
2.59578e-09
-1.08654e-11
2.60159e-09
-1.1474e-11
2.60755e-09
-1.21146e-11
2.61402e-09
-1.27857e-11
2.62067e-09
-1.34893e-11
2.62787e-09
-1.42236e-11
2.63527e-09
-1.499e-11
2.64327e-09
-1.57858e-11
2.65148e-09
-1.66118e-11
2.66033e-09
-1.74646e-11
2.66941e-09
-1.83438e-11
2.67916e-09
-1.9245e-11
2.68916e-09
-2.01667e-11
2.69986e-09
-2.1103e-11
2.71081e-09
-2.20514e-11
2.72248e-09
-2.30042e-11
2.7344e-09
-2.39573e-11
2.74704e-09
-2.49017e-11
2.75992e-09
-2.58317e-11
2.7735e-09
-2.67366e-11
2.78728e-09
-2.76092e-11
2.80175e-09
-2.84378e-11
2.81635e-09
-2.92138e-11
2.83159e-09
-2.99246e-11
2.8469e-09
-3.05613e-11
2.86275e-09
-3.11112e-11
2.87859e-09
-3.15655e-11
2.89487e-09
-3.19125e-11
2.91102e-09
-3.21446e-11
2.92749e-09
-3.22522e-11
2.94371e-09
-3.22299e-11
2.96009e-09
-3.20711e-11
2.97611e-09
-3.17737e-11
2.99213e-09
-3.13348e-11
3.00765e-09
-3.0756e-11
3.02301e-09
-3.00384e-11
3.03777e-09
-2.91875e-11
3.05219e-09
-2.82084e-11
3.06593e-09
-2.711e-11
3.07917e-09
-2.59004e-11
3.09166e-09
-2.45915e-11
3.10352e-09
-2.31936e-11
3.11459e-09
-2.17202e-11
3.1249e-09
-2.01832e-11
3.13442e-09
-1.85963e-11
3.1431e-09
-1.69719e-11
3.15099e-09
-1.53234e-11
3.15798e-09
-1.36623e-11
3.16423e-09
-1.2001e-11
3.16953e-09
-1.03496e-11
3.17416e-09
-8.71845e-12
3.17782e-09
-7.1162e-12
3.18088e-09
-5.55066e-12
3.18298e-09
-4.02859e-12
3.18457e-09
-2.55538e-12
3.18519e-09
-1.13574e-12
3.18541e-09
2.27171e-13
3.1847e-09
1.53e-12
3.18366e-09
2.77281e-12
3.18172e-09
3.95508e-12
3.17955e-09
5.07975e-12
3.17649e-09
6.14716e-12
3.1733e-09
7.16133e-12
3.16925e-09
8.12268e-12
3.16513e-09
9.03606e-12
3.16018e-09
9.90172e-12
3.15522e-09
1.07251e-11
3.14946e-09
1.1506e-11
3.14375e-09
1.22501e-11
3.13726e-09
1.29565e-11
3.13087e-09
1.36311e-11
3.1237e-09
1.42718e-11
3.11669e-09
1.48846e-11
3.10892e-09
1.54665e-11
3.10135e-09
1.60231e-11
3.09302e-09
1.65505e-11
3.08493e-09
1.7054e-11
3.0761e-09
1.75289e-11
3.06755e-09
1.79802e-11
3.05827e-09
1.84022e-11
3.04931e-09
1.87999e-11
3.03963e-09
1.91669e-11
3.03032e-09
1.95081e-11
3.02029e-09
1.98166e-11
3.01068e-09
2.00972e-11
3.00036e-09
2.0343e-11
2.99053e-09
2.05589e-11
2.97999e-09
2.07377e-11
2.96999e-09
2.08849e-11
2.9593e-09
2.09932e-11
2.9492e-09
2.10686e-11
2.93843e-09
2.11042e-11
2.92832e-09
2.11063e-11
2.91754e-09
2.10684e-11
2.90747e-09
2.09977e-11
2.89676e-09
2.08877e-11
2.88681e-09
2.07463e-11
2.87625e-09
2.05675e-11
2.86648e-09
2.03599e-11
2.85612e-09
2.01176e-11
2.8466e-09
1.98497e-11
2.83651e-09
1.95508e-11
2.82728e-09
1.92302e-11
2.81752e-09
1.88826e-11
2.80863e-09
1.85179e-11
2.79923e-09
1.81307e-11
2.79072e-09
1.7731e-11
2.78173e-09
1.73135e-11
2.77362e-09
1.6888e-11
2.76505e-09
1.64494e-11
2.75737e-09
1.60074e-11
2.74924e-09
1.55566e-11
2.74199e-09
1.51065e-11
2.73431e-09
1.46517e-11
2.7275e-09
1.42014e-11
2.72027e-09
1.37499e-11
2.71388e-09
1.3306e-11
2.7071e-09
1.28641e-11
2.70113e-09
1.24326e-11
2.69478e-09
1.20055e-11
2.68921e-09
1.1591e-11
2.68327e-09
1.1183e-11
2.67809e-09
1.07892e-11
2.67254e-09
1.04034e-11
2.66772e-09
1.00331e-11
2.66254e-09
9.67189e-12
2.65806e-09
9.32686e-12
2.65322e-09
8.99177e-12
2.64905e-09
8.67328e-12
2.64453e-09
8.36514e-12
2.64065e-09
8.07376e-12
2.63641e-09
7.79292e-12
2.63279e-09
7.52875e-12
2.62882e-09
7.27508e-12
2.62544e-09
7.0379e-12
2.6217e-09
6.81105e-12
2.61853e-09
6.60038e-12
2.61499e-09
6.39975e-12
2.61201e-09
6.21492e-12
2.60865e-09
6.03979e-12
2.60583e-09
5.88007e-12
2.60263e-09
5.72966e-12
2.59995e-09
5.59423e-12
2.59688e-09
5.46777e-12
2.59431e-09
5.35562e-12
2.5915e-09
5.25328e-12
2.58873e-09
5.16007e-12
2.58607e-09
5.09247e-12
4.98146e-12
2.50002e-09
-7.44395e-14
2.5001e-09
-2.76927e-13
2.50024e-09
-4.44772e-13
2.50043e-09
-6.05033e-13
2.50068e-09
-7.63873e-13
2.50097e-09
-9.20758e-13
2.50132e-09
-1.07619e-12
2.50171e-09
-1.23097e-12
2.50217e-09
-1.38511e-12
2.50267e-09
-1.53865e-12
2.50323e-09
-1.69171e-12
2.50382e-09
-1.84455e-12
2.50448e-09
-1.99741e-12
2.50517e-09
-2.15061e-12
2.50594e-09
-2.3045e-12
2.50673e-09
-2.45952e-12
2.5076e-09
-2.61609e-12
2.50849e-09
-2.77477e-12
2.50947e-09
-2.93607e-12
2.51047e-09
-3.10064e-12
2.51155e-09
-3.2691e-12
2.51266e-09
-3.44217e-12
2.51386e-09
-3.62058e-12
2.51508e-09
-3.80513e-12
2.51641e-09
-3.99664e-12
2.51775e-09
-4.19601e-12
2.51922e-09
-4.40414e-12
2.5207e-09
-4.62203e-12
2.52231e-09
-4.85068e-12
2.52394e-09
-5.09117e-12
2.52571e-09
-5.3446e-12
2.5275e-09
-5.61217e-12
2.52946e-09
-5.89506e-12
2.53144e-09
-6.19458e-12
2.5336e-09
-6.51202e-12
2.53579e-09
-6.84878e-12
2.53818e-09
-7.20628e-12
2.54061e-09
-7.58602e-12
2.54326e-09
-7.98951e-12
2.54595e-09
-8.41834e-12
2.54889e-09
-8.87416e-12
2.55189e-09
-9.35861e-12
2.55516e-09
-9.87341e-12
2.5585e-09
-1.04203e-11
2.56215e-09
-1.1001e-11
2.56588e-09
-1.16173e-11
2.56995e-09
-1.2271e-11
2.57412e-09
-1.29637e-11
2.57866e-09
-1.36972e-11
2.58333e-09
-1.44731e-11
2.58841e-09
-1.52929e-11
2.59362e-09
-1.61579e-11
2.59929e-09
-1.70694e-11
2.60513e-09
-1.80285e-11
2.61146e-09
-1.90358e-11
2.61798e-09
-2.00919e-11
2.62505e-09
-2.11967e-11
2.63232e-09
-2.235e-11
2.64018e-09
-2.35508e-11
2.64828e-09
-2.47977e-11
2.65701e-09
-2.60885e-11
2.66599e-09
-2.74204e-11
2.67564e-09
-2.87894e-11
2.68557e-09
-3.0191e-11
2.69621e-09
-3.16193e-11
2.70712e-09
-3.30676e-11
2.71877e-09
-3.45278e-11
2.7307e-09
-3.59905e-11
2.74338e-09
-3.74452e-11
2.75633e-09
-3.888e-11
2.77001e-09
-4.02818e-11
2.78393e-09
-4.16362e-11
2.79857e-09
-4.29281e-11
2.8134e-09
-4.41407e-11
2.82888e-09
-4.52576e-11
2.84449e-09
-4.62609e-11
2.86067e-09
-4.71337e-11
2.87688e-09
-4.78584e-11
2.89355e-09
-4.84194e-11
2.91013e-09
-4.88009e-11
2.92703e-09
-4.89906e-11
2.94372e-09
-4.8976e-11
2.96057e-09
-4.875e-11
2.97706e-09
-4.83053e-11
2.99353e-09
-4.76408e-11
3.00952e-09
-4.67556e-11
3.0253e-09
-4.56551e-11
3.04046e-09
-4.43449e-11
3.05525e-09
-4.28364e-11
3.06932e-09
-4.11413e-11
3.08285e-09
-3.92759e-11
3.09558e-09
-3.72564e-11
3.10763e-09
-3.51024e-11
3.11884e-09
-3.28332e-11
3.12925e-09
-3.04696e-11
3.13882e-09
-2.80324e-11
3.1475e-09
-2.55421e-11
3.15535e-09
-2.30189e-11
3.16226e-09
-2.04819e-11
3.1684e-09
-1.79495e-11
3.17355e-09
-1.54378e-11
3.17801e-09
-1.29628e-11
3.18147e-09
-1.05369e-11
3.18433e-09
-8.173e-12
3.1862e-09
-5.87965e-12
3.18756e-09
-3.66644e-12
3.18797e-09
-1.53792e-12
3.18795e-09
4.98733e-13
3.18702e-09
2.44211e-12
3.18577e-09
4.29111e-12
3.18364e-09
6.04896e-12
3.18128e-09
7.71692e-12
3.17807e-09
9.29933e-12
3.17471e-09
1.07988e-11
3.17054e-09
1.22203e-11
3.16629e-09
1.35675e-11
3.16125e-09
1.48454e-11
3.15621e-09
1.60581e-11
3.1504e-09
1.72103e-11
3.14463e-09
1.83062e-11
3.13811e-09
1.93494e-11
3.13169e-09
2.03441e-11
3.12454e-09
2.12926e-11
3.11752e-09
2.21985e-11
3.10978e-09
2.3063e-11
3.10221e-09
2.3889e-11
3.09393e-09
2.46763e-11
3.08586e-09
2.54269e-11
3.07709e-09
2.61397e-11
3.06856e-09
2.68159e-11
3.05934e-09
2.74534e-11
3.05041e-09
2.80525e-11
3.04078e-09
2.86107e-11
3.03149e-09
2.91276e-11
3.02152e-09
2.96003e-11
3.01193e-09
3.00281e-11
3.00166e-09
3.04081e-11
2.99183e-09
3.07394e-11
2.98133e-09
3.10195e-11
2.97133e-09
3.12474e-11
2.96067e-09
3.14214e-11
2.95056e-09
3.15408e-11
2.93982e-09
3.16046e-11
2.92968e-09
3.16125e-11
2.91893e-09
3.15647e-11
2.90884e-09
3.14615e-11
2.89816e-09
3.13038e-11
2.88819e-09
3.10928e-11
2.87764e-09
3.08304e-11
2.86786e-09
3.05182e-11
2.85753e-09
3.0159e-11
2.84799e-09
2.97551e-11
2.83793e-09
2.93098e-11
2.82869e-09
2.88258e-11
2.81896e-09
2.83069e-11
2.81007e-09
2.77562e-11
2.80072e-09
2.71775e-11
2.79221e-09
2.65742e-11
2.78326e-09
2.595e-11
2.77517e-09
2.53085e-11
2.76665e-09
2.46532e-11
2.75899e-09
2.39874e-11
2.75092e-09
2.33144e-11
2.74369e-09
2.26373e-11
2.73607e-09
2.19591e-11
2.72928e-09
2.12826e-11
2.72212e-09
2.06102e-11
2.71575e-09
1.99445e-11
2.70903e-09
1.92873e-11
2.70309e-09
1.8641e-11
2.69679e-09
1.80068e-11
2.69125e-09
1.73868e-11
2.68537e-09
1.67819e-11
2.6802e-09
1.61936e-11
2.67471e-09
1.56225e-11
2.66991e-09
1.50699e-11
2.66477e-09
1.45359e-11
2.6603e-09
1.40217e-11
2.65551e-09
1.35269e-11
2.65135e-09
1.30526e-11
2.64686e-09
1.25982e-11
2.64298e-09
1.21646e-11
2.63878e-09
1.1751e-11
2.63516e-09
1.1358e-11
2.63121e-09
1.09848e-11
2.62782e-09
1.06321e-11
2.62411e-09
1.02986e-11
2.62092e-09
9.98523e-12
2.61741e-09
9.69065e-12
2.61441e-09
9.41553e-12
2.61106e-09
9.15866e-12
2.60822e-09
8.92066e-12
2.60503e-09
8.70029e-12
2.60232e-09
8.4982e-12
2.59926e-09
8.31314e-12
2.59667e-09
8.14555e-12
2.59386e-09
7.9955e-12
2.59108e-09
7.85705e-12
2.58841e-09
7.75723e-12
7.5844e-12
2.50002e-09
-9.94878e-14
2.5001e-09
-3.69251e-13
2.50024e-09
-5.93138e-13
2.50043e-09
-8.06921e-13
2.50068e-09
-1.01871e-12
2.50097e-09
-1.22773e-12
2.50132e-09
-1.43466e-12
2.50171e-09
-1.6405e-12
2.50217e-09
-1.84531e-12
2.50266e-09
-2.04905e-12
2.50322e-09
-2.25194e-12
2.50381e-09
-2.45424e-12
2.50447e-09
-2.65631e-12
2.50515e-09
-2.85854e-12
2.50591e-09
-3.06143e-12
2.5067e-09
-3.26549e-12
2.50755e-09
-3.47136e-12
2.50843e-09
-3.6797e-12
2.50939e-09
-3.89127e-12
2.51037e-09
-4.10686e-12
2.51144e-09
-4.32736e-12
2.51252e-09
-4.55366e-12
2.5137e-09
-4.7868e-12
2.51489e-09
-5.02778e-12
2.51618e-09
-5.27776e-12
2.51749e-09
-5.53786e-12
2.51891e-09
-5.80936e-12
2.52034e-09
-6.0935e-12
2.5219e-09
-6.39169e-12
2.52348e-09
-6.7053e-12
2.52519e-09
-7.03588e-12
2.52692e-09
-7.3849e-12
2.52881e-09
-7.75409e-12
2.53071e-09
-8.14503e-12
2.53279e-09
-8.55962e-12
2.53489e-09
-8.99956e-12
2.53719e-09
-9.46692e-12
2.53952e-09
-9.96353e-12
2.54206e-09
-1.04916e-11
2.54464e-09
-1.10532e-11
2.54746e-09
-1.16505e-11
2.55033e-09
-1.22858e-11
2.55346e-09
-1.29615e-11
2.55666e-09
-1.36798e-11
2.56016e-09
-1.44434e-11
2.56373e-09
-1.52543e-11
2.56764e-09
-1.61154e-11
2.57163e-09
-1.70288e-11
2.576e-09
-1.79972e-11
2.58048e-09
-1.90226e-11
2.58536e-09
-2.01075e-11
2.59039e-09
-2.12537e-11
2.59586e-09
-2.24634e-11
2.60149e-09
-2.37379e-11
2.60761e-09
-2.5079e-11
2.61393e-09
-2.64871e-11
2.62078e-09
-2.79632e-11
2.62786e-09
-2.95069e-11
2.63552e-09
-3.11177e-11
2.64343e-09
-3.27939e-11
2.65197e-09
-3.45334e-11
2.66079e-09
-3.63326e-11
2.6703e-09
-3.81872e-11
2.68011e-09
-4.00911e-11
2.69064e-09
-4.20374e-11
2.70149e-09
-4.40171e-11
2.71311e-09
-4.60198e-11
2.72505e-09
-4.80332e-11
2.73778e-09
-5.00432e-11
2.75083e-09
-5.20334e-11
2.76467e-09
-5.39863e-11
2.77882e-09
-5.58814e-11
2.79373e-09
-5.76977e-11
2.8089e-09
-5.94113e-11
2.82479e-09
-6.09987e-11
2.84087e-09
-6.24335e-11
2.85758e-09
-6.36916e-11
2.87438e-09
-6.47461e-11
2.8917e-09
-6.55746e-11
2.90897e-09
-6.61524e-11
2.92661e-09
-6.64616e-11
2.94405e-09
-6.64828e-11
2.96167e-09
-6.62053e-11
2.97894e-09
-6.56176e-11
2.99619e-09
-6.47184e-11
3.01292e-09
-6.35058e-11
3.02942e-09
-6.19883e-11
3.04526e-09
-6.01741e-11
3.06066e-09
-5.80808e-11
3.07528e-09
-5.57256e-11
3.0893e-09
-5.31331e-11
3.10243e-09
-5.03273e-11
3.11481e-09
-4.73372e-11
3.12627e-09
-4.41913e-11
3.13685e-09
-4.092e-11
3.1465e-09
-3.75534e-11
3.15519e-09
-3.4121e-11
3.16299e-09
-3.0652e-11
3.16977e-09
-2.7173e-11
3.17572e-09
-2.37102e-11
3.18064e-09
-2.02858e-11
3.18482e-09
-1.69222e-11
3.18796e-09
-1.36357e-11
3.19047e-09
-1.0444e-11
3.19197e-09
-7.35791e-12
3.19295e-09
-4.39003e-12
3.19295e-09
-1.54516e-12
3.19255e-09
1.16672e-12
3.19122e-09
3.74644e-12
3.18959e-09
6.19398e-12
3.18708e-09
8.51531e-12
3.18437e-09
1.07124e-11
3.18081e-09
1.27921e-11
3.17713e-09
1.47584e-11
3.17265e-09
1.66192e-11
3.16812e-09
1.83799e-11
3.16282e-09
2.00481e-11
3.15753e-09
2.16302e-11
3.15149e-09
2.31328e-11
3.14552e-09
2.45624e-11
3.13882e-09
2.59242e-11
3.13222e-09
2.72242e-11
3.12492e-09
2.8466e-11
3.11775e-09
2.96544e-11
3.10987e-09
3.07912e-11
3.10217e-09
3.18803e-11
3.09377e-09
3.29214e-11
3.08558e-09
3.39173e-11
3.07669e-09
3.4866e-11
3.06805e-09
3.5769e-11
3.05871e-09
3.66232e-11
3.04965e-09
3.74286e-11
3.0399e-09
3.81815e-11
3.03047e-09
3.88809e-11
3.02036e-09
3.95228e-11
3.01062e-09
4.01053e-11
3.00021e-09
4.06246e-11
2.99022e-09
4.10785e-11
2.97956e-09
4.14639e-11
2.96939e-09
4.17783e-11
2.95857e-09
4.20199e-11
2.94829e-09
4.21866e-11
2.93738e-09
4.22778e-11
2.92707e-09
4.22921e-11
2.91615e-09
4.22304e-11
2.9059e-09
4.2092e-11
2.89506e-09
4.18796e-11
2.88493e-09
4.15933e-11
2.87425e-09
4.1237e-11
2.86433e-09
4.0812e-11
2.85387e-09
4.03233e-11
2.84422e-09
3.97729e-11
2.83407e-09
3.91668e-11
2.82474e-09
3.85076e-11
2.81494e-09
3.78017e-11
2.806e-09
3.70524e-11
2.7966e-09
3.62663e-11
2.78806e-09
3.54469e-11
2.7791e-09
3.46005e-11
2.771e-09
3.37309e-11
2.7625e-09
3.28441e-11
2.75485e-09
3.19436e-11
2.74682e-09
3.10349e-11
2.73963e-09
3.01214e-11
2.73208e-09
2.92079e-11
2.72534e-09
2.82974e-11
2.71826e-09
2.73939e-11
2.71197e-09
2.65001e-11
2.70534e-09
2.56193e-11
2.69949e-09
2.47537e-11
2.6933e-09
2.39058e-11
2.68786e-09
2.30774e-11
2.68209e-09
2.22705e-11
2.67703e-09
2.14863e-11
2.67166e-09
2.07262e-11
2.66696e-09
1.99912e-11
2.66195e-09
1.9282e-11
2.6576e-09
1.85994e-11
2.65292e-09
1.79436e-11
2.64887e-09
1.73152e-11
2.64451e-09
1.67139e-11
2.64074e-09
1.61404e-11
2.63665e-09
1.55939e-11
2.63314e-09
1.5075e-11
2.62931e-09
1.45827e-11
2.62603e-09
1.41174e-11
2.62242e-09
1.36782e-11
2.61934e-09
1.32653e-11
2.61593e-09
1.28776e-11
2.61303e-09
1.25155e-11
2.60979e-09
1.21779e-11
2.60704e-09
1.18649e-11
2.60394e-09
1.15755e-11
2.60133e-09
1.13099e-11
2.59836e-09
1.10671e-11
2.59585e-09
1.08469e-11
2.59313e-09
1.06501e-11
2.59044e-09
1.04685e-11
2.58785e-09
1.03385e-11
1.01097e-11
2.50002e-09
-1.24631e-13
2.5001e-09
-4.61613e-13
2.50024e-09
-7.41715e-13
2.50043e-09
-1.00921e-12
2.50068e-09
-1.27403e-12
2.50097e-09
-1.53516e-12
2.50133e-09
-1.79337e-12
2.50172e-09
-2.0499e-12
2.50217e-09
-2.30477e-12
2.50267e-09
-2.55792e-12
2.50322e-09
-2.80958e-12
2.50381e-09
-3.06008e-12
2.50446e-09
-3.30983e-12
2.50514e-09
-3.55931e-12
2.50589e-09
-3.80914e-12
2.50666e-09
-4.05996e-12
2.50751e-09
-4.31256e-12
2.50837e-09
-4.56775e-12
2.50931e-09
-4.8265e-12
2.51026e-09
-5.08977e-12
2.5113e-09
-5.35868e-12
2.51236e-09
-5.63434e-12
2.5135e-09
-5.91804e-12
2.51465e-09
-6.21104e-12
2.5159e-09
-6.51476e-12
2.51716e-09
-6.8306e-12
2.51853e-09
-7.16017e-12
2.5199e-09
-7.50499e-12
2.5214e-09
-7.86684e-12
2.5229e-09
-8.2474e-12
2.52453e-09
-8.64861e-12
2.52618e-09
-9.07231e-12
2.52797e-09
-9.52065e-12
2.52978e-09
-9.99561e-12
2.53175e-09
-1.04996e-11
2.53374e-09
-1.10346e-11
2.53591e-09
-1.16034e-11
2.5381e-09
-1.22082e-11
2.5405e-09
-1.28519e-11
2.54293e-09
-1.35369e-11
2.54559e-09
-1.42662e-11
2.54829e-09
-1.50426e-11
2.55125e-09
-1.58692e-11
2.55426e-09
-1.67489e-11
2.55756e-09
-1.7685e-11
2.56092e-09
-1.86805e-11
2.5646e-09
-1.97388e-11
2.56837e-09
-2.0863e-11
2.57249e-09
-2.20565e-11
2.57672e-09
-2.33221e-11
2.58135e-09
-2.46634e-11
2.5861e-09
-2.60829e-11
2.5913e-09
-2.75839e-11
2.59665e-09
-2.91683e-11
2.6025e-09
-3.08389e-11
2.60853e-09
-3.25969e-11
2.6151e-09
-3.44442e-11
2.62189e-09
-3.63809e-11
2.62927e-09
-3.84073e-11
2.63691e-09
-4.05221e-11
2.64521e-09
-4.27234e-11
2.65379e-09
-4.50077e-11
2.66308e-09
-4.73706e-11
2.6727e-09
-4.98054e-11
2.68309e-09
-5.23041e-11
2.69383e-09
-5.48565e-11
2.70538e-09
-5.74499e-11
2.71732e-09
-6.00694e-11
2.7301e-09
-6.26975e-11
2.74328e-09
-6.53137e-11
2.75732e-09
-6.78949e-11
2.77175e-09
-7.04147e-11
2.78704e-09
-7.28449e-11
2.80268e-09
-7.51534e-11
2.81914e-09
-7.73075e-11
2.83587e-09
-7.92711e-11
2.85334e-09
-8.10094e-11
2.87098e-09
-8.24847e-11
2.88924e-09
-8.36638e-11
2.9075e-09
-8.45113e-11
2.92621e-09
-8.5e-11
2.94475e-09
-8.51018e-11
2.96352e-09
-8.47998e-11
2.98192e-09
-8.40777e-11
3.00031e-09
-8.29325e-11
3.01813e-09
-8.13619e-11
3.03569e-09
-7.9378e-11
3.05251e-09
-7.69932e-11
3.06882e-09
-7.4233e-11
3.08425e-09
-7.11226e-11
3.09897e-09
-6.76976e-11
3.1127e-09
-6.39926e-11
3.12556e-09
-6.0049e-11
3.13738e-09
-5.59067e-11
3.1482e-09
-5.1609e-11
3.15797e-09
-4.71972e-11
3.16668e-09
-4.27125e-11
3.17439e-09
-3.81942e-11
3.18099e-09
-3.36786e-11
3.18668e-09
-2.92005e-11
3.19125e-09
-2.47892e-11
3.19502e-09
-2.04736e-11
3.19771e-09
-1.62749e-11
3.19972e-09
-1.22148e-11
3.20069e-09
-8.30664e-12
3.20113e-09
-4.56502e-12
3.20058e-09
-9.9534e-13
3.19962e-09
2.39089e-12
3.19774e-09
5.59928e-12
3.19558e-09
8.63218e-12
3.19255e-09
1.14983e-11
3.18934e-09
1.42015e-11
3.18531e-09
1.67521e-11
3.18119e-09
1.91566e-11
3.1763e-09
2.14263e-11
3.17138e-09
2.35694e-11
3.16573e-09
2.55971e-11
3.16012e-09
2.75184e-11
3.15379e-09
2.93429e-11
3.14754e-09
3.10796e-11
3.1406e-09
3.2736e-11
3.13378e-09
3.43201e-11
3.12627e-09
3.58369e-11
3.11891e-09
3.7293e-11
3.11086e-09
3.86907e-11
3.10298e-09
4.00348e-11
3.09443e-09
4.1325e-11
3.08607e-09
4.25645e-11
3.07702e-09
4.37504e-11
3.0682e-09
4.48842e-11
3.0587e-09
4.59614e-11
3.04945e-09
4.69816e-11
3.03952e-09
4.79392e-11
3.02989e-09
4.88323e-11
3.01957e-09
4.96551e-11
3.00961e-09
5.04044e-11
2.99897e-09
5.10747e-11
2.98874e-09
5.16625e-11
2.97782e-09
5.2163e-11
2.9674e-09
5.25727e-11
2.9563e-09
5.28885e-11
2.94576e-09
5.31075e-11
2.93457e-09
5.32284e-11
2.92399e-09
5.32492e-11
2.9128e-09
5.31708e-11
2.90228e-09
5.29925e-11
2.89118e-09
5.27174e-11
2.88081e-09
5.23461e-11
2.86988e-09
5.18835e-11
2.85974e-09
5.13316e-11
2.84908e-09
5.0697e-11
2.83924e-09
4.99828e-11
2.82891e-09
4.91966e-11
2.81944e-09
4.83425e-11
2.8095e-09
4.74288e-11
2.80045e-09
4.64601e-11
2.79096e-09
4.54451e-11
2.78235e-09
4.43885e-11
2.77334e-09
4.32989e-11
2.76521e-09
4.2181e-11
2.7567e-09
4.10428e-11
2.74906e-09
3.9889e-11
2.74106e-09
3.87267e-11
2.73392e-09
3.75602e-11
2.72642e-09
3.63957e-11
2.71976e-09
3.5237e-11
2.71276e-09
3.40893e-11
2.70658e-09
3.29558e-11
2.70006e-09
3.18406e-11
2.69432e-09
3.07466e-11
2.68826e-09
2.96767e-11
2.68295e-09
2.86332e-11
2.67732e-09
2.76183e-11
2.67241e-09
2.66336e-11
2.66718e-09
2.56804e-11
2.66264e-09
2.47602e-11
2.65778e-09
2.38735e-11
2.65358e-09
2.30213e-11
2.64906e-09
2.22036e-11
2.64517e-09
2.1421e-11
2.64096e-09
2.06732e-11
2.63734e-09
1.99606e-11
2.63341e-09
1.92825e-11
2.63005e-09
1.86392e-11
2.62637e-09
1.80296e-11
2.62324e-09
1.74539e-11
2.61978e-09
1.6911e-11
2.61684e-09
1.64011e-11
2.61357e-09
1.59228e-11
2.61081e-09
1.54764e-11
2.60771e-09
1.50604e-11
2.60509e-09
1.46752e-11
2.60213e-09
1.43192e-11
2.59964e-09
1.39928e-11
2.5968e-09
1.36946e-11
2.59441e-09
1.34246e-11
2.59181e-09
1.31833e-11
2.58924e-09
1.29609e-11
2.58677e-09
1.2802e-11
1.25206e-11
2.50002e-09
-1.50211e-13
2.5001e-09
-5.54533e-13
2.50024e-09
-8.913e-13
2.50043e-09
-1.21295e-12
2.50069e-09
-1.53112e-12
2.50098e-09
-1.84449e-12
2.50134e-09
-2.1539e-12
2.50173e-09
-2.46079e-12
2.50219e-09
-2.76513e-12
2.50268e-09
-3.06678e-12
2.50323e-09
-3.366e-12
2.50382e-09
-3.66316e-12
2.50447e-09
-3.95874e-12
2.50514e-09
-4.2533e-12
2.50588e-09
-4.54756e-12
2.50664e-09
-4.84229e-12
2.50747e-09
-5.13845e-12
2.50831e-09
-5.43699e-12
2.50923e-09
-5.73908e-12
2.51016e-09
-6.04585e-12
2.51117e-09
-6.35867e-12
2.51218e-09
-6.67885e-12
2.51329e-09
-7.00794e-12
2.51439e-09
-7.34742e-12
2.51559e-09
-7.69901e-12
2.51679e-09
-8.06438e-12
2.51809e-09
-8.44543e-12
2.51939e-09
-8.84399e-12
2.52081e-09
-9.26217e-12
2.52223e-09
-9.70197e-12
2.52377e-09
-1.01657e-11
2.52531e-09
-1.06556e-11
2.52699e-09
-1.11742e-11
2.52867e-09
-1.17238e-11
2.53051e-09
-1.23074e-11
2.53236e-09
-1.29274e-11
2.53438e-09
-1.35871e-11
2.53641e-09
-1.42891e-11
2.53864e-09
-1.5037e-11
2.54088e-09
-1.58336e-11
2.54334e-09
-1.66828e-11
2.54583e-09
-1.75877e-11
2.54856e-09
-1.85525e-11
2.55133e-09
-1.95804e-11
2.55438e-09
-2.06758e-11
2.55748e-09
-2.18423e-11
2.56088e-09
-2.30845e-11
2.56436e-09
-2.4406e-11
2.56818e-09
-2.58115e-11
2.57209e-09
-2.73046e-11
2.57639e-09
-2.88902e-11
2.5808e-09
-3.05715e-11
2.58565e-09
-3.23534e-11
2.59064e-09
-3.42387e-11
2.59612e-09
-3.62315e-11
2.60178e-09
-3.83343e-11
2.60797e-09
-4.05501e-11
2.61439e-09
-4.28802e-11
2.62141e-09
-4.53263e-11
2.62868e-09
-4.78879e-11
2.63663e-09
-5.05643e-11
2.64488e-09
-5.33528e-11
2.65387e-09
-5.62493e-11
2.66322e-09
-5.92477e-11
2.67337e-09
-6.23397e-11
2.68393e-09
-6.55144e-11
2.69537e-09
-6.87579e-11
2.70725e-09
-7.20534e-11
2.72006e-09
-7.53801e-11
2.73336e-09
-7.87137e-11
2.74763e-09
-8.20258e-11
2.76239e-09
-8.52834e-11
2.77814e-09
-8.84499e-11
2.79436e-09
-9.14835e-11
2.81154e-09
-9.43406e-11
2.82913e-09
-9.69716e-11
2.84761e-09
-9.93284e-11
2.86638e-09
-1.01358e-10
2.88589e-09
-1.03011e-10
2.90551e-09
-1.04239e-10
2.92568e-09
-1.04999e-10
2.94574e-09
-1.0525e-10
2.96608e-09
-1.04967e-10
2.98607e-09
-1.04125e-10
3.00603e-09
-1.0272e-10
3.02538e-09
-1.00748e-10
3.0444e-09
-9.8227e-11
3.06258e-09
-9.51752e-11
3.08014e-09
-9.16296e-11
3.09668e-09
-8.7627e-11
3.11236e-09
-8.32183e-11
3.12689e-09
-7.84528e-11
3.14038e-09
-7.33888e-11
3.15266e-09
-6.8082e-11
3.16378e-09
-6.25917e-11
3.1737e-09
-5.69745e-11
3.18239e-09
-5.12856e-11
3.18995e-09
-4.55776e-11
3.19627e-09
-3.98976e-11
3.20157e-09
-3.42912e-11
3.20565e-09
-2.87953e-11
3.20886e-09
-2.34463e-11
3.2109e-09
-1.82695e-11
3.21223e-09
-1.32916e-11
3.21247e-09
-8.52695e-12
3.21217e-09
-3.99144e-12
3.21086e-09
3.08537e-13
3.20917e-09
4.36332e-12
3.20655e-09
8.18547e-12
3.20368e-09
1.17807e-11
3.19996e-09
1.51622e-11
3.19611e-09
1.83364e-11
3.19146e-09
2.13187e-11
3.18678e-09
2.41191e-11
3.18136e-09
2.67539e-11
3.17596e-09
2.92352e-11
3.16987e-09
3.15786e-11
3.16386e-09
3.3797e-11
3.15717e-09
3.59036e-11
3.1506e-09
3.79109e-11
3.14337e-09
3.98289e-11
3.13628e-09
4.16687e-11
3.12854e-09
4.34365e-11
3.12095e-09
4.51413e-11
3.11271e-09
4.67853e-11
3.10463e-09
4.83751e-11
3.0959e-09
4.99094e-11
3.08734e-09
5.13921e-11
3.07812e-09
5.28188e-11
3.0691e-09
5.41909e-11
3.05939e-09
5.55017e-11
3.04993e-09
5.675e-11
3.03977e-09
5.79279e-11
3.02989e-09
5.90319e-11
3.01931e-09
6.00536e-11
3.00907e-09
6.09881e-11
2.99813e-09
6.18274e-11
2.98758e-09
6.25659e-11
2.97634e-09
6.31969e-11
2.96557e-09
6.3715e-11
2.95412e-09
6.41157e-11
2.94322e-09
6.43943e-11
2.93166e-09
6.45491e-11
2.92073e-09
6.45769e-11
2.90917e-09
6.44791e-11
2.8983e-09
6.42542e-11
2.88684e-09
6.39064e-11
2.87614e-09
6.34365e-11
2.8649e-09
6.28512e-11
2.85446e-09
6.2153e-11
2.84351e-09
6.13508e-11
2.83343e-09
6.04487e-11
2.82286e-09
5.94571e-11
2.81319e-09
5.83811e-11
2.80307e-09
5.72321e-11
2.79387e-09
5.60158e-11
2.78426e-09
5.47437e-11
2.77556e-09
5.34219e-11
2.76648e-09
5.20616e-11
2.75831e-09
5.06688e-11
2.74978e-09
4.92538e-11
2.74216e-09
4.78223e-11
2.73418e-09
4.63835e-11
2.72709e-09
4.49426e-11
2.71967e-09
4.35074e-11
2.7131e-09
4.20825e-11
2.70621e-09
4.06741e-11
2.70014e-09
3.92863e-11
2.69376e-09
3.79239e-11
2.68817e-09
3.65902e-11
2.68226e-09
3.52886e-11
2.67712e-09
3.40217e-11
2.67166e-09
3.2792e-11
2.66692e-09
3.16012e-11
2.66188e-09
3.04509e-11
2.65752e-09
2.93422e-11
2.65285e-09
2.82759e-11
2.64884e-09
2.72528e-11
2.64451e-09
2.62727e-11
2.6408e-09
2.53363e-11
2.63678e-09
2.44429e-11
2.63336e-09
2.35927e-11
2.62961e-09
2.27848e-11
2.62643e-09
2.20194e-11
2.62294e-09
2.1295e-11
2.61998e-09
2.06118e-11
2.61669e-09
1.99682e-11
2.61393e-09
1.93644e-11
2.61083e-09
1.87987e-11
2.60823e-09
1.82711e-11
2.60529e-09
1.77802e-11
2.60284e-09
1.73259e-11
2.60003e-09
1.69066e-11
2.59769e-09
1.65226e-11
2.59501e-09
1.61722e-11
2.59277e-09
1.58552e-11
2.59031e-09
1.55724e-11
2.58788e-09
1.53121e-11
2.58555e-09
1.51272e-11
1.47975e-11
2.50002e-09
-1.76268e-13
2.5001e-09
-6.48372e-13
2.50025e-09
-1.04273e-12
2.50044e-09
-1.41944e-12
2.5007e-09
-1.79167e-12
2.501e-09
-2.15773e-12
2.50136e-09
-2.5185e-12
2.50176e-09
-2.87557e-12
2.50222e-09
-3.22882e-12
2.50271e-09
-3.57804e-12
2.50327e-09
-3.92349e-12
2.50385e-09
-4.26558e-12
2.5045e-09
-4.60483e-12
2.50517e-09
-4.9419e-12
2.5059e-09
-5.27762e-12
2.50665e-09
-5.6129e-12
2.50746e-09
-5.94882e-12
2.50829e-09
-6.28653e-12
2.50918e-09
-6.62736e-12
2.51008e-09
-6.97267e-12
2.51106e-09
-7.32401e-12
2.51203e-09
-7.68294e-12
2.51309e-09
-8.05123e-12
2.51414e-09
-8.43062e-12
2.51528e-09
-8.82308e-12
2.51641e-09
-9.23056e-12
2.51764e-09
-9.65524e-12
2.51886e-09
-1.00993e-11
2.52018e-09
-1.0565e-11
2.5215e-09
-1.10549e-11
2.52293e-09
-1.15715e-11
2.52435e-09
-1.21174e-11
2.5259e-09
-1.26955e-11
2.52744e-09
-1.33087e-11
2.52913e-09
-1.39602e-11
2.5308e-09
-1.4653e-11
2.53265e-09
-1.53907e-11
2.53448e-09
-1.61767e-11
2.5365e-09
-1.70149e-11
2.53852e-09
-1.79088e-11
2.54075e-09
-1.88629e-11
2.54298e-09
-1.98811e-11
2.54545e-09
-2.0968e-11
2.54794e-09
-2.21279e-11
2.55068e-09
-2.3366e-11
2.55346e-09
-2.46867e-11
2.55654e-09
-2.60955e-11
2.55966e-09
-2.75971e-11
2.56311e-09
-2.91974e-11
2.56664e-09
-3.0901e-11
2.57054e-09
-3.27141e-11
2.57453e-09
-3.46415e-11
2.57894e-09
-3.66891e-11
2.58349e-09
-3.88615e-11
2.58851e-09
-4.11645e-11
2.59369e-09
-4.3602e-11
2.59941e-09
-4.6179e-11
2.60535e-09
-4.88985e-11
2.61188e-09
-5.17642e-11
2.61869e-09
-5.47772e-11
2.62616e-09
-5.79391e-11
2.63397e-09
-6.12486e-11
2.64254e-09
-6.47037e-11
2.6515e-09
-6.82993e-11
2.6613e-09
-7.20286e-11
2.67157e-09
-7.58812e-11
2.68278e-09
-7.98432e-11
2.69453e-09
-8.38971e-11
2.7073e-09
-8.80202e-11
2.72067e-09
-9.21851e-11
2.73514e-09
-9.63582e-11
2.75025e-09
-1.005e-10
2.76651e-09
-1.04566e-10
2.78341e-09
-1.08501e-10
2.80147e-09
-1.12249e-10
2.82012e-09
-1.15743e-10
2.83986e-09
-1.18916e-10
2.86008e-09
-1.21694e-10
2.88124e-09
-1.24007e-10
2.90266e-09
-1.25779e-10
2.92478e-09
-1.2695e-10
2.94688e-09
-1.27458e-10
2.96935e-09
-1.27263e-10
2.99147e-09
-1.26328e-10
3.01357e-09
-1.24645e-10
3.03498e-09
-1.22211e-10
3.05598e-09
-1.1905e-10
3.07597e-09
-1.15192e-10
3.09521e-09
-1.10691e-10
3.1132e-09
-1.056e-10
3.13014e-09
-9.9993e-11
3.14569e-09
-9.39397e-11
3.15998e-09
-8.7522e-11
3.17282e-09
-8.08171e-11
3.18427e-09
-7.39066e-11
3.19431e-09
-6.68661e-11
3.20292e-09
-5.97697e-11
3.21021e-09
-5.26855e-11
3.21609e-09
-4.56748e-11
3.22081e-09
-3.87946e-11
3.22418e-09
-3.2091e-11
3.22659e-09
-2.56078e-11
3.22774e-09
-1.9375e-11
3.22815e-09
-1.34227e-11
3.2274e-09
-7.7655e-12
3.22612e-09
-2.42033e-12
3.2238e-09
2.60544e-12
3.22115e-09
7.31278e-12
3.21757e-09
1.17227e-11
3.2138e-09
1.58438e-11
3.2092e-09
1.96952e-11
3.20453e-09
2.32881e-11
3.19912e-09
2.66446e-11
3.19373e-09
2.97801e-11
3.18766e-09
3.27176e-11
3.18169e-09
3.54747e-11
3.17507e-09
3.80729e-11
3.16859e-09
4.05301e-11
3.16149e-09
4.28646e-11
3.15455e-09
4.50931e-11
3.14701e-09
4.72292e-11
3.13963e-09
4.92872e-11
3.13164e-09
5.12753e-11
3.12382e-09
5.32048e-11
3.11537e-09
5.50781e-11
3.10709e-09
5.69032e-11
3.09816e-09
5.86776e-11
3.08941e-09
6.04056e-11
3.07998e-09
6.20809e-11
3.07075e-09
6.37041e-11
3.06082e-09
6.52657e-11
3.0511e-09
6.67633e-11
3.04068e-09
6.81852e-11
3.0305e-09
6.95263e-11
3.01961e-09
7.0774e-11
3.00901e-09
7.19214e-11
2.9977e-09
7.29564e-11
2.98675e-09
7.38711e-11
2.9751e-09
7.46555e-11
2.96389e-09
7.53018e-11
2.95199e-09
7.58031e-11
2.94062e-09
7.61531e-11
2.92859e-09
7.63485e-11
2.91718e-09
7.63853e-11
2.90515e-09
7.62645e-11
2.89382e-09
7.59847e-11
2.88191e-09
7.5551e-11
2.87078e-09
7.49646e-11
2.85912e-09
7.42343e-11
2.84831e-09
7.3364e-11
2.83699e-09
7.23651e-11
2.82659e-09
7.12434e-11
2.81572e-09
7.00124e-11
2.8058e-09
6.86793e-11
2.79545e-09
6.72584e-11
2.78607e-09
6.57578e-11
2.7763e-09
6.41918e-11
2.7675e-09
6.25688e-11
2.75833e-09
6.09025e-11
2.75012e-09
5.92008e-11
2.74157e-09
5.74765e-11
2.73397e-09
5.57369e-11
2.72603e-09
5.3993e-11
2.71902e-09
5.22513e-11
2.71168e-09
5.05211e-11
2.70524e-09
4.88081e-11
2.69848e-09
4.71195e-11
2.69257e-09
4.54599e-11
2.68635e-09
4.38351e-11
2.68095e-09
4.22484e-11
2.67524e-09
4.0704e-11
2.67029e-09
3.92046e-11
2.66505e-09
3.77526e-11
2.66053e-09
3.63499e-11
2.65571e-09
3.4998e-11
2.65157e-09
3.36979e-11
2.64713e-09
3.24502e-11
2.64334e-09
3.12554e-11
2.63924e-09
3.01132e-11
2.63576e-09
2.9024e-11
2.63197e-09
2.79866e-11
2.62877e-09
2.70012e-11
2.62525e-09
2.60663e-11
2.62228e-09
2.51819e-11
2.619e-09
2.43462e-11
2.61625e-09
2.35592e-11
2.61317e-09
2.28188e-11
2.61061e-09
2.21251e-11
2.60771e-09
2.1476e-11
2.6053e-09
2.08715e-11
2.60256e-09
2.03096e-11
2.60029e-09
1.97902e-11
2.59767e-09
1.93116e-11
2.59551e-09
1.88738e-11
2.59299e-09
1.84748e-11
2.59092e-09
1.81146e-11
2.58863e-09
1.77938e-11
2.58637e-09
1.74991e-11
2.5842e-09
1.72912e-11
1.69176e-11
2.50002e-09
-2.03436e-13
2.50011e-09
-7.44459e-13
2.50026e-09
-1.19801e-12
2.50045e-09
-1.63134e-12
2.50072e-09
-2.05892e-12
2.50102e-09
-2.47862e-12
2.50139e-09
-2.89128e-12
2.5018e-09
-3.29861e-12
2.50227e-09
-3.70036e-12
2.50277e-09
-4.09625e-12
2.50333e-09
-4.48652e-12
2.50392e-09
-4.87159e-12
2.50457e-09
-5.25208e-12
2.50524e-09
-5.62871e-12
2.50596e-09
-6.00245e-12
2.5067e-09
-6.37433e-12
2.50751e-09
-6.74563e-12
2.50831e-09
-7.11763e-12
2.50918e-09
-7.49188e-12
2.51005e-09
-7.86992e-12
2.51099e-09
-8.25354e-12
2.51193e-09
-8.6445e-12
2.51293e-09
-9.04483e-12
2.51393e-09
-9.45648e-12
2.515e-09
-9.88171e-12
2.51606e-09
-1.03227e-11
2.51721e-09
-1.07819e-11
2.51833e-09
-1.12618e-11
2.51956e-09
-1.1765e-11
2.52076e-09
-1.22943e-11
2.52207e-09
-1.28525e-11
2.52335e-09
-1.34426e-11
2.52475e-09
-1.40679e-11
2.52613e-09
-1.47316e-11
2.52764e-09
-1.54374e-11
2.52913e-09
-1.61886e-11
2.53077e-09
-1.69895e-11
2.53238e-09
-1.78437e-11
2.53417e-09
-1.87558e-11
2.53593e-09
-1.973e-11
2.53789e-09
-2.07713e-11
2.53983e-09
-2.18842e-11
2.54199e-09
-2.30743e-11
2.54415e-09
-2.43464e-11
2.54655e-09
-2.57068e-11
2.54896e-09
-2.71607e-11
2.55164e-09
-2.87148e-11
2.55435e-09
-3.03746e-11
2.55737e-09
-3.21477e-11
2.56043e-09
-3.40396e-11
2.56385e-09
-3.60584e-11
2.56734e-09
-3.82099e-11
2.57124e-09
-4.05024e-11
2.57524e-09
-4.29417e-11
2.5797e-09
-4.55361e-11
2.5843e-09
-4.82913e-11
2.58943e-09
-5.12152e-11
2.59476e-09
-5.43125e-11
2.60068e-09
-5.75905e-11
2.60687e-09
-6.10524e-11
2.61374e-09
-6.47033e-11
2.62095e-09
-6.85445e-11
2.62893e-09
-7.25776e-11
2.63734e-09
-7.68002e-11
2.64664e-09
-8.12085e-11
2.65647e-09
-8.57949e-11
2.6673e-09
-9.05476e-11
2.67875e-09
-9.54505e-11
2.69135e-09
-1.00481e-10
2.70467e-09
-1.05611e-10
2.71926e-09
-1.10803e-10
2.73467e-09
-1.16013e-10
2.75144e-09
-1.21186e-10
2.76908e-09
-1.26257e-10
2.78813e-09
-1.31151e-10
2.80804e-09
-1.3578e-10
2.82934e-09
-1.40052e-10
2.85137e-09
-1.43863e-10
2.87464e-09
-1.47107e-10
2.8984e-09
-1.49675e-10
2.9231e-09
-1.51472e-10
2.94792e-09
-1.52403e-10
2.97324e-09
-1.52404e-10
2.99823e-09
-1.5142e-10
3.0232e-09
-1.49436e-10
3.04737e-09
-1.4645e-10
3.07101e-09
-1.42501e-10
3.09342e-09
-1.37635e-10
3.11484e-09
-1.31931e-10
3.13473e-09
-1.25471e-10
3.15327e-09
-1.18359e-10
3.17009e-09
-1.10698e-10
3.18534e-09
-1.02602e-10
3.19882e-09
-9.41783e-11
3.2106e-09
-8.55384e-11
3.22068e-09
-7.67842e-11
3.22906e-09
-6.80124e-11
3.23589e-09
-5.93115e-11
3.24108e-09
-5.07586e-11
3.24495e-09
-4.24247e-11
3.2473e-09
-3.43644e-11
3.2486e-09
-2.66298e-11
3.24852e-09
-1.92538e-11
3.24767e-09
-1.22697e-11
3.2456e-09
-5.68885e-12
3.24303e-09
4.66679e-13
3.23941e-09
6.20075e-12
3.23551e-09
1.15282e-11
3.2307e-09
1.64792e-11
3.22578e-09
2.10665e-11
3.22008e-09
2.53176e-11
3.21441e-09
2.9251e-11
3.20805e-09
3.28981e-11
3.20183e-09
3.6282e-11
3.19498e-09
3.94345e-11
3.18834e-09
4.2381e-11
3.18111e-09
4.51505e-11
3.17412e-09
4.77682e-11
3.16657e-09
5.0258e-11
3.15925e-09
5.26431e-11
3.15138e-09
5.49405e-11
3.14372e-09
5.71697e-11
3.13549e-09
5.93399e-11
3.12745e-09
6.1466e-11
3.11882e-09
6.35496e-11
3.11035e-09
6.56004e-11
3.10125e-09
6.76138e-11
3.09231e-09
6.95944e-11
3.0827e-09
7.15325e-11
3.07324e-09
7.34283e-11
3.06308e-09
7.52678e-11
3.05309e-09
7.70468e-11
3.04237e-09
7.87488e-11
3.03184e-09
8.03655e-11
3.02057e-09
8.18796e-11
3.00956e-09
8.32801e-11
2.99779e-09
8.45503e-11
2.98635e-09
8.5678e-11
2.97417e-09
8.66492e-11
2.96241e-09
8.74524e-11
2.94993e-09
8.80776e-11
2.93798e-09
8.85156e-11
2.92534e-09
8.87618e-11
2.91333e-09
8.88102e-11
2.90069e-09
8.86623e-11
2.88878e-09
8.83158e-11
2.87628e-09
8.77779e-11
2.86462e-09
8.70504e-11
2.85242e-09
8.61451e-11
2.84113e-09
8.50673e-11
2.82936e-09
8.38325e-11
2.81855e-09
8.24485e-11
2.80731e-09
8.09331e-11
2.79708e-09
7.92959e-11
2.78645e-09
7.75557e-11
2.77685e-09
7.57227e-11
2.76689e-09
7.38156e-11
2.75796e-09
7.18448e-11
2.7487e-09
6.98277e-11
2.74045e-09
6.77744e-11
2.73189e-09
6.57004e-11
2.72432e-09
6.36147e-11
2.71645e-09
6.15307e-11
2.70954e-09
5.94562e-11
2.70233e-09
5.74021e-11
2.69604e-09
5.5375e-11
2.68945e-09
5.33831e-11
2.68374e-09
5.14319e-11
2.67774e-09
4.95273e-11
2.67256e-09
4.76733e-11
2.66709e-09
4.58741e-11
2.6624e-09
4.41323e-11
2.65741e-09
4.24505e-11
2.65316e-09
4.08305e-11
2.6486e-09
3.92731e-11
2.64474e-09
3.77795e-11
2.64057e-09
3.63495e-11
2.63705e-09
3.49837e-11
2.63323e-09
3.36808e-11
2.63002e-09
3.24411e-11
2.62649e-09
3.12629e-11
2.62355e-09
3.0146e-11
2.62029e-09
2.90883e-11
2.61757e-09
2.80896e-11
2.61454e-09
2.71476e-11
2.61203e-09
2.62618e-11
2.6092e-09
2.54298e-11
2.60687e-09
2.46514e-11
2.6042e-09
2.39242e-11
2.60202e-09
2.32479e-11
2.59949e-09
2.26201e-11
2.59743e-09
2.20407e-11
2.59502e-09
2.15075e-11
2.59306e-09
2.10205e-11
2.59075e-09
2.05775e-11
2.58888e-09
2.01782e-11
2.58678e-09
1.98236e-11
2.58471e-09
1.94985e-11
2.58272e-09
1.92709e-11
1.88586e-11
2.50003e-09
-2.31979e-13
2.50011e-09
-8.43887e-13
2.50027e-09
-1.35928e-12
2.50048e-09
-1.85179e-12
2.50075e-09
-2.33689e-12
2.50107e-09
-2.81188e-12
2.50145e-09
-3.27752e-12
2.50188e-09
-3.73558e-12
2.50236e-09
-4.18567e-12
2.50287e-09
-4.62741e-12
2.50345e-09
-5.06101e-12
2.50405e-09
-5.48696e-12
2.5047e-09
-5.90593e-12
2.50537e-09
-6.31879e-12
2.5061e-09
-6.72662e-12
2.50683e-09
-7.13063e-12
2.50763e-09
-7.53224e-12
2.50842e-09
-7.93296e-12
2.50927e-09
-8.33454e-12
2.51011e-09
-8.7387e-12
2.51102e-09
-9.14748e-12
2.51191e-09
-9.56285e-12
2.51286e-09
-9.98707e-12
2.5138e-09
-1.04223e-11
2.5148e-09
-1.08711e-11
2.51579e-09
-1.13359e-11
2.51684e-09
-1.18194e-11
2.51787e-09
-1.23243e-11
2.51898e-09
-1.28536e-11
2.52006e-09
-1.34101e-11
2.52123e-09
-1.39973e-11
2.52237e-09
-1.46183e-11
2.52361e-09
-1.52767e-11
2.52481e-09
-1.59761e-11
2.52613e-09
-1.67206e-11
2.5274e-09
-1.7514e-11
2.52881e-09
-1.83608e-11
2.53019e-09
-1.92653e-11
2.53171e-09
-2.02326e-11
2.53319e-09
-2.12673e-11
2.53484e-09
-2.23752e-11
2.53646e-09
-2.35613e-11
2.53827e-09
-2.4832e-11
2.54005e-09
-2.6193e-11
2.54206e-09
-2.76514e-11
2.54404e-09
-2.92134e-11
2.54628e-09
-3.08868e-11
2.54851e-09
-3.26783e-11
2.55103e-09
-3.45967e-11
2.55356e-09
-3.6649e-11
2.55643e-09
-3.88451e-11
2.55933e-09
-4.11922e-11
2.56261e-09
-4.3701e-11
2.56596e-09
-4.6379e-11
2.56975e-09
-4.92375e-11
2.57366e-09
-5.22841e-11
2.57807e-09
-5.55303e-11
2.58265e-09
-5.89837e-11
2.58782e-09
-6.26552e-11
2.59323e-09
-6.65517e-11
2.59931e-09
-7.0683e-11
2.60573e-09
-7.50543e-11
2.61294e-09
-7.96727e-11
2.6206e-09
-8.45405e-11
2.62917e-09
-8.96598e-11
2.63831e-09
-9.50278e-11
2.64853e-09
-1.00639e-10
2.65948e-09
-1.06481e-10
2.67167e-09
-1.12536e-10
2.68475e-09
-1.18778e-10
2.69926e-09
-1.25172e-10
2.71482e-09
-1.31671e-10
2.73199e-09
-1.38212e-10
2.75034e-09
-1.44721e-10
2.77045e-09
-1.51102e-10
2.79179e-09
-1.57245e-10
2.81491e-09
-1.63021e-10
2.83919e-09
-1.68282e-10
2.86511e-09
-1.72873e-10
2.89191e-09
-1.76627e-10
2.91999e-09
-1.79389e-10
2.94845e-09
-1.81011e-10
2.9776e-09
-1.81384e-10
3.00647e-09
-1.80424e-10
3.03532e-09
-1.78105e-10
3.06321e-09
-1.74434e-10
3.09036e-09
-1.69471e-10
3.11596e-09
-1.63292e-10
3.14024e-09
-1.56019e-10
3.16254e-09
-1.47778e-10
3.18309e-09
-1.38721e-10
3.20145e-09
-1.28998e-10
3.21779e-09
-1.18771e-10
3.23192e-09
-1.0819e-10
3.24395e-09
-9.74066e-11
3.25389e-09
-8.65554e-11
3.26178e-09
-7.57632e-11
3.26783e-09
-6.51415e-11
3.27197e-09
-5.47864e-11
3.2746e-09
-4.47821e-11
3.27551e-09
-3.51928e-11
3.27526e-09
-2.60761e-11
3.27352e-09
-1.74672e-11
3.27097e-09
-9.39801e-12
3.26717e-09
-1.88166e-12
3.26292e-09
5.06152e-12
3.25762e-09
1.14661e-11
3.25213e-09
1.73592e-11
3.24576e-09
2.27758e-11
3.23942e-09
2.77371e-11
3.23235e-09
3.22833e-11
3.22546e-09
3.64434e-11
3.21797e-09
4.02618e-11
3.21076e-09
4.37721e-11
3.20303e-09
4.70182e-11
3.19563e-09
5.00353e-11
3.18775e-09
5.28631e-11
3.1802e-09
5.55354e-11
3.17221e-09
5.80846e-11
3.16451e-09
6.05409e-11
3.15635e-09
6.2927e-11
3.14844e-09
6.52675e-11
3.14003e-09
6.75739e-11
3.13182e-09
6.98637e-11
3.12307e-09
7.2138e-11
3.11446e-09
7.44068e-11
3.10525e-09
7.6663e-11
3.09615e-09
7.89106e-11
3.08639e-09
8.11361e-11
3.07673e-09
8.33374e-11
3.06635e-09
8.5496e-11
3.05607e-09
8.7604e-11
3.04503e-09
8.96391e-11
3.03412e-09
9.15883e-11
3.02242e-09
9.34275e-11
3.0109e-09
9.51402e-11
2.99859e-09
9.67029e-11
2.98655e-09
9.80978e-11
2.97371e-09
9.93045e-11
2.96126e-09
1.00307e-10
2.94805e-09
1.0109e-10
2.93535e-09
1.01641e-10
2.92194e-09
1.01953e-10
2.90917e-09
1.02018e-10
2.89575e-09
1.01837e-10
2.8831e-09
1.01409e-10
2.86987e-09
1.00742e-10
2.85752e-09
9.98401e-11
2.84465e-09
9.87188e-11
2.83276e-09
9.73865e-11
2.82042e-09
9.58633e-11
2.80912e-09
9.41606e-11
2.79743e-09
9.23014e-11
2.78682e-09
9.02992e-11
2.77586e-09
8.81776e-11
2.766e-09
8.59509e-11
2.75583e-09
8.36421e-11
2.74676e-09
8.12651e-11
2.7374e-09
7.88412e-11
2.72912e-09
7.63832e-11
2.72057e-09
7.39098e-11
2.71306e-09
7.14321e-11
2.70528e-09
6.8966e-11
2.69851e-09
6.65206e-11
2.69147e-09
6.41086e-11
2.68538e-09
6.17373e-11
2.67902e-09
5.94162e-11
2.67356e-09
5.71508e-11
2.66782e-09
5.49477e-11
2.66293e-09
5.28108e-11
2.65776e-09
5.07444e-11
2.65337e-09
4.87508e-11
2.6487e-09
4.68322e-11
2.64477e-09
4.499e-11
2.64054e-09
4.32247e-11
2.637e-09
4.15366e-11
2.63315e-09
3.99252e-11
2.62996e-09
3.83901e-11
2.62645e-09
3.69298e-11
2.62355e-09
3.55438e-11
2.62034e-09
3.42296e-11
2.61769e-09
3.29866e-11
2.61474e-09
3.18122e-11
2.61231e-09
3.07053e-11
2.60957e-09
2.96633e-11
2.60734e-09
2.86853e-11
2.60478e-09
2.77683e-11
2.60271e-09
2.69118e-11
2.60031e-09
2.61128e-11
2.59837e-09
2.53709e-11
2.5961e-09
2.46833e-11
2.59428e-09
2.40497e-11
2.59211e-09
2.34676e-11
2.59038e-09
2.29368e-11
2.58829e-09
2.24549e-11
2.58664e-09
2.20215e-11
2.58476e-09
2.16377e-11
2.58289e-09
2.12869e-11
2.58111e-09
2.10445e-11
2.06015e-11
2.50003e-09
-2.63013e-13
2.50012e-09
-9.49322e-13
2.50029e-09
-1.53067e-12
2.50051e-09
-2.08629e-12
2.5008e-09
-2.63227e-12
2.50114e-09
-3.16521e-12
2.50155e-09
-3.68566e-12
2.50199e-09
-4.19545e-12
2.5025e-09
-4.69401e-12
2.50304e-09
-5.18085e-12
2.50363e-09
-5.65624e-12
2.50425e-09
-6.12071e-12
2.50492e-09
-6.57509e-12
2.5056e-09
-7.02036e-12
2.50634e-09
-7.4578e-12
2.50707e-09
-7.8888e-12
2.50786e-09
-8.31501e-12
2.50864e-09
-8.73813e-12
2.50948e-09
-9.16013e-12
2.5103e-09
-9.58297e-12
2.51117e-09
-1.00089e-11
2.51202e-09
-1.04401e-11
2.51292e-09
-1.08792e-11
2.5138e-09
-1.13284e-11
2.51474e-09
-1.17906e-11
2.51564e-09
-1.22683e-11
2.5166e-09
-1.27647e-11
2.51753e-09
-1.32825e-11
2.51852e-09
-1.38251e-11
2.51947e-09
-1.43956e-11
2.5205e-09
-1.49976e-11
2.52148e-09
-1.56346e-11
2.52254e-09
-1.63105e-11
2.52355e-09
-1.70292e-11
2.52466e-09
-1.7795e-11
2.52571e-09
-1.86122e-11
2.52688e-09
-1.94858e-11
2.52798e-09
-2.04203e-11
2.52921e-09
-2.14214e-11
2.53039e-09
-2.24943e-11
2.53171e-09
-2.36451e-11
2.53296e-09
-2.48797e-11
2.53439e-09
-2.62052e-11
2.53576e-09
-2.76279e-11
2.53733e-09
-2.91559e-11
2.53884e-09
-3.07962e-11
2.54058e-09
-3.25579e-11
2.54228e-09
-3.44488e-11
2.54423e-09
-3.64792e-11
2.54616e-09
-3.86574e-11
2.54839e-09
-4.09951e-11
2.55062e-09
-4.35012e-11
2.55319e-09
-4.6189e-11
2.55579e-09
-4.90679e-11
2.5588e-09
-5.21523e-11
2.56187e-09
-5.54524e-11
2.56543e-09
-5.89838e-11
2.56911e-09
-6.2757e-11
2.57334e-09
-6.67883e-11
2.57779e-09
-7.10884e-11
2.58289e-09
-7.56737e-11
2.5883e-09
-8.05543e-11
2.59449e-09
-8.57454e-11
2.60112e-09
-9.12557e-11
2.60868e-09
-9.70967e-11
2.61684e-09
-1.03274e-10
2.62613e-09
-1.09791e-10
2.63622e-09
-1.16648e-10
2.64766e-09
-1.23834e-10
2.66014e-09
-1.31336e-10
2.67424e-09
-1.39123e-10
2.68964e-09
-1.47158e-10
2.70696e-09
-1.55375e-10
2.72584e-09
-1.63698e-10
2.74691e-09
-1.72013e-10
2.76973e-09
-1.80187e-10
2.79492e-09
-1.88042e-10
2.82186e-09
-1.95377e-10
2.85111e-09
-2.01955e-10
2.88182e-09
-2.07516e-10
2.9144e-09
-2.11802e-10
2.94777e-09
-2.1456e-10
2.98215e-09
-2.15596e-10
3.01633e-09
-2.14768e-10
3.05044e-09
-2.12042e-10
3.08332e-09
-2.07445e-10
3.11513e-09
-2.0109e-10
3.14487e-09
-1.93113e-10
3.17276e-09
-1.83707e-10
3.19803e-09
-1.73067e-10
3.22094e-09
-1.61425e-10
3.24099e-09
-1.48999e-10
3.25843e-09
-1.3602e-10
3.27306e-09
-1.22696e-10
3.28506e-09
-1.0923e-10
3.29449e-09
-9.57993e-11
3.30145e-09
-8.25656e-11
3.30622e-09
-6.96664e-11
3.30877e-09
-5.7215e-11
3.3096e-09
-4.53082e-11
3.3085e-09
-3.40141e-11
3.30616e-09
-2.33932e-11
3.30221e-09
-1.3475e-11
3.29747e-09
-4.29698e-12
3.29146e-09
4.12861e-12
3.28507e-09
1.18154e-11
3.27767e-09
1.88256e-11
3.2702e-09
2.51876e-11
3.26194e-09
3.09507e-11
3.25387e-09
3.61483e-11
3.2452e-09
4.0839e-11
3.23689e-09
4.50658e-11
3.22811e-09
4.88907e-11
3.21979e-09
5.23617e-11
3.2111e-09
5.5538e-11
3.2029e-09
5.84687e-11
3.19437e-09
6.12058e-11
3.1863e-09
6.37959e-11
3.17791e-09
6.62805e-11
3.16992e-09
6.8701e-11
3.16158e-09
7.10853e-11
3.15353e-09
7.34661e-11
3.14507e-09
7.58563e-11
3.1368e-09
7.8277e-11
3.12805e-09
8.07257e-11
3.11941e-09
8.32129e-11
3.11019e-09
8.57261e-11
3.10102e-09
8.82686e-11
3.0912e-09
9.08209e-11
3.08138e-09
9.33792e-11
3.07083e-09
9.59177e-11
3.06027e-09
9.84247e-11
3.04892e-09
1.0087e-10
3.03758e-09
1.03234e-10
3.0254e-09
1.05483e-10
3.0133e-09
1.07593e-10
3.00033e-09
1.09531e-10
2.98754e-09
1.11271e-10
2.97391e-09
1.12784e-10
2.96059e-09
1.14046e-10
2.94646e-09
1.15035e-10
2.93282e-09
1.15734e-10
2.91843e-09
1.16133e-10
2.90469e-09
1.1622e-10
2.89029e-09
1.15999e-10
2.8767e-09
1.15466e-10
2.86254e-09
1.14635e-10
2.84932e-09
1.13512e-10
2.83563e-09
1.12119e-10
2.823e-09
1.10467e-10
2.80996e-09
1.08584e-10
2.79806e-09
1.06487e-10
2.78582e-09
1.04205e-10
2.77476e-09
1.01758e-10
2.76341e-09
9.91747e-11
2.75327e-09
9.6475e-11
2.74286e-09
9.36878e-11
2.73365e-09
9.08308e-11
2.7242e-09
8.79304e-11
2.71591e-09
8.50023e-11
2.70739e-09
8.20693e-11
2.69999e-09
7.91446e-11
2.69235e-09
7.62466e-11
2.68577e-09
7.33862e-11
2.67896e-09
7.05774e-11
2.67314e-09
6.78284e-11
2.66707e-09
6.51494e-11
2.66193e-09
6.2546e-11
2.65654e-09
6.00249e-11
2.652e-09
5.75899e-11
2.64719e-09
5.52446e-11
2.64318e-09
5.29909e-11
2.63889e-09
5.08303e-11
2.63534e-09
4.87633e-11
2.63149e-09
4.67896e-11
2.62833e-09
4.49088e-11
2.62487e-09
4.31191e-11
2.62205e-09
4.14197e-11
2.61892e-09
3.98078e-11
2.61637e-09
3.82821e-11
2.61352e-09
3.68395e-11
2.61122e-09
3.54784e-11
2.60861e-09
3.41954e-11
2.60651e-09
3.2989e-11
2.6041e-09
3.18556e-11
2.60218e-09
3.07939e-11
2.59993e-09
2.98003e-11
2.59815e-09
2.88738e-11
2.59605e-09
2.80111e-11
2.59439e-09
2.72113e-11
2.5924e-09
2.64713e-11
2.59084e-09
2.57905e-11
2.58894e-09
2.51661e-11
2.58746e-09
2.45977e-11
2.58563e-09
2.40829e-11
2.58421e-09
2.36208e-11
2.58257e-09
2.32124e-11
2.58094e-09
2.28392e-11
2.5794e-09
2.25811e-11
2.21037e-11
2.50003e-09
-2.97342e-13
2.50014e-09
-1.06349e-12
2.50032e-09
-1.71711e-12
2.50056e-09
-2.3418e-12
2.50088e-09
-2.95373e-12
2.50125e-09
-3.54857e-12
2.50169e-09
-4.12662e-12
2.50217e-09
-4.68972e-12
2.50271e-09
-5.23716e-12
2.50328e-09
-5.76843e-12
2.50391e-09
-6.28386e-12
2.50456e-09
-6.78418e-12
2.50526e-09
-7.27038e-12
2.50596e-09
-7.74368e-12
2.50671e-09
-8.20559e-12
2.50746e-09
-8.65774e-12
2.50826e-09
-9.10205e-12
2.50903e-09
-9.54044e-12
2.50986e-09
-9.97515e-12
2.51066e-09
-1.04084e-11
2.51151e-09
-1.08426e-11
2.51232e-09
-1.12802e-11
2.51318e-09
-1.1724e-11
2.514e-09
-1.21766e-11
2.51487e-09
-1.26409e-11
2.51569e-09
-1.31198e-11
2.51656e-09
-1.36166e-11
2.51738e-09
-1.41343e-11
2.51825e-09
-1.46763e-11
2.51907e-09
-1.52462e-11
2.51995e-09
-1.58476e-11
2.52076e-09
-1.64844e-11
2.52164e-09
-1.71607e-11
2.52245e-09
-1.78806e-11
2.52334e-09
-1.86487e-11
2.52415e-09
-1.94698e-11
2.52505e-09
-2.03488e-11
2.52587e-09
-2.12911e-11
2.5268e-09
-2.23024e-11
2.52764e-09
-2.33884e-11
2.5286e-09
-2.4556e-11
2.52947e-09
-2.58114e-11
2.53048e-09
-2.71623e-11
2.53141e-09
-2.86159e-11
2.53249e-09
-3.0181e-11
2.53349e-09
-3.18656e-11
2.53468e-09
-3.36797e-11
2.53579e-09
-3.56323e-11
2.53712e-09
-3.77351e-11
2.53838e-09
-3.99978e-11
2.5399e-09
-4.24338e-11
2.54136e-09
-4.5054e-11
2.54313e-09
-4.78737e-11
2.54488e-09
-5.0905e-11
2.54698e-09
-5.41651e-11
2.5491e-09
-5.76673e-11
2.55165e-09
-6.14312e-11
2.55426e-09
-6.54711e-11
2.55739e-09
-6.98088e-11
2.56066e-09
-7.44599e-11
2.56455e-09
-7.94481e-11
2.56868e-09
-8.47902e-11
2.57357e-09
-9.05111e-11
2.57885e-09
-9.66281e-11
2.58505e-09
-1.03166e-10
2.59184e-09
-1.10141e-10
2.59976e-09
-1.17575e-10
2.60853e-09
-1.2548e-10
2.61871e-09
-1.3387e-10
2.63006e-09
-1.42746e-10
2.6432e-09
-1.52101e-10
2.6579e-09
-1.61915e-10
2.67483e-09
-1.72141e-10
2.69377e-09
-1.82716e-10
2.71546e-09
-1.93522e-10
2.73958e-09
-2.04415e-10
2.76687e-09
-2.15172e-10
2.79686e-09
-2.25519e-10
2.83016e-09
-2.35097e-10
2.86593e-09
-2.43491e-10
2.90452e-09
-2.50238e-10
2.9446e-09
-2.5487e-10
2.98616e-09
-2.57016e-10
3.02762e-09
-2.5645e-10
3.0689e-09
-2.53172e-10
3.10855e-09
-2.47289e-10
3.14664e-09
-2.39009e-10
3.18195e-09
-2.28551e-10
3.21465e-09
-2.16209e-10
3.24381e-09
-2.02285e-10
3.26971e-09
-1.87124e-10
3.2918e-09
-1.71053e-10
3.31039e-09
-1.54409e-10
3.32529e-09
-1.3749e-10
3.33682e-09
-1.20574e-10
3.34511e-09
-1.03899e-10
3.35037e-09
-8.76654e-11
3.35301e-09
-7.20382e-11
3.35306e-09
-5.71445e-11
3.35116e-09
-4.30845e-11
3.34715e-09
-2.99198e-11
3.34182e-09
-1.76922e-11
3.33482e-09
-6.43783e-12
3.32712e-09
3.80128e-12
3.31817e-09
1.30626e-11
3.30899e-09
2.14039e-11
3.29886e-09
2.88888e-11
3.28889e-09
3.55549e-11
3.27827e-09
4.1472e-11
3.26809e-09
4.66941e-11
3.25748e-09
5.13039e-11
3.24751e-09
5.53646e-11
3.23726e-09
5.8962e-11
3.22773e-09
6.21615e-11
3.21803e-09
6.5044e-11
3.20904e-09
6.76734e-11
3.19992e-09
7.01198e-11
3.19144e-09
7.24434e-11
3.18281e-09
7.47003e-11
3.1747e-09
7.69427e-11
3.16637e-09
7.92097e-11
3.1584e-09
8.15419e-11
3.15011e-09
8.39577e-11
3.14201e-09
8.64779e-11
3.13347e-09
8.90938e-11
3.12499e-09
9.1811e-11
3.11596e-09
9.46107e-11
3.10689e-09
9.7493e-11
3.09716e-09
1.00432e-10
3.08731e-09
1.03422e-10
3.07669e-09
1.06428e-10
3.06592e-09
1.09435e-10
3.05429e-09
1.124e-10
3.04252e-09
1.15298e-10
3.02981e-09
1.18081e-10
3.01705e-09
1.20715e-10
3.0033e-09
1.2315e-10
2.98963e-09
1.25351e-10
2.975e-09
1.27274e-10
2.9606e-09
1.28884e-10
2.94532e-09
1.30152e-10
2.93047e-09
1.31051e-10
2.91484e-09
1.31567e-10
2.89986e-09
1.31687e-10
2.88421e-09
1.31412e-10
2.86943e-09
1.30743e-10
2.8541e-09
1.29698e-10
2.8398e-09
1.28289e-10
2.82508e-09
1.26544e-10
2.81153e-09
1.24485e-10
2.79764e-09
1.22147e-10
2.78502e-09
1.19554e-10
2.77212e-09
1.16746e-10
2.76055e-09
1.13749e-10
2.74876e-09
1.106e-10
2.7383e-09
1.07327e-10
2.72765e-09
1.03964e-10
2.71831e-09
1.00536e-10
2.70879e-09
9.70729e-11
2.70053e-09
9.35957e-11
2.6921e-09
9.01306e-11
2.68486e-09
8.6694e-11
2.67744e-09
8.33066e-11
2.67113e-09
7.99807e-11
2.66463e-09
7.67318e-11
2.65915e-09
7.35685e-11
2.65347e-09
7.05012e-11
2.64873e-09
6.75355e-11
2.64376e-09
6.46776e-11
2.63965e-09
6.19302e-11
2.6353e-09
5.92963e-11
2.63174e-09
5.67767e-11
2.62791e-09
5.43716e-11
2.62481e-09
5.20803e-11
2.62142e-09
4.99012e-11
2.61871e-09
4.78326e-11
2.61569e-09
4.58715e-11
2.6133e-09
4.40157e-11
2.6106e-09
4.22614e-11
2.60847e-09
4.06061e-11
2.60603e-09
3.90455e-11
2.60412e-09
3.75771e-11
2.60189e-09
3.61966e-11
2.60017e-09
3.49015e-11
2.59812e-09
3.36876e-11
2.59654e-09
3.25528e-11
2.59464e-09
3.1493e-11
2.59319e-09
3.05064e-11
2.59141e-09
2.95895e-11
2.59006e-09
2.87406e-11
2.58838e-09
2.79567e-11
2.58711e-09
2.72366e-11
2.5855e-09
2.65775e-11
2.5843e-09
2.59786e-11
2.58274e-09
2.54376e-11
2.58159e-09
2.49535e-11
2.58021e-09
2.45278e-11
2.57883e-09
2.41417e-11
2.57753e-09
2.38827e-11
2.3396e-11
2.50004e-09
-3.37063e-13
2.50015e-09
-1.19187e-12
2.50036e-09
-1.92726e-12
2.50064e-09
-2.62978e-12
2.501e-09
-3.31502e-12
2.50141e-09
-3.97737e-12
2.5019e-09
-4.61685e-12
2.50243e-09
-5.23541e-12
2.50303e-09
-5.8323e-12
2.50365e-09
-6.40713e-12
2.50433e-09
-6.96047e-12
2.50502e-09
-7.49336e-12
2.50576e-09
-8.0071e-12
2.5065e-09
-8.50325e-12
2.50728e-09
-8.98364e-12
2.50806e-09
-9.45021e-12
2.50887e-09
-9.90519e-12
2.50965e-09
-1.03508e-11
2.51048e-09
-1.07895e-11
2.51127e-09
-1.12239e-11
2.51209e-09
-1.16566e-11
2.51288e-09
-1.20902e-11
2.5137e-09
-1.25278e-11
2.51446e-09
-1.29722e-11
2.51527e-09
-1.34265e-11
2.51601e-09
-1.38939e-11
2.51679e-09
-1.43776e-11
2.51751e-09
-1.48809e-11
2.51826e-09
-1.54076e-11
2.51894e-09
-1.59611e-11
2.51967e-09
-1.65455e-11
2.52031e-09
-1.71646e-11
2.52101e-09
-1.78228e-11
2.52161e-09
-1.85245e-11
2.52227e-09
-1.92745e-11
2.52283e-09
-2.00776e-11
2.52347e-09
-2.09392e-11
2.52399e-09
-2.18648e-11
2.52459e-09
-2.28606e-11
2.52508e-09
-2.39325e-11
2.52566e-09
-2.50879e-11
2.52613e-09
-2.63334e-11
2.5267e-09
-2.76773e-11
2.52714e-09
-2.91273e-11
2.52772e-09
-3.0693e-11
2.52816e-09
-3.23831e-11
2.52876e-09
-3.42087e-11
2.52923e-09
-3.61795e-11
2.52988e-09
-3.83087e-11
2.53041e-09
-4.06072e-11
2.53115e-09
-4.30902e-11
2.53177e-09
-4.57701e-11
2.53265e-09
-4.86647e-11
2.53344e-09
-5.17879e-11
2.53453e-09
-5.51604e-11
2.53556e-09
-5.8798e-11
2.53696e-09
-6.27247e-11
2.53834e-09
-6.69583e-11
2.54017e-09
-7.15267e-11
2.54205e-09
-7.64502e-11
2.54448e-09
-8.17609e-11
2.54707e-09
-8.74821e-11
2.55034e-09
-9.36506e-11
2.55391e-09
-1.00293e-10
2.55833e-09
-1.07451e-10
2.56326e-09
-1.15155e-10
2.56929e-09
-1.2345e-10
2.57611e-09
-1.3237e-10
2.58436e-09
-1.41958e-10
2.59381e-09
-1.52248e-10
2.60515e-09
-1.63271e-10
2.61825e-09
-1.7505e-10
2.63386e-09
-1.87578e-10
2.65195e-09
-2.00841e-10
2.67336e-09
-2.14754e-10
2.69808e-09
-2.29203e-10
2.72705e-09
-2.43957e-10
2.76008e-09
-2.58685e-10
2.79804e-09
-2.72892e-10
2.84021e-09
-2.85868e-10
2.88677e-09
-2.96656e-10
2.93608e-09
-3.04452e-10
2.9879e-09
-3.08686e-10
3.04026e-09
-3.09104e-10
3.09303e-09
-3.05782e-10
3.14432e-09
-2.98835e-10
3.19391e-09
-2.8841e-10
3.23993e-09
-2.74745e-10
3.28221e-09
-2.58272e-10
3.31937e-09
-2.39515e-10
3.35155e-09
-2.19074e-10
3.37805e-09
-1.97523e-10
3.39929e-09
-1.7542e-10
3.41516e-09
-1.53235e-10
3.42618e-09
-1.31383e-10
3.43268e-09
-1.10182e-10
3.43508e-09
-8.98897e-11
3.43403e-09
-7.06874e-11
3.42973e-09
-5.27112e-11
3.42306e-09
-3.60405e-11
3.41394e-09
-2.07123e-11
3.40343e-09
-6.75214e-12
3.39121e-09
5.82052e-12
3.3784e-09
1.7065e-11
3.36437e-09
2.70748e-11
3.35033e-09
3.58984e-11
3.33554e-09
4.36107e-11
3.32125e-09
5.02796e-11
3.30659e-09
5.60111e-11
3.2928e-09
6.08914e-11
3.2789e-09
6.50402e-11
3.26607e-09
6.85492e-11
3.25329e-09
7.15366e-11
3.24165e-09
7.40917e-11
3.23015e-09
7.63209e-11
3.21974e-09
7.83086e-11
3.20948e-09
8.01457e-11
3.20017e-09
8.19087e-11
3.19097e-09
8.36703e-11
3.18251e-09
8.55032e-11
3.17405e-09
8.74559e-11
3.16606e-09
8.95932e-11
3.15789e-09
9.19433e-11
3.14991e-09
9.45189e-11
3.14155e-09
9.72868e-11
3.13321e-09
1.00241e-10
3.12434e-09
1.03351e-10
3.11534e-09
1.06614e-10
3.10568e-09
1.09998e-10
3.09579e-09
1.13495e-10
3.08507e-09
1.17064e-10
3.07406e-09
1.20685e-10
3.06208e-09
1.24305e-10
3.04979e-09
1.27886e-10
3.03643e-09
1.31364e-10
3.02282e-09
1.34685e-10
3.0081e-09
1.37782e-10
2.99327e-09
1.40598e-10
2.97736e-09
1.43072e-10
2.96156e-09
1.45151e-10
2.94477e-09
1.46791e-10
2.92837e-09
1.47956e-10
2.91113e-09
1.48624e-10
2.89456e-09
1.48779e-10
2.87731e-09
1.48426e-10
2.86101e-09
1.47568e-10
2.84421e-09
1.46232e-10
2.82857e-09
1.44439e-10
2.81257e-09
1.42232e-10
2.79791e-09
1.39641e-10
2.783e-09
1.36715e-10
2.76953e-09
1.3349e-10
2.75589e-09
1.30017e-10
2.74374e-09
1.26333e-10
2.73147e-09
1.22486e-10
2.72068e-09
1.18511e-10
2.7098e-09
1.14451e-10
2.70036e-09
1.10337e-10
2.69084e-09
1.06208e-10
2.68268e-09
1.02086e-10
2.67442e-09
9.80045e-11
2.66744e-09
9.3981e-11
2.66034e-09
9.00392e-11
2.65441e-09
8.61926e-11
2.64832e-09
8.24574e-11
2.64332e-09
7.88422e-11
2.63812e-09
7.5357e-11
2.6339e-09
7.20065e-11
2.62945e-09
6.87955e-11
2.62589e-09
6.57256e-11
2.62209e-09
6.27978e-11
2.61907e-09
6.00113e-11
2.61579e-09
5.73644e-11
2.61323e-09
5.48547e-11
2.61038e-09
5.24785e-11
2.60819e-09
5.02325e-11
2.60569e-09
4.81119e-11
2.60379e-09
4.61129e-11
2.60158e-09
4.42301e-11
2.59992e-09
4.24596e-11
2.59793e-09
4.07959e-11
2.59647e-09
3.9235e-11
2.59467e-09
3.77716e-11
2.59335e-09
3.64022e-11
2.5917e-09
3.51218e-11
2.59051e-09
3.39272e-11
2.58899e-09
3.28139e-11
2.5879e-09
3.17793e-11
2.58647e-09
3.08194e-11
2.58546e-09
2.99323e-11
2.5841e-09
2.91143e-11
2.58315e-09
2.8364e-11
2.58185e-09
2.76785e-11
2.58095e-09
2.70568e-11
2.5797e-09
2.64964e-11
2.57883e-09
2.59963e-11
2.57774e-09
2.55579e-11
2.57665e-09
2.51617e-11
2.57562e-09
2.48987e-11
2.43953e-11
2.50005e-09
-3.84334e-13
2.50019e-09
-1.34144e-12
2.50043e-09
-2.17292e-12
2.50075e-09
-2.96624e-12
2.50117e-09
-3.73514e-12
2.50166e-09
-4.47254e-12
2.50222e-09
-5.17823e-12
2.50282e-09
-5.85467e-12
2.50349e-09
-6.5013e-12
2.50419e-09
-7.11824e-12
2.50494e-09
-7.7065e-12
2.50569e-09
-8.2677e-12
2.50649e-09
-8.80361e-12
2.50729e-09
-9.31629e-12
2.50812e-09
-9.80803e-12
2.50893e-09
-1.02811e-11
2.50977e-09
-1.07383e-11
2.51058e-09
-1.1182e-11
2.51141e-09
-1.16151e-11
2.5122e-09
-1.20403e-11
2.51302e-09
-1.24607e-11
2.51378e-09
-1.28791e-11
2.51457e-09
-1.32986e-11
2.51529e-09
-1.37224e-11
2.51604e-09
-1.41537e-11
2.51671e-09
-1.45958e-11
2.51741e-09
-1.50521e-11
2.51802e-09
-1.55261e-11
2.51867e-09
-1.60216e-11
2.51921e-09
-1.65422e-11
2.51979e-09
-1.7092e-11
2.52026e-09
-1.7675e-11
2.52077e-09
-1.82957e-11
2.52116e-09
-1.89586e-11
2.52159e-09
-1.96686e-11
2.5219e-09
-2.04307e-11
2.52226e-09
-2.12505e-11
2.52247e-09
-2.21335e-11
2.52275e-09
-2.30861e-11
2.52287e-09
-2.41148e-11
2.52307e-09
-2.52268e-11
2.5231e-09
-2.64293e-11
2.52321e-09
-2.7731e-11
2.52316e-09
-2.914e-11
2.5232e-09
-3.06663e-11
2.52306e-09
-3.23193e-11
2.52304e-09
-3.41108e-11
2.52283e-09
-3.60516e-11
2.52275e-09
-3.81555e-11
2.52249e-09
-4.0435e-11
2.5224e-09
-4.29061e-11
2.52211e-09
-4.55834e-11
2.52203e-09
-4.8486e-11
2.52177e-09
-5.16303e-11
2.52175e-09
-5.50391e-11
2.52157e-09
-5.87313e-11
2.52168e-09
-6.2734e-11
2.52167e-09
-6.7069e-11
2.52203e-09
-7.17688e-11
2.52231e-09
-7.68588e-11
2.52305e-09
-8.23781e-11
2.5238e-09
-8.83572e-11
2.52512e-09
-9.48431e-11
2.52659e-09
-1.01874e-10
2.52878e-09
-1.09506e-10
2.53132e-09
-1.17789e-10
2.53481e-09
-1.26792e-10
2.53895e-09
-1.36577e-10
2.54438e-09
-1.47229e-10
2.55093e-09
-1.58826e-10
2.55929e-09
-1.71462e-10
2.56947e-09
-1.85228e-10
2.58228e-09
-2.00209e-10
2.59793e-09
-2.16475e-10
2.61742e-09
-2.34049e-10
2.64113e-09
-2.52907e-10
2.67029e-09
-2.72919e-10
2.70534e-09
-2.9379e-10
2.74773e-09
-3.15105e-10
2.79737e-09
-3.35682e-10
2.85512e-09
-3.54248e-10
2.91974e-09
-3.69364e-10
2.99084e-09
-3.79658e-10
3.06565e-09
-3.84247e-10
3.14275e-09
-3.8274e-10
3.21841e-09
-3.74798e-10
3.29069e-09
-3.6051e-10
3.35636e-09
-3.40627e-10
3.41464e-09
-3.16329e-10
3.46392e-09
-2.88899e-10
3.50463e-09
-2.59539e-10
3.5364e-09
-2.29279e-10
3.56019e-09
-1.98962e-10
3.57631e-09
-1.69233e-10
3.58574e-09
-1.40583e-10
3.58913e-09
-1.1335e-10
3.58722e-09
-8.77816e-11
3.58087e-09
-6.4023e-11
3.57051e-09
-4.21934e-11
3.55725e-09
-2.23777e-11
3.54121e-09
-4.57008e-12
3.52357e-09
1.13576e-11
3.50394e-09
2.55002e-11
3.4836e-09
3.79085e-11
3.46202e-09
4.86453e-11
3.44064e-09
5.77949e-11
3.4187e-09
6.54759e-11
3.39767e-09
7.18145e-11
3.37659e-09
7.69655e-11
3.35688e-09
8.10707e-11
3.33745e-09
8.4297e-11
3.31963e-09
8.67805e-11
3.30228e-09
8.86817e-11
3.28658e-09
9.01188e-11
3.27145e-09
9.12358e-11
3.25787e-09
9.21312e-11
3.24487e-09
9.29262e-11
3.23322e-09
9.37063e-11
3.22208e-09
9.45802e-11
3.21201e-09
9.56274e-11
3.20232e-09
9.69072e-11
3.19332e-09
9.85907e-11
3.1843e-09
1.00758e-10
3.17547e-09
1.03347e-10
3.16636e-09
1.06245e-10
3.1572e-09
1.09424e-10
3.14761e-09
1.12837e-10
3.13782e-09
1.16482e-10
3.12742e-09
1.20327e-10
3.11668e-09
1.24368e-10
3.10513e-09
1.28566e-10
3.09312e-09
1.32899e-10
3.08008e-09
1.37303e-10
3.06652e-09
1.41727e-10
3.05175e-09
1.4608e-10
3.03651e-09
1.50283e-10
3.01999e-09
1.54235e-10
3.00318e-09
1.57848e-10
2.98512e-09
1.61031e-10
2.96705e-09
1.63709e-10
2.94789e-09
1.65816e-10
2.92908e-09
1.67298e-10
2.9094e-09
1.68126e-10
2.89046e-09
1.6828e-10
2.87088e-09
1.67769e-10
2.85241e-09
1.66607e-10
2.83352e-09
1.64835e-10
2.81602e-09
1.62491e-10
2.7983e-09
1.59635e-10
2.78215e-09
1.56316e-10
2.7659e-09
1.52602e-10
2.75133e-09
1.48544e-10
2.73675e-09
1.44209e-10
2.72389e-09
1.39647e-10
2.71105e-09
1.34918e-10
2.6999e-09
1.30069e-10
2.68878e-09
1.25152e-10
2.67928e-09
1.20207e-10
2.6698e-09
1.15277e-10
2.66183e-09
1.10394e-10
2.65385e-09
1.05592e-10
2.64724e-09
1.00893e-10
2.64058e-09
9.63216e-11
2.63516e-09
9.18926e-11
2.62963e-09
8.76212e-11
2.62522e-09
8.35158e-11
2.62065e-09
7.95841e-11
2.61707e-09
7.58292e-11
2.61329e-09
7.22534e-11
2.6104e-09
6.8856e-11
2.60725e-09
6.56349e-11
2.6049e-09
6.2587e-11
2.60227e-09
5.97076e-11
2.60035e-09
5.69918e-11
2.59813e-09
5.44334e-11
2.59654e-09
5.20268e-11
2.59463e-09
4.97649e-11
2.5933e-09
4.76417e-11
2.59165e-09
4.56499e-11
2.59052e-09
4.37838e-11
2.58905e-09
4.20364e-11
2.58807e-09
4.04021e-11
2.58675e-09
3.88745e-11
2.58589e-09
3.74487e-11
2.58468e-09
3.61187e-11
2.58391e-09
3.48805e-11
2.5828e-09
3.37289e-11
2.5821e-09
3.26604e-11
2.58105e-09
3.16707e-11
2.58041e-09
3.07573e-11
2.57941e-09
2.99162e-11
2.57881e-09
2.91459e-11
2.57785e-09
2.84431e-11
2.57727e-09
2.78066e-11
2.57634e-09
2.72342e-11
2.57579e-09
2.67245e-11
2.575e-09
2.62795e-11
2.57422e-09
2.58788e-11
2.57349e-09
2.56177e-11
2.51061e-11
2.50006e-09
-4.43423e-13
2.50023e-09
-1.52463e-12
2.50053e-09
-2.47451e-12
2.50093e-09
-3.3775e-12
2.50144e-09
-4.24422e-12
2.50202e-09
-5.06586e-12
2.50269e-09
-5.84292e-12
2.5034e-09
-6.57904e-12
2.50417e-09
-7.27465e-12
2.50497e-09
-7.93075e-12
2.50582e-09
-8.54936e-12
2.50666e-09
-9.13289e-12
2.50755e-09
-9.68396e-12
2.50842e-09
-1.02052e-11
2.50931e-09
-1.06996e-11
2.51018e-09
-1.117e-11
2.51107e-09
-1.16195e-11
2.51192e-09
-1.20509e-11
2.51278e-09
-1.24675e-11
2.51359e-09
-1.28723e-11
2.51441e-09
-1.32686e-11
2.51516e-09
-1.36595e-11
2.51593e-09
-1.40483e-11
2.51662e-09
-1.44382e-11
2.51732e-09
-1.48327e-11
2.51793e-09
-1.5235e-11
2.51855e-09
-1.56489e-11
2.51907e-09
-1.60778e-11
2.5196e-09
-1.65255e-11
2.52002e-09
-1.69957e-11
2.52045e-09
-1.74926e-11
2.52076e-09
-1.80203e-11
2.52108e-09
-1.85831e-11
2.52127e-09
-1.91857e-11
2.52147e-09
-1.98329e-11
2.52152e-09
-2.05298e-11
2.5216e-09
-2.12821e-11
2.52151e-09
-2.20952e-11
2.52145e-09
-2.29758e-11
2.52121e-09
-2.39302e-11
2.521e-09
-2.49659e-11
2.5206e-09
-2.60903e-11
2.52024e-09
-2.7312e-11
2.51968e-09
-2.86396e-11
2.51916e-09
-3.00834e-11
2.51842e-09
-3.16533e-11
2.51775e-09
-3.33612e-11
2.51684e-09
-3.5219e-11
2.516e-09
-3.72407e-11
2.51492e-09
-3.94399e-11
2.51394e-09
-4.18337e-11
2.5127e-09
-4.44378e-11
2.51158e-09
-4.72726e-11
2.5102e-09
-5.03562e-11
2.50898e-09
-5.37133e-11
2.50749e-09
-5.7365e-11
2.50622e-09
-6.1341e-11
2.50468e-09
-6.56655e-11
2.50341e-09
-7.03754e-11
2.5019e-09
-7.54986e-11
2.50074e-09
-8.10809e-11
2.49939e-09
-8.71558e-11
2.49846e-09
-9.37812e-11
2.49744e-09
-1.00999e-10
2.49697e-09
-1.08884e-10
2.49654e-09
-1.17493e-10
2.49683e-09
-1.26924e-10
2.49742e-09
-1.37261e-10
2.49899e-09
-1.48637e-10
2.5013e-09
-1.61183e-10
2.50508e-09
-1.75078e-10
2.51037e-09
-1.90524e-10
2.5181e-09
-2.0775e-10
2.52872e-09
-2.2704e-10
2.54351e-09
-2.48628e-10
2.5635e-09
-2.72827e-10
2.59048e-09
-2.99667e-10
2.62612e-09
-3.29411e-10
2.67262e-09
-3.61407e-10
2.73236e-09
-3.95531e-10
2.81113e-09
-4.32892e-10
2.9069e-09
-4.65416e-10
3.01218e-09
-4.84864e-10
3.11787e-09
-4.90293e-10
3.21806e-09
-4.82846e-10
3.30672e-09
-4.63776e-10
3.3818e-09
-4.35445e-10
3.44186e-09
-4.00916e-10
3.48862e-09
-3.62868e-10
3.52305e-09
-3.23442e-10
3.54784e-09
-2.84071e-10
3.56437e-09
-2.45797e-10
3.57483e-09
-2.09153e-10
3.58023e-09
-1.74513e-10
3.58187e-09
-1.41963e-10
3.58032e-09
-1.11576e-10
3.57605e-09
-8.32913e-11
3.56941e-09
-5.70683e-11
3.56026e-09
-3.28729e-11
3.54911e-09
-1.08124e-11
3.53567e-09
8.98119e-12
3.52084e-09
2.66779e-11
3.50416e-09
4.22232e-11
3.4869e-09
5.57096e-11
3.46839e-09
6.71149e-11
3.4501e-09
7.66532e-11
3.43111e-09
8.43601e-11
3.41297e-09
9.05168e-11
3.39457e-09
9.51964e-11
3.37746e-09
9.87104e-11
3.3604e-09
1.01144e-10
3.34486e-09
1.02798e-10
3.32956e-09
1.03746e-10
3.31583e-09
1.04259e-10
3.30244e-09
1.0438e-10
3.29053e-09
1.04349e-10
3.27905e-09
1.04161e-10
3.2689e-09
1.04018e-10
3.25926e-09
1.0394e-10
3.25065e-09
1.04188e-10
3.24257e-09
1.04688e-10
3.23492e-09
1.06096e-10
3.22688e-09
1.08545e-10
3.2185e-09
1.11613e-10
3.20956e-09
1.15027e-10
3.20021e-09
1.18734e-10
3.19028e-09
1.22683e-10
3.1799e-09
1.26895e-10
3.16883e-09
1.31357e-10
3.1572e-09
1.36104e-10
3.14463e-09
1.41112e-10
3.13133e-09
1.46378e-10
3.11679e-09
1.51831e-10
3.10139e-09
1.57403e-10
3.08449e-09
1.62964e-10
3.06676e-09
1.68384e-10
3.04744e-09
1.73509e-10
3.02755e-09
1.78204e-10
3.00617e-09
1.82339e-10
2.9846e-09
1.85802e-10
2.96181e-09
1.885e-10
2.93933e-09
1.90353e-10
2.91597e-09
1.91323e-10
2.89347e-09
1.91386e-10
2.87045e-09
1.90567e-10
2.84877e-09
1.88895e-10
2.82689e-09
1.86443e-10
2.8067e-09
1.83272e-10
2.78652e-09
1.7948e-10
2.76826e-09
1.75137e-10
2.75014e-09
1.70341e-10
2.73403e-09
1.65161e-10
2.71814e-09
1.59689e-10
2.70426e-09
1.53984e-10
2.69061e-09
1.48129e-10
2.67892e-09
1.42174e-10
2.66744e-09
1.36192e-10
2.65779e-09
1.30223e-10
2.6483e-09
1.24326e-10
2.64049e-09
1.18531e-10
2.63278e-09
1.12882e-10
2.62657e-09
1.07399e-10
2.62038e-09
1.02111e-10
2.61552e-09
9.70275e-11
2.6106e-09
9.21658e-11
2.60684e-09
8.75283e-11
2.60294e-09
8.31224e-11
2.60007e-09
7.89449e-11
2.59699e-09
7.49963e-11
2.59481e-09
7.12698e-11
2.59237e-09
6.77614e-11
2.59072e-09
6.4462e-11
2.58877e-09
6.1365e-11
2.58751e-09
5.84604e-11
2.58594e-09
5.57401e-11
2.58498e-09
5.3194e-11
2.58368e-09
5.08133e-11
2.58293e-09
4.85885e-11
2.58183e-09
4.6511e-11
2.58123e-09
4.45718e-11
2.58028e-09
4.2763e-11
2.5798e-09
4.10765e-11
2.57895e-09
3.95052e-11
2.57854e-09
3.80421e-11
2.57777e-09
3.6681e-11
2.57742e-09
3.5416e-11
2.57671e-09
3.42418e-11
2.5764e-09
3.31537e-11
2.57573e-09
3.21474e-11
2.57545e-09
3.12192e-11
2.57481e-09
3.03658e-11
2.57454e-09
2.95844e-11
2.57392e-09
2.88727e-11
2.57367e-09
2.82286e-11
2.57307e-09
2.76505e-11
2.57282e-09
2.71365e-11
2.57236e-09
2.66892e-11
2.57188e-09
2.62873e-11
2.57146e-09
2.60288e-11
2.55117e-11
2.50008e-09
-5.20608e-13
2.50031e-09
-1.76139e-12
2.50069e-09
-2.8643e-12
2.50121e-09
-3.9044e-12
2.50186e-09
-4.88649e-12
2.50258e-09
-5.80192e-12
2.50339e-09
-6.65409e-12
2.50425e-09
-7.4495e-12
2.50517e-09
-8.19066e-12
2.50611e-09
-8.88014e-12
2.50708e-09
-9.52173e-12
2.50805e-09
-1.01189e-11
2.50905e-09
-1.06757e-11
2.51002e-09
-1.11952e-11
2.511e-09
-1.16816e-11
2.51195e-09
-1.2138e-11
2.51291e-09
-1.25682e-11
2.51381e-09
-1.29754e-11
2.51472e-09
-1.33634e-11
2.51555e-09
-1.37351e-11
2.5164e-09
-1.40944e-11
2.51715e-09
-1.44444e-11
2.51791e-09
-1.47887e-11
2.51858e-09
-1.51304e-11
2.51924e-09
-1.54733e-11
2.5198e-09
-1.58205e-11
2.52035e-09
-1.6176e-11
2.52079e-09
-1.6543e-11
2.52122e-09
-1.69255e-11
2.52151e-09
-1.73271e-11
2.5218e-09
-1.77519e-11
2.52195e-09
-1.8204e-11
2.52209e-09
-1.86878e-11
2.52207e-09
-1.92076e-11
2.52205e-09
-1.97684e-11
2.52185e-09
-2.03751e-11
2.52165e-09
-2.10331e-11
2.52125e-09
-2.17482e-11
2.52085e-09
-2.25265e-11
2.52024e-09
-2.33746e-11
2.51963e-09
-2.42996e-11
2.51879e-09
-2.53091e-11
2.51795e-09
-2.64115e-11
2.51686e-09
-2.76156e-11
2.51578e-09
-2.89315e-11
2.51442e-09
-3.03695e-11
2.51308e-09
-3.19415e-11
2.51144e-09
-3.36597e-11
2.50983e-09
-3.55383e-11
2.50789e-09
-3.75917e-11
2.50599e-09
-3.98372e-11
2.50374e-09
-4.22916e-11
2.50155e-09
-4.49756e-11
2.49899e-09
-4.79092e-11
2.4965e-09
-5.11173e-11
2.49362e-09
-5.4623e-11
2.49086e-09
-5.84569e-11
2.48768e-09
-6.26458e-11
2.48466e-09
-6.7227e-11
2.48122e-09
-7.22315e-11
2.47797e-09
-7.77059e-11
2.47431e-09
-8.36866e-11
2.47089e-09
-9.02325e-11
2.46708e-09
-9.73884e-11
2.46356e-09
-1.05232e-10
2.4597e-09
-1.13822e-10
2.45619e-09
-1.23269e-10
2.45242e-09
-1.33661e-10
2.44909e-09
-1.45164e-10
2.44574e-09
-1.57934e-10
2.44304e-09
-1.72244e-10
2.44091e-09
-1.88387e-10
2.44013e-09
-2.06835e-10
2.44139e-09
-2.28174e-10
2.44613e-09
-2.53177e-10
2.45656e-09
-2.83059e-10
2.47577e-09
-3.18606e-10
2.5092e-09
-3.62703e-10
2.56014e-09
-4.12084e-10
2.64219e-09
-4.77654e-10
2.7466e-09
-5.37196e-10
2.85412e-09
-5.73266e-10
2.94125e-09
-5.72027e-10
2.99837e-09
-5.47812e-10
3.02628e-09
-5.10814e-10
3.02777e-09
-4.65604e-10
3.00939e-09
-4.17096e-10
2.97698e-09
-3.68692e-10
2.9368e-09
-3.22681e-10
2.89324e-09
-2.79895e-10
2.85035e-09
-2.4111e-10
2.81076e-09
-2.06068e-10
2.77653e-09
-1.74808e-10
2.74895e-09
-1.46675e-10
2.72861e-09
-1.21453e-10
2.71586e-09
-9.85114e-11
2.71035e-09
-7.75587e-11
2.71184e-09
-5.82014e-11
2.71914e-09
-3.99142e-11
2.73068e-09
-2.19725e-11
2.74435e-09
-4.40702e-12
2.75991e-09
1.15035e-11
2.77663e-09
2.57864e-11
2.79449e-09
3.8219e-11
2.81271e-09
4.91487e-11
2.83145e-09
5.82685e-11
2.84998e-09
6.60229e-11
2.86872e-09
7.21081e-11
2.88697e-09
7.70822e-11
2.90528e-09
8.06977e-11
2.92295e-09
8.35542e-11
2.9406e-09
8.54065e-11
2.95755e-09
8.68528e-11
2.97437e-09
8.76262e-11
2.99051e-09
8.83106e-11
3.00632e-09
8.86071e-11
3.02148e-09
8.90403e-11
3.03633e-09
8.91174e-11
3.05066e-09
8.94448e-11
3.06619e-09
8.84032e-11
3.08416e-09
8.62869e-11
3.09997e-09
8.99445e-11
3.11285e-09
9.5344e-11
3.12334e-09
1.00881e-10
3.13173e-09
1.06491e-10
3.13809e-09
1.12251e-10
3.14256e-09
1.18187e-10
3.14509e-09
1.2433e-10
3.14571e-09
1.30757e-10
3.14431e-09
1.37554e-10
3.14069e-09
1.4476e-10
3.13478e-09
1.52419e-10
3.12617e-09
1.60459e-10
3.11505e-09
1.68773e-10
3.1009e-09
1.77126e-10
3.08438e-09
1.85275e-10
3.06494e-09
1.92935e-10
3.04372e-09
1.99905e-10
3.02001e-09
2.06001e-10
2.9953e-09
2.11087e-10
2.96868e-09
2.15013e-10
2.942e-09
2.17681e-10
2.91414e-09
2.19027e-10
2.88716e-09
2.19055e-10
2.8597e-09
2.17814e-10
2.8339e-09
2.15399e-10
2.80813e-09
2.11933e-10
2.78452e-09
2.07552e-10
2.76126e-09
2.02396e-10
2.74041e-09
1.96596e-10
2.72006e-09
1.90281e-10
2.70221e-09
1.83563e-10
2.68489e-09
1.76551e-10
2.67003e-09
1.69333e-10
2.65568e-09
1.61998e-10
2.64366e-09
1.54621e-10
2.63209e-09
1.47278e-10
2.62265e-09
1.40029e-10
2.61357e-09
1.32935e-10
2.60639e-09
1.26038e-10
2.59944e-09
1.1938e-10
2.59415e-09
1.12985e-10
2.58895e-09
1.06876e-10
2.58518e-09
1.01063e-10
2.58139e-09
9.55564e-11
2.57881e-09
9.03542e-11
2.5761e-09
8.54558e-11
2.57443e-09
8.08535e-11
2.57254e-09
7.65396e-11
2.57153e-09
7.25025e-11
2.57025e-09
6.8731e-11
2.56971e-09
6.52117e-11
2.56886e-09
6.19314e-11
2.56865e-09
5.88766e-11
2.56808e-09
5.60337e-11
2.56809e-09
5.33895e-11
2.56772e-09
5.09311e-11
2.56786e-09
4.86463e-11
2.56761e-09
4.65231e-11
2.56783e-09
4.45508e-11
2.56765e-09
4.27184e-11
2.5679e-09
4.10167e-11
2.56775e-09
3.94363e-11
2.56801e-09
3.79693e-11
2.56788e-09
3.66077e-11
2.56813e-09
3.53451e-11
2.568e-09
3.4175e-11
2.56825e-09
3.30924e-11
2.56811e-09
3.20919e-11
2.56834e-09
3.11701e-11
2.56819e-09
3.03228e-11
2.56841e-09
2.95477e-11
2.56825e-09
2.8842e-11
2.56844e-09
2.82045e-11
2.56827e-09
2.76331e-11
2.56845e-09
2.71269e-11
2.56839e-09
2.66884e-11
2.56831e-09
2.6295e-11
2.56829e-09
2.60453e-11
2.55409e-11
2.50012e-09
-6.39009e-13
2.50046e-09
-2.10954e-12
2.50101e-09
-3.41292e-12
2.50172e-09
-4.61979e-12
2.50256e-09
-5.72893e-12
2.50349e-09
-6.7399e-12
2.5045e-09
-7.66308e-12
2.50555e-09
-8.50988e-12
2.50665e-09
-9.28584e-12
2.50775e-09
-9.99651e-12
2.50888e-09
-1.06477e-11
2.50999e-09
-1.12448e-11
2.51111e-09
-1.1793e-11
2.51219e-09
-1.22968e-11
2.51327e-09
-1.27609e-11
2.5143e-09
-1.31893e-11
2.51533e-09
-1.35862e-11
2.51628e-09
-1.39554e-11
2.51723e-09
-1.43008e-11
2.5181e-09
-1.46258e-11
2.51895e-09
-1.49343e-11
2.51971e-09
-1.52295e-11
2.52046e-09
-1.55152e-11
2.5211e-09
-1.57945e-11
2.52172e-09
-1.60712e-11
2.52222e-09
-1.63484e-11
2.5227e-09
-1.663e-11
2.52304e-09
-1.69192e-11
2.52337e-09
-1.72199e-11
2.52354e-09
-1.75355e-11
2.52369e-09
-1.78701e-11
2.52368e-09
-1.82275e-11
2.52364e-09
-1.86121e-11
2.52342e-09
-1.90278e-11
2.52317e-09
-1.94796e-11
2.52272e-09
-1.9972e-11
2.52224e-09
-2.05104e-11
2.52155e-09
-2.11e-11
2.52082e-09
-2.1747e-11
2.51985e-09
-2.24574e-11
2.51884e-09
-2.32384e-11
2.51757e-09
-2.40968e-11
2.51626e-09
-2.50413e-11
2.51466e-09
-2.608e-11
2.51302e-09
-2.72232e-11
2.51106e-09
-2.84804e-11
2.50907e-09
-2.9864e-11
2.50671e-09
-3.13854e-11
2.50432e-09
-3.30597e-11
2.50154e-09
-3.49003e-11
2.49873e-09
-3.69256e-11
2.49548e-09
-3.91517e-11
2.49221e-09
-4.16008e-11
2.48848e-09
-4.42921e-11
2.48472e-09
-4.72522e-11
2.48046e-09
-5.05043e-11
2.4762e-09
-5.40799e-11
2.4714e-09
-5.80066e-11
2.46662e-09
-6.23219e-11
2.46125e-09
-6.70587e-11
2.45594e-09
-7.22611e-11
2.44999e-09
-7.79681e-11
2.44414e-09
-8.42325e-11
2.4376e-09
-9.11007e-11
2.43117e-09
-9.86379e-11
2.42399e-09
-1.06902e-10
2.41688e-09
-1.1598e-10
2.40893e-09
-1.25953e-10
2.40091e-09
-1.36956e-10
2.3919e-09
-1.49123e-10
2.38252e-09
-1.62695e-10
2.37199e-09
-1.77955e-10
2.36071e-09
-1.95384e-10
2.34829e-09
-2.15659e-10
2.33515e-09
-2.39828e-10
2.32222e-09
-2.6981e-10
2.31149e-09
-3.07574e-10
2.30938e-09
-3.60243e-10
2.32336e-09
-4.25759e-10
2.39349e-09
-5.47789e-10
2.42797e-09
-5.71571e-10
2.39028e-09
-5.36186e-10
2.29191e-09
-4.73578e-10
2.16028e-09
-4.17119e-10
2.01574e-09
-3.65971e-10
1.86759e-09
-3.18564e-10
1.72632e-09
-2.7526e-10
1.59263e-09
-2.36132e-10
1.47187e-09
-2.0113e-10
1.36147e-09
-1.70467e-10
1.26506e-09
-1.43777e-10
1.17912e-09
-1.20783e-10
1.10619e-09
-1.00959e-10
1.04325e-09
-8.39619e-11
9.91954e-10
-6.93783e-11
9.50607e-10
-5.69002e-11
9.19857e-10
-4.62892e-11
8.99723e-10
-3.72771e-11
8.89727e-10
-2.97427e-11
8.92353e-10
-2.33155e-11
9.05608e-10
-1.78722e-11
9.31784e-10
-1.30219e-11
9.65838e-10
-8.83677e-12
1.01079e-09
-4.87198e-12
1.06038e-09
-1.30651e-12
1.11836e-09
2.22266e-12
1.17811e-09
5.20118e-12
1.24416e-09
7.95297e-12
1.30992e-09
1.01233e-11
1.38024e-09
1.21631e-11
1.44883e-09
1.37022e-11
1.52069e-09
1.52054e-11
1.58994e-09
1.63119e-11
1.66162e-09
1.75135e-11
1.73029e-09
1.84814e-11
1.80041e-09
1.98113e-11
1.86759e-09
2.12913e-11
1.93419e-09
2.34984e-11
1.9958e-09
2.73391e-11
2.05042e-09
3.35685e-11
2.13098e-09
5.03595e-12
2.20198e-09
1.85264e-11
2.26957e-09
2.73371e-11
2.33487e-09
3.53562e-11
2.39821e-09
4.30326e-11
2.46018e-09
5.02287e-11
2.52126e-09
5.71719e-11
2.58144e-09
6.41826e-11
2.64037e-09
7.19707e-11
2.69698e-09
8.10131e-11
2.75025e-09
9.16512e-11
2.79895e-09
1.0386e-10
2.84198e-09
1.17566e-10
2.87845e-09
1.32544e-10
2.9074e-09
1.48292e-10
2.92897e-09
1.64069e-10
2.94282e-09
1.79158e-10
2.95011e-09
1.9311e-10
2.95039e-09
2.05739e-10
2.94527e-09
2.16817e-10
2.93426e-09
2.26001e-10
2.91963e-09
2.33013e-10
2.90085e-09
2.37728e-10
2.88052e-09
2.40154e-10
2.85776e-09
2.40433e-10
2.83515e-09
2.38776e-10
2.81141e-09
2.35441e-10
2.78898e-09
2.30691e-10
2.76627e-09
2.24778e-10
2.74555e-09
2.17936e-10
2.72504e-09
2.10374e-10
2.70685e-09
2.02292e-10
2.6891e-09
1.93833e-10
2.67379e-09
1.85122e-10
2.65902e-09
1.76268e-10
2.64667e-09
1.67381e-10
2.63488e-09
1.58567e-10
2.62535e-09
1.49916e-10
2.61627e-09
1.41509e-10
2.60922e-09
1.33403e-10
2.60247e-09
1.25648e-10
2.59745e-09
1.18271e-10
2.59258e-09
1.11294e-10
2.58916e-09
1.04722e-10
2.58574e-09
9.85563e-11
2.58352e-09
9.27901e-11
2.58118e-09
8.74117e-11
2.57984e-09
8.24066e-11
2.57827e-09
7.77566e-11
2.57753e-09
7.34437e-11
2.57649e-09
6.94472e-11
2.57615e-09
6.57484e-11
2.57546e-09
6.23261e-11
2.57537e-09
5.91624e-11
2.5749e-09
5.6237e-11
2.57494e-09
5.35336e-11
2.57459e-09
5.10338e-11
2.5747e-09
4.87232e-11
2.5744e-09
4.65855e-11
2.57453e-09
4.46082e-11
2.57425e-09
4.27772e-11
2.57437e-09
4.10821e-11
2.57408e-09
3.9511e-11
2.57418e-09
3.80553e-11
2.57387e-09
3.67052e-11
2.57395e-09
3.5454e-11
2.57363e-09
3.42937e-11
2.57368e-09
3.32194e-11
2.57336e-09
3.22246e-11
2.5734e-09
3.13062e-11
2.57308e-09
3.04595e-11
2.57312e-09
2.96827e-11
2.5728e-09
2.89729e-11
2.57284e-09
2.83298e-11
2.57253e-09
2.77524e-11
2.57258e-09
2.72408e-11
2.57241e-09
2.68018e-11
2.57223e-09
2.64075e-11
2.57208e-09
2.6194e-11
2.56687e-11
2.50011e-09
-7.54322e-13
2.50068e-09
-2.68016e-12
2.50157e-09
-4.30339e-12
2.50265e-09
-5.70549e-12
2.50387e-09
-6.93875e-12
2.50515e-09
-8.0272e-12
2.50648e-09
-8.99252e-12
2.50782e-09
-9.85604e-12
2.50917e-09
-1.06317e-11
2.51049e-09
-1.13299e-11
2.5118e-09
-1.19605e-11
2.51307e-09
-1.2531e-11
2.51433e-09
-1.30486e-11
2.51553e-09
-1.35186e-11
2.51672e-09
-1.39466e-11
2.51785e-09
-1.43366e-11
2.51896e-09
-1.46933e-11
2.52e-09
-1.50197e-11
2.52104e-09
-1.53201e-11
2.52198e-09
-1.55971e-11
2.52292e-09
-1.58546e-11
2.52376e-09
-1.60951e-11
2.52459e-09
-1.63223e-11
2.5253e-09
-1.65386e-11
2.52601e-09
-1.67478e-11
2.52658e-09
-1.69524e-11
2.52713e-09
-1.71563e-11
2.52755e-09
-1.7362e-11
2.52793e-09
-1.75736e-11
2.52816e-09
-1.77939e-11
2.52835e-09
-1.80273e-11
2.52836e-09
-1.82768e-11
2.52833e-09
-1.85471e-11
2.5281e-09
-1.88415e-11
2.52783e-09
-1.91652e-11
2.52734e-09
-1.9522e-11
2.52679e-09
-1.99178e-11
2.526e-09
-2.03566e-11
2.52515e-09
-2.08452e-11
2.52402e-09
-2.13886e-11
2.52284e-09
-2.19943e-11
2.52135e-09
-2.26683e-11
2.51979e-09
-2.34194e-11
2.5179e-09
-2.42549e-11
2.51593e-09
-2.51852e-11
2.5136e-09
-2.62191e-11
2.51119e-09
-2.73692e-11
2.50837e-09
-2.86463e-11
2.50546e-09
-3.00655e-11
2.50211e-09
-3.16401e-11
2.49867e-09
-3.33886e-11
2.49474e-09
-3.53275e-11
2.49073e-09
-3.74792e-11
2.48617e-09
-3.98637e-11
2.48154e-09
-4.25086e-11
2.47632e-09
-4.5438e-11
2.47104e-09
-4.86855e-11
2.46513e-09
-5.22798e-11
2.45919e-09
-5.62613e-11
2.45258e-09
-6.06638e-11
2.44599e-09
-6.55351e-11
2.43868e-09
-7.09131e-11
2.43145e-09
-7.68524e-11
2.42347e-09
-8.33939e-11
2.41559e-09
-9.05959e-11
2.4069e-09
-9.84989e-11
2.39828e-09
-1.0716e-10
2.38865e-09
-1.16614e-10
2.37882e-09
-1.26908e-10
2.36748e-09
-1.38062e-10
2.35509e-09
-1.50106e-10
2.33997e-09
-1.63031e-10
2.32162e-09
-1.76849e-10
2.29751e-09
-1.91537e-10
2.26503e-09
-2.07108e-10
2.21933e-09
-2.23771e-10
2.15363e-09
-2.41528e-10
2.05593e-09
-2.61983e-10
1.91331e-09
-2.82675e-10
1.68311e-09
-3.17389e-10
1.42194e-09
-3.10407e-10
1.1486e-09
-2.6293e-10
9.00575e-10
-2.25608e-10
6.92793e-10
-2.09411e-10
5.30894e-10
-2.04112e-10
4.09704e-10
-1.97422e-10
3.20075e-10
-1.85651e-10
2.54015e-10
-1.70096e-10
2.05583e-10
-1.52701e-10
1.70042e-10
-1.34932e-10
1.44023e-10
-1.1775e-10
1.24952e-10
-1.01704e-10
1.1109e-10
-8.70799e-11
1.01111e-10
-7.39636e-11
9.41113e-11
-6.23585e-11
8.94119e-11
-5.21734e-11
8.64702e-11
-4.33249e-11
8.49006e-11
-3.56726e-11
8.42968e-11
-2.91152e-11
8.45e-11
-2.34778e-11
8.52967e-11
-1.86448e-11
8.67764e-11
-1.44564e-11
8.88056e-11
-1.08426e-11
9.16354e-11
-7.65538e-12
9.52087e-11
-4.85806e-12
9.98219e-11
-2.3451e-12
1.05163e-10
-1.20132e-13
1.11293e-10
1.86465e-12
1.17878e-10
3.55329e-12
1.25089e-10
4.98797e-12
1.32673e-10
6.12761e-12
1.40888e-10
7.01885e-12
1.4958e-10
7.62592e-12
1.59141e-10
7.98651e-12
1.69591e-10
8.05438e-12
1.81652e-10
7.84133e-12
1.95821e-10
7.23775e-12
2.13318e-10
6.10669e-12
2.36191e-10
4.47405e-12
2.64547e-10
4.60004e-12
2.98157e-10
-2.97226e-11
3.63194e-10
-4.75635e-11
4.41229e-10
-5.14837e-11
5.24638e-10
-4.83685e-11
6.11056e-10
-4.36818e-11
7.01352e-10
-3.9802e-11
7.96091e-10
-3.75639e-11
8.97746e-10
-3.69841e-11
1.00746e-09
-3.76365e-11
1.12679e-09
-3.78432e-11
1.25445e-09
-3.58397e-11
1.38839e-09
-2.97034e-11
1.52369e-09
-1.75255e-11
1.65657e-09
5.65223e-14
1.78308e-09
2.19583e-11
1.90143e-09
4.62119e-11
2.00998e-09
7.06937e-11
2.10931e-09
9.44814e-11
2.1966e-09
1.18411e-10
2.27186e-09
1.42425e-10
2.33349e-09
1.64285e-10
2.38436e-09
1.8308e-10
2.42401e-09
1.9795e-10
2.456e-09
2.09123e-10
2.47967e-09
2.16548e-10
2.49847e-09
2.20851e-10
2.51132e-09
2.22255e-10
2.52139e-09
2.21337e-10
2.52734e-09
2.18374e-10
2.53206e-09
2.13784e-10
2.53394e-09
2.07983e-10
2.53546e-09
2.0129e-10
2.53488e-09
1.93899e-10
2.53464e-09
1.85849e-10
2.53309e-09
1.77312e-10
2.53245e-09
1.68457e-10
2.53101e-09
1.59501e-10
2.5307e-09
1.50595e-10
2.52982e-09
1.41892e-10
2.53005e-09
1.33479e-10
2.52977e-09
1.25442e-10
2.53049e-09
1.17813e-10
2.53069e-09
1.10632e-10
2.53175e-09
1.03896e-10
2.53226e-09
9.76174e-11
2.53349e-09
9.17721e-11
2.53415e-09
8.6357e-11
2.53541e-09
8.134e-11
2.5361e-09
7.671e-11
2.5373e-09
7.24321e-11
2.53793e-09
6.84926e-11
2.53901e-09
6.48568e-11
2.53953e-09
6.15112e-11
2.54045e-09
5.84232e-11
2.54084e-09
5.55809e-11
2.5416e-09
5.29548e-11
2.54185e-09
5.05348e-11
2.54246e-09
4.82945e-11
2.54258e-09
4.62266e-11
2.54306e-09
4.43075e-11
2.54309e-09
4.25322e-11
2.54347e-09
4.08801e-11
2.54342e-09
3.93483e-11
2.54373e-09
3.79188e-11
2.54364e-09
3.65907e-11
2.54393e-09
3.53486e-11
2.54383e-09
3.41934e-11
2.54412e-09
3.31115e-11
2.54405e-09
3.21058e-11
2.54437e-09
3.11646e-11
2.54435e-09
3.02923e-11
2.54472e-09
2.94793e-11
2.54477e-09
2.8732e-11
2.54523e-09
2.80423e-11
2.54537e-09
2.74196e-11
2.54592e-09
2.68566e-11
2.54629e-09
2.63736e-11
2.5467e-09
2.59283e-11
2.54718e-09
2.57086e-11
2.50398e-11
2.49965e-09
-4.10952e-13
2.50013e-09
-3.16565e-12
2.50126e-09
-5.42972e-12
2.50274e-09
-7.1914e-12
2.50453e-09
-8.72155e-12
2.50655e-09
-1.00548e-11
2.50878e-09
-1.12188e-11
2.51117e-09
-1.22501e-11
2.51371e-09
-1.31687e-11
2.51635e-09
-1.39895e-11
2.51912e-09
-1.47225e-11
2.52194e-09
-1.53774e-11
2.52486e-09
-1.59596e-11
2.52779e-09
-1.64764e-11
2.53078e-09
-1.69309e-11
2.53375e-09
-1.73294e-11
2.53674e-09
-1.76736e-11
2.53967e-09
-1.79702e-11
2.54258e-09
-1.82197e-11
2.54539e-09
-1.84297e-11
2.54815e-09
-1.85997e-11
2.55077e-09
-1.87383e-11
2.55331e-09
-1.88442e-11
2.55567e-09
-1.89273e-11
2.55794e-09
-1.89854e-11
2.55998e-09
-1.90294e-11
2.56191e-09
-1.90565e-11
2.5636e-09
-1.90786e-11
2.56515e-09
-1.90921e-11
2.56643e-09
-1.911e-11
2.56757e-09
-1.91279e-11
2.56841e-09
-1.91597e-11
2.5691e-09
-1.92004e-11
2.56949e-09
-1.9265e-11
2.56971e-09
-1.93476e-11
2.56961e-09
-1.94646e-11
2.56935e-09
-1.96092e-11
2.56874e-09
-1.97996e-11
2.56798e-09
-2.0028e-11
2.56685e-09
-2.03146e-11
2.56556e-09
-2.06509e-11
2.56389e-09
-2.10594e-11
2.56207e-09
-2.15311e-11
2.55984e-09
-2.20913e-11
2.55746e-09
-2.27306e-11
2.55465e-09
-2.34778e-11
2.55169e-09
-2.43236e-11
2.54826e-09
-2.53008e-11
2.54469e-09
-2.64002e-11
2.54061e-09
-2.76601e-11
2.5364e-09
-2.90719e-11
2.53164e-09
-3.06799e-11
2.52674e-09
-3.24765e-11
2.52126e-09
-3.45137e-11
2.51565e-09
-3.6785e-11
2.5094e-09
-3.93516e-11
2.50305e-09
-4.22074e-11
2.49599e-09
-4.54248e-11
2.48886e-09
-4.89971e-11
2.48096e-09
-5.30085e-11
2.47302e-09
-5.74476e-11
2.46424e-09
-6.24102e-11
2.45542e-09
-6.78729e-11
2.44567e-09
-7.39363e-11
2.43583e-09
-8.05525e-11
2.42484e-09
-8.7811e-11
2.41356e-09
-9.56168e-11
2.40068e-09
-1.04017e-10
2.3869e-09
-1.12829e-10
2.37056e-09
-1.21997e-10
2.35191e-09
-1.31167e-10
2.32869e-09
-1.40058e-10
2.30004e-09
-1.47956e-10
2.26255e-09
-1.54109e-10
2.2128e-09
-1.57066e-10
2.14449e-09
-1.55164e-10
2.04947e-09
-1.46068e-10
1.9148e-09
-1.26693e-10
1.73228e-09
-9.95992e-11
1.4522e-09
-3.703e-11
1.22837e-09
-8.66397e-11
1.03637e-09
-7.10796e-11
8.8466e-10
-7.39959e-11
7.62077e-10
-8.69574e-11
6.57125e-10
-9.92067e-11
5.65367e-10
-1.05744e-10
4.85648e-10
-1.0593e-10
4.16936e-10
-1.01426e-10
3.58395e-10
-9.41342e-11
3.08879e-10
-8.54343e-11
2.67395e-10
-7.62317e-11
2.32792e-10
-6.71047e-11
2.04149e-10
-5.84043e-11
1.80525e-10
-5.03304e-11
1.61174e-10
-4.29796e-11
1.45406e-10
-3.63851e-11
1.32637e-10
-3.05345e-11
1.22391e-10
-2.53923e-11
1.14192e-10
-2.09003e-11
1.07752e-10
-1.69914e-11
1.02707e-10
-1.35895e-11
9.89384e-11
-1.06275e-11
9.61421e-11
-8.04158e-12
9.43282e-11
-5.76896e-12
9.32196e-11
-3.74835e-12
9.29184e-11
-1.96117e-12
9.31973e-11
-4.01363e-13
9.4215e-11
9.34649e-13
9.56929e-11
2.06429e-12
9.7776e-11
2.98984e-12
1.00155e-10
3.72103e-12
1.03007e-10
4.25032e-12
1.06014e-10
4.58075e-12
1.09434e-10
4.68942e-12
1.12906e-10
4.56451e-12
1.16771e-10
4.16144e-12
1.20807e-10
3.42316e-12
1.24813e-10
2.22157e-12
1.28727e-10
5.94614e-13
1.32664e-10
-3.99222e-13
1.06923e-10
-4.27909e-12
9.08919e-11
-3.44099e-11
9.32902e-11
-5.37052e-11
1.02764e-10
-6.00526e-11
1.16238e-10
-5.63281e-11
1.25973e-10
-5.05118e-11
1.36292e-10
-4.67729e-11
1.4543e-10
-4.62306e-11
1.56777e-10
-4.80817e-11
1.71154e-10
-5.17377e-11
1.92482e-10
-5.69843e-11
2.27015e-10
-6.32496e-11
2.80659e-10
-7.14104e-11
3.59385e-10
-7.75409e-11
4.57968e-10
-7.65232e-11
5.72689e-10
-6.74813e-11
6.98288e-10
-5.39971e-11
8.37423e-10
-4.37655e-11
9.77563e-10
-2.02619e-11
1.10692e-09
1.37126e-11
1.22567e-09
4.64912e-11
1.33399e-09
7.52759e-11
1.43234e-09
1.00059e-10
1.52181e-09
1.20143e-10
1.6023e-09
1.36015e-10
1.67561e-09
1.48016e-10
1.74068e-09
1.56649e-10
1.80014e-09
1.62363e-10
1.85287e-09
1.647e-10
1.90227e-09
1.65029e-10
1.94537e-09
1.63862e-10
1.98468e-09
1.62692e-10
2.01763e-09
1.60131e-10
2.04802e-09
1.56141e-10
2.07424e-09
1.50384e-10
2.09937e-09
1.4393e-10
2.12151e-09
1.36695e-10
2.14314e-09
1.2947e-10
2.16232e-09
1.22066e-10
2.1812e-09
1.15018e-10
2.19794e-09
1.08085e-10
2.21445e-09
1.01641e-10
2.22907e-09
9.54392e-11
2.24351e-09
8.97526e-11
2.25625e-09
8.43453e-11
2.26886e-09
7.94268e-11
2.27996e-09
7.47804e-11
2.29097e-09
7.05735e-11
2.30063e-09
6.66108e-11
2.31026e-09
6.30318e-11
2.3187e-09
5.96616e-11
2.32716e-09
5.66206e-11
2.33456e-09
5.37521e-11
2.34204e-09
5.11632e-11
2.34858e-09
4.87134e-11
2.35525e-09
4.65001e-11
2.36109e-09
4.43963e-11
2.36711e-09
4.24927e-11
2.37238e-09
4.06738e-11
2.37787e-09
3.90249e-11
2.3827e-09
3.74402e-11
2.38779e-09
3.60012e-11
2.39228e-09
3.46101e-11
2.39706e-09
3.33454e-11
2.40129e-09
3.2116e-11
2.40585e-09
3.09983e-11
2.40991e-09
2.99064e-11
2.41431e-09
2.89151e-11
2.41825e-09
2.79433e-11
2.42256e-09
2.70648e-11
2.42643e-09
2.6202e-11
2.43068e-09
2.54287e-11
2.43452e-09
2.46705e-11
2.43875e-09
2.40017e-11
2.44259e-09
2.33513e-11
2.44685e-09
2.27937e-11
2.45088e-09
2.22685e-11
2.45492e-09
2.18276e-11
2.45905e-09
2.15669e-11
2.08952e-11
2.50642e-09
-6.83405e-12
2.51531e-09
-1.2063e-11
2.52468e-09
-1.48069e-11
2.53453e-09
-1.70406e-11
2.5446e-09
-1.87945e-11
2.55465e-09
-2.00988e-11
2.56451e-09
-2.10733e-11
2.57405e-09
-2.1801e-11
2.58321e-09
-2.23295e-11
2.5919e-09
-2.26896e-11
2.60009e-09
-2.29126e-11
2.60772e-09
-2.30154e-11
2.61478e-09
-2.30223e-11
2.62122e-09
-2.29401e-11
2.62708e-09
-2.2791e-11
2.63231e-09
-2.25743e-11
2.63695e-09
-2.23127e-11
2.64096e-09
-2.19998e-11
2.64441e-09
-2.1659e-11
2.64724e-09
-2.12796e-11
2.64953e-09
-2.08864e-11
2.65125e-09
-2.0465e-11
2.65245e-09
-2.00418e-11
2.65311e-09
-1.9599e-11
2.6533e-09
-1.91651e-11
2.65298e-09
-1.87192e-11
2.65222e-09
-1.82917e-11
2.65099e-09
-1.7859e-11
2.64936e-09
-1.74537e-11
2.64729e-09
-1.7049e-11
2.64485e-09
-1.66804e-11
2.64199e-09
-1.63179e-11
2.6388e-09
-1.59999e-11
2.63522e-09
-1.5693e-11
2.63132e-09
-1.54392e-11
2.62705e-09
-1.52012e-11
2.62247e-09
-1.50255e-11
2.61753e-09
-1.48702e-11
2.6123e-09
-1.47871e-11
2.6067e-09
-1.47293e-11
2.60082e-09
-1.47546e-11
2.59456e-09
-1.48108e-11
2.58801e-09
-1.49627e-11
2.58105e-09
-1.51518e-11
2.5738e-09
-1.54517e-11
2.5661e-09
-1.57966e-11
2.55807e-09
-1.62699e-11
2.54954e-09
-1.6798e-11
2.54065e-09
-1.74762e-11
2.53118e-09
-1.82214e-11
2.52127e-09
-1.91429e-11
2.5107e-09
-2.01459e-11
2.4996e-09
-2.13577e-11
2.4877e-09
-2.2668e-11
2.47515e-09
-2.42262e-11
2.46163e-09
-2.59011e-11
2.44729e-09
-2.78709e-11
2.43175e-09
-2.99752e-11
2.41515e-09
-3.24261e-11
2.39705e-09
-3.50249e-11
2.37758e-09
-3.8021e-11
2.35621e-09
-4.11658e-11
2.33302e-09
-4.4742e-11
2.30741e-09
-4.84414e-11
2.27939e-09
-5.25661e-11
2.24825e-09
-5.67349e-11
2.2139e-09
-6.12496e-11
2.17552e-09
-6.56342e-11
2.13289e-09
-7.0165e-11
2.08512e-09
-7.42241e-11
2.03188e-09
-7.80213e-11
1.97251e-09
-8.07035e-11
1.90655e-09
-8.22895e-11
1.83405e-09
-8.14848e-11
1.75432e-09
-7.7561e-11
1.66738e-09
-6.77104e-11
1.56981e-09
-4.82098e-11
1.45164e-09
-7.58258e-12
1.30478e-09
4.8013e-11
1.11984e-09
1.48356e-10
9.70943e-10
6.21483e-11
8.64759e-10
3.49119e-11
7.80617e-10
1.00079e-11
7.03802e-10
-1.03049e-11
6.30383e-10
-2.58613e-11
5.60777e-10
-3.62292e-11
4.96249e-10
-4.14177e-11
4.3745e-10
-4.26668e-11
3.84812e-10
-4.14823e-11
3.38243e-10
-3.88767e-11
2.97568e-10
-3.55308e-11
2.6232e-10
-3.18521e-11
2.32079e-10
-2.81361e-11
2.06304e-10
-2.45391e-11
1.84522e-10
-2.11728e-11
1.66245e-10
-1.80829e-11
1.51026e-10
-1.52936e-11
1.38477e-10
-1.28074e-11
1.28199e-10
-1.06045e-11
1.19928e-10
-8.67435e-12
1.13328e-10
-6.97338e-12
1.08255e-10
-5.49635e-12
1.04417e-10
-4.18854e-12
1.01773e-10
-3.05538e-12
1.00081e-10
-2.03982e-12
9.93733e-11
-1.17335e-12
9.93851e-11
-3.95778e-13
1.00156e-10
2.49176e-13
1.01412e-10
8.18962e-13
1.03225e-10
1.25511e-12
1.0532e-10
1.61794e-12
1.07809e-10
1.83599e-12
1.10401e-10
1.97202e-12
1.13271e-10
1.93224e-12
1.1608e-10
1.78127e-12
1.1901e-10
1.38062e-12
1.21912e-10
7.82058e-13
1.24474e-10
-2.4203e-13
1.26676e-10
-1.56804e-12
1.28565e-10
-3.38623e-12
1.44478e-10
-2.05292e-11
1.45461e-10
-3.7866e-11
1.36833e-10
-4.52383e-11
1.16342e-10
-4.1745e-11
9.36002e-11
-3.28896e-11
6.96362e-11
-2.85539e-11
5.30923e-11
-2.84701e-11
3.56629e-11
-3.0855e-11
2.42771e-11
-3.41204e-11
7.32728e-12
-3.75521e-11
-4.47609e-12
-4.19726e-11
-2.41905e-11
-4.6628e-11
-4.21616e-11
-5.02995e-11
-6.79755e-11
-5.23276e-11
-8.60848e-11
-5.57926e-11
-9.06189e-11
-5.93574e-11
-8.23554e-11
-5.93e-11
-6.30125e-11
-5.41689e-11
-4.73439e-11
-3.43291e-11
-1.12394e-11
-1.60646e-11
3.89786e-11
-4.21492e-12
1.11415e-10
6.4082e-12
1.92979e-10
1.78793e-11
2.87004e-10
2.7737e-11
3.85687e-10
3.72848e-11
4.89915e-10
4.38944e-11
5.95254e-10
5.18082e-11
7.00537e-10
5.61539e-11
8.06466e-10
5.97258e-11
9.08639e-10
6.12361e-11
1.00513e-09
6.85929e-11
1.08608e-09
8.03287e-11
1.15441e-09
9.25695e-11
1.21525e-09
9.41351e-11
1.27308e-09
9.2984e-11
1.32735e-09
8.86956e-11
1.37943e-09
8.47696e-11
1.42853e-09
7.95669e-11
1.47535e-09
7.52227e-11
1.51947e-09
7.02278e-11
1.5613e-09
6.61348e-11
1.60072e-09
6.1671e-11
1.63797e-09
5.80343e-11
1.67311e-09
5.41662e-11
1.70626e-09
5.10221e-11
1.73762e-09
4.77174e-11
1.7672e-09
4.5034e-11
1.79527e-09
4.22259e-11
1.82178e-09
3.9948e-11
1.84704e-09
3.75623e-11
1.87094e-09
3.56289e-11
1.8938e-09
3.35949e-11
1.91549e-09
3.1949e-11
1.93633e-09
3.02046e-11
1.95614e-09
2.87957e-11
1.97527e-09
2.72881e-11
1.9935e-09
2.60738e-11
2.01118e-09
2.47599e-11
2.02807e-09
2.37051e-11
2.0445e-09
2.25499e-11
2.06025e-09
2.1627e-11
2.07562e-09
2.06032e-11
2.09038e-09
1.97902e-11
2.10483e-09
1.88769e-11
2.11874e-09
1.81576e-11
2.13239e-09
1.73386e-11
2.14555e-09
1.67008e-11
2.15851e-09
1.59647e-11
2.171e-09
1.54006e-11
2.18334e-09
1.47398e-11
2.19525e-09
1.42448e-11
2.20703e-09
1.36557e-11
2.21842e-09
1.32292e-11
2.22972e-09
1.27123e-11
2.24066e-09
1.23554e-11
2.25155e-09
1.19152e-11
2.26228e-09
1.16255e-11
2.27264e-09
1.12856e-11
2.28321e-09
1.10094e-11
1.07518e-11
2.49316e-09
2.48109e-09
2.46628e-09
2.44924e-09
2.43045e-09
2.41035e-09
2.38928e-09
2.36747e-09
2.34515e-09
2.32244e-09
2.29954e-09
2.27649e-09
2.25349e-09
2.23051e-09
2.20775e-09
2.18512e-09
2.16284e-09
2.14078e-09
2.11917e-09
2.09782e-09
2.077e-09
2.05646e-09
2.03648e-09
2.0168e-09
1.99771e-09
1.97891e-09
1.9607e-09
1.94275e-09
1.92538e-09
1.90823e-09
1.89165e-09
1.87522e-09
1.85933e-09
1.84351e-09
1.8282e-09
1.81286e-09
1.79797e-09
1.78295e-09
1.76832e-09
1.75342e-09
1.73884e-09
1.72383e-09
1.70907e-09
1.6937e-09
1.67848e-09
1.66243e-09
1.64642e-09
1.62934e-09
1.61216e-09
1.5936e-09
1.57479e-09
1.55425e-09
1.53327e-09
1.51014e-09
1.48634e-09
1.45987e-09
1.4325e-09
1.40182e-09
1.36998e-09
1.33409e-09
1.29676e-09
1.25458e-09
1.21066e-09
1.16109e-09
1.10952e-09
1.05159e-09
9.91567e-10
9.24621e-10
8.55838e-10
7.79976e-10
7.03319e-10
6.20548e-10
5.39456e-10
4.56186e-10
3.79723e-10
3.11996e-10
2.65025e-10
2.5932e-10
3.08642e-10
4.57637e-10
5.1962e-10
5.5437e-10
5.64264e-10
5.53786e-10
5.27897e-10
4.91537e-10
4.50152e-10
4.07395e-10
3.65972e-10
3.27037e-10
2.91569e-10
2.59683e-10
2.31601e-10
2.07051e-10
1.85918e-10
1.67847e-10
1.52577e-10
1.39805e-10
1.29205e-10
1.20593e-10
1.13605e-10
1.08199e-10
1.03978e-10
1.01041e-10
9.89537e-11
9.79227e-11
9.74657e-11
9.7872e-11
9.86088e-11
1.00026e-10
1.01534e-10
1.03548e-10
1.0539e-10
1.07574e-10
1.09231e-10
1.10913e-10
1.11831e-10
1.1165e-10
1.10106e-10
1.05499e-10
8.56288e-11
4.41234e-11
4.85893e-13
-4.52188e-11
-7.56205e-11
-1.06916e-10
-1.32773e-10
-1.65358e-10
-1.97306e-10
-2.36161e-10
-2.76615e-10
-3.24203e-10
-3.7345e-10
-4.25899e-10
-4.8096e-10
-5.39318e-10
-5.98297e-10
-6.50187e-10
-6.85297e-10
-6.97309e-10
-7.03779e-10
-6.91499e-10
-6.77362e-10
-6.42072e-10
-6.09733e-10
-5.57511e-10
-5.1128e-10
-4.47071e-10
-3.94542e-10
-3.2441e-10
-2.65414e-10
-1.76431e-10
-9.33059e-11
7.11965e-12
9.24199e-11
1.85739e-10
2.64264e-10
3.47355e-10
4.17512e-10
4.90517e-10
5.52529e-10
6.16452e-10
6.7111e-10
7.27152e-10
7.75382e-10
8.24699e-10
8.67398e-10
9.1102e-10
9.48989e-10
9.87794e-10
1.02172e-09
1.05644e-09
1.08691e-09
1.11814e-09
1.14563e-09
1.17388e-09
1.19877e-09
1.22443e-09
1.24706e-09
1.27047e-09
1.2911e-09
1.31252e-09
1.33139e-09
1.35105e-09
1.36834e-09
1.38644e-09
1.40232e-09
1.41902e-09
1.43363e-09
1.44909e-09
1.46257e-09
1.47692e-09
1.48941e-09
1.5028e-09
1.51442e-09
1.527e-09
1.53818e-09
1.54948e-09
1.5605e-09
)
;

boundaryField
{
    Inlet
    {
        type            calculated;
        value           nonuniform List<scalar> 
20
(
-2.5e-09
-2.5e-09
-2.5e-09
-2.5e-09
-2.5e-09
-2.5e-09
-2.5e-09
-2.5e-09
-2.5e-09
-2.5e-09
-2.5e-09
-2.5e-09
-2.5e-09
-2.5e-09
-2.5e-09
-2.5e-09
-2.5e-09
-2.5e-09
-2.5e-09
-2.5e-09
)
;
    }
    Outlet
    {
        type            calculated;
        value           nonuniform List<scalar> 
20
(
2.57274e-09
2.58347e-09
2.58581e-09
2.58533e-09
2.58436e-09
2.58327e-09
2.58208e-09
2.58078e-09
2.57937e-09
2.5779e-09
2.57623e-09
2.57463e-09
2.57278e-09
2.57106e-09
2.56826e-09
2.57195e-09
2.54781e-09
2.4632e-09
2.29336e-09
1.57125e-09
)
;
    }
    Wall
    {
        type            calculated;
        value           uniform 0;
    }
    symmetry
    {
        type            symmetry;
        value           uniform 0;
    }
    Frontback
    {
        type            empty;
        value           nonuniform List<scalar> 0();
    }
}


// ************************************************************************* //
