/*--------------------------------*- C++ -*----------------------------------*\
  =========                 |
  \\      /  F ield         | OpenFOAM: The Open Source CFD Toolbox
   \\    /   O peration     | Website:  https://openfoam.org
    \\  /    A nd           | Version:  10
     \\/     M anipulation  |
\*---------------------------------------------------------------------------*/
FoamFile
{
    format      ascii;
    class       volVectorField;
    location    "25000";
    object      Ub;
}
// * * * * * * * * * * * * * * * * * * * * * * * * * * * * * * * * * * * * * //

dimensions      [0 1 -1 0 0 0 0];

internalField   nonuniform List<vector> 
3200
(
(-2.2482e-20 -9.87866e-16 0)
(-7.15198e-20 -9.8786e-16 0)
(-1.34936e-19 -9.87844e-16 0)
(-2.30316e-19 -9.8781e-16 0)
(-1.85965e-13 -9.87738e-16 0)
(-1.12677e-05 -3.30909e-10 0)
(-4.00917e-05 -7.32505e-05 0)
(-5.90268e-05 -9.67336e-06 0)
(-6.10551e-05 -4.18333e-06 0)
(-6.21213e-05 -2.36948e-06 0)
(-6.28393e-05 -1.52045e-06 0)
(-6.33718e-05 -1.05284e-06 0)
(-6.37882e-05 -7.68622e-07 0)
(-6.41254e-05 -5.83733e-07 0)
(-6.44052e-05 -4.57221e-07 0)
(-6.46421e-05 -3.67161e-07 0)
(-6.48455e-05 -3.00963e-07 0)
(-6.50225e-05 -2.51e-07 0)
(-6.51781e-05 -2.12441e-07 0)
(-6.53161e-05 -1.82108e-07 0)
(-6.54394e-05 -1.5785e-07 0)
(-6.55504e-05 -1.38167e-07 0)
(-6.56508e-05 -1.21991e-07 0)
(-6.57422e-05 -1.0855e-07 0)
(-6.37031e-05 -4.79368e-06 0)
(-5.75624e-05 -9.31088e-06 0)
(-4.8397e-05 -1.18697e-05 0)
(-3.96939e-05 -8.54195e-06 0)
(-3.39292e-05 -5.29424e-06 0)
(-3.0437e-05 -3.33347e-06 0)
(-2.82761e-05 -2.18902e-06 0)
(-2.68635e-05 -1.56165e-06 0)
(-2.58303e-05 -1.28461e-06 0)
(-2.49197e-05 -1.2852e-06 0)
(-2.3916e-05 -1.56407e-06 0)
(-2.25881e-05 -2.19162e-06 0)
(-2.06349e-05 -3.32135e-06 0)
(-1.76182e-05 -5.22408e-06 0)
(-1.28656e-05 -8.35635e-06 0)
(-5.73435e-06 -1.22712e-05 0)
(-1.29081e-20 -9.87815e-16 0)
(-3.80368e-20 -9.87802e-16 0)
(-5.97281e-20 -9.87774e-16 0)
(-6.89463e-20 -9.87721e-16 0)
(-3.82479e-20 -9.87624e-16 0)
(9.90175e-20 -9.87431e-16 0)
(2.37162e-19 -9.61537e-16 0)
(2.43173e-19 -9.29061e-16 0)
(2.00957e-19 -8.99461e-16 0)
(1.72558e-19 -8.71666e-16 0)
(1.52903e-19 -8.45202e-16 0)
(1.38756e-19 -8.1981e-16 0)
(1.28264e-19 -7.95322e-16 0)
(1.20341e-19 -7.71624e-16 0)
(1.14324e-19 -7.48632e-16 0)
(1.09801e-19 -7.26283e-16 0)
(1.06507e-19 -7.04526e-16 0)
(1.04275e-19 -6.83321e-16 0)
(1.03e-19 -6.62633e-16 0)
(1.02608e-19 -6.42434e-16 0)
(1.0302e-19 -6.227e-16 0)
(1.04092e-19 -6.03407e-16 0)
(1.0549e-19 -5.84539e-16 0)
(1.06228e-14 -1.32534e-11 0)
(3.13168e-08 -4.69679e-06 0)
(3.94204e-08 -9.22312e-06 0)
(-1.90592e-06 -1.17887e-05 0)
(-7.40945e-06 -8.46641e-06 0)
(-1.31716e-05 -5.22333e-06 0)
(-1.66957e-05 -3.26654e-06 0)
(-1.88992e-05 -2.12554e-06 0)
(-2.03573e-05 -1.50119e-06 0)
(-2.14356e-05 -1.2268e-06 0)
(-2.23894e-05 -1.22975e-06 0)
(-2.34341e-05 -1.51075e-06 0)
(-2.48004e-05 -2.14027e-06 0)
(-2.67895e-05 -3.27187e-06 0)
(-2.98343e-05 -5.18977e-06 0)
(-3.12388e-05 -1.78815e-05 0)
(-1.55989e-05 -6.83346e-05 0)
(-4.31946e-21 -9.8779e-16 0)
(-1.11646e-20 -9.87781e-16 0)
(-1.21217e-20 -9.87762e-16 0)
(-1.51219e-21 -9.87735e-16 0)
(2.78519e-20 -9.87703e-16 0)
(7.87102e-20 -9.87684e-16 0)
(1.26539e-19 -9.87724e-16 0)
(1.46182e-19 -9.87777e-16 0)
(1.45852e-19 -9.87811e-16 0)
(1.39194e-19 -9.87833e-16 0)
(1.3126e-19 -9.87848e-16 0)
(1.23794e-19 -9.87859e-16 0)
(1.17316e-19 -9.87866e-16 0)
(1.11907e-19 -9.87872e-16 0)
(1.07511e-19 -9.87877e-16 0)
(1.0404e-19 -9.87881e-16 0)
(1.01419e-19 -9.87885e-16 0)
(9.96035e-20 -9.87888e-16 0)
(9.85974e-20 -9.87891e-16 0)
(9.84761e-20 -9.87894e-16 0)
(9.94427e-20 -9.87898e-16 0)
(1.01942e-19 -9.87901e-16 0)
(1.06902e-19 -9.87905e-16 0)
(1.16187e-19 -9.87909e-16 0)
(1.31655e-19 -9.87917e-16 0)
(1.00253e-19 -9.88061e-16 0)
(1.87996e-20 -9.88063e-16 0)
(-1.23631e-20 -9.86735e-16 0)
(3.20321e-21 -9.83181e-16 0)
(1.34748e-20 -9.78469e-16 0)
(2.06264e-20 -9.73171e-16 0)
(2.58949e-20 -9.6759e-16 0)
(3.00251e-20 -9.61879e-16 0)
(3.35005e-20 -9.56102e-16 0)
(3.66686e-20 -9.50264e-16 0)
(3.98188e-20 -9.4432e-16 0)
(4.32393e-20 -9.38197e-16 0)
(1.02049e-12 -1.33499e-08 0)
(2.97772e-09 -1.81224e-05 0)
(6.7659e-09 -0.000109183 0)
(5.90032e-22 -9.87785e-16 0)
(3.04075e-21 -9.8778e-16 0)
(9.24869e-21 -9.87771e-16 0)
(2.14103e-20 -9.8776e-16 0)
(4.05892e-20 -9.87752e-16 0)
(6.48056e-20 -9.87752e-16 0)
(8.72289e-20 -9.87767e-16 0)
(1.01703e-19 -9.87789e-16 0)
(1.08279e-19 -9.87809e-16 0)
(1.09803e-19 -9.87826e-16 0)
(1.08611e-19 -9.87839e-16 0)
(1.06163e-19 -9.8785e-16 0)
(1.03285e-19 -9.87858e-16 0)
(1.00412e-19 -9.87866e-16 0)
(9.77671e-20 -9.87871e-16 0)
(9.54519e-20 -9.87877e-16 0)
(9.35067e-20 -9.87881e-16 0)
(9.19378e-20 -9.87885e-16 0)
(9.07296e-20 -9.8789e-16 0)
(8.9844e-20 -9.87894e-16 0)
(8.92007e-20 -9.87899e-16 0)
(8.86249e-20 -9.87904e-16 0)
(8.77215e-20 -9.87911e-16 0)
(8.55884e-20 -9.87919e-16 0)
(8.01881e-20 -9.87931e-16 0)
(6.73662e-20 -9.87949e-16 0)
(4.97095e-20 -9.8795e-16 0)
(3.74567e-20 -9.87934e-16 0)
(3.27343e-20 -9.87924e-16 0)
(3.14675e-20 -9.87917e-16 0)
(3.17555e-20 -9.87913e-16 0)
(3.27061e-20 -9.8791e-16 0)
(3.3898e-20 -9.87908e-16 0)
(3.5124e-20 -9.87907e-16 0)
(3.62636e-20 -9.87906e-16 0)
(3.72088e-20 -9.87907e-16 0)
(3.78082e-20 -9.87908e-16 0)
(4.20334e-20 -1.32551e-15 0)
(1.6642e-09 -1.6686e-05 0)
(6.73604e-09 -0.000103878 0)
(2.75568e-21 -9.87789e-16 0)
(8.91083e-21 -9.87788e-16 0)
(1.68783e-20 -9.87784e-16 0)
(2.73958e-20 -9.87781e-16 0)
(4.0372e-20 -9.87781e-16 0)
(5.45476e-20 -9.87784e-16 0)
(6.76626e-20 -9.87792e-16 0)
(7.7789e-20 -9.87804e-16 0)
(8.444e-20 -9.87816e-16 0)
(8.81597e-20 -9.87828e-16 0)
(8.97667e-20 -9.87838e-16 0)
(8.99933e-20 -9.87847e-16 0)
(8.93874e-20 -9.87855e-16 0)
(8.83231e-20 -9.87862e-16 0)
(8.70402e-20 -9.87868e-16 0)
(8.5682e-20 -9.87873e-16 0)
(8.43236e-20 -9.87878e-16 0)
(8.29896e-20 -9.87883e-16 0)
(8.16615e-20 -9.87887e-16 0)
(8.02782e-20 -9.87892e-16 0)
(7.87269e-20 -9.87896e-16 0)
(7.68287e-20 -9.87901e-16 0)
(7.43222e-20 -9.87906e-16 0)
(7.08631e-20 -9.87912e-16 0)
(6.60919e-20 -9.87917e-16 0)
(5.99017e-20 -9.87921e-16 0)
(5.31499e-20 -9.87922e-16 0)
(4.73461e-20 -9.8792e-16 0)
(4.31912e-20 -9.87917e-16 0)
(4.04811e-20 -9.87914e-16 0)
(3.88322e-20 -9.87912e-16 0)
(3.78986e-20 -9.8791e-16 0)
(3.74165e-20 -9.87909e-16 0)
(3.71947e-20 -9.87908e-16 0)
(3.7095e-20 -9.87908e-16 0)
(3.70149e-20 -9.87908e-16 0)
(3.68793e-20 -9.87908e-16 0)
(4.50266e-20 -1.53645e-15 0)
(1.50203e-09 -1.58337e-05 0)
(5.92881e-09 -9.93509e-05 0)
(3.43844e-21 -9.87798e-16 0)
(1.05716e-20 -9.87798e-16 0)
(1.84196e-20 -9.87797e-16 0)
(2.72029e-20 -9.87798e-16 0)
(3.67306e-20 -9.87799e-16 0)
(4.63865e-20 -9.87803e-16 0)
(5.53087e-20 -9.87808e-16 0)
(6.27687e-20 -9.87816e-16 0)
(6.8453e-20 -9.87824e-16 0)
(7.2429e-20 -9.87832e-16 0)
(7.49663e-20 -9.8784e-16 0)
(7.63889e-20 -9.87848e-16 0)
(7.69941e-20 -9.87854e-16 0)
(7.70217e-20 -9.87861e-16 0)
(7.6649e-20 -9.87866e-16 0)
(7.59969e-20 -9.87871e-16 0)
(7.51392e-20 -9.87876e-16 0)
(7.411e-20 -9.8788e-16 0)
(7.29105e-20 -9.87885e-16 0)
(7.15129e-20 -9.87889e-16 0)
(6.98645e-20 -9.87893e-16 0)
(6.78941e-20 -9.87897e-16 0)
(6.55246e-20 -9.879e-16 0)
(6.26974e-20 -9.87904e-16 0)
(5.94149e-20 -9.87907e-16 0)
(5.57983e-20 -9.87909e-16 0)
(5.21257e-20 -9.8791e-16 0)
(4.87374e-20 -9.8791e-16 0)
(4.58556e-20 -9.8791e-16 0)
(4.35352e-20 -9.87909e-16 0)
(4.17292e-20 -9.87909e-16 0)
(4.03473e-20 -9.87908e-16 0)
(3.92908e-20 -9.87908e-16 0)
(3.8469e-20 -9.87907e-16 0)
(3.78057e-20 -9.87907e-16 0)
(3.72408e-20 -9.87907e-16 0)
(3.6731e-20 -9.87907e-16 0)
(4.79997e-20 -1.70449e-15 0)
(1.36096e-09 -1.49701e-05 0)
(5.221e-09 -9.48685e-05 0)
(3.44256e-21 -9.87808e-16 0)
(1.03916e-20 -9.87809e-16 0)
(1.75342e-20 -9.87809e-16 0)
(2.49129e-20 -9.8781e-16 0)
(3.23884e-20 -9.87812e-16 0)
(3.96625e-20 -9.87816e-16 0)
(4.63673e-20 -9.8782e-16 0)
(5.21893e-20 -9.87826e-16 0)
(5.69587e-20 -9.87832e-16 0)
(6.06567e-20 -9.87838e-16 0)
(6.33712e-20 -9.87844e-16 0)
(6.52426e-20 -9.8785e-16 0)
(6.6423e-20 -9.87855e-16 0)
(6.70519e-20 -9.87861e-16 0)
(6.72447e-20 -9.87866e-16 0)
(6.70894e-20 -9.8787e-16 0)
(6.66474e-20 -9.87875e-16 0)
(6.59568e-20 -9.87879e-16 0)
(6.50361e-20 -9.87882e-16 0)
(6.38889e-20 -9.87886e-16 0)
(6.25093e-20 -9.87889e-16 0)
(6.0889e-20 -9.87893e-16 0)
(5.90264e-20 -9.87896e-16 0)
(5.69372e-20 -9.87898e-16 0)
(5.46658e-20 -9.879e-16 0)
(5.22913e-20 -9.87902e-16 0)
(4.99214e-20 -9.87903e-16 0)
(4.76675e-20 -9.87904e-16 0)
(4.56129e-20 -9.87905e-16 0)
(4.37996e-20 -9.87905e-16 0)
(4.2233e-20 -9.87905e-16 0)
(4.08942e-20 -9.87905e-16 0)
(3.97513e-20 -9.87905e-16 0)
(3.87679e-20 -9.87905e-16 0)
(3.79081e-20 -9.87905e-16 0)
(3.71399e-20 -9.87905e-16 0)
(3.64367e-20 -9.87905e-16 0)
(4.99628e-20 -1.88362e-15 0)
(1.22902e-09 -1.41276e-05 0)
(4.56419e-09 -9.04334e-05 0)
(3.17988e-21 -9.87818e-16 0)
(9.52004e-21 -9.87818e-16 0)
(1.58316e-20 -9.87819e-16 0)
(2.2097e-20 -9.87821e-16 0)
(2.82229e-20 -9.87823e-16 0)
(3.40563e-20 -9.87826e-16 0)
(3.94237e-20 -9.87829e-16 0)
(4.41767e-20 -9.87834e-16 0)
(4.82248e-20 -9.87838e-16 0)
(5.15431e-20 -9.87843e-16 0)
(5.41604e-20 -9.87848e-16 0)
(5.61398e-20 -9.87853e-16 0)
(5.75594e-20 -9.87857e-16 0)
(5.84992e-20 -9.87862e-16 0)
(5.90318e-20 -9.87866e-16 0)
(5.92185e-20 -9.8787e-16 0)
(5.91079e-20 -9.87874e-16 0)
(5.87363e-20 -9.87877e-16 0)
(5.81305e-20 -9.87881e-16 0)
(5.73097e-20 -9.87884e-16 0)
(5.62897e-20 -9.87887e-16 0)
(5.50865e-20 -9.87889e-16 0)
(5.37202e-20 -9.87892e-16 0)
(5.22187e-20 -9.87894e-16 0)
(5.06196e-20 -9.87896e-16 0)
(4.89693e-20 -9.87898e-16 0)
(4.73189e-20 -9.87899e-16 0)
(4.57168e-20 -9.879e-16 0)
(4.42015e-20 -9.87901e-16 0)
(4.27971e-20 -9.87901e-16 0)
(4.15141e-20 -9.87902e-16 0)
(4.03513e-20 -9.87902e-16 0)
(3.92997e-20 -9.87902e-16 0)
(3.83454e-20 -9.87903e-16 0)
(3.74727e-20 -9.87903e-16 0)
(3.66654e-20 -9.87903e-16 0)
(3.59082e-20 -9.87903e-16 0)
(5.28804e-20 -2.13621e-15 0)
(1.10649e-09 -1.33133e-05 0)
(3.94812e-09 -8.60472e-05 0)
(2.8392e-21 -9.87827e-16 0)
(8.46693e-21 -9.87827e-16 0)
(1.39832e-20 -9.87828e-16 0)
(1.93521e-20 -9.87829e-16 0)
(2.45089e-20 -9.87831e-16 0)
(2.93674e-20 -9.87834e-16 0)
(3.38373e-20 -9.87837e-16 0)
(3.78422e-20 -9.8784e-16 0)
(4.13326e-20 -9.87844e-16 0)
(4.42904e-20 -9.87848e-16 0)
(4.67254e-20 -9.87852e-16 0)
(4.86679e-20 -9.87856e-16 0)
(5.01603e-20 -9.87859e-16 0)
(5.12496e-20 -9.87863e-16 0)
(5.19824e-20 -9.87867e-16 0)
(5.24014e-20 -9.8787e-16 0)
(5.25442e-20 -9.87874e-16 0)
(5.24428e-20 -9.87877e-16 0)
(5.21247e-20 -9.8788e-16 0)
(5.16136e-20 -9.87882e-16 0)
(5.09318e-20 -9.87885e-16 0)
(5.01013e-20 -9.87887e-16 0)
(4.91455e-20 -9.87889e-16 0)
(4.809e-20 -9.87891e-16 0)
(4.69631e-20 -9.87893e-16 0)
(4.5794e-20 -9.87894e-16 0)
(4.4612e-20 -9.87896e-16 0)
(4.34432e-20 -9.87897e-16 0)
(4.2309e-20 -9.87898e-16 0)
(4.12246e-20 -9.87898e-16 0)
(4.01987e-20 -9.87899e-16 0)
(3.92347e-20 -9.879e-16 0)
(3.83311e-20 -9.879e-16 0)
(3.74836e-20 -9.879e-16 0)
(3.66858e-20 -9.87901e-16 0)
(3.59299e-20 -9.87901e-16 0)
(3.52082e-20 -9.87901e-16 0)
(5.69394e-20 -2.4368e-15 0)
(9.93325e-10 -1.25272e-05 0)
(3.3806e-09 -8.17116e-05 0)
(2.4999e-21 -9.87834e-16 0)
(7.44122e-21 -9.87835e-16 0)
(1.22489e-20 -9.87836e-16 0)
(1.68845e-20 -9.87837e-16 0)
(2.13001e-20 -9.87839e-16 0)
(2.54422e-20 -9.87841e-16 0)
(2.92588e-20 -9.87843e-16 0)
(3.2707e-20 -9.87846e-16 0)
(3.57584e-20 -9.87849e-16 0)
(3.84013e-20 -9.87852e-16 0)
(4.06395e-20 -9.87855e-16 0)
(4.2489e-20 -9.87859e-16 0)
(4.39747e-20 -9.87862e-16 0)
(4.51258e-20 -9.87865e-16 0)
(4.59732e-20 -9.87868e-16 0)
(4.65476e-20 -9.87871e-16 0)
(4.68778e-20 -9.87874e-16 0)
(4.69905e-20 -9.87876e-16 0)
(4.69102e-20 -9.87879e-16 0)
(4.666e-20 -9.87881e-16 0)
(4.62616e-20 -9.87884e-16 0)
(4.57363e-20 -9.87886e-16 0)
(4.51054e-20 -9.87887e-16 0)
(4.43899e-20 -9.87889e-16 0)
(4.36111e-20 -9.87891e-16 0)
(4.27895e-20 -9.87892e-16 0)
(4.19441e-20 -9.87893e-16 0)
(4.10917e-20 -9.87894e-16 0)
(4.02464e-20 -9.87895e-16 0)
(3.94188e-20 -9.87896e-16 0)
(3.8616e-20 -9.87897e-16 0)
(3.78423e-20 -9.87897e-16 0)
(3.70993e-20 -9.87898e-16 0)
(3.63865e-20 -9.87898e-16 0)
(3.5702e-20 -9.87899e-16 0)
(3.5043e-20 -9.87899e-16 0)
(3.44059e-20 -9.879e-16 0)
(6.10038e-20 -2.73962e-15 0)
(8.89231e-10 -1.1768e-05 0)
(2.86944e-09 -7.74282e-05 0)
(2.1915e-21 -9.87841e-16 0)
(6.51777e-21 -9.87842e-16 0)
(1.07131e-20 -9.87842e-16 0)
(1.4742e-20 -9.87843e-16 0)
(1.85674e-20 -9.87845e-16 0)
(2.21529e-20 -9.87847e-16 0)
(2.54657e-20 -9.87849e-16 0)
(2.84794e-20 -9.87851e-16 0)
(3.11768e-20 -9.87853e-16 0)
(3.35502e-20 -9.87856e-16 0)
(3.56016e-20 -9.87859e-16 0)
(3.73406e-20 -9.87861e-16 0)
(3.87828e-20 -9.87864e-16 0)
(3.99477e-20 -9.87867e-16 0)
(4.08569e-20 -9.87869e-16 0)
(4.15327e-20 -9.87872e-16 0)
(4.19974e-20 -9.87874e-16 0)
(4.22726e-20 -9.87877e-16 0)
(4.23791e-20 -9.87879e-16 0)
(4.23367e-20 -9.87881e-16 0)
(4.21645e-20 -9.87883e-16 0)
(4.18811e-20 -9.87885e-16 0)
(4.15041e-20 -9.87886e-16 0)
(4.10509e-20 -9.87888e-16 0)
(4.05377e-20 -9.87889e-16 0)
(3.99798e-20 -9.8789e-16 0)
(3.93911e-20 -9.87892e-16 0)
(3.87837e-20 -9.87893e-16 0)
(3.81678e-20 -9.87894e-16 0)
(3.75518e-20 -9.87894e-16 0)
(3.69416e-20 -9.87895e-16 0)
(3.63417e-20 -9.87896e-16 0)
(3.57549e-20 -9.87896e-16 0)
(3.51823e-20 -9.87897e-16 0)
(3.46245e-20 -9.87897e-16 0)
(3.40809e-20 -9.87898e-16 0)
(3.35506e-20 -9.87898e-16 0)
(6.4615e-20 -3.02734e-15 0)
(7.93789e-10 -1.10343e-05 0)
(2.41801e-09 -7.31988e-05 0)
(1.92196e-21 -9.87847e-16 0)
(5.71427e-21 -9.87847e-16 0)
(9.38743e-21 -9.87848e-16 0)
(1.29104e-20 -9.87849e-16 0)
(1.62539e-20 -9.8785e-16 0)
(1.93914e-20 -9.87852e-16 0)
(2.23002e-20 -9.87854e-16 0)
(2.4963e-20 -9.87855e-16 0)
(2.73683e-20 -9.87857e-16 0)
(2.95112e-20 -9.8786e-16 0)
(3.13929e-20 -9.87862e-16 0)
(3.30198e-20 -9.87864e-16 0)
(3.44025e-20 -9.87866e-16 0)
(3.55548e-20 -9.87869e-16 0)
(3.64923e-20 -9.87871e-16 0)
(3.72317e-20 -9.87873e-16 0)
(3.77903e-20 -9.87875e-16 0)
(3.81854e-20 -9.87877e-16 0)
(3.84339e-20 -9.87879e-16 0)
(3.85524e-20 -9.87881e-16 0)
(3.85567e-20 -9.87883e-16 0)
(3.84623e-20 -9.87884e-16 0)
(3.82838e-20 -9.87886e-16 0)
(3.8035e-20 -9.87887e-16 0)
(3.7729e-20 -9.87888e-16 0)
(3.73776e-20 -9.87889e-16 0)
(3.69915e-20 -9.8789e-16 0)
(3.65803e-20 -9.87891e-16 0)
(3.61521e-20 -9.87892e-16 0)
(3.57135e-20 -9.87893e-16 0)
(3.527e-20 -9.87894e-16 0)
(3.48258e-20 -9.87894e-16 0)
(3.4384e-20 -9.87895e-16 0)
(3.39469e-20 -9.87895e-16 0)
(3.35158e-20 -9.87896e-16 0)
(3.30916e-20 -9.87896e-16 0)
(3.26749e-20 -9.87897e-16 0)
(6.76909e-20 -3.30067e-15 0)
(7.06499e-10 -1.0325e-05 0)
(2.02508e-09 -6.90256e-05 0)
(1.69041e-21 -9.87852e-16 0)
(5.02558e-21 -9.87853e-16 0)
(8.25562e-21 -9.87853e-16 0)
(1.13542e-20 -9.87854e-16 0)
(1.42979e-20 -9.87855e-16 0)
(1.70663e-20 -9.87856e-16 0)
(1.96428e-20 -9.87858e-16 0)
(2.20151e-20 -9.87859e-16 0)
(2.41752e-20 -9.87861e-16 0)
(2.61197e-20 -9.87863e-16 0)
(2.78496e-20 -9.87865e-16 0)
(2.93693e-20 -9.87867e-16 0)
(3.06866e-20 -9.87869e-16 0)
(3.18114e-20 -9.87871e-16 0)
(3.27556e-20 -9.87872e-16 0)
(3.3532e-20 -9.87874e-16 0)
(3.4154e-20 -9.87876e-16 0)
(3.46353e-20 -9.87878e-16 0)
(3.49898e-20 -9.87879e-16 0)
(3.52307e-20 -9.87881e-16 0)
(3.53712e-20 -9.87883e-16 0)
(3.54238e-20 -9.87884e-16 0)
(3.54006e-20 -9.87885e-16 0)
(3.53127e-20 -9.87887e-16 0)
(3.51705e-20 -9.87888e-16 0)
(3.49838e-20 -9.87889e-16 0)
(3.47612e-20 -9.8789e-16 0)
(3.45102e-20 -9.87891e-16 0)
(3.42378e-20 -9.87891e-16 0)
(3.39495e-20 -9.87892e-16 0)
(3.36502e-20 -9.87893e-16 0)
(3.33439e-20 -9.87893e-16 0)
(3.30338e-20 -9.87894e-16 0)
(3.27224e-20 -9.87895e-16 0)
(3.24117e-20 -9.87895e-16 0)
(3.21032e-20 -9.87895e-16 0)
(3.1798e-20 -9.87896e-16 0)
(7.04001e-20 -3.56517e-15 0)
(6.26804e-10 -9.63887e-06 0)
(1.68668e-09 -6.49105e-05 0)
(1.49284e-21 -9.87857e-16 0)
(4.43861e-21 -9.87857e-16 0)
(7.29282e-21 -9.87858e-16 0)
(1.00335e-20 -9.87858e-16 0)
(1.26416e-20 -9.87859e-16 0)
(1.51012e-20 -9.8786e-16 0)
(1.73995e-20 -9.87862e-16 0)
(1.95273e-20 -9.87863e-16 0)
(2.14787e-20 -9.87864e-16 0)
(2.32512e-20 -9.87866e-16 0)
(2.48456e-20 -9.87867e-16 0)
(2.62652e-20 -9.87869e-16 0)
(2.75159e-20 -9.87871e-16 0)
(2.86051e-20 -9.87872e-16 0)
(2.9542e-20 -9.87874e-16 0)
(3.03365e-20 -9.87876e-16 0)
(3.09993e-20 -9.87877e-16 0)
(3.15411e-20 -9.87879e-16 0)
(3.19732e-20 -9.8788e-16 0)
(3.23063e-20 -9.87882e-16 0)
(3.25511e-20 -9.87883e-16 0)
(3.27178e-20 -9.87884e-16 0)
(3.28163e-20 -9.87885e-16 0)
(3.28556e-20 -9.87886e-16 0)
(3.28444e-20 -9.87887e-16 0)
(3.27905e-20 -9.87888e-16 0)
(3.27011e-20 -9.87889e-16 0)
(3.25825e-20 -9.8789e-16 0)
(3.24406e-20 -9.87891e-16 0)
(3.22801e-20 -9.87892e-16 0)
(3.21055e-20 -9.87892e-16 0)
(3.19203e-20 -9.87893e-16 0)
(3.17278e-20 -9.87893e-16 0)
(3.15305e-20 -9.87894e-16 0)
(3.13306e-20 -9.87894e-16 0)
(3.11298e-20 -9.87895e-16 0)
(3.09298e-20 -9.87895e-16 0)
(7.28024e-20 -3.82866e-15 0)
(5.54145e-10 -8.97462e-06 0)
(1.39735e-09 -6.08558e-05 0)
(1.32446e-21 -9.87861e-16 0)
(3.93859e-21 -9.87861e-16 0)
(6.47335e-21 -9.87862e-16 0)
(8.91056e-21 -9.87862e-16 0)
(1.12347e-20 -9.87863e-16 0)
(1.3433e-20 -9.87864e-16 0)
(1.54953e-20 -9.87865e-16 0)
(1.74146e-20 -9.87866e-16 0)
(1.91863e-20 -9.87867e-16 0)
(2.08086e-20 -9.87869e-16 0)
(2.22819e-20 -9.8787e-16 0)
(2.3609e-20 -9.87871e-16 0)
(2.47943e-20 -9.87873e-16 0)
(2.58436e-20 -9.87874e-16 0)
(2.6764e-20 -9.87876e-16 0)
(2.75633e-20 -9.87877e-16 0)
(2.825e-20 -9.87878e-16 0)
(2.88329e-20 -9.8788e-16 0)
(2.93207e-20 -9.87881e-16 0)
(2.97224e-20 -9.87882e-16 0)
(3.00466e-20 -9.87883e-16 0)
(3.03017e-20 -9.87885e-16 0)
(3.04956e-20 -9.87886e-16 0)
(3.06359e-20 -9.87887e-16 0)
(3.07298e-20 -9.87888e-16 0)
(3.07837e-20 -9.87888e-16 0)
(3.08036e-20 -9.87889e-16 0)
(3.07949e-20 -9.8789e-16 0)
(3.07625e-20 -9.87891e-16 0)
(3.07108e-20 -9.87891e-16 0)
(3.06435e-20 -9.87892e-16 0)
(3.05641e-20 -9.87893e-16 0)
(3.04754e-20 -9.87893e-16 0)
(3.03799e-20 -9.87893e-16 0)
(3.02799e-20 -9.87894e-16 0)
(3.01773e-20 -9.87894e-16 0)
(3.00736e-20 -9.87895e-16 0)
(7.51038e-20 -4.09598e-15 0)
(4.87953e-10 -8.33095e-06 0)
(1.15132e-09 -5.68638e-05 0)
(1.18066e-21 -9.87865e-16 0)
(3.51162e-21 -9.87865e-16 0)
(5.77378e-21 -9.87865e-16 0)
(7.95217e-21 -9.87866e-16 0)
(1.00341e-20 -9.87866e-16 0)
(1.20092e-20 -9.87867e-16 0)
(1.38694e-20 -9.87868e-16 0)
(1.56091e-20 -9.87869e-16 0)
(1.72247e-20 -9.8787e-16 0)
(1.87147e-20 -9.87871e-16 0)
(2.00796e-20 -9.87872e-16 0)
(2.13213e-20 -9.87874e-16 0)
(2.24435e-20 -9.87875e-16 0)
(2.34507e-20 -9.87876e-16 0)
(2.43486e-20 -9.87877e-16 0)
(2.51433e-20 -9.87878e-16 0)
(2.58416e-20 -9.8788e-16 0)
(2.64506e-20 -9.87881e-16 0)
(2.69775e-20 -9.87882e-16 0)
(2.74295e-20 -9.87883e-16 0)
(2.78136e-20 -9.87884e-16 0)
(2.81367e-20 -9.87885e-16 0)
(2.84053e-20 -9.87886e-16 0)
(2.86259e-20 -9.87887e-16 0)
(2.88042e-20 -9.87888e-16 0)
(2.89457e-20 -9.87889e-16 0)
(2.90554e-20 -9.87889e-16 0)
(2.91381e-20 -9.8789e-16 0)
(2.91978e-20 -9.87891e-16 0)
(2.92383e-20 -9.87891e-16 0)
(2.92631e-20 -9.87892e-16 0)
(2.92752e-20 -9.87892e-16 0)
(2.92773e-20 -9.87893e-16 0)
(2.92716e-20 -9.87893e-16 0)
(2.92604e-20 -9.87894e-16 0)
(2.92454e-20 -9.87894e-16 0)
(2.92282e-20 -9.87894e-16 0)
(7.72407e-20 -4.36738e-15 0)
(4.27694e-10 -7.70684e-06 0)
(9.43198e-10 -5.29372e-05 0)
(1.05733e-21 -9.87868e-16 0)
(3.14544e-21 -9.87868e-16 0)
(5.1738e-21 -9.87868e-16 0)
(7.13007e-21 -9.87869e-16 0)
(9.00387e-21 -9.87869e-16 0)
(1.07868e-20 -9.8787e-16 0)
(1.24723e-20 -9.87871e-16 0)
(1.40559e-20 -9.87872e-16 0)
(1.55347e-20 -9.87872e-16 0)
(1.69074e-20 -9.87873e-16 0)
(1.81746e-20 -9.87874e-16 0)
(1.93377e-20 -9.87876e-16 0)
(2.03996e-20 -9.87877e-16 0)
(2.13639e-20 -9.87878e-16 0)
(2.22352e-20 -9.87879e-16 0)
(2.30185e-20 -9.8788e-16 0)
(2.37193e-20 -9.87881e-16 0)
(2.43432e-20 -9.87882e-16 0)
(2.48962e-20 -9.87883e-16 0)
(2.5384e-20 -9.87884e-16 0)
(2.58127e-20 -9.87885e-16 0)
(2.61877e-20 -9.87886e-16 0)
(2.65146e-20 -9.87887e-16 0)
(2.67986e-20 -9.87887e-16 0)
(2.70446e-20 -9.87888e-16 0)
(2.72572e-20 -9.87889e-16 0)
(2.74407e-20 -9.8789e-16 0)
(2.7599e-20 -9.8789e-16 0)
(2.77359e-20 -9.87891e-16 0)
(2.78545e-20 -9.87891e-16 0)
(2.79578e-20 -9.87892e-16 0)
(2.80486e-20 -9.87893e-16 0)
(2.81292e-20 -9.87893e-16 0)
(2.82018e-20 -9.87893e-16 0)
(2.82685e-20 -9.87894e-16 0)
(2.83308e-20 -9.87894e-16 0)
(2.83903e-20 -9.87894e-16 0)
(7.92556e-20 -4.65422e-15 0)
(3.72913e-10 -7.10168e-06 0)
(7.67808e-10 -4.90785e-05 0)
(9.5098e-22 -9.87871e-16 0)
(2.82964e-21 -9.87871e-16 0)
(4.65622e-21 -9.87871e-16 0)
(6.42059e-21 -9.87871e-16 0)
(8.11427e-21 -9.87872e-16 0)
(9.73038e-21 -9.87873e-16 0)
(1.12637e-20 -9.87873e-16 0)
(1.27104e-20 -9.87874e-16 0)
(1.40682e-20 -9.87875e-16 0)
(1.53363e-20 -9.87876e-16 0)
(1.65149e-20 -9.87876e-16 0)
(1.76052e-20 -9.87877e-16 0)
(1.86096e-20 -9.87878e-16 0)
(1.95311e-20 -9.87879e-16 0)
(2.03733e-20 -9.8788e-16 0)
(2.11402e-20 -9.87881e-16 0)
(2.18364e-20 -9.87882e-16 0)
(2.24666e-20 -9.87883e-16 0)
(2.30354e-20 -9.87884e-16 0)
(2.35479e-20 -9.87885e-16 0)
(2.40088e-20 -9.87886e-16 0)
(2.44229e-20 -9.87887e-16 0)
(2.47946e-20 -9.87887e-16 0)
(2.51283e-20 -9.87888e-16 0)
(2.54282e-20 -9.87889e-16 0)
(2.56983e-20 -9.87889e-16 0)
(2.5942e-20 -9.8789e-16 0)
(2.61629e-20 -9.87891e-16 0)
(2.6364e-20 -9.87891e-16 0)
(2.65481e-20 -9.87892e-16 0)
(2.6718e-20 -9.87892e-16 0)
(2.68759e-20 -9.87893e-16 0)
(2.7024e-20 -9.87893e-16 0)
(2.71643e-20 -9.87894e-16 0)
(2.72985e-20 -9.87894e-16 0)
(2.74283e-20 -9.87894e-16 0)
(2.75549e-20 -9.87895e-16 0)
(8.13904e-20 -4.99107e-15 0)
(3.23203e-10 -6.51519e-06 0)
(6.2041e-10 -4.52907e-05 0)
(8.58661e-22 -9.87873e-16 0)
(2.55545e-21 -9.87873e-16 0)
(4.20668e-21 -9.87874e-16 0)
(5.80406e-21 -9.87874e-16 0)
(7.34063e-21 -9.87874e-16 0)
(8.81078e-21 -9.87875e-16 0)
(1.02102e-20 -9.87876e-16 0)
(1.15359e-20 -9.87876e-16 0)
(1.27861e-20 -9.87877e-16 0)
(1.39599e-20 -9.87878e-16 0)
(1.50577e-20 -9.87878e-16 0)
(1.60804e-20 -9.87879e-16 0)
(1.703e-20 -9.8788e-16 0)
(1.7909e-20 -9.87881e-16 0)
(1.87202e-20 -9.87882e-16 0)
(1.94671e-20 -9.87883e-16 0)
(2.01534e-20 -9.87883e-16 0)
(2.07829e-20 -9.87884e-16 0)
(2.13597e-20 -9.87885e-16 0)
(2.18877e-20 -9.87886e-16 0)
(2.23709e-20 -9.87887e-16 0)
(2.28134e-20 -9.87887e-16 0)
(2.32189e-20 -9.87888e-16 0)
(2.3591e-20 -9.87889e-16 0)
(2.39334e-20 -9.87889e-16 0)
(2.42493e-20 -9.8789e-16 0)
(2.45419e-20 -9.87891e-16 0)
(2.48139e-20 -9.87891e-16 0)
(2.50681e-20 -9.87892e-16 0)
(2.5307e-20 -9.87892e-16 0)
(2.55327e-20 -9.87893e-16 0)
(2.57475e-20 -9.87893e-16 0)
(2.59531e-20 -9.87894e-16 0)
(2.61513e-20 -9.87894e-16 0)
(2.63436e-20 -9.87894e-16 0)
(2.65314e-20 -9.87895e-16 0)
(2.67159e-20 -9.87895e-16 0)
(8.42842e-20 -5.33452e-15 0)
(2.78212e-10 -5.9475e-06 0)
(4.96919e-10 -4.15769e-05 0)
(7.77924e-22 -9.87876e-16 0)
(2.31561e-21 -9.87876e-16 0)
(3.81329e-21 -9.87876e-16 0)
(5.26417e-21 -9.87876e-16 0)
(6.66257e-21 -9.87877e-16 0)
(8.0039e-21 -9.87877e-16 0)
(9.2847e-21 -9.87878e-16 0)
(1.05025e-20 -9.87878e-16 0)
(1.16558e-20 -9.87879e-16 0)
(1.27441e-20 -9.87879e-16 0)
(1.37676e-20 -9.8788e-16 0)
(1.47271e-20 -9.87881e-16 0)
(1.56243e-20 -9.87882e-16 0)
(1.64611e-20 -9.87882e-16 0)
(1.72402e-20 -9.87883e-16 0)
(1.79643e-20 -9.87884e-16 0)
(1.86364e-20 -9.87885e-16 0)
(1.92598e-20 -9.87885e-16 0)
(1.98378e-20 -9.87886e-16 0)
(2.03738e-20 -9.87887e-16 0)
(2.08712e-20 -9.87888e-16 0)
(2.13333e-20 -9.87888e-16 0)
(2.17633e-20 -9.87889e-16 0)
(2.21644e-20 -9.8789e-16 0)
(2.25395e-20 -9.8789e-16 0)
(2.28915e-20 -9.87891e-16 0)
(2.32229e-20 -9.87891e-16 0)
(2.35363e-20 -9.87892e-16 0)
(2.3834e-20 -9.87892e-16 0)
(2.4118e-20 -9.87893e-16 0)
(2.43904e-20 -9.87893e-16 0)
(2.46529e-20 -9.87894e-16 0)
(2.49071e-20 -9.87894e-16 0)
(2.51545e-20 -9.87895e-16 0)
(2.53964e-20 -9.87895e-16 0)
(2.56339e-20 -9.87895e-16 0)
(2.58682e-20 -9.87896e-16 0)
(8.6001e-20 -5.6918e-15 0)
(2.37638e-10 -5.39898e-06 0)
(3.93761e-10 -3.79408e-05 0)
(7.06737e-22 -9.87878e-16 0)
(2.10409e-21 -9.87878e-16 0)
(3.46618e-21 -9.87878e-16 0)
(4.78746e-21 -9.87878e-16 0)
(6.06327e-21 -9.87879e-16 0)
(7.28992e-21 -9.87879e-16 0)
(8.46455e-21 -9.8788e-16 0)
(9.58521e-21 -9.8788e-16 0)
(1.06507e-20 -9.87881e-16 0)
(1.16606e-20 -9.87881e-16 0)
(1.26152e-20 -9.87882e-16 0)
(1.35152e-20 -9.87882e-16 0)
(1.43619e-20 -9.87883e-16 0)
(1.51572e-20 -9.87884e-16 0)
(1.59031e-20 -9.87884e-16 0)
(1.66019e-20 -9.87885e-16 0)
(1.72563e-20 -9.87886e-16 0)
(1.78689e-20 -9.87887e-16 0)
(1.84427e-20 -9.87887e-16 0)
(1.89805e-20 -9.87888e-16 0)
(1.94851e-20 -9.87889e-16 0)
(1.99594e-20 -9.87889e-16 0)
(2.04061e-20 -9.8789e-16 0)
(2.08279e-20 -9.8789e-16 0)
(2.12273e-20 -9.87891e-16 0)
(2.16067e-20 -9.87892e-16 0)
(2.19685e-20 -9.87892e-16 0)
(2.23148e-20 -9.87893e-16 0)
(2.26475e-20 -9.87893e-16 0)
(2.29684e-20 -9.87894e-16 0)
(2.32792e-20 -9.87894e-16 0)
(2.35814e-20 -9.87895e-16 0)
(2.38765e-20 -9.87895e-16 0)
(2.41655e-20 -9.87895e-16 0)
(2.44497e-20 -9.87896e-16 0)
(2.47299e-20 -9.87896e-16 0)
(2.50069e-20 -9.87896e-16 0)
(8.85529e-20 -6.06874e-15 0)
(2.01181e-10 -4.86969e-06 0)
(3.07998e-10 -3.4386e-05 0)
(6.43419e-22 -9.8788e-16 0)
(1.9159e-21 -9.8788e-16 0)
(3.15719e-21 -9.8788e-16 0)
(4.36277e-21 -9.8788e-16 0)
(5.52885e-21 -9.87881e-16 0)
(6.65241e-21 -9.87881e-16 0)
(7.73116e-21 -9.87881e-16 0)
(8.76354e-21 -9.87882e-16 0)
(9.74861e-21 -9.87882e-16 0)
(1.06861e-20 -9.87883e-16 0)
(1.15762e-20 -9.87883e-16 0)
(1.24196e-20 -9.87884e-16 0)
(1.32175e-20 -9.87885e-16 0)
(1.39714e-20 -9.87885e-16 0)
(1.46832e-20 -9.87886e-16 0)
(1.53547e-20 -9.87886e-16 0)
(1.59883e-20 -9.87887e-16 0)
(1.65862e-20 -9.87888e-16 0)
(1.7151e-20 -9.87888e-16 0)
(1.7685e-20 -9.87889e-16 0)
(1.81908e-20 -9.8789e-16 0)
(1.86707e-20 -9.8789e-16 0)
(1.91271e-20 -9.87891e-16 0)
(1.95624e-20 -9.87891e-16 0)
(1.99787e-20 -9.87892e-16 0)
(2.03782e-20 -9.87892e-16 0)
(2.07628e-20 -9.87893e-16 0)
(2.11343e-20 -9.87894e-16 0)
(2.14944e-20 -9.87894e-16 0)
(2.18448e-20 -9.87894e-16 0)
(2.21869e-20 -9.87895e-16 0)
(2.25218e-20 -9.87895e-16 0)
(2.28509e-20 -9.87896e-16 0)
(2.31752e-20 -9.87896e-16 0)
(2.34955e-20 -9.87897e-16 0)
(2.38128e-20 -9.87897e-16 0)
(2.41277e-20 -9.87897e-16 0)
(9.00644e-20 -6.45777e-15 0)
(1.68565e-10 -4.35906e-06 0)
(2.36984e-10 -3.09169e-05 0)
(5.86582e-22 -9.87882e-16 0)
(1.74692e-21 -9.87882e-16 0)
(2.8796e-21 -9.87882e-16 0)
(3.98093e-21 -9.87882e-16 0)
(5.04782e-21 -9.87882e-16 0)
(6.07784e-21 -9.87883e-16 0)
(7.06914e-21 -9.87883e-16 0)
(8.02048e-21 -9.87883e-16 0)
(8.93114e-21 -9.87884e-16 0)
(9.80094e-21 -9.87884e-16 0)
(1.06301e-20 -9.87885e-16 0)
(1.14193e-20 -9.87885e-16 0)
(1.21696e-20 -9.87886e-16 0)
(1.28823e-20 -9.87886e-16 0)
(1.35589e-20 -9.87887e-16 0)
(1.42012e-20 -9.87888e-16 0)
(1.48112e-20 -9.87888e-16 0)
(1.53908e-20 -9.87889e-16 0)
(1.59422e-20 -9.87889e-16 0)
(1.64675e-20 -9.8789e-16 0)
(1.69689e-20 -9.87891e-16 0)
(1.74485e-20 -9.87891e-16 0)
(1.79084e-20 -9.87892e-16 0)
(1.83506e-20 -9.87892e-16 0)
(1.87771e-20 -9.87893e-16 0)
(1.91897e-20 -9.87893e-16 0)
(1.95902e-20 -9.87894e-16 0)
(1.99801e-20 -9.87894e-16 0)
(2.03609e-20 -9.87895e-16 0)
(2.07341e-20 -9.87895e-16 0)
(2.11008e-20 -9.87896e-16 0)
(2.14621e-20 -9.87896e-16 0)
(2.18191e-20 -9.87897e-16 0)
(2.21725e-20 -9.87897e-16 0)
(2.25232e-20 -9.87897e-16 0)
(2.28718e-20 -9.87898e-16 0)
(2.32187e-20 -9.87898e-16 0)
(9.20344e-20 -6.80383e-15 0)
(1.39498e-10 -3.86697e-06 0)
(1.78925e-10 -2.75383e-05 0)
(5.35083e-22 -9.87883e-16 0)
(1.59377e-21 -9.87883e-16 0)
(2.62786e-21 -9.87883e-16 0)
(3.63434e-21 -9.87884e-16 0)
(4.61072e-21 -9.87884e-16 0)
(5.55502e-21 -9.87884e-16 0)
(6.46577e-21 -9.87884e-16 0)
(7.34198e-21 -9.87885e-16 0)
(8.18313e-21 -9.87885e-16 0)
(8.9891e-21 -9.87886e-16 0)
(9.76018e-21 -9.87886e-16 0)
(1.0497e-20 -9.87887e-16 0)
(1.12004e-20 -9.87887e-16 0)
(1.18716e-20 -9.87888e-16 0)
(1.2512e-20 -9.87888e-16 0)
(1.31232e-20 -9.87889e-16 0)
(1.37068e-20 -9.87889e-16 0)
(1.42646e-20 -9.8789e-16 0)
(1.47986e-20 -9.8789e-16 0)
(1.53106e-20 -9.87891e-16 0)
(1.58025e-20 -9.87892e-16 0)
(1.62762e-20 -9.87892e-16 0)
(1.67337e-20 -9.87893e-16 0)
(1.71767e-20 -9.87893e-16 0)
(1.7607e-20 -9.87894e-16 0)
(1.80263e-20 -9.87894e-16 0)
(1.84361e-20 -9.87895e-16 0)
(1.88378e-20 -9.87895e-16 0)
(1.92329e-20 -9.87896e-16 0)
(1.96226e-20 -9.87896e-16 0)
(2.00078e-20 -9.87897e-16 0)
(2.03897e-20 -9.87897e-16 0)
(2.0769e-20 -9.87898e-16 0)
(2.11464e-20 -9.87898e-16 0)
(2.15225e-20 -9.87898e-16 0)
(2.18976e-20 -9.87899e-16 0)
(2.2272e-20 -9.87899e-16 0)
(9.15879e-20 -7.01615e-15 0)
(1.13777e-10 -3.39447e-06 0)
(1.32018e-10 -2.42556e-05 0)
(4.8798e-22 -9.87885e-16 0)
(1.45365e-21 -9.87885e-16 0)
(2.39741e-21 -9.87885e-16 0)
(3.31679e-21 -9.87885e-16 0)
(4.20978e-21 -9.87885e-16 0)
(5.07477e-21 -9.87885e-16 0)
(5.9106e-21 -9.87886e-16 0)
(6.71649e-21 -9.87886e-16 0)
(7.49205e-21 -9.87887e-16 0)
(8.23726e-21 -9.87887e-16 0)
(8.9524e-21 -9.87887e-16 0)
(9.63803e-21 -9.87888e-16 0)
(1.0295e-20 -9.87888e-16 0)
(1.09244e-20 -9.87889e-16 0)
(1.15273e-20 -9.87889e-16 0)
(1.21054e-20 -9.8789e-16 0)
(1.26599e-20 -9.8789e-16 0)
(1.31926e-20 -9.87891e-16 0)
(1.37051e-20 -9.87892e-16 0)
(1.41992e-20 -9.87892e-16 0)
(1.46766e-20 -9.87893e-16 0)
(1.51391e-20 -9.87893e-16 0)
(1.55884e-20 -9.87894e-16 0)
(1.60261e-20 -9.87894e-16 0)
(1.64539e-20 -9.87895e-16 0)
(1.68735e-20 -9.87895e-16 0)
(1.72861e-20 -9.87896e-16 0)
(1.76933e-20 -9.87896e-16 0)
(1.80963e-20 -9.87897e-16 0)
(1.84962e-20 -9.87897e-16 0)
(1.88942e-20 -9.87898e-16 0)
(1.9291e-20 -9.87898e-16 0)
(1.96874e-20 -9.87899e-16 0)
(2.00842e-20 -9.87899e-16 0)
(2.04819e-20 -9.87899e-16 0)
(2.08809e-20 -9.879e-16 0)
(2.12817e-20 -9.879e-16 0)
(8.95397e-20 -7.03772e-15 0)
(9.12079e-11 -2.94116e-06 0)
(9.47008e-11 -2.10753e-05 0)
(4.44505e-22 -9.87886e-16 0)
(1.32428e-21 -9.87886e-16 0)
(2.18451e-21 -9.87886e-16 0)
(3.02317e-21 -9.87886e-16 0)
(3.83862e-21 -9.87887e-16 0)
(4.62956e-21 -9.87887e-16 0)
(5.39507e-21 -9.87887e-16 0)
(6.13454e-21 -9.87887e-16 0)
(6.84768e-21 -9.87888e-16 0)
(7.53452e-21 -9.87888e-16 0)
(8.19535e-21 -9.87889e-16 0)
(8.83069e-21 -9.87889e-16 0)
(9.44131e-21 -9.87889e-16 0)
(1.00282e-20 -9.8789e-16 0)
(1.05923e-20 -9.8789e-16 0)
(1.11351e-20 -9.87891e-16 0)
(1.16578e-20 -9.87891e-16 0)
(1.2162e-20 -9.87892e-16 0)
(1.26491e-20 -9.87892e-16 0)
(1.31208e-20 -9.87893e-16 0)
(1.35787e-20 -9.87894e-16 0)
(1.40244e-20 -9.87894e-16 0)
(1.44596e-20 -9.87895e-16 0)
(1.48858e-20 -9.87895e-16 0)
(1.53047e-20 -9.87896e-16 0)
(1.57178e-20 -9.87896e-16 0)
(1.61266e-20 -9.87897e-16 0)
(1.65324e-20 -9.87897e-16 0)
(1.69365e-20 -9.87898e-16 0)
(1.73402e-20 -9.87898e-16 0)
(1.77444e-20 -9.87899e-16 0)
(1.815e-20 -9.87899e-16 0)
(1.85579e-20 -9.879e-16 0)
(1.89685e-20 -9.879e-16 0)
(1.93824e-20 -9.879e-16 0)
(1.98e-20 -9.87901e-16 0)
(2.02213e-20 -9.87901e-16 0)
(8.40931e-20 -6.81594e-15 0)
(7.13739e-11 -2.50524e-06 0)
(6.80431e-11 -1.80047e-05 0)
(4.04033e-22 -9.87887e-16 0)
(1.20381e-21 -9.87887e-16 0)
(1.98613e-21 -9.87887e-16 0)
(2.74934e-21 -9.87888e-16 0)
(3.49208e-21 -9.87888e-16 0)
(4.21331e-21 -9.87888e-16 0)
(4.91227e-21 -9.87888e-16 0)
(5.58849e-21 -9.87889e-16 0)
(6.24176e-21 -9.87889e-16 0)
(6.87212e-21 -9.87889e-16 0)
(7.47985e-21 -9.8789e-16 0)
(8.06544e-21 -9.8789e-16 0)
(8.62957e-21 -9.8789e-16 0)
(9.17309e-21 -9.87891e-16 0)
(9.69699e-21 -9.87891e-16 0)
(1.02024e-20 -9.87892e-16 0)
(1.06905e-20 -9.87892e-16 0)
(1.11628e-20 -9.87893e-16 0)
(1.16205e-20 -9.87893e-16 0)
(1.20652e-20 -9.87894e-16 0)
(1.24984e-20 -9.87894e-16 0)
(1.29216e-20 -9.87895e-16 0)
(1.33365e-20 -9.87895e-16 0)
(1.37446e-20 -9.87896e-16 0)
(1.41476e-20 -9.87897e-16 0)
(1.45471e-20 -9.87897e-16 0)
(1.49445e-20 -9.87898e-16 0)
(1.53413e-20 -9.87898e-16 0)
(1.5739e-20 -9.87899e-16 0)
(1.6139e-20 -9.87899e-16 0)
(1.65422e-20 -9.879e-16 0)
(1.69498e-20 -9.879e-16 0)
(1.73626e-20 -9.87901e-16 0)
(1.77813e-20 -9.87901e-16 0)
(1.82061e-20 -9.87902e-16 0)
(1.86371e-20 -9.87902e-16 0)
(1.90742e-20 -9.87902e-16 0)
(7.62652e-20 -6.3949e-15 0)
(5.42275e-11 -2.08778e-06 0)
(4.81314e-11 -1.50527e-05 0)
(3.66057e-22 -9.87888e-16 0)
(1.09075e-21 -9.87888e-16 0)
(1.79984e-21 -9.87888e-16 0)
(2.49197e-21 -9.87889e-16 0)
(3.16602e-21 -9.87889e-16 0)
(3.82113e-21 -9.87889e-16 0)
(4.45666e-21 -9.87889e-16 0)
(5.07225e-21 -9.8789e-16 0)
(5.66771e-21 -9.8789e-16 0)
(6.24311e-21 -9.8789e-16 0)
(6.79868e-21 -9.87891e-16 0)
(7.33487e-21 -9.87891e-16 0)
(7.85225e-21 -9.87891e-16 0)
(8.35156e-21 -9.87892e-16 0)
(8.83368e-21 -9.87892e-16 0)
(9.2996e-21 -9.87893e-16 0)
(9.75042e-21 -9.87893e-16 0)
(1.01873e-20 -9.87894e-16 0)
(1.06116e-20 -9.87894e-16 0)
(1.10247e-20 -9.87895e-16 0)
(1.14278e-20 -9.87895e-16 0)
(1.18227e-20 -9.87896e-16 0)
(1.22108e-20 -9.87896e-16 0)
(1.25937e-20 -9.87897e-16 0)
(1.29731e-20 -9.87897e-16 0)
(1.33506e-20 -9.87898e-16 0)
(1.3728e-20 -9.87898e-16 0)
(1.4107e-20 -9.87899e-16 0)
(1.44892e-20 -9.879e-16 0)
(1.48763e-20 -9.879e-16 0)
(1.52699e-20 -9.87901e-16 0)
(1.56712e-20 -9.87901e-16 0)
(1.60816e-20 -9.87902e-16 0)
(1.65019e-20 -9.87902e-16 0)
(1.69328e-20 -9.87903e-16 0)
(1.73745e-20 -9.87903e-16 0)
(1.78268e-20 -9.87904e-16 0)
(6.66986e-20 -5.79184e-15 0)
(3.97283e-11 -1.69128e-06 0)
(3.25775e-11 -1.22304e-05 0)
(3.30176e-22 -9.87889e-16 0)
(9.83883e-22 -9.87889e-16 0)
(1.62368e-21 -9.87889e-16 0)
(2.24841e-21 -9.8789e-16 0)
(2.85714e-21 -9.8789e-16 0)
(3.44915e-21 -9.8789e-16 0)
(4.02389e-21 -9.8789e-16 0)
(4.58104e-21 -9.87891e-16 0)
(5.12045e-21 -9.87891e-16 0)
(5.64216e-21 -9.87891e-16 0)
(6.14636e-21 -9.87892e-16 0)
(6.6334e-21 -9.87892e-16 0)
(7.10376e-21 -9.87892e-16 0)
(7.55806e-21 -9.87893e-16 0)
(7.99703e-21 -9.87893e-16 0)
(8.42151e-21 -9.87894e-16 0)
(8.83243e-21 -9.87894e-16 0)
(9.23083e-21 -9.87895e-16 0)
(9.61783e-21 -9.87895e-16 0)
(9.99464e-21 -9.87896e-16 0)
(1.03626e-20 -9.87896e-16 0)
(1.0723e-20 -9.87897e-16 0)
(1.10774e-20 -9.87897e-16 0)
(1.14273e-20 -9.87898e-16 0)
(1.17745e-20 -9.87898e-16 0)
(1.21207e-20 -9.87899e-16 0)
(1.24679e-20 -9.87899e-16 0)
(1.2818e-20 -9.879e-16 0)
(1.31731e-20 -9.879e-16 0)
(1.35354e-20 -9.87901e-16 0)
(1.39072e-20 -9.87902e-16 0)
(1.42906e-20 -9.87902e-16 0)
(1.46877e-20 -9.87903e-16 0)
(1.51004e-20 -9.87903e-16 0)
(1.55301e-20 -9.87904e-16 0)
(1.59779e-20 -9.87904e-16 0)
(1.6444e-20 -9.87905e-16 0)
(5.57775e-20 -5.03066e-15 0)
(2.77001e-11 -1.31727e-06 0)
(2.07028e-11 -9.55165e-06 0)
(2.96068e-22 -9.8789e-16 0)
(8.82277e-22 -9.8789e-16 0)
(1.4561e-21 -9.8789e-16 0)
(2.01657e-21 -9.87891e-16 0)
(2.56286e-21 -9.87891e-16 0)
(3.09435e-21 -9.87891e-16 0)
(3.61057e-21 -9.87891e-16 0)
(4.11122e-21 -9.87891e-16 0)
(4.59614e-21 -9.87892e-16 0)
(5.06532e-21 -9.87892e-16 0)
(5.51889e-21 -9.87892e-16 0)
(5.95711e-21 -9.87893e-16 0)
(6.38033e-21 -9.87893e-16 0)
(6.78903e-21 -9.87894e-16 0)
(7.18376e-21 -9.87894e-16 0)
(7.56519e-21 -9.87894e-16 0)
(7.93406e-21 -9.87895e-16 0)
(8.29118e-21 -9.87895e-16 0)
(8.63746e-21 -9.87896e-16 0)
(8.97391e-21 -9.87896e-16 0)
(9.30161e-21 -9.87897e-16 0)
(9.62174e-21 -9.87897e-16 0)
(9.9356e-21 -9.87898e-16 0)
(1.02446e-20 -9.87898e-16 0)
(1.05504e-20 -9.87899e-16 0)
(1.08548e-20 -9.87899e-16 0)
(1.11597e-20 -9.879e-16 0)
(1.14673e-20 -9.87901e-16 0)
(1.17802e-20 -9.87901e-16 0)
(1.21012e-20 -9.87902e-16 0)
(1.24334e-20 -9.87902e-16 0)
(1.27803e-20 -9.87903e-16 0)
(1.31456e-20 -9.87904e-16 0)
(1.35332e-20 -9.87904e-16 0)
(1.39469e-20 -9.87905e-16 0)
(1.43901e-20 -9.87906e-16 0)
(1.48652e-20 -9.87906e-16 0)
(4.41475e-20 -4.14036e-15 0)
(1.79854e-11 -9.67828e-07 0)
(1.20021e-11 -7.03475e-06 0)
(2.63479e-22 -9.87891e-16 0)
(7.85181e-22 -9.87891e-16 0)
(1.29591e-21 -9.87891e-16 0)
(1.7948e-21 -9.87891e-16 0)
(2.28117e-21 -9.87891e-16 0)
(2.75443e-21 -9.87892e-16 0)
(3.21415e-21 -9.87892e-16 0)
(3.66005e-21 -9.87892e-16 0)
(4.09194e-21 -9.87892e-16 0)
(4.50976e-21 -9.87893e-16 0)
(4.91355e-21 -9.87893e-16 0)
(5.30346e-21 -9.87893e-16 0)
(5.6797e-21 -9.87894e-16 0)
(6.04258e-21 -9.87894e-16 0)
(6.39247e-21 -9.87895e-16 0)
(6.72983e-21 -9.87895e-16 0)
(7.05514e-21 -9.87895e-16 0)
(7.36899e-21 -9.87896e-16 0)
(7.67199e-21 -9.87896e-16 0)
(7.96484e-21 -9.87897e-16 0)
(8.2483e-21 -9.87897e-16 0)
(8.52321e-21 -9.87898e-16 0)
(8.79055e-21 -9.87898e-16 0)
(9.05137e-21 -9.87899e-16 0)
(9.30692e-21 -9.879e-16 0)
(9.55864e-21 -9.879e-16 0)
(9.80823e-21 -9.87901e-16 0)
(1.00578e-20 -9.87901e-16 0)
(1.03097e-20 -9.87902e-16 0)
(1.05671e-20 -9.87903e-16 0)
(1.08337e-20 -9.87903e-16 0)
(1.11143e-20 -9.87904e-16 0)
(1.14146e-20 -9.87905e-16 0)
(1.17418e-20 -9.87905e-16 0)
(1.21043e-20 -9.87906e-16 0)
(1.2512e-20 -9.87907e-16 0)
(1.29756e-20 -9.87908e-16 0)
(3.22277e-20 -3.15989e-15 0)
(1.04399e-11 -6.46043e-07 0)
(6.04499e-12 -4.7056e-06 0)
(2.3221e-22 -9.87892e-16 0)
(6.92001e-22 -9.87892e-16 0)
(1.14212e-21 -9.87892e-16 0)
(1.58183e-21 -9.87892e-16 0)
(2.01049e-21 -9.87892e-16 0)
(2.42757e-21 -9.87892e-16 0)
(2.83268e-21 -9.87893e-16 0)
(3.2255e-21 -9.87893e-16 0)
(3.60582e-21 -9.87893e-16 0)
(3.97353e-21 -9.87893e-16 0)
(4.32856e-21 -9.87894e-16 0)
(4.67094e-21 -9.87894e-16 0)
(5.00076e-21 -9.87894e-16 0)
(5.31814e-21 -9.87895e-16 0)
(5.62325e-21 -9.87895e-16 0)
(5.91631e-21 -9.87896e-16 0)
(6.19755e-21 -9.87896e-16 0)
(6.46726e-21 -9.87896e-16 0)
(6.72571e-21 -9.87897e-16 0)
(6.97323e-21 -9.87897e-16 0)
(7.21015e-21 -9.87898e-16 0)
(7.43685e-21 -9.87898e-16 0)
(7.65373e-21 -9.87899e-16 0)
(7.86127e-21 -9.87899e-16 0)
(8.06e-21 -9.879e-16 0)
(8.25056e-21 -9.87901e-16 0)
(8.43378e-21 -9.87901e-16 0)
(8.61068e-21 -9.87902e-16 0)
(8.78264e-21 -9.87902e-16 0)
(8.95153e-21 -9.87903e-16 0)
(9.11997e-21 -9.87904e-16 0)
(9.29172e-21 -9.87904e-16 0)
(9.4723e-21 -9.87905e-16 0)
(9.66991e-21 -9.87906e-16 0)
(9.89711e-21 -9.87907e-16 0)
(1.01733e-20 -9.87908e-16 0)
(1.0529e-20 -9.87909e-16 0)
(2.05588e-20 -2.15298e-15 0)
(4.92525e-12 -3.56978e-07 0)
(2.49716e-12 -2.60458e-06 0)
(2.02097e-22 -9.87892e-16 0)
(6.02256e-22 -9.87892e-16 0)
(9.93984e-22 -9.87893e-16 0)
(1.37661e-21 -9.87893e-16 0)
(1.74957e-21 -9.87893e-16 0)
(2.11237e-21 -9.87893e-16 0)
(2.46462e-21 -9.87893e-16 0)
(2.806e-21 -9.87893e-16 0)
(3.13627e-21 -9.87894e-16 0)
(3.45524e-21 -9.87894e-16 0)
(3.76277e-21 -9.87894e-16 0)
(4.05878e-21 -9.87895e-16 0)
(4.3432e-21 -9.87895e-16 0)
(4.61599e-21 -9.87895e-16 0)
(4.87714e-21 -9.87896e-16 0)
(5.12664e-21 -9.87896e-16 0)
(5.36445e-21 -9.87897e-16 0)
(5.59055e-21 -9.87897e-16 0)
(5.80489e-21 -9.87897e-16 0)
(6.00739e-21 -9.87898e-16 0)
(6.19791e-21 -9.87898e-16 0)
(6.3763e-21 -9.87899e-16 0)
(6.54234e-21 -9.87899e-16 0)
(6.69571e-21 -9.879e-16 0)
(6.83606e-21 -9.879e-16 0)
(6.9629e-21 -9.87901e-16 0)
(7.07565e-21 -9.87902e-16 0)
(7.17356e-21 -9.87902e-16 0)
(7.2557e-21 -9.87903e-16 0)
(7.32088e-21 -9.87903e-16 0)
(7.36757e-21 -9.87904e-16 0)
(7.39374e-21 -9.87905e-16 0)
(7.39662e-21 -9.87905e-16 0)
(7.37229e-21 -9.87906e-16 0)
(7.31498e-21 -9.87907e-16 0)
(7.2159e-21 -9.87908e-16 0)
(7.06117e-21 -9.87909e-16 0)
(9.0799e-21 -1.31971e-15 0)
(1.29467e-12 -1.10712e-07 0)
(1.42056e-12 -8.08683e-07 0)
(1.73001e-22 -9.87893e-16 0)
(5.15539e-22 -9.87893e-16 0)
(8.5083e-22 -9.87893e-16 0)
(1.17828e-21 -9.87893e-16 0)
(1.49736e-21 -9.87893e-16 0)
(1.80763e-21 -9.87893e-16 0)
(2.10872e-21 -9.87894e-16 0)
(2.40029e-21 -9.87894e-16 0)
(2.68207e-21 -9.87894e-16 0)
(2.95382e-21 -9.87894e-16 0)
(3.21534e-21 -9.87895e-16 0)
(3.46645e-21 -9.87895e-16 0)
(3.70695e-21 -9.87895e-16 0)
(3.93669e-21 -9.87896e-16 0)
(4.15548e-21 -9.87896e-16 0)
(4.3631e-21 -9.87897e-16 0)
(4.55931e-21 -9.87897e-16 0)
(4.74382e-21 -9.87897e-16 0)
(4.91629e-21 -9.87898e-16 0)
(5.07629e-21 -9.87898e-16 0)
(5.22331e-21 -9.87899e-16 0)
(5.3567e-21 -9.87899e-16 0)
(5.47572e-21 -9.879e-16 0)
(5.57941e-21 -9.879e-16 0)
(5.66664e-21 -9.87901e-16 0)
(5.73599e-21 -9.87901e-16 0)
(5.78573e-21 -9.87902e-16 0)
(5.81369e-21 -9.87902e-16 0)
(5.81715e-21 -9.87903e-16 0)
(5.79265e-21 -9.87903e-16 0)
(5.73572e-21 -9.87904e-16 0)
(5.64058e-21 -9.87905e-16 0)
(5.49953e-21 -9.87905e-16 0)
(5.30232e-21 -9.87906e-16 0)
(5.03505e-21 -9.87907e-16 0)
(4.67874e-21 -9.87907e-16 0)
(4.20727e-21 -9.87908e-16 0)
(3.58456e-21 -9.87909e-16 0)
(2.76034e-21 -9.8791e-16 0)
(1.34648e-21 -9.87912e-16 0)
(1.44798e-22 -9.87893e-16 0)
(4.31484e-22 -9.87893e-16 0)
(7.12067e-22 -9.87894e-16 0)
(9.86026e-22 -9.87894e-16 0)
(1.2529e-21 -9.87894e-16 0)
(1.51227e-21 -9.87894e-16 0)
(1.76379e-21 -9.87894e-16 0)
(2.00714e-21 -9.87894e-16 0)
(2.24203e-21 -9.87895e-16 0)
(2.46819e-21 -9.87895e-16 0)
(2.68537e-21 -9.87895e-16 0)
(2.89332e-21 -9.87895e-16 0)
(3.09179e-21 -9.87896e-16 0)
(3.28049e-21 -9.87896e-16 0)
(3.45913e-21 -9.87897e-16 0)
(3.62737e-21 -9.87897e-16 0)
(3.78481e-21 -9.87897e-16 0)
(3.93099e-21 -9.87898e-16 0)
(4.06535e-21 -9.87898e-16 0)
(4.18727e-21 -9.87899e-16 0)
(4.29597e-21 -9.87899e-16 0)
(4.39057e-21 -9.87899e-16 0)
(4.46998e-21 -9.879e-16 0)
(4.53295e-21 -9.879e-16 0)
(4.57799e-21 -9.87901e-16 0)
(4.60331e-21 -9.87901e-16 0)
(4.60679e-21 -9.87902e-16 0)
(4.58592e-21 -9.87902e-16 0)
(4.53769e-21 -9.87903e-16 0)
(4.45851e-21 -9.87903e-16 0)
(4.34408e-21 -9.87904e-16 0)
(4.1893e-21 -9.87904e-16 0)
(3.98812e-21 -9.87905e-16 0)
(3.73348e-21 -9.87905e-16 0)
(3.41724e-21 -9.87906e-16 0)
(3.03042e-21 -9.87906e-16 0)
(2.56358e-21 -9.87907e-16 0)
(2.00792e-21 -9.87907e-16 0)
(1.35723e-21 -9.87908e-16 0)
(6.11565e-22 -9.87908e-16 0)
(1.17368e-22 -9.87894e-16 0)
(3.49733e-22 -9.87894e-16 0)
(5.7712e-22 -9.87894e-16 0)
(7.99082e-22 -9.87894e-16 0)
(1.01522e-21 -9.87894e-16 0)
(1.22518e-21 -9.87894e-16 0)
(1.42863e-21 -9.87894e-16 0)
(1.62528e-21 -9.87895e-16 0)
(1.81484e-21 -9.87895e-16 0)
(1.99705e-21 -9.87895e-16 0)
(2.17164e-21 -9.87895e-16 0)
(2.33832e-21 -9.87896e-16 0)
(2.49682e-21 -9.87896e-16 0)
(2.64681e-21 -9.87896e-16 0)
(2.78793e-21 -9.87897e-16 0)
(2.91978e-21 -9.87897e-16 0)
(3.04189e-21 -9.87898e-16 0)
(3.15373e-21 -9.87898e-16 0)
(3.25468e-21 -9.87898e-16 0)
(3.34403e-21 -9.87899e-16 0)
(3.42094e-21 -9.87899e-16 0)
(3.48447e-21 -9.879e-16 0)
(3.53351e-21 -9.879e-16 0)
(3.5668e-21 -9.879e-16 0)
(3.58291e-21 -9.87901e-16 0)
(3.5802e-21 -9.87901e-16 0)
(3.55682e-21 -9.87902e-16 0)
(3.5107e-21 -9.87902e-16 0)
(3.43953e-21 -9.87903e-16 0)
(3.3408e-21 -9.87903e-16 0)
(3.21177e-21 -9.87903e-16 0)
(3.0496e-21 -9.87904e-16 0)
(2.85144e-21 -9.87904e-16 0)
(2.61458e-21 -9.87905e-16 0)
(2.33682e-21 -9.87905e-16 0)
(2.01684e-21 -9.87905e-16 0)
(1.65486e-21 -9.87906e-16 0)
(1.25347e-21 -9.87906e-16 0)
(8.1866e-22 -9.87906e-16 0)
(3.61071e-22 -9.87906e-16 0)
(9.05863e-23 -9.87894e-16 0)
(2.69921e-22 -9.87894e-16 0)
(4.45389e-22 -9.87894e-16 0)
(6.1663e-22 -9.87894e-16 0)
(7.83316e-22 -9.87894e-16 0)
(9.45151e-22 -9.87895e-16 0)
(1.10186e-21 -9.87895e-16 0)
(1.25319e-21 -9.87895e-16 0)
(1.39888e-21 -9.87895e-16 0)
(1.5387e-21 -9.87895e-16 0)
(1.67239e-21 -9.87896e-16 0)
(1.79969e-21 -9.87896e-16 0)
(1.92031e-21 -9.87896e-16 0)
(2.03394e-21 -9.87897e-16 0)
(2.14023e-21 -9.87897e-16 0)
(2.23879e-21 -9.87897e-16 0)
(2.32917e-21 -9.87898e-16 0)
(2.41085e-21 -9.87898e-16 0)
(2.48326e-21 -9.87898e-16 0)
(2.54573e-21 -9.87899e-16 0)
(2.59751e-21 -9.87899e-16 0)
(2.63777e-21 -9.879e-16 0)
(2.66556e-21 -9.879e-16 0)
(2.67984e-21 -9.879e-16 0)
(2.67947e-21 -9.87901e-16 0)
(2.66321e-21 -9.87901e-16 0)
(2.62974e-21 -9.87902e-16 0)
(2.57769e-21 -9.87902e-16 0)
(2.50565e-21 -9.87902e-16 0)
(2.41222e-21 -9.87903e-16 0)
(2.29612e-21 -9.87903e-16 0)
(2.15625e-21 -9.87903e-16 0)
(1.9918e-21 -9.87904e-16 0)
(1.80244e-21 -9.87904e-16 0)
(1.58847e-21 -9.87904e-16 0)
(1.35105e-21 -9.87904e-16 0)
(1.0924e-21 -9.87905e-16 0)
(8.15949e-22 -9.87905e-16 0)
(5.26451e-22 -9.87905e-16 0)
(2.29883e-22 -9.87905e-16 0)
(6.43234e-23 -9.87894e-16 0)
(1.9166e-22 -9.87894e-16 0)
(3.16236e-22 -9.87894e-16 0)
(4.37785e-22 -9.87894e-16 0)
(5.56063e-22 -9.87895e-16 0)
(6.70848e-22 -9.87895e-16 0)
(7.81931e-22 -9.87895e-16 0)
(8.89113e-22 -9.87895e-16 0)
(9.92198e-22 -9.87895e-16 0)
(1.09099e-21 -9.87896e-16 0)
(1.18528e-21 -9.87896e-16 0)
(1.27486e-21 -9.87896e-16 0)
(1.35949e-21 -9.87897e-16 0)
(1.43891e-21 -9.87897e-16 0)
(1.51284e-21 -9.87897e-16 0)
(1.58095e-21 -9.87898e-16 0)
(1.64286e-21 -9.87898e-16 0)
(1.69818e-21 -9.87898e-16 0)
(1.74643e-21 -9.87899e-16 0)
(1.7871e-21 -9.87899e-16 0)
(1.81961e-21 -9.87899e-16 0)
(1.84332e-21 -9.879e-16 0)
(1.85756e-21 -9.879e-16 0)
(1.86158e-21 -9.879e-16 0)
(1.8546e-21 -9.87901e-16 0)
(1.83582e-21 -9.87901e-16 0)
(1.80444e-21 -9.87901e-16 0)
(1.75968e-21 -9.87902e-16 0)
(1.7008e-21 -9.87902e-16 0)
(1.62719e-21 -9.87902e-16 0)
(1.53842e-21 -9.87903e-16 0)
(1.43423e-21 -9.87903e-16 0)
(1.31471e-21 -9.87903e-16 0)
(1.1803e-21 -9.87904e-16 0)
(1.03185e-21 -9.87904e-16 0)
(8.70739e-22 -9.87904e-16 0)
(6.98841e-22 -9.87904e-16 0)
(5.18539e-22 -9.87904e-16 0)
(3.32653e-22 -9.87904e-16 0)
(1.44304e-22 -9.87904e-16 0)
(3.84397e-23 -9.87894e-16 0)
(1.14534e-22 -9.87894e-16 0)
(1.88972e-22 -9.87895e-16 0)
(2.61589e-22 -9.87895e-16 0)
(3.32236e-22 -9.87895e-16 0)
(4.00774e-22 -9.87895e-16 0)
(4.67073e-22 -9.87895e-16 0)
(5.31006e-22 -9.87895e-16 0)
(5.92448e-22 -9.87896e-16 0)
(6.51273e-22 -9.87896e-16 0)
(7.07347e-22 -9.87896e-16 0)
(7.6053e-22 -9.87896e-16 0)
(8.10667e-22 -9.87897e-16 0)
(8.57589e-22 -9.87897e-16 0)
(9.01107e-22 -9.87897e-16 0)
(9.41008e-22 -9.87898e-16 0)
(9.77056e-22 -9.87898e-16 0)
(1.00899e-21 -9.87898e-16 0)
(1.0365e-21 -9.87899e-16 0)
(1.05927e-21 -9.87899e-16 0)
(1.07695e-21 -9.87899e-16 0)
(1.08915e-21 -9.879e-16 0)
(1.09545e-21 -9.879e-16 0)
(1.09543e-21 -9.879e-16 0)
(1.08865e-21 -9.87901e-16 0)
(1.07469e-21 -9.87901e-16 0)
(1.05312e-21 -9.87901e-16 0)
(1.02357e-21 -9.87902e-16 0)
(9.8573e-22 -9.87902e-16 0)
(9.39392e-22 -9.87902e-16 0)
(8.84457e-22 -9.87903e-16 0)
(8.20985e-22 -9.87903e-16 0)
(7.49219e-22 -9.87903e-16 0)
(6.69609e-22 -9.87903e-16 0)
(5.82832e-22 -9.87903e-16 0)
(4.89792e-22 -9.87904e-16 0)
(3.91615e-22 -9.87904e-16 0)
(2.89613e-22 -9.87904e-16 0)
(1.85236e-22 -9.87904e-16 0)
(8.00049e-23 -9.87904e-16 0)
(1.27873e-23 -9.87895e-16 0)
(3.81002e-23 -9.87895e-16 0)
(6.2861e-23 -9.87895e-16 0)
(8.70143e-23 -9.87895e-16 0)
(1.10509e-22 -9.87895e-16 0)
(1.33299e-22 -9.87895e-16 0)
(1.55339e-22 -9.87895e-16 0)
(1.76586e-22 -9.87895e-16 0)
(1.96997e-22 -9.87896e-16 0)
(2.16529e-22 -9.87896e-16 0)
(2.35134e-22 -9.87896e-16 0)
(2.52765e-22 -9.87896e-16 0)
(2.69367e-22 -9.87897e-16 0)
(2.84883e-22 -9.87897e-16 0)
(2.99245e-22 -9.87897e-16 0)
(3.12381e-22 -9.87898e-16 0)
(3.24208e-22 -9.87898e-16 0)
(3.34637e-22 -9.87898e-16 0)
(3.43564e-22 -9.87899e-16 0)
(3.50881e-22 -9.87899e-16 0)
(3.56466e-22 -9.87899e-16 0)
(3.60191e-22 -9.879e-16 0)
(3.61921e-22 -9.879e-16 0)
(3.61516e-22 -9.879e-16 0)
(3.58838e-22 -9.87901e-16 0)
(3.53751e-22 -9.87901e-16 0)
(3.4613e-22 -9.87901e-16 0)
(3.35869e-22 -9.87902e-16 0)
(3.22884e-22 -9.87902e-16 0)
(3.0713e-22 -9.87902e-16 0)
(2.88602e-22 -9.87902e-16 0)
(2.67349e-22 -9.87903e-16 0)
(2.4348e-22 -9.87903e-16 0)
(2.1717e-22 -9.87903e-16 0)
(1.88659e-22 -9.87903e-16 0)
(1.58256e-22 -9.87903e-16 0)
(1.26329e-22 -9.87903e-16 0)
(9.32909e-23 -9.87904e-16 0)
(5.95888e-23 -9.87904e-16 0)
(2.56801e-23 -9.87904e-16 0)
(3.38059e-06 -1.41712e-05 0)
(1.15233e-05 -9.24155e-06 0)
(1.67898e-05 -5.66371e-06 0)
(2.00659e-05 -3.47217e-06 0)
(2.21076e-05 -2.14931e-06 0)
(2.33999e-05 -1.37472e-06 0)
(2.42596e-05 -9.55364e-07 0)
(2.4905e-05 -7.84415e-07 0)
(2.55074e-05 -8.19517e-07 0)
(2.62378e-05 -1.07707e-06 0)
(2.73182e-05 -1.64322e-06 0)
(2.90979e-05 -2.70714e-06 0)
(3.21781e-05 -4.62815e-06 0)
(3.76273e-05 -8.05191e-06 0)
(4.71678e-05 -1.36902e-05 0)
(5.96444e-05 -1.42769e-05 0)
(7.028e-05 -9.2226e-06 0)
(7.47366e-05 -5.99963e-07 0)
(7.49632e-05 -4.56765e-08 0)
(7.49239e-05 -5.20478e-08 0)
(7.48803e-05 -5.98083e-08 0)
(7.48314e-05 -6.9374e-08 0)
(7.47764e-05 -8.13218e-08 0)
(7.47139e-05 -9.64694e-08 0)
(7.46425e-05 -1.16002e-07 0)
(7.456e-05 -1.41686e-07 0)
(7.44636e-05 -1.7623e-07 0)
(7.43495e-05 -2.23943e-07 0)
(7.42124e-05 -2.91969e-07 0)
(7.40442e-05 -3.92776e-07 0)
(7.3833e-05 -5.49562e-07 0)
(7.35589e-05 -8.09206e-07 0)
(7.31867e-05 -1.27786e-06 0)
(7.26431e-05 -2.24053e-06 0)
(7.17287e-05 -4.71873e-06 0)
(6.93683e-05 -1.58427e-05 0)
(3.45676e-05 -8.01367e-05 0)
(7.70047e-07 -8.38257e-12 0)
(3.45084e-15 -9.86035e-13 0)
(8.74232e-17 -9.86088e-13 0)
(1.78208e-05 -8.09564e-05 0)
(3.52375e-05 -1.61547e-05 0)
(3.24024e-05 -5.65005e-06 0)
(2.91141e-05 -3.45542e-06 0)
(2.70577e-05 -2.13183e-06 0)
(2.57491e-05 -1.35649e-06 0)
(2.48714e-05 -9.36367e-07 0)
(2.42063e-05 -7.64586e-07 0)
(2.35823e-05 -7.98766e-07 0)
(2.28287e-05 -1.05528e-06 0)
(2.17235e-05 -1.62025e-06 0)
(1.99185e-05 -2.68282e-06 0)
(1.68155e-05 -4.60227e-06 0)
(1.1356e-05 -8.02422e-06 0)
(4.1075e-06 -1.36604e-05 0)
(9.88375e-08 -1.42446e-05 0)
(-7.61327e-08 -9.18694e-06 0)
(-1.37999e-09 -5.59596e-07 0)
(-1.4802e-16 -5.77182e-13 0)
(-1.36629e-16 -5.93025e-13 0)
(-1.30579e-16 -6.12204e-13 0)
(-1.26661e-16 -6.31748e-13 0)
(-1.24531e-16 -6.51668e-13 0)
(-1.23956e-16 -6.71974e-13 0)
(-1.24802e-16 -6.92678e-13 0)
(-1.27028e-16 -7.13794e-13 0)
(-1.30682e-16 -7.35336e-13 0)
(-1.35916e-16 -7.57321e-13 0)
(-1.43001e-16 -7.7977e-13 0)
(-1.52388e-16 -8.02706e-13 0)
(-1.64793e-16 -8.26161e-13 0)
(-1.81374e-16 -8.50174e-13 0)
(-2.0408e-16 -8.74799e-13 0)
(-2.36331e-16 -9.00118e-13 0)
(-2.84391e-16 -9.26261e-13 0)
(-3.58846e-16 -9.53481e-13 0)
(-3.04573e-16 -9.82339e-13 0)
(-1.07321e-16 -9.85422e-13 0)
(5.40375e-18 -9.85587e-13 0)
(1.03015e-17 -9.85655e-13 0)
(2.90177e-09 -0.000129604 0)
(-8.8759e-10 -1.27756e-05 0)
(-1.58788e-13 -2.37674e-09 0)
(-4.75437e-17 -9.34929e-13 0)
(-4.31759e-17 -9.4038e-13 0)
(-3.93185e-17 -9.45636e-13 0)
(-3.56355e-17 -9.50798e-13 0)
(-3.18269e-17 -9.55923e-13 0)
(-2.7575e-17 -9.61036e-13 0)
(-2.24824e-17 -9.66128e-13 0)
(-1.59855e-17 -9.71151e-13 0)
(-7.20882e-18 -9.75994e-13 0)
(5.29798e-18 -9.80439e-13 0)
(2.40643e-17 -9.84062e-13 0)
(1.33299e-17 -9.86057e-13 0)
(-7.05529e-17 -9.86162e-13 0)
(-1.38734e-16 -9.86013e-13 0)
(-1.39592e-16 -9.85962e-13 0)
(-1.30565e-16 -9.8595e-13 0)
(-1.24807e-16 -9.85941e-13 0)
(-1.21147e-16 -9.85934e-13 0)
(-1.19004e-16 -9.85928e-13 0)
(-1.18084e-16 -9.85924e-13 0)
(-1.18243e-16 -9.8592e-13 0)
(-1.19422e-16 -9.85916e-13 0)
(-1.21621e-16 -9.85912e-13 0)
(-1.24887e-16 -9.85908e-13 0)
(-1.29316e-16 -9.85904e-13 0)
(-1.3505e-16 -9.85899e-13 0)
(-1.42284e-16 -9.85892e-13 0)
(-1.51247e-16 -9.85884e-13 0)
(-1.62159e-16 -9.85873e-13 0)
(-1.75061e-16 -9.85858e-13 0)
(-1.8933e-16 -9.85836e-13 0)
(-2.02256e-16 -9.85802e-13 0)
(-2.05003e-16 -9.85748e-13 0)
(-1.71609e-16 -9.85658e-13 0)
(-1.04969e-16 -9.85623e-13 0)
(-4.69767e-17 -9.85641e-13 0)
(-1.25377e-17 -9.85659e-13 0)
(4.62685e-09 -0.000122589 0)
(-4.44989e-10 -1.14027e-05 0)
(-5.83811e-16 -2.53521e-11 0)
(-3.95925e-17 -9.85936e-13 0)
(-3.87732e-17 -9.85934e-13 0)
(-3.74866e-17 -9.85934e-13 0)
(-3.59123e-17 -9.85934e-13 0)
(-3.41488e-17 -9.85934e-13 0)
(-3.22645e-17 -9.85936e-13 0)
(-3.0348e-17 -9.85938e-13 0)
(-2.85802e-17 -9.85942e-13 0)
(-2.7368e-17 -9.85947e-13 0)
(-2.7619e-17 -9.85955e-13 0)
(-3.13305e-17 -9.85967e-13 0)
(-4.28787e-17 -9.85986e-13 0)
(-6.37199e-17 -9.85997e-13 0)
(-8.37546e-17 -9.85982e-13 0)
(-9.52119e-17 -9.85966e-13 0)
(-1.00863e-16 -9.85953e-13 0)
(-1.0371e-16 -9.85943e-13 0)
(-1.05289e-16 -9.85935e-13 0)
(-1.06407e-16 -9.85929e-13 0)
(-1.07503e-16 -9.85923e-13 0)
(-1.08828e-16 -9.85918e-13 0)
(-1.10535e-16 -9.85912e-13 0)
(-1.12728e-16 -9.85907e-13 0)
(-1.15479e-16 -9.85902e-13 0)
(-1.18841e-16 -9.85896e-13 0)
(-1.22844e-16 -9.85889e-13 0)
(-1.27471e-16 -9.85881e-13 0)
(-1.3262e-16 -9.85871e-13 0)
(-1.38009e-16 -9.85859e-13 0)
(-1.43007e-16 -9.85843e-13 0)
(-1.46324e-16 -9.85822e-13 0)
(-1.45536e-16 -9.85796e-13 0)
(-1.36605e-16 -9.85763e-13 0)
(-1.14662e-16 -9.85727e-13 0)
(-8.15515e-17 -9.85705e-13 0)
(-4.64796e-17 -9.85698e-13 0)
(-1.48478e-17 -9.85698e-13 0)
(4.02429e-09 -0.000116599 0)
(-4.02485e-10 -1.08252e-05 0)
(-4.48309e-16 -2.10825e-11 0)
(-3.76111e-17 -9.85936e-13 0)
(-3.76349e-17 -9.85936e-13 0)
(-3.74966e-17 -9.85936e-13 0)
(-3.72711e-17 -9.85936e-13 0)
(-3.70508e-17 -9.85937e-13 0)
(-3.69514e-17 -9.85938e-13 0)
(-3.71281e-17 -9.8594e-13 0)
(-3.78003e-17 -9.85942e-13 0)
(-3.92826e-17 -9.85946e-13 0)
(-4.20105e-17 -9.8595e-13 0)
(-4.65204e-17 -9.85954e-13 0)
(-5.32592e-17 -9.85958e-13 0)
(-6.18702e-17 -9.85959e-13 0)
(-7.06939e-17 -9.85956e-13 0)
(-7.81629e-17 -9.85951e-13 0)
(-8.39141e-17 -9.85944e-13 0)
(-8.82071e-17 -9.85938e-13 0)
(-9.14415e-17 -9.85931e-13 0)
(-9.39863e-17 -9.85925e-13 0)
(-9.61349e-17 -9.8592e-13 0)
(-9.81047e-17 -9.85914e-13 0)
(-1.00049e-16 -9.85909e-13 0)
(-1.02071e-16 -9.85903e-13 0)
(-1.04226e-16 -9.85897e-13 0)
(-1.0653e-16 -9.8589e-13 0)
(-1.08944e-16 -9.85883e-13 0)
(-1.11359e-16 -9.85875e-13 0)
(-1.13562e-16 -9.85865e-13 0)
(-1.1518e-16 -9.85853e-13 0)
(-1.15605e-16 -9.85839e-13 0)
(-1.13906e-16 -9.85823e-13 0)
(-1.08787e-16 -9.85804e-13 0)
(-9.87342e-17 -9.85784e-13 0)
(-8.26778e-17 -9.85765e-13 0)
(-6.13676e-17 -9.8575e-13 0)
(-3.7281e-17 -9.85741e-13 0)
(-1.24504e-17 -9.85738e-13 0)
(3.48992e-09 -0.000110709 0)
(-3.70125e-10 -1.02596e-05 0)
(-3.82522e-16 -1.79133e-11 0)
(-3.72401e-17 -9.85936e-13 0)
(-3.76667e-17 -9.85935e-13 0)
(-3.80979e-17 -9.85936e-13 0)
(-3.85743e-17 -9.85936e-13 0)
(-3.91553e-17 -9.85936e-13 0)
(-3.99192e-17 -9.85937e-13 0)
(-4.0965e-17 -9.85938e-13 0)
(-4.24133e-17 -9.85939e-13 0)
(-4.44023e-17 -9.85941e-13 0)
(-4.70731e-17 -9.85942e-13 0)
(-5.05333e-17 -9.85943e-13 0)
(-5.47867e-17 -9.85944e-13 0)
(-5.96384e-17 -9.85943e-13 0)
(-6.46823e-17 -9.85942e-13 0)
(-6.94886e-17 -9.85939e-13 0)
(-7.37907e-17 -9.85935e-13 0)
(-7.74994e-17 -9.8593e-13 0)
(-8.06427e-17 -9.85926e-13 0)
(-8.33068e-17 -9.85921e-13 0)
(-8.55957e-17 -9.85916e-13 0)
(-8.76069e-17 -9.85911e-13 0)
(-8.94184e-17 -9.85905e-13 0)
(-9.10815e-17 -9.859e-13 0)
(-9.2615e-17 -9.85894e-13 0)
(-9.39996e-17 -9.85887e-13 0)
(-9.51686e-17 -9.8588e-13 0)
(-9.59945e-17 -9.85872e-13 0)
(-9.62711e-17 -9.85863e-13 0)
(-9.56916e-17 -9.85853e-13 0)
(-9.38285e-17 -9.85842e-13 0)
(-9.013e-17 -9.85829e-13 0)
(-8.39607e-17 -9.85816e-13 0)
(-7.47324e-17 -9.85803e-13 0)
(-6.21601e-17 -9.8579e-13 0)
(-4.65563e-17 -9.8578e-13 0)
(-2.87743e-17 -9.85773e-13 0)
(-9.73365e-18 -9.8577e-13 0)
(2.99498e-09 -0.00010492 0)
(-3.40199e-10 -9.7059e-06 0)
(-3.18238e-16 -1.4975e-11 0)
(-3.70531e-17 -9.85934e-13 0)
(-3.77227e-17 -9.85934e-13 0)
(-3.84424e-17 -9.85934e-13 0)
(-3.92403e-17 -9.85934e-13 0)
(-4.01525e-17 -9.85934e-13 0)
(-4.12235e-17 -9.85935e-13 0)
(-4.25044e-17 -9.85935e-13 0)
(-4.40502e-17 -9.85935e-13 0)
(-4.59138e-17 -9.85935e-13 0)
(-4.81366e-17 -9.85936e-13 0)
(-5.07333e-17 -9.85936e-13 0)
(-5.36748e-17 -9.85935e-13 0)
(-5.68739e-17 -9.85934e-13 0)
(-6.01924e-17 -9.85933e-13 0)
(-6.34753e-17 -9.8593e-13 0)
(-6.65916e-17 -9.85927e-13 0)
(-6.94548e-17 -9.85924e-13 0)
(-7.20233e-17 -9.8592e-13 0)
(-7.42893e-17 -9.85916e-13 0)
(-7.62654e-17 -9.85912e-13 0)
(-7.79721e-17 -9.85907e-13 0)
(-7.94265e-17 -9.85902e-13 0)
(-8.06341e-17 -9.85897e-13 0)
(-8.15812e-17 -9.85892e-13 0)
(-8.22281e-17 -9.85886e-13 0)
(-8.25015e-17 -9.85879e-13 0)
(-8.22872e-17 -9.85872e-13 0)
(-8.14222e-17 -9.85864e-13 0)
(-7.9689e-17 -9.85856e-13 0)
(-7.68163e-17 -9.85847e-13 0)
(-7.24928e-17 -9.85837e-13 0)
(-6.64051e-17 -9.85828e-13 0)
(-5.83062e-17 -9.85818e-13 0)
(-4.81119e-17 -9.85809e-13 0)
(-3.598e-17 -9.85802e-13 0)
(-2.22967e-17 -9.85797e-13 0)
(-7.56356e-18 -9.85795e-13 0)
(2.52954e-09 -9.92359e-05 0)
(-3.12089e-10 -9.16422e-06 0)
(-2.65779e-16 -1.26231e-11 0)
(-3.67261e-17 -9.85932e-13 0)
(-3.7506e-17 -9.85932e-13 0)
(-3.83378e-17 -9.85932e-13 0)
(-3.924e-17 -9.85932e-13 0)
(-4.02341e-17 -9.85932e-13 0)
(-4.13437e-17 -9.85932e-13 0)
(-4.25937e-17 -9.85931e-13 0)
(-4.40077e-17 -9.85931e-13 0)
(-4.56049e-17 -9.85931e-13 0)
(-4.73959e-17 -9.85931e-13 0)
(-4.93772e-17 -9.8593e-13 0)
(-5.15269e-17 -9.85929e-13 0)
(-5.38019e-17 -9.85928e-13 0)
(-5.61418e-17 -9.85926e-13 0)
(-5.84763e-17 -9.85924e-13 0)
(-6.07373e-17 -9.85922e-13 0)
(-6.28666e-17 -9.85919e-13 0)
(-6.48202e-17 -9.85916e-13 0)
(-6.65679e-17 -9.85912e-13 0)
(-6.80896e-17 -9.85909e-13 0)
(-6.93707e-17 -9.85905e-13 0)
(-7.03962e-17 -9.859e-13 0)
(-7.11456e-17 -9.85896e-13 0)
(-7.15872e-17 -9.85891e-13 0)
(-7.16736e-17 -9.85885e-13 0)
(-7.13365e-17 -9.8588e-13 0)
(-7.04834e-17 -9.85873e-13 0)
(-6.89948e-17 -9.85867e-13 0)
(-6.6725e-17 -9.8586e-13 0)
(-6.3507e-17 -9.85853e-13 0)
(-5.91658e-17 -9.85845e-13 0)
(-5.35428e-17 -9.85838e-13 0)
(-4.65292e-17 -9.85831e-13 0)
(-3.81065e-17 -9.85825e-13 0)
(-2.83745e-17 -9.8582e-13 0)
(-1.75529e-17 -9.85816e-13 0)
(-5.95196e-18 -9.85814e-13 0)
(2.10168e-09 -9.36569e-05 0)
(-2.85596e-10 -8.63453e-06 0)
(-2.25165e-16 -1.07536e-11 0)
(-3.62278e-17 -9.8593e-13 0)
(-3.70179e-17 -9.8593e-13 0)
(-3.78501e-17 -9.8593e-13 0)
(-3.87357e-17 -9.85929e-13 0)
(-3.96868e-17 -9.85929e-13 0)
(-4.07156e-17 -9.85929e-13 0)
(-4.18336e-17 -9.85928e-13 0)
(-4.30505e-17 -9.85928e-13 0)
(-4.43726e-17 -9.85927e-13 0)
(-4.58006e-17 -9.85927e-13 0)
(-4.73279e-17 -9.85926e-13 0)
(-4.89395e-17 -9.85925e-13 0)
(-5.06108e-17 -9.85924e-13 0)
(-5.23092e-17 -9.85922e-13 0)
(-5.39965e-17 -9.8592e-13 0)
(-5.56322e-17 -9.85918e-13 0)
(-5.71772e-17 -9.85915e-13 0)
(-5.85953e-17 -9.85913e-13 0)
(-5.98548e-17 -9.8591e-13 0)
(-6.09271e-17 -9.85906e-13 0)
(-6.17857e-17 -9.85903e-13 0)
(-6.2403e-17 -9.85899e-13 0)
(-6.27482e-17 -9.85895e-13 0)
(-6.27838e-17 -9.8589e-13 0)
(-6.24631e-17 -9.85886e-13 0)
(-6.17276e-17 -9.85881e-13 0)
(-6.05056e-17 -9.85876e-13 0)
(-5.8712e-17 -9.8587e-13 0)
(-5.62506e-17 -9.85865e-13 0)
(-5.30187e-17 -9.85859e-13 0)
(-4.89172e-17 -9.85853e-13 0)
(-4.38641e-17 -9.85847e-13 0)
(-3.78125e-17 -9.85842e-13 0)
(-3.07688e-17 -9.85838e-13 0)
(-2.28065e-17 -9.85834e-13 0)
(-1.40695e-17 -9.85831e-13 0)
(-4.76483e-18 -9.8583e-13 0)
(1.71962e-09 -8.81855e-05 0)
(-2.60589e-10 -8.11688e-06 0)
(-1.91794e-16 -9.27666e-12 0)
(-3.55948e-17 -9.85928e-13 0)
(-3.633e-17 -9.85928e-13 0)
(-3.70966e-17 -9.85927e-13 0)
(-3.79009e-17 -9.85927e-13 0)
(-3.87492e-17 -9.85927e-13 0)
(-3.96473e-17 -9.85926e-13 0)
(-4.06001e-17 -9.85926e-13 0)
(-4.16109e-17 -9.85925e-13 0)
(-4.26804e-17 -9.85924e-13 0)
(-4.38062e-17 -9.85924e-13 0)
(-4.49817e-17 -9.85923e-13 0)
(-4.61956e-17 -9.85922e-13 0)
(-4.74318e-17 -9.8592e-13 0)
(-4.86696e-17 -9.85919e-13 0)
(-4.98846e-17 -9.85917e-13 0)
(-5.10498e-17 -9.85915e-13 0)
(-5.21369e-17 -9.85913e-13 0)
(-5.31174e-17 -9.8591e-13 0)
(-5.39629e-17 -9.85908e-13 0)
(-5.46455e-17 -9.85905e-13 0)
(-5.51367e-17 -9.85902e-13 0)
(-5.54068e-17 -9.85898e-13 0)
(-5.54236e-17 -9.85895e-13 0)
(-5.51507e-17 -9.85891e-13 0)
(-5.45466e-17 -9.85887e-13 0)
(-5.35634e-17 -9.85883e-13 0)
(-5.21469e-17 -9.85878e-13 0)
(-5.02368e-17 -9.85874e-13 0)
(-4.77692e-17 -9.85869e-13 0)
(-4.46807e-17 -9.85865e-13 0)
(-4.09142e-17 -9.8586e-13 0)
(-3.64275e-17 -9.85856e-13 0)
(-3.12026e-17 -9.85852e-13 0)
(-2.52559e-17 -9.85848e-13 0)
(-1.86449e-17 -9.85845e-13 0)
(-1.14714e-17 -9.85843e-13 0)
(-3.8798e-18 -9.85842e-13 0)
(1.38725e-09 -8.28239e-05 0)
(-2.36973e-10 -7.6113e-06 0)
(-1.66531e-16 -8.08991e-12 0)
(-3.48685e-17 -9.85926e-13 0)
(-3.55118e-17 -9.85926e-13 0)
(-3.61776e-17 -9.85926e-13 0)
(-3.6869e-17 -9.85925e-13 0)
(-3.75887e-17 -9.85925e-13 0)
(-3.8339e-17 -9.85924e-13 0)
(-3.91213e-17 -9.85924e-13 0)
(-3.99356e-17 -9.85923e-13 0)
(-4.07805e-17 -9.85922e-13 0)
(-4.16521e-17 -9.85921e-13 0)
(-4.25444e-17 -9.8592e-13 0)
(-4.34482e-17 -9.85919e-13 0)
(-4.43516e-17 -9.85918e-13 0)
(-4.52398e-17 -9.85916e-13 0)
(-4.60951e-17 -9.85915e-13 0)
(-4.68978e-17 -9.85913e-13 0)
(-4.76264e-17 -9.85911e-13 0)
(-4.8258e-17 -9.85909e-13 0)
(-4.87686e-17 -9.85907e-13 0)
(-4.91333e-17 -9.85904e-13 0)
(-4.93261e-17 -9.85901e-13 0)
(-4.93195e-17 -9.85898e-13 0)
(-4.90839e-17 -9.85895e-13 0)
(-4.85873e-17 -9.85892e-13 0)
(-4.77949e-17 -9.85888e-13 0)
(-4.66687e-17 -9.85885e-13 0)
(-4.51678e-17 -9.85881e-13 0)
(-4.32495e-17 -9.85878e-13 0)
(-4.08711e-17 -9.85874e-13 0)
(-3.79926e-17 -9.8587e-13 0)
(-3.4581e-17 -9.85866e-13 0)
(-3.06151e-17 -9.85863e-13 0)
(-2.60909e-17 -9.8586e-13 0)
(-2.10276e-17 -9.85857e-13 0)
(-1.54712e-17 -9.85855e-13 0)
(-9.49685e-18 -9.85853e-13 0)
(-3.2082e-18 -9.85852e-13 0)
(1.10389e-09 -7.75742e-05 0)
(-2.14688e-10 -7.11788e-06 0)
(-1.44574e-16 -7.08732e-12 0)
(-3.40811e-17 -9.85925e-13 0)
(-3.46149e-17 -9.85924e-13 0)
(-3.51643e-17 -9.85924e-13 0)
(-3.57306e-17 -9.85923e-13 0)
(-3.63143e-17 -9.85923e-13 0)
(-3.69156e-17 -9.85922e-13 0)
(-3.75341e-17 -9.85922e-13 0)
(-3.81681e-17 -9.85921e-13 0)
(-3.8815e-17 -9.8592e-13 0)
(-3.94708e-17 -9.85919e-13 0)
(-4.01296e-17 -9.85919e-13 0)
(-4.07837e-17 -9.85917e-13 0)
(-4.14235e-17 -9.85916e-13 0)
(-4.20374e-17 -9.85915e-13 0)
(-4.26118e-17 -9.85913e-13 0)
(-4.31312e-17 -9.85912e-13 0)
(-4.35785e-17 -9.8591e-13 0)
(-4.39352e-17 -9.85908e-13 0)
(-4.41813e-17 -9.85906e-13 0)
(-4.42956e-17 -9.85904e-13 0)
(-4.42556e-17 -9.85901e-13 0)
(-4.40376e-17 -9.85899e-13 0)
(-4.36162e-17 -9.85896e-13 0)
(-4.29647e-17 -9.85893e-13 0)
(-4.20547e-17 -9.8589e-13 0)
(-4.08565e-17 -9.85887e-13 0)
(-3.93396e-17 -9.85884e-13 0)
(-3.74734e-17 -9.85881e-13 0)
(-3.52289e-17 -9.85878e-13 0)
(-3.25808e-17 -9.85875e-13 0)
(-2.95098e-17 -9.85872e-13 0)
(-2.60058e-17 -9.85869e-13 0)
(-2.20718e-17 -9.85867e-13 0)
(-1.77262e-17 -9.85865e-13 0)
(-1.30061e-17 -9.85863e-13 0)
(-7.96836e-18 -9.85862e-13 0)
(-2.6892e-18 -9.85861e-13 0)
(8.66191e-10 -7.24388e-05 0)
(-1.93689e-10 -6.63669e-06 0)
(-1.26729e-16 -6.24163e-12 0)
(-3.32544e-17 -9.85923e-13 0)
(-3.36734e-17 -9.85923e-13 0)
(-3.41032e-17 -9.85923e-13 0)
(-3.45435e-17 -9.85922e-13 0)
(-3.49938e-17 -9.85922e-13 0)
(-3.5453e-17 -9.85921e-13 0)
(-3.59196e-17 -9.8592e-13 0)
(-3.63913e-17 -9.8592e-13 0)
(-3.6865e-17 -9.85919e-13 0)
(-3.73364e-17 -9.85918e-13 0)
(-3.78001e-17 -9.85917e-13 0)
(-3.82495e-17 -9.85916e-13 0)
(-3.86763e-17 -9.85915e-13 0)
(-3.90711e-17 -9.85914e-13 0)
(-3.94228e-17 -9.85912e-13 0)
(-3.97188e-17 -9.85911e-13 0)
(-3.99452e-17 -9.85909e-13 0)
(-4.00869e-17 -9.85908e-13 0)
(-4.01272e-17 -9.85906e-13 0)
(-4.00485e-17 -9.85904e-13 0)
(-3.98319e-17 -9.85902e-13 0)
(-3.94577e-17 -9.85899e-13 0)
(-3.89048e-17 -9.85897e-13 0)
(-3.81514e-17 -9.85895e-13 0)
(-3.71749e-17 -9.85892e-13 0)
(-3.59523e-17 -9.8589e-13 0)
(-3.44607e-17 -9.85887e-13 0)
(-3.26782e-17 -9.85884e-13 0)
(-3.05849e-17 -9.85882e-13 0)
(-2.81643e-17 -9.85879e-13 0)
(-2.54053e-17 -9.85877e-13 0)
(-2.2304e-17 -9.85875e-13 0)
(-1.88659e-17 -9.85873e-13 0)
(-1.51079e-17 -9.85871e-13 0)
(-1.10598e-17 -9.8587e-13 0)
(-6.7652e-18 -9.85869e-13 0)
(-2.28129e-18 -9.85868e-13 0)
(6.69256e-10 -6.742e-05 0)
(-1.73947e-10 -6.16785e-06 0)
(-1.11073e-16 -5.50163e-12 0)
(-3.24018e-17 -9.85922e-13 0)
(-3.27087e-17 -9.85922e-13 0)
(-3.30226e-17 -9.85922e-13 0)
(-3.33426e-17 -9.85921e-13 0)
(-3.36674e-17 -9.85921e-13 0)
(-3.39954e-17 -9.8592e-13 0)
(-3.43245e-17 -9.85919e-13 0)
(-3.46521e-17 -9.85919e-13 0)
(-3.49749e-17 -9.85918e-13 0)
(-3.52887e-17 -9.85917e-13 0)
(-3.55885e-17 -9.85916e-13 0)
(-3.58685e-17 -9.85915e-13 0)
(-3.61215e-17 -9.85914e-13 0)
(-3.63395e-17 -9.85913e-13 0)
(-3.65133e-17 -9.85912e-13 0)
(-3.66325e-17 -9.85911e-13 0)
(-3.66855e-17 -9.85909e-13 0)
(-3.66598e-17 -9.85908e-13 0)
(-3.65418e-17 -9.85906e-13 0)
(-3.63169e-17 -9.85904e-13 0)
(-3.59694e-17 -9.85902e-13 0)
(-3.54831e-17 -9.859e-13 0)
(-3.48409e-17 -9.85898e-13 0)
(-3.40253e-17 -9.85896e-13 0)
(-3.30185e-17 -9.85894e-13 0)
(-3.18027e-17 -9.85892e-13 0)
(-3.03607e-17 -9.8589e-13 0)
(-2.86767e-17 -9.85888e-13 0)
(-2.67367e-17 -9.85885e-13 0)
(-2.453e-17 -9.85883e-13 0)
(-2.20503e-17 -9.85881e-13 0)
(-1.92969e-17 -9.8588e-13 0)
(-1.62762e-17 -9.85878e-13 0)
(-1.30028e-17 -9.85877e-13 0)
(-9.50071e-18 -9.85875e-13 0)
(-5.80384e-18 -9.85875e-13 0)
(-1.95578e-18 -9.85874e-13 0)
(5.07939e-10 -6.25207e-05 0)
(-1.55432e-10 -5.71148e-06 0)
(-9.76237e-17 -4.88119e-12 0)
(-3.15314e-17 -9.85922e-13 0)
(-3.1733e-17 -9.85921e-13 0)
(-3.19389e-17 -9.85921e-13 0)
(-3.21477e-17 -9.8592e-13 0)
(-3.23577e-17 -9.8592e-13 0)
(-3.25673e-17 -9.85919e-13 0)
(-3.27739e-17 -9.85919e-13 0)
(-3.2975e-17 -9.85918e-13 0)
(-3.31671e-17 -9.85917e-13 0)
(-3.33464e-17 -9.85917e-13 0)
(-3.35084e-17 -9.85916e-13 0)
(-3.36477e-17 -9.85915e-13 0)
(-3.37582e-17 -9.85914e-13 0)
(-3.3833e-17 -9.85913e-13 0)
(-3.38643e-17 -9.85912e-13 0)
(-3.38434e-17 -9.85911e-13 0)
(-3.37606e-17 -9.85909e-13 0)
(-3.36056e-17 -9.85908e-13 0)
(-3.3367e-17 -9.85906e-13 0)
(-3.30329e-17 -9.85905e-13 0)
(-3.25905e-17 -9.85903e-13 0)
(-3.20265e-17 -9.85902e-13 0)
(-3.13272e-17 -9.859e-13 0)
(-3.04785e-17 -9.85898e-13 0)
(-2.94664e-17 -9.85896e-13 0)
(-2.82773e-17 -9.85894e-13 0)
(-2.68983e-17 -9.85892e-13 0)
(-2.53175e-17 -9.85891e-13 0)
(-2.35254e-17 -9.85889e-13 0)
(-2.15148e-17 -9.85887e-13 0)
(-1.92822e-17 -9.85885e-13 0)
(-1.68285e-17 -9.85884e-13 0)
(-1.416e-17 -9.85883e-13 0)
(-1.12892e-17 -9.85881e-13 0)
(-8.23548e-18 -9.8588e-13 0)
(-5.02534e-18 -9.8588e-13 0)
(-1.69247e-18 -9.85879e-13 0)
(3.77386e-10 -5.77436e-05 0)
(-1.38118e-10 -5.26775e-06 0)
(-8.66408e-17 -4.36372e-12 0)
(-3.06477e-17 -9.85921e-13 0)
(-3.0753e-17 -9.85921e-13 0)
(-3.08605e-17 -9.8592e-13 0)
(-3.09687e-17 -9.8592e-13 0)
(-3.1076e-17 -9.8592e-13 0)
(-3.11802e-17 -9.85919e-13 0)
(-3.12792e-17 -9.85918e-13 0)
(-3.13701e-17 -9.85918e-13 0)
(-3.14499e-17 -9.85917e-13 0)
(-3.1515e-17 -9.85916e-13 0)
(-3.15612e-17 -9.85916e-13 0)
(-3.15838e-17 -9.85915e-13 0)
(-3.15775e-17 -9.85914e-13 0)
(-3.15363e-17 -9.85913e-13 0)
(-3.14535e-17 -9.85912e-13 0)
(-3.13218e-17 -9.85911e-13 0)
(-3.11332e-17 -9.8591e-13 0)
(-3.0879e-17 -9.85908e-13 0)
(-3.05497e-17 -9.85907e-13 0)
(-3.01357e-17 -9.85906e-13 0)
(-2.96263e-17 -9.85904e-13 0)
(-2.90109e-17 -9.85903e-13 0)
(-2.82783e-17 -9.85901e-13 0)
(-2.74175e-17 -9.859e-13 0)
(-2.64173e-17 -9.85898e-13 0)
(-2.52673e-17 -9.85896e-13 0)
(-2.39575e-17 -9.85895e-13 0)
(-2.24794e-17 -9.85893e-13 0)
(-2.0826e-17 -9.85892e-13 0)
(-1.89926e-17 -9.8589e-13 0)
(-1.69774e-17 -9.85889e-13 0)
(-1.4782e-17 -9.85888e-13 0)
(-1.24122e-17 -9.85887e-13 0)
(-9.87854e-18 -9.85886e-13 0)
(-7.19655e-18 -9.85885e-13 0)
(-4.38722e-18 -9.85884e-13 0)
(-1.47684e-18 -9.85884e-13 0)
(2.72906e-10 -5.30919e-05 0)
(-1.2199e-10 -4.83683e-06 0)
(-7.71555e-17 -3.91455e-12 0)
(-2.97519e-17 -9.85921e-13 0)
(-2.97708e-17 -9.85921e-13 0)
(-2.97904e-17 -9.8592e-13 0)
(-2.98093e-17 -9.8592e-13 0)
(-2.98257e-17 -9.85919e-13 0)
(-2.98377e-17 -9.85919e-13 0)
(-2.9843e-17 -9.85918e-13 0)
(-2.98391e-17 -9.85918e-13 0)
(-2.98231e-17 -9.85917e-13 0)
(-2.97916e-17 -9.85916e-13 0)
(-2.97411e-17 -9.85916e-13 0)
(-2.96672e-17 -9.85915e-13 0)
(-2.95654e-17 -9.85914e-13 0)
(-2.94305e-17 -9.85913e-13 0)
(-2.92568e-17 -9.85912e-13 0)
(-2.90381e-17 -9.85911e-13 0)
(-2.87675e-17 -9.8591e-13 0)
(-2.8438e-17 -9.85909e-13 0)
(-2.80417e-17 -9.85908e-13 0)
(-2.75704e-17 -9.85907e-13 0)
(-2.70157e-17 -9.85905e-13 0)
(-2.63688e-17 -9.85904e-13 0)
(-2.56208e-17 -9.85903e-13 0)
(-2.47627e-17 -9.85901e-13 0)
(-2.37859e-17 -9.859e-13 0)
(-2.26821e-17 -9.85899e-13 0)
(-2.14439e-17 -9.85897e-13 0)
(-2.00648e-17 -9.85896e-13 0)
(-1.85397e-17 -9.85895e-13 0)
(-1.68655e-17 -9.85893e-13 0)
(-1.50414e-17 -9.85892e-13 0)
(-1.30693e-17 -9.85891e-13 0)
(-1.09542e-17 -9.8589e-13 0)
(-8.70491e-18 -9.85889e-13 0)
(-6.33404e-18 -9.85889e-13 0)
(-3.85825e-18 -9.85888e-13 0)
(-1.29823e-18 -9.85888e-13 0)
(1.90191e-10 -4.85691e-05 0)
(-1.07016e-10 -4.41893e-06 0)
(-6.88908e-17 -3.52325e-12 0)
(-2.88429e-17 -9.85921e-13 0)
(-2.87855e-17 -9.85921e-13 0)
(-2.87278e-17 -9.8592e-13 0)
(-2.86685e-17 -9.8592e-13 0)
(-2.86057e-17 -9.85919e-13 0)
(-2.85378e-17 -9.85919e-13 0)
(-2.84626e-17 -9.85918e-13 0)
(-2.83777e-17 -9.85918e-13 0)
(-2.82806e-17 -9.85917e-13 0)
(-2.81683e-17 -9.85917e-13 0)
(-2.80374e-17 -9.85916e-13 0)
(-2.78843e-17 -9.85915e-13 0)
(-2.77049e-17 -9.85914e-13 0)
(-2.74949e-17 -9.85914e-13 0)
(-2.72492e-17 -9.85913e-13 0)
(-2.69627e-17 -9.85912e-13 0)
(-2.66297e-17 -9.85911e-13 0)
(-2.6244e-17 -9.8591e-13 0)
(-2.57992e-17 -9.85909e-13 0)
(-2.52887e-17 -9.85908e-13 0)
(-2.47053e-17 -9.85906e-13 0)
(-2.4042e-17 -9.85905e-13 0)
(-2.32916e-17 -9.85904e-13 0)
(-2.24468e-17 -9.85903e-13 0)
(-2.15009e-17 -9.85902e-13 0)
(-2.04474e-17 -9.85901e-13 0)
(-1.92804e-17 -9.85899e-13 0)
(-1.79952e-17 -9.85898e-13 0)
(-1.65879e-17 -9.85897e-13 0)
(-1.50565e-17 -9.85896e-13 0)
(-1.34007e-17 -9.85895e-13 0)
(-1.16223e-17 -9.85894e-13 0)
(-9.72589e-18 -9.85893e-13 0)
(-7.71853e-18 -9.85893e-13 0)
(-5.61047e-18 -9.85892e-13 0)
(-3.41505e-18 -9.85892e-13 0)
(-1.14868e-18 -9.85892e-13 0)
(1.25538e-10 -4.41789e-05 0)
(-9.31686e-11 -4.01432e-06 0)
(-6.16841e-17 -3.17861e-12 0)
(-2.79186e-17 -9.85921e-13 0)
(-2.77947e-17 -9.85921e-13 0)
(-2.76699e-17 -9.85921e-13 0)
(-2.75428e-17 -9.8592e-13 0)
(-2.74119e-17 -9.8592e-13 0)
(-2.72756e-17 -9.85919e-13 0)
(-2.71318e-17 -9.85919e-13 0)
(-2.69786e-17 -9.85918e-13 0)
(-2.68135e-17 -9.85918e-13 0)
(-2.66339e-17 -9.85917e-13 0)
(-2.64369e-17 -9.85916e-13 0)
(-2.62194e-17 -9.85916e-13 0)
(-2.59777e-17 -9.85915e-13 0)
(-2.5708e-17 -9.85914e-13 0)
(-2.54062e-17 -9.85913e-13 0)
(-2.50678e-17 -9.85912e-13 0)
(-2.46879e-17 -9.85912e-13 0)
(-2.42616e-17 -9.85911e-13 0)
(-2.37833e-17 -9.8591e-13 0)
(-2.32475e-17 -9.85909e-13 0)
(-2.26484e-17 -9.85908e-13 0)
(-2.19802e-17 -9.85907e-13 0)
(-2.1237e-17 -9.85906e-13 0)
(-2.04131e-17 -9.85905e-13 0)
(-1.9503e-17 -9.85904e-13 0)
(-1.85015e-17 -9.85902e-13 0)
(-1.74042e-17 -9.85901e-13 0)
(-1.62072e-17 -9.859e-13 0)
(-1.49079e-17 -9.85899e-13 0)
(-1.35047e-17 -9.85899e-13 0)
(-1.19976e-17 -9.85898e-13 0)
(-1.03885e-17 -9.85897e-13 0)
(-8.68107e-18 -9.85896e-13 0)
(-6.88123e-18 -9.85896e-13 0)
(-4.99727e-18 -9.85895e-13 0)
(-3.03987e-18 -9.85895e-13 0)
(-1.02215e-18 -9.85895e-13 0)
(7.57029e-11 -3.99255e-05 0)
(-8.04209e-11 -3.62328e-06 0)
(-5.52652e-17 -2.87089e-12 0)
(-2.69759e-17 -9.85922e-13 0)
(-2.67948e-17 -9.85921e-13 0)
(-2.66123e-17 -9.85921e-13 0)
(-2.64272e-17 -9.85921e-13 0)
(-2.62382e-17 -9.8592e-13 0)
(-2.60439e-17 -9.8592e-13 0)
(-2.58425e-17 -9.85919e-13 0)
(-2.56321e-17 -9.85919e-13 0)
(-2.54107e-17 -9.85918e-13 0)
(-2.51759e-17 -9.85917e-13 0)
(-2.49253e-17 -9.85917e-13 0)
(-2.4656e-17 -9.85916e-13 0)
(-2.43649e-17 -9.85915e-13 0)
(-2.40488e-17 -9.85915e-13 0)
(-2.37041e-17 -9.85914e-13 0)
(-2.3327e-17 -9.85913e-13 0)
(-2.29133e-17 -9.85912e-13 0)
(-2.24588e-17 -9.85912e-13 0)
(-2.19589e-17 -9.85911e-13 0)
(-2.14091e-17 -9.8591e-13 0)
(-2.08045e-17 -9.85909e-13 0)
(-2.01402e-17 -9.85908e-13 0)
(-1.94116e-17 -9.85907e-13 0)
(-1.86139e-17 -9.85906e-13 0)
(-1.77426e-17 -9.85905e-13 0)
(-1.67938e-17 -9.85904e-13 0)
(-1.57637e-17 -9.85903e-13 0)
(-1.46495e-17 -9.85902e-13 0)
(-1.34491e-17 -9.85902e-13 0)
(-1.21615e-17 -9.85901e-13 0)
(-1.07867e-17 -9.859e-13 0)
(-9.3264e-18 -9.85899e-13 0)
(-7.78368e-18 -9.85899e-13 0)
(-6.16342e-18 -9.85898e-13 0)
(-4.47233e-18 -9.85898e-13 0)
(-2.71902e-18 -9.85898e-13 0)
(-9.14005e-19 -9.85898e-13 0)
(3.80659e-11 -3.58135e-05 0)
(-6.87512e-11 -3.24614e-06 0)
(-4.95389e-17 -2.59925e-12 0)
(-2.60113e-17 -9.85922e-13 0)
(-2.57812e-17 -9.85922e-13 0)
(-2.55495e-17 -9.85922e-13 0)
(-2.53153e-17 -9.85921e-13 0)
(-2.50774e-17 -9.85921e-13 0)
(-2.48345e-17 -9.8592e-13 0)
(-2.45851e-17 -9.8592e-13 0)
(-2.43276e-17 -9.85919e-13 0)
(-2.40602e-17 -9.85919e-13 0)
(-2.37809e-17 -9.85918e-13 0)
(-2.34875e-17 -9.85917e-13 0)
(-2.31774e-17 -9.85917e-13 0)
(-2.28482e-17 -9.85916e-13 0)
(-2.2497e-17 -9.85916e-13 0)
(-2.21206e-17 -9.85915e-13 0)
(-2.17158e-17 -9.85914e-13 0)
(-2.12791e-17 -9.85913e-13 0)
(-2.08069e-17 -9.85913e-13 0)
(-2.02953e-17 -9.85912e-13 0)
(-1.97405e-17 -9.85911e-13 0)
(-1.91384e-17 -9.8591e-13 0)
(-1.84851e-17 -9.85909e-13 0)
(-1.77765e-17 -9.85908e-13 0)
(-1.70089e-17 -9.85908e-13 0)
(-1.61785e-17 -9.85907e-13 0)
(-1.52822e-17 -9.85906e-13 0)
(-1.43169e-17 -9.85905e-13 0)
(-1.32804e-17 -9.85904e-13 0)
(-1.2171e-17 -9.85904e-13 0)
(-1.09881e-17 -9.85903e-13 0)
(-9.7317e-18 -9.85902e-13 0)
(-8.40324e-18 -9.85902e-13 0)
(-7.00531e-18 -9.85901e-13 0)
(-5.54188e-18 -9.85901e-13 0)
(-4.0184e-18 -9.859e-13 0)
(-2.44183e-18 -9.859e-13 0)
(-8.20616e-19 -9.859e-13 0)
(1.02938e-11 -3.18481e-05 0)
(-5.81258e-11 -2.88328e-06 0)
(-4.45006e-17 -2.35769e-12 0)
(-2.50212e-17 -9.85923e-13 0)
(-2.47491e-17 -9.85923e-13 0)
(-2.44757e-17 -9.85922e-13 0)
(-2.42e-17 -9.85922e-13 0)
(-2.39212e-17 -9.85921e-13 0)
(-2.3638e-17 -9.85921e-13 0)
(-2.33493e-17 -9.8592e-13 0)
(-2.30537e-17 -9.8592e-13 0)
(-2.27495e-17 -9.85919e-13 0)
(-2.2435e-17 -9.85919e-13 0)
(-2.21084e-17 -9.85918e-13 0)
(-2.17674e-17 -9.85918e-13 0)
(-2.14098e-17 -9.85917e-13 0)
(-2.10332e-17 -9.85916e-13 0)
(-2.06348e-17 -9.85916e-13 0)
(-2.02119e-17 -9.85915e-13 0)
(-1.97614e-17 -9.85914e-13 0)
(-1.92803e-17 -9.85914e-13 0)
(-1.87652e-17 -9.85913e-13 0)
(-1.8213e-17 -9.85912e-13 0)
(-1.76201e-17 -9.85911e-13 0)
(-1.69832e-17 -9.85911e-13 0)
(-1.62991e-17 -9.8591e-13 0)
(-1.55645e-17 -9.85909e-13 0)
(-1.47763e-17 -9.85908e-13 0)
(-1.3932e-17 -9.85908e-13 0)
(-1.30291e-17 -9.85907e-13 0)
(-1.20657e-17 -9.85906e-13 0)
(-1.10406e-17 -9.85905e-13 0)
(-9.95316e-18 -9.85905e-13 0)
(-8.80355e-18 -9.85904e-13 0)
(-7.59292e-18 -9.85904e-13 0)
(-6.32341e-18 -9.85903e-13 0)
(-4.99825e-18 -9.85903e-13 0)
(-3.62187e-18 -9.85903e-13 0)
(-2.19989e-18 -9.85902e-13 0)
(-7.39141e-19 -9.85902e-13 0)
(-9.08145e-12 -2.80349e-05 0)
(-4.85086e-11 -2.53515e-06 0)
(-3.99218e-17 -2.14079e-12 0)
(-2.39992e-17 -9.85924e-13 0)
(-2.36916e-17 -9.85923e-13 0)
(-2.33831e-17 -9.85923e-13 0)
(-2.30729e-17 -9.85923e-13 0)
(-2.27604e-17 -9.85922e-13 0)
(-2.24445e-17 -9.85922e-13 0)
(-2.21243e-17 -9.85921e-13 0)
(-2.17985e-17 -9.85921e-13 0)
(-2.14657e-17 -9.8592e-13 0)
(-2.11245e-17 -9.8592e-13 0)
(-2.07732e-17 -9.85919e-13 0)
(-2.04099e-17 -9.85918e-13 0)
(-2.00327e-17 -9.85918e-13 0)
(-1.96394e-17 -9.85917e-13 0)
(-1.92276e-17 -9.85917e-13 0)
(-1.87949e-17 -9.85916e-13 0)
(-1.83387e-17 -9.85915e-13 0)
(-1.78562e-17 -9.85915e-13 0)
(-1.73448e-17 -9.85914e-13 0)
(-1.68015e-17 -9.85913e-13 0)
(-1.62234e-17 -9.85912e-13 0)
(-1.56077e-17 -9.85912e-13 0)
(-1.49515e-17 -9.85911e-13 0)
(-1.42523e-17 -9.8591e-13 0)
(-1.35074e-17 -9.8591e-13 0)
(-1.27145e-17 -9.85909e-13 0)
(-1.18718e-17 -9.85908e-13 0)
(-1.09776e-17 -9.85908e-13 0)
(-1.0031e-17 -9.85907e-13 0)
(-9.03135e-18 -9.85907e-13 0)
(-7.97888e-18 -9.85906e-13 0)
(-6.8745e-18 -9.85906e-13 0)
(-5.71997e-18 -9.85905e-13 0)
(-4.51791e-18 -9.85905e-13 0)
(-3.27192e-18 -9.85905e-13 0)
(-1.98655e-18 -9.85904e-13 0)
(-6.67325e-19 -9.85904e-13 0)
(-2.16246e-11 -2.43807e-05 0)
(-3.98665e-11 -2.20226e-06 0)
(-3.58156e-17 -1.94795e-12 0)
(-2.29383e-17 -9.85925e-13 0)
(-2.26009e-17 -9.85924e-13 0)
(-2.22632e-17 -9.85924e-13 0)
(-2.19248e-17 -9.85923e-13 0)
(-2.15849e-17 -9.85923e-13 0)
(-2.1243e-17 -9.85922e-13 0)
(-2.08982e-17 -9.85922e-13 0)
(-2.05494e-17 -9.85921e-13 0)
(-2.01956e-17 -9.85921e-13 0)
(-1.98355e-17 -9.8592e-13 0)
(-1.94674e-17 -9.8592e-13 0)
(-1.90898e-17 -9.85919e-13 0)
(-1.8701e-17 -9.85919e-13 0)
(-1.82988e-17 -9.85918e-13 0)
(-1.78814e-17 -9.85917e-13 0)
(-1.74465e-17 -9.85917e-13 0)
(-1.69918e-17 -9.85916e-13 0)
(-1.65148e-17 -9.85916e-13 0)
(-1.60133e-17 -9.85915e-13 0)
(-1.54845e-17 -9.85914e-13 0)
(-1.49262e-17 -9.85914e-13 0)
(-1.43357e-17 -9.85913e-13 0)
(-1.37106e-17 -9.85912e-13 0)
(-1.30487e-17 -9.85912e-13 0)
(-1.23478e-17 -9.85911e-13 0)
(-1.1606e-17 -9.8591e-13 0)
(-1.08216e-17 -9.8591e-13 0)
(-9.99339e-18 -9.85909e-13 0)
(-9.12035e-18 -9.85909e-13 0)
(-8.20211e-18 -9.85908e-13 0)
(-7.23878e-18 -9.85908e-13 0)
(-6.23111e-18 -9.85907e-13 0)
(-5.18052e-18 -9.85907e-13 0)
(-4.08914e-18 -9.85907e-13 0)
(-2.9599e-18 -9.85906e-13 0)
(-1.79648e-18 -9.85906e-13 0)
(-6.03368e-19 -9.85906e-13 0)
(-2.86764e-11 -2.0893e-05 0)
(-3.21694e-11 -1.8852e-06 0)
(-3.20942e-17 -1.77528e-12 0)
(-2.1832e-17 -9.85926e-13 0)
(-2.14692e-17 -9.85925e-13 0)
(-2.1107e-17 -9.85925e-13 0)
(-2.07451e-17 -9.85924e-13 0)
(-2.03834e-17 -9.85924e-13 0)
(-2.00213e-17 -9.85923e-13 0)
(-1.96583e-17 -9.85923e-13 0)
(-1.92935e-17 -9.85922e-13 0)
(-1.89258e-17 -9.85922e-13 0)
(-1.8554e-17 -9.85921e-13 0)
(-1.81767e-17 -9.85921e-13 0)
(-1.77924e-17 -9.8592e-13 0)
(-1.73995e-17 -9.8592e-13 0)
(-1.69962e-17 -9.85919e-13 0)
(-1.65805e-17 -9.85918e-13 0)
(-1.61504e-17 -9.85918e-13 0)
(-1.57039e-17 -9.85917e-13 0)
(-1.52388e-17 -9.85917e-13 0)
(-1.47528e-17 -9.85916e-13 0)
(-1.42438e-17 -9.85915e-13 0)
(-1.37096e-17 -9.85915e-13 0)
(-1.3148e-17 -9.85914e-13 0)
(-1.25568e-17 -9.85913e-13 0)
(-1.19341e-17 -9.85913e-13 0)
(-1.12781e-17 -9.85912e-13 0)
(-1.0587e-17 -9.85912e-13 0)
(-9.85944e-18 -9.85911e-13 0)
(-9.09435e-18 -9.85911e-13 0)
(-8.29092e-18 -9.8591e-13 0)
(-7.44877e-18 -9.8591e-13 0)
(-6.56799e-18 -9.85909e-13 0)
(-5.64916e-18 -9.85909e-13 0)
(-4.69343e-18 -9.85909e-13 0)
(-3.70255e-18 -9.85908e-13 0)
(-2.67887e-18 -9.85908e-13 0)
(-1.62542e-18 -9.85908e-13 0)
(-5.45831e-19 -9.85908e-13 0)
(-2.87498e-11 -1.75806e-05 0)
(-2.54191e-11 -1.58469e-06 0)
(-2.87093e-17 -1.62186e-12 0)
(-2.06758e-17 -9.85927e-13 0)
(-2.02876e-17 -9.85926e-13 0)
(-1.99027e-17 -9.85926e-13 0)
(-1.95209e-17 -9.85925e-13 0)
(-1.9142e-17 -9.85925e-13 0)
(-1.87654e-17 -9.85924e-13 0)
(-1.83904e-17 -9.85924e-13 0)
(-1.80163e-17 -9.85923e-13 0)
(-1.76418e-17 -9.85923e-13 0)
(-1.72659e-17 -9.85922e-13 0)
(-1.6887e-17 -9.85922e-13 0)
(-1.65038e-17 -9.85921e-13 0)
(-1.61145e-17 -9.8592e-13 0)
(-1.57174e-17 -9.8592e-13 0)
(-1.53107e-17 -9.85919e-13 0)
(-1.48924e-17 -9.85919e-13 0)
(-1.44606e-17 -9.85918e-13 0)
(-1.40133e-17 -9.85917e-13 0)
(-1.35484e-17 -9.85917e-13 0)
(-1.3064e-17 -9.85916e-13 0)
(-1.25581e-17 -9.85916e-13 0)
(-1.20288e-17 -9.85915e-13 0)
(-1.14741e-17 -9.85915e-13 0)
(-1.08924e-17 -9.85914e-13 0)
(-1.02819e-17 -9.85913e-13 0)
(-9.64141e-18 -9.85913e-13 0)
(-8.96956e-18 -9.85912e-13 0)
(-8.2654e-18 -9.85912e-13 0)
(-7.52828e-18 -9.85911e-13 0)
(-6.75785e-18 -9.85911e-13 0)
(-5.95417e-18 -9.85911e-13 0)
(-5.11769e-18 -9.8591e-13 0)
(-4.24935e-18 -9.8591e-13 0)
(-3.35058e-18 -9.8591e-13 0)
(-2.42329e-18 -9.8591e-13 0)
(-1.46996e-18 -9.85909e-13 0)
(-4.93559e-19 -9.85909e-13 0)
(-2.56264e-11 -1.44538e-05 0)
(-1.95304e-11 -1.30156e-06 0)
(-2.56117e-17 -1.48673e-12 0)
(-1.94435e-17 -9.85928e-13 0)
(-1.90327e-17 -9.85927e-13 0)
(-1.8629e-17 -9.85927e-13 0)
(-1.82321e-17 -9.85926e-13 0)
(-1.78417e-17 -9.85926e-13 0)
(-1.7457e-17 -9.85925e-13 0)
(-1.70774e-17 -9.85925e-13 0)
(-1.67017e-17 -9.85924e-13 0)
(-1.63286e-17 -9.85924e-13 0)
(-1.59569e-17 -9.85923e-13 0)
(-1.55849e-17 -9.85922e-13 0)
(-1.5211e-17 -9.85922e-13 0)
(-1.48334e-17 -9.85921e-13 0)
(-1.44504e-17 -9.85921e-13 0)
(-1.406e-17 -9.8592e-13 0)
(-1.36605e-17 -9.8592e-13 0)
(-1.32499e-17 -9.85919e-13 0)
(-1.28264e-17 -9.85918e-13 0)
(-1.23879e-17 -9.85918e-13 0)
(-1.19328e-17 -9.85917e-13 0)
(-1.14591e-17 -9.85917e-13 0)
(-1.09653e-17 -9.85916e-13 0)
(-1.04496e-17 -9.85916e-13 0)
(-9.91043e-18 -9.85915e-13 0)
(-9.34648e-18 -9.85914e-13 0)
(-8.75649e-18 -9.85914e-13 0)
(-8.1394e-18 -9.85914e-13 0)
(-7.49438e-18 -9.85913e-13 0)
(-6.82084e-18 -9.85913e-13 0)
(-6.11851e-18 -9.85912e-13 0)
(-5.3874e-18 -9.85912e-13 0)
(-4.62789e-18 -9.85912e-13 0)
(-3.84076e-18 -9.85911e-13 0)
(-3.02716e-18 -9.85911e-13 0)
(-2.18868e-18 -9.85911e-13 0)
(-1.32735e-18 -9.85911e-13 0)
(-4.45628e-19 -9.85911e-13 0)
(-2.16116e-11 -1.15253e-05 0)
(-1.44608e-11 -1.03687e-06 0)
(-2.27134e-17 -1.36881e-12 0)
(-1.8104e-17 -9.85929e-13 0)
(-1.7675e-17 -9.85928e-13 0)
(-1.72579e-17 -9.85928e-13 0)
(-1.68526e-17 -9.85927e-13 0)
(-1.64585e-17 -9.85927e-13 0)
(-1.60747e-17 -9.85926e-13 0)
(-1.56998e-17 -9.85926e-13 0)
(-1.53324e-17 -9.85925e-13 0)
(-1.49708e-17 -9.85924e-13 0)
(-1.46133e-17 -9.85924e-13 0)
(-1.42579e-17 -9.85923e-13 0)
(-1.39027e-17 -9.85923e-13 0)
(-1.35458e-17 -9.85922e-13 0)
(-1.31853e-17 -9.85922e-13 0)
(-1.28192e-17 -9.85921e-13 0)
(-1.24457e-17 -9.8592e-13 0)
(-1.20628e-17 -9.8592e-13 0)
(-1.16689e-17 -9.85919e-13 0)
(-1.1262e-17 -9.85919e-13 0)
(-1.08406e-17 -9.85918e-13 0)
(-1.0403e-17 -9.85918e-13 0)
(-9.94762e-18 -9.85917e-13 0)
(-9.47314e-18 -9.85916e-13 0)
(-8.97816e-18 -9.85916e-13 0)
(-8.46148e-18 -9.85915e-13 0)
(-7.92206e-18 -9.85915e-13 0)
(-7.35899e-18 -9.85915e-13 0)
(-6.77159e-18 -9.85914e-13 0)
(-6.15936e-18 -9.85914e-13 0)
(-5.52208e-18 -9.85913e-13 0)
(-4.85976e-18 -9.85913e-13 0)
(-4.17274e-18 -9.85913e-13 0)
(-3.46164e-18 -9.85912e-13 0)
(-2.72745e-18 -9.85912e-13 0)
(-1.97148e-18 -9.85912e-13 0)
(-1.19541e-18 -9.85912e-13 0)
(-4.01296e-19 -9.85912e-13 0)
(-1.71826e-11 -8.81074e-06 0)
(-1.01853e-11 -7.9194e-07 0)
(-1.99679e-17 -1.2678e-12 0)
(-1.66186e-17 -9.8593e-13 0)
(-1.61761e-17 -9.8593e-13 0)
(-1.57535e-17 -9.85929e-13 0)
(-1.53499e-17 -9.85928e-13 0)
(-1.49639e-17 -9.85928e-13 0)
(-1.45936e-17 -9.85927e-13 0)
(-1.42367e-17 -9.85926e-13 0)
(-1.38911e-17 -9.85926e-13 0)
(-1.3554e-17 -9.85925e-13 0)
(-1.32233e-17 -9.85925e-13 0)
(-1.28963e-17 -9.85924e-13 0)
(-1.25709e-17 -9.85923e-13 0)
(-1.22448e-17 -9.85923e-13 0)
(-1.1916e-17 -9.85922e-13 0)
(-1.15824e-17 -9.85922e-13 0)
(-1.12422e-17 -9.85921e-13 0)
(-1.08936e-17 -9.85921e-13 0)
(-1.05349e-17 -9.8592e-13 0)
(-1.01645e-17 -9.85919e-13 0)
(-9.78094e-18 -9.85919e-13 0)
(-9.38276e-18 -9.85918e-13 0)
(-8.96867e-18 -9.85918e-13 0)
(-8.53743e-18 -9.85917e-13 0)
(-8.08793e-18 -9.85917e-13 0)
(-7.61918e-18 -9.85916e-13 0)
(-7.13031e-18 -9.85916e-13 0)
(-6.6206e-18 -9.85916e-13 0)
(-6.08948e-18 -9.85915e-13 0)
(-5.53658e-18 -9.85915e-13 0)
(-4.96173e-18 -9.85914e-13 0)
(-4.36498e-18 -9.85914e-13 0)
(-3.74663e-18 -9.85914e-13 0)
(-3.10721e-18 -9.85914e-13 0)
(-2.44757e-18 -9.85913e-13 0)
(-1.76883e-18 -9.85913e-13 0)
(-1.07239e-18 -9.85913e-13 0)
(-3.59972e-19 -9.85913e-13 0)
(-1.2659e-11 -6.33032e-06 0)
(-6.6757e-12 -5.68509e-07 0)
(-1.72765e-17 -1.18202e-12 0)
(-1.49243e-17 -9.85931e-13 0)
(-1.44781e-17 -9.85931e-13 0)
(-1.40647e-17 -9.8593e-13 0)
(-1.3681e-17 -9.85929e-13 0)
(-1.33232e-17 -9.85929e-13 0)
(-1.2987e-17 -9.85928e-13 0)
(-1.26684e-17 -9.85927e-13 0)
(-1.23634e-17 -9.85927e-13 0)
(-1.20685e-17 -9.85926e-13 0)
(-1.17804e-17 -9.85925e-13 0)
(-1.14961e-17 -9.85925e-13 0)
(-1.1213e-17 -9.85924e-13 0)
(-1.09288e-17 -9.85924e-13 0)
(-1.06412e-17 -9.85923e-13 0)
(-1.03485e-17 -9.85922e-13 0)
(-1.00488e-17 -9.85922e-13 0)
(-9.74051e-18 -9.85921e-13 0)
(-9.42225e-18 -9.85921e-13 0)
(-9.09266e-18 -9.8592e-13 0)
(-8.75049e-18 -9.8592e-13 0)
(-8.39459e-18 -9.85919e-13 0)
(-8.02391e-18 -9.85919e-13 0)
(-7.63748e-18 -9.85918e-13 0)
(-7.23443e-18 -9.85918e-13 0)
(-6.81398e-18 -9.85917e-13 0)
(-6.37547e-18 -9.85917e-13 0)
(-5.91837e-18 -9.85916e-13 0)
(-5.44226e-18 -9.85916e-13 0)
(-4.94688e-18 -9.85916e-13 0)
(-4.43214e-18 -9.85915e-13 0)
(-3.89814e-18 -9.85915e-13 0)
(-3.34515e-18 -9.85915e-13 0)
(-2.77369e-18 -9.85914e-13 0)
(-2.18447e-18 -9.85914e-13 0)
(-1.57847e-18 -9.85914e-13 0)
(-9.56889e-19 -9.85914e-13 0)
(-3.21186e-19 -9.85914e-13 0)
(-8.29684e-12 -4.11179e-06 0)
(-3.90193e-12 -3.68978e-07 0)
(-1.44773e-17 -1.10914e-12 0)
(-1.29069e-17 -9.85933e-13 0)
(-1.24864e-17 -9.85932e-13 0)
(-1.21188e-17 -9.85931e-13 0)
(-1.17935e-17 -9.8593e-13 0)
(-1.15011e-17 -9.85929e-13 0)
(-1.12333e-17 -9.85929e-13 0)
(-1.09834e-17 -9.85928e-13 0)
(-1.07456e-17 -9.85927e-13 0)
(-1.05153e-17 -9.85927e-13 0)
(-1.02888e-17 -9.85926e-13 0)
(-1.0063e-17 -9.85925e-13 0)
(-9.83545e-18 -9.85925e-13 0)
(-9.60392e-18 -9.85924e-13 0)
(-9.36667e-18 -9.85924e-13 0)
(-9.12215e-18 -9.85923e-13 0)
(-8.86904e-18 -9.85922e-13 0)
(-8.60615e-18 -9.85922e-13 0)
(-8.33243e-18 -9.85921e-13 0)
(-8.04691e-18 -9.85921e-13 0)
(-7.74873e-18 -9.8592e-13 0)
(-7.43707e-18 -9.8592e-13 0)
(-7.11121e-18 -9.85919e-13 0)
(-6.77048e-18 -9.85919e-13 0)
(-6.41428e-18 -9.85918e-13 0)
(-6.04208e-18 -9.85918e-13 0)
(-5.65345e-18 -9.85918e-13 0)
(-5.24803e-18 -9.85917e-13 0)
(-4.82558e-18 -9.85917e-13 0)
(-4.38596e-18 -9.85916e-13 0)
(-3.92918e-18 -9.85916e-13 0)
(-3.45537e-18 -9.85916e-13 0)
(-2.96485e-18 -9.85916e-13 0)
(-2.45808e-18 -9.85915e-13 0)
(-1.93571e-18 -9.85915e-13 0)
(-1.3986e-18 -9.85915e-13 0)
(-8.47801e-19 -9.85915e-13 0)
(-2.84561e-19 -9.85915e-13 0)
(-4.26013e-12 -2.19681e-06 0)
(-1.83205e-12 -1.96996e-07 0)
(-1.12464e-17 -1.04834e-12 0)
(-1.03533e-17 -9.85934e-13 0)
(-1.00606e-17 -9.85933e-13 0)
(-9.83316e-18 -9.85932e-13 0)
(-9.64695e-18 -9.85931e-13 0)
(-9.48579e-18 -9.8593e-13 0)
(-9.33871e-18 -9.85929e-13 0)
(-9.19819e-18 -9.85928e-13 0)
(-9.05903e-18 -9.85928e-13 0)
(-8.9176e-18 -9.85927e-13 0)
(-8.77131e-18 -9.85926e-13 0)
(-8.61826e-18 -9.85926e-13 0)
(-8.45706e-18 -9.85925e-13 0)
(-8.28663e-18 -9.85925e-13 0)
(-8.10611e-18 -9.85924e-13 0)
(-7.91481e-18 -9.85923e-13 0)
(-7.71213e-18 -9.85923e-13 0)
(-7.49753e-18 -9.85922e-13 0)
(-7.27055e-18 -9.85922e-13 0)
(-7.03074e-18 -9.85921e-13 0)
(-6.77768e-18 -9.85921e-13 0)
(-6.511e-18 -9.8592e-13 0)
(-6.23032e-18 -9.8592e-13 0)
(-5.9353e-18 -9.85919e-13 0)
(-5.62565e-18 -9.85919e-13 0)
(-5.3011e-18 -9.85919e-13 0)
(-4.96143e-18 -9.85918e-13 0)
(-4.6065e-18 -9.85918e-13 0)
(-4.2362e-18 -9.85917e-13 0)
(-3.85056e-18 -9.85917e-13 0)
(-3.44964e-18 -9.85917e-13 0)
(-3.03367e-18 -9.85917e-13 0)
(-2.60297e-18 -9.85916e-13 0)
(-2.15799e-18 -9.85916e-13 0)
(-1.69934e-18 -9.85916e-13 0)
(-1.22778e-18 -9.85916e-13 0)
(-7.44233e-19 -9.85916e-13 0)
(-2.49795e-19 -9.85916e-13 0)
(-3.28879e-13 -6.60782e-07 0)
(-4.54775e-13 -5.92257e-08 0)
(-6.95586e-18 -1.00353e-12 0)
(-6.99416e-18 -9.85934e-13 0)
(-7.12745e-18 -9.85933e-13 0)
(-7.23261e-18 -9.85932e-13 0)
(-7.30986e-18 -9.85931e-13 0)
(-7.36057e-18 -9.8593e-13 0)
(-7.38649e-18 -9.85929e-13 0)
(-7.38945e-18 -9.85929e-13 0)
(-7.37108e-18 -9.85928e-13 0)
(-7.33286e-18 -9.85927e-13 0)
(-7.27602e-18 -9.85927e-13 0)
(-7.20162e-18 -9.85926e-13 0)
(-7.11051e-18 -9.85925e-13 0)
(-7.00341e-18 -9.85925e-13 0)
(-6.88089e-18 -9.85924e-13 0)
(-6.7434e-18 -9.85924e-13 0)
(-6.5913e-18 -9.85923e-13 0)
(-6.42485e-18 -9.85923e-13 0)
(-6.24424e-18 -9.85922e-13 0)
(-6.04961e-18 -9.85922e-13 0)
(-5.84104e-18 -9.85921e-13 0)
(-5.61856e-18 -9.85921e-13 0)
(-5.38218e-18 -9.8592e-13 0)
(-5.1319e-18 -9.8592e-13 0)
(-4.8677e-18 -9.8592e-13 0)
(-4.58956e-18 -9.85919e-13 0)
(-4.29748e-18 -9.85919e-13 0)
(-3.99149e-18 -9.85918e-13 0)
(-3.67166e-18 -9.85918e-13 0)
(-3.33809e-18 -9.85918e-13 0)
(-2.99099e-18 -9.85917e-13 0)
(-2.6306e-18 -9.85917e-13 0)
(-2.25728e-18 -9.85917e-13 0)
(-1.87148e-18 -9.85917e-13 0)
(-1.47376e-18 -9.85917e-13 0)
(-1.06481e-18 -9.85916e-13 0)
(-6.45452e-19 -9.85916e-13 0)
(-2.16641e-19 -9.85916e-13 0)
(-7.15303e-19 -9.85936e-13 0)
(-2.03753e-18 -9.85935e-13 0)
(-3.08332e-18 -9.85934e-13 0)
(-3.84663e-18 -9.85933e-13 0)
(-4.41314e-18 -9.85932e-13 0)
(-4.8385e-18 -9.85931e-13 0)
(-5.15954e-18 -9.85931e-13 0)
(-5.40109e-18 -9.8593e-13 0)
(-5.58027e-18 -9.85929e-13 0)
(-5.70914e-18 -9.85929e-13 0)
(-5.79641e-18 -9.85928e-13 0)
(-5.84846e-18 -9.85927e-13 0)
(-5.87012e-18 -9.85927e-13 0)
(-5.86508e-18 -9.85926e-13 0)
(-5.83619e-18 -9.85926e-13 0)
(-5.78573e-18 -9.85925e-13 0)
(-5.71549e-18 -9.85925e-13 0)
(-5.62691e-18 -9.85924e-13 0)
(-5.52116e-18 -9.85924e-13 0)
(-5.39919e-18 -9.85923e-13 0)
(-5.26176e-18 -9.85923e-13 0)
(-5.10948e-18 -9.85922e-13 0)
(-4.94286e-18 -9.85922e-13 0)
(-4.7623e-18 -9.85921e-13 0)
(-4.56812e-18 -9.85921e-13 0)
(-4.36059e-18 -9.8592e-13 0)
(-4.13995e-18 -9.8592e-13 0)
(-3.90637e-18 -9.8592e-13 0)
(-3.66004e-18 -9.85919e-13 0)
(-3.40114e-18 -9.85919e-13 0)
(-3.12987e-18 -9.85919e-13 0)
(-2.84642e-18 -9.85918e-13 0)
(-2.55107e-18 -9.85918e-13 0)
(-2.24411e-18 -9.85918e-13 0)
(-1.9259e-18 -9.85917e-13 0)
(-1.5969e-18 -9.85917e-13 0)
(-1.25762e-18 -9.85917e-13 0)
(-9.08693e-19 -9.85917e-13 0)
(-5.50836e-19 -9.85917e-13 0)
(-1.84886e-19 -9.85917e-13 0)
(-2.93654e-19 -9.85932e-13 0)
(-9.59135e-19 -9.85932e-13 0)
(-1.65884e-18 -9.85932e-13 0)
(-2.26848e-18 -9.85931e-13 0)
(-2.78719e-18 -9.85931e-13 0)
(-3.22137e-18 -9.8593e-13 0)
(-3.58003e-18 -9.8593e-13 0)
(-3.87258e-18 -9.85929e-13 0)
(-4.1077e-18 -9.85929e-13 0)
(-4.29306e-18 -9.85928e-13 0)
(-4.43518e-18 -9.85928e-13 0)
(-4.53952e-18 -9.85927e-13 0)
(-4.61066e-18 -9.85927e-13 0)
(-4.65239e-18 -9.85926e-13 0)
(-4.66787e-18 -9.85926e-13 0)
(-4.65971e-18 -9.85925e-13 0)
(-4.63011e-18 -9.85925e-13 0)
(-4.58088e-18 -9.85924e-13 0)
(-4.51357e-18 -9.85924e-13 0)
(-4.42945e-18 -9.85923e-13 0)
(-4.32959e-18 -9.85923e-13 0)
(-4.21491e-18 -9.85922e-13 0)
(-4.08614e-18 -9.85922e-13 0)
(-3.94394e-18 -9.85922e-13 0)
(-3.78883e-18 -9.85921e-13 0)
(-3.62127e-18 -9.85921e-13 0)
(-3.44165e-18 -9.8592e-13 0)
(-3.2503e-18 -9.8592e-13 0)
(-3.04754e-18 -9.8592e-13 0)
(-2.83364e-18 -9.85919e-13 0)
(-2.60887e-18 -9.85919e-13 0)
(-2.37352e-18 -9.85919e-13 0)
(-2.12789e-18 -9.85918e-13 0)
(-1.8723e-18 -9.85918e-13 0)
(-1.60712e-18 -9.85918e-13 0)
(-1.33276e-18 -9.85918e-13 0)
(-1.04971e-18 -9.85918e-13 0)
(-7.58525e-19 -9.85918e-13 0)
(-4.59827e-19 -9.85917e-13 0)
(-1.54343e-19 -9.85917e-13 0)
(-1.70745e-19 -9.8593e-13 0)
(-5.72948e-19 -9.8593e-13 0)
(-1.02433e-18 -9.8593e-13 0)
(-1.44784e-18 -9.8593e-13 0)
(-1.83506e-18 -9.8593e-13 0)
(-2.18157e-18 -9.85929e-13 0)
(-2.48591e-18 -9.85929e-13 0)
(-2.74864e-18 -9.85929e-13 0)
(-2.97152e-18 -9.85928e-13 0)
(-3.15702e-18 -9.85928e-13 0)
(-3.30791e-18 -9.85927e-13 0)
(-3.427e-18 -9.85927e-13 0)
(-3.51703e-18 -9.85926e-13 0)
(-3.58055e-18 -9.85926e-13 0)
(-3.61989e-18 -9.85926e-13 0)
(-3.63714e-18 -9.85925e-13 0)
(-3.63419e-18 -9.85925e-13 0)
(-3.61268e-18 -9.85924e-13 0)
(-3.57407e-18 -9.85924e-13 0)
(-3.51962e-18 -9.85923e-13 0)
(-3.45044e-18 -9.85923e-13 0)
(-3.36748e-18 -9.85923e-13 0)
(-3.27157e-18 -9.85922e-13 0)
(-3.16342e-18 -9.85922e-13 0)
(-3.04364e-18 -9.85921e-13 0)
(-2.91277e-18 -9.85921e-13 0)
(-2.77128e-18 -9.85921e-13 0)
(-2.61956e-18 -9.8592e-13 0)
(-2.45798e-18 -9.8592e-13 0)
(-2.28687e-18 -9.8592e-13 0)
(-2.10654e-18 -9.85919e-13 0)
(-1.9173e-18 -9.85919e-13 0)
(-1.71945e-18 -9.85919e-13 0)
(-1.51333e-18 -9.85919e-13 0)
(-1.29926e-18 -9.85918e-13 0)
(-1.07763e-18 -9.85918e-13 0)
(-8.48871e-19 -9.85918e-13 0)
(-6.13448e-19 -9.85918e-13 0)
(-3.71901e-19 -9.85918e-13 0)
(-1.24833e-19 -9.85918e-13 0)
(-1.09701e-19 -9.85929e-13 0)
(-3.69515e-19 -9.85929e-13 0)
(-6.66193e-19 -9.85929e-13 0)
(-9.53052e-19 -9.85929e-13 0)
(-1.22462e-18 -9.85929e-13 0)
(-1.47672e-18 -9.85929e-13 0)
(-1.70647e-18 -9.85928e-13 0)
(-1.91214e-18 -9.85928e-13 0)
(-2.09299e-18 -9.85928e-13 0)
(-2.24901e-18 -9.85927e-13 0)
(-2.38076e-18 -9.85927e-13 0)
(-2.48916e-18 -9.85927e-13 0)
(-2.57538e-18 -9.85926e-13 0)
(-2.64074e-18 -9.85926e-13 0)
(-2.68657e-18 -9.85926e-13 0)
(-2.71423e-18 -9.85925e-13 0)
(-2.725e-18 -9.85925e-13 0)
(-2.7201e-18 -9.85924e-13 0)
(-2.70068e-18 -9.85924e-13 0)
(-2.66775e-18 -9.85924e-13 0)
(-2.62225e-18 -9.85923e-13 0)
(-2.56503e-18 -9.85923e-13 0)
(-2.49681e-18 -9.85922e-13 0)
(-2.41827e-18 -9.85922e-13 0)
(-2.32999e-18 -9.85922e-13 0)
(-2.23246e-18 -9.85921e-13 0)
(-2.12614e-18 -9.85921e-13 0)
(-2.01144e-18 -9.85921e-13 0)
(-1.8887e-18 -9.8592e-13 0)
(-1.75824e-18 -9.8592e-13 0)
(-1.62038e-18 -9.8592e-13 0)
(-1.4754e-18 -9.85919e-13 0)
(-1.32359e-18 -9.85919e-13 0)
(-1.16522e-18 -9.85919e-13 0)
(-1.0006e-18 -9.85919e-13 0)
(-8.30051e-19 -9.85918e-13 0)
(-6.53926e-19 -9.85918e-13 0)
(-4.7261e-19 -9.85918e-13 0)
(-2.86534e-19 -9.85918e-13 0)
(-9.61816e-20 -9.85918e-13 0)
(-6.97782e-20 -9.85928e-13 0)
(-2.34851e-19 -9.85928e-13 0)
(-4.24243e-19 -9.85928e-13 0)
(-6.09837e-19 -9.85928e-13 0)
(-7.88584e-19 -9.85928e-13 0)
(-9.57816e-19 -9.85928e-13 0)
(-1.11535e-18 -9.85928e-13 0)
(-1.25952e-18 -9.85928e-13 0)
(-1.38918e-18 -9.85927e-13 0)
(-1.50366e-18 -9.85927e-13 0)
(-1.60267e-18 -9.85927e-13 0)
(-1.68629e-18 -9.85926e-13 0)
(-1.75483e-18 -9.85926e-13 0)
(-1.80881e-18 -9.85926e-13 0)
(-1.84886e-18 -9.85925e-13 0)
(-1.87571e-18 -9.85925e-13 0)
(-1.89012e-18 -9.85925e-13 0)
(-1.89286e-18 -9.85924e-13 0)
(-1.88469e-18 -9.85924e-13 0)
(-1.86632e-18 -9.85924e-13 0)
(-1.83844e-18 -9.85923e-13 0)
(-1.80165e-18 -9.85923e-13 0)
(-1.75654e-18 -9.85922e-13 0)
(-1.70361e-18 -9.85922e-13 0)
(-1.64333e-18 -9.85922e-13 0)
(-1.5761e-18 -9.85921e-13 0)
(-1.50231e-18 -9.85921e-13 0)
(-1.42226e-18 -9.85921e-13 0)
(-1.33627e-18 -9.8592e-13 0)
(-1.24459e-18 -9.8592e-13 0)
(-1.14748e-18 -9.8592e-13 0)
(-1.04516e-18 -9.8592e-13 0)
(-9.37877e-19 -9.85919e-13 0)
(-8.25844e-19 -9.85919e-13 0)
(-7.09298e-19 -9.85919e-13 0)
(-5.88484e-19 -9.85919e-13 0)
(-4.63665e-19 -9.85919e-13 0)
(-3.35129e-19 -9.85918e-13 0)
(-2.03193e-19 -9.85918e-13 0)
(-6.82079e-20 -9.85918e-13 0)
(-3.91094e-20 -9.85928e-13 0)
(-1.31443e-19 -9.85928e-13 0)
(-2.3749e-19 -9.85928e-13 0)
(-3.42067e-19 -9.85928e-13 0)
(-4.43647e-19 -9.85928e-13 0)
(-5.4081e-19 -9.85928e-13 0)
(-6.32303e-19 -9.85928e-13 0)
(-7.17083e-19 -9.85927e-13 0)
(-7.94334e-19 -9.85927e-13 0)
(-8.63477e-19 -9.85927e-13 0)
(-9.24147e-19 -9.85927e-13 0)
(-9.76181e-19 -9.85926e-13 0)
(-1.01958e-18 -9.85926e-13 0)
(-1.05449e-18 -9.85926e-13 0)
(-1.08116e-18 -9.85925e-13 0)
(-1.09992e-18 -9.85925e-13 0)
(-1.11113e-18 -9.85925e-13 0)
(-1.11521e-18 -9.85924e-13 0)
(-1.11257e-18 -9.85924e-13 0)
(-1.10362e-18 -9.85924e-13 0)
(-1.08876e-18 -9.85923e-13 0)
(-1.06836e-18 -9.85923e-13 0)
(-1.04278e-18 -9.85923e-13 0)
(-1.01234e-18 -9.85922e-13 0)
(-9.77332e-19 -9.85922e-13 0)
(-9.38017e-19 -9.85921e-13 0)
(-8.94636e-19 -9.85921e-13 0)
(-8.47401e-19 -9.85921e-13 0)
(-7.96506e-19 -9.85921e-13 0)
(-7.42126e-19 -9.8592e-13 0)
(-6.84424e-19 -9.8592e-13 0)
(-6.23553e-19 -9.8592e-13 0)
(-5.59658e-19 -9.85919e-13 0)
(-4.92886e-19 -9.85919e-13 0)
(-4.23384e-19 -9.85919e-13 0)
(-3.51306e-19 -9.85919e-13 0)
(-2.76815e-19 -9.85919e-13 0)
(-2.00089e-19 -9.85919e-13 0)
(-1.2132e-19 -9.85919e-13 0)
(-4.07257e-20 -9.85918e-13 0)
(-1.26282e-20 -9.85928e-13 0)
(-4.2404e-20 -9.85928e-13 0)
(-7.66057e-20 -9.85928e-13 0)
(-1.1042e-19 -9.85928e-13 0)
(-1.43383e-19 -9.85928e-13 0)
(-1.75052e-19 -9.85928e-13 0)
(-2.05025e-19 -9.85927e-13 0)
(-2.32954e-19 -9.85927e-13 0)
(-2.58556e-19 -9.85927e-13 0)
(-2.81616e-19 -9.85927e-13 0)
(-3.01986e-19 -9.85927e-13 0)
(-3.19584e-19 -9.85926e-13 0)
(-3.34381e-19 -9.85926e-13 0)
(-3.464e-19 -9.85926e-13 0)
(-3.557e-19 -9.85925e-13 0)
(-3.62369e-19 -9.85925e-13 0)
(-3.6652e-19 -9.85925e-13 0)
(-3.68276e-19 -9.85924e-13 0)
(-3.67769e-19 -9.85924e-13 0)
(-3.65129e-19 -9.85924e-13 0)
(-3.6049e-19 -9.85923e-13 0)
(-3.53974e-19 -9.85923e-13 0)
(-3.457e-19 -9.85923e-13 0)
(-3.35777e-19 -9.85922e-13 0)
(-3.24305e-19 -9.85922e-13 0)
(-3.11374e-19 -9.85922e-13 0)
(-2.97067e-19 -9.85921e-13 0)
(-2.81457e-19 -9.85921e-13 0)
(-2.64613e-19 -9.85921e-13 0)
(-2.46593e-19 -9.8592e-13 0)
(-2.27456e-19 -9.8592e-13 0)
(-2.07253e-19 -9.8592e-13 0)
(-1.86036e-19 -9.8592e-13 0)
(-1.63855e-19 -9.85919e-13 0)
(-1.40759e-19 -9.85919e-13 0)
(-1.16802e-19 -9.85919e-13 0)
(-9.20395e-20 -9.85919e-13 0)
(-6.65304e-20 -9.85919e-13 0)
(-4.03404e-20 -9.85919e-13 0)
(-1.35419e-20 -9.85919e-13 0)
)
;

boundaryField
{
    top
    {
        type            zeroGradient;
    }
    inlet
    {
        type            fixedValue;
        value           uniform (0 0 0);
    }
    axis
    {
        type            fixedValue;
        value           uniform (0 0 0);
    }
    frontAndBack
    {
        type            empty;
    }
}


// ************************************************************************* //
