/*--------------------------------*- C++ -*----------------------------------*\
  =========                 |
  \\      /  F ield         | OpenFOAM: The Open Source CFD Toolbox
   \\    /   O peration     | Website:  https://openfoam.org
    \\  /    A nd           | Version:  10
     \\/     M anipulation  |
\*---------------------------------------------------------------------------*/
FoamFile
{
    format      ascii;
    class       surfaceScalarField;
    location    "0.027";
    object      phi;
}
// * * * * * * * * * * * * * * * * * * * * * * * * * * * * * * * * * * * * * //

dimensions      [0 3 -1 0 0 0 0];

internalField   nonuniform List<scalar> 
7780
(
2.50002e-09
-3.60464e-14
2.50011e-09
-1.09407e-13
2.50026e-09
-1.8251e-13
2.5005e-09
-2.55366e-13
2.5008e-09
-3.28299e-13
2.50118e-09
-4.01203e-13
2.50162e-09
-4.7447e-13
2.50215e-09
-5.47911e-13
2.50274e-09
-6.21926e-13
2.50341e-09
-6.96274e-13
2.50416e-09
-7.71377e-13
2.50498e-09
-8.46991e-13
2.50587e-09
-9.23579e-13
2.50685e-09
-1.00091e-12
2.50789e-09
-1.07948e-12
2.50903e-09
-1.15909e-12
2.51024e-09
-1.24025e-12
2.51153e-09
-1.32278e-12
2.5129e-09
-1.40722e-12
2.51437e-09
-1.49341e-12
2.51592e-09
-1.58191e-12
2.51756e-09
-1.67257e-12
2.51929e-09
-1.766e-12
2.52112e-09
-1.86205e-12
2.52304e-09
-1.96134e-12
2.52507e-09
-2.06377e-12
2.52721e-09
-2.16996e-12
2.52945e-09
-2.27984e-12
2.53181e-09
-2.39404e-12
2.53428e-09
-2.5125e-12
2.53688e-09
-2.63587e-12
2.5396e-09
-2.76412e-12
2.54246e-09
-2.89789e-12
2.54545e-09
-3.0372e-12
2.54859e-09
-3.18265e-12
2.55188e-09
-3.33431e-12
2.55533e-09
-3.49278e-12
2.55894e-09
-3.65815e-12
2.56272e-09
-3.831e-12
2.56668e-09
-4.01146e-12
2.57084e-09
-4.20007e-12
2.57518e-09
-4.39702e-12
2.57973e-09
-4.60279e-12
2.5845e-09
-4.81762e-12
2.58949e-09
-5.04193e-12
2.5947e-09
-5.27602e-12
2.60017e-09
-5.52023e-12
2.60588e-09
-5.7749e-12
2.61187e-09
-6.04026e-12
2.61812e-09
-6.31672e-12
2.62466e-09
-6.60438e-12
2.6315e-09
-6.90369e-12
2.63865e-09
-7.2146e-12
2.64612e-09
-7.53757e-12
2.65393e-09
-7.87237e-12
2.66207e-09
-8.21947e-12
2.67058e-09
-8.57838e-12
2.67945e-09
-8.94958e-12
2.68872e-09
-9.33227e-12
2.69836e-09
-9.72687e-12
2.70842e-09
-1.01322e-11
2.71888e-09
-1.05486e-11
2.72978e-09
-1.09745e-11
2.7411e-09
-1.141e-11
2.75288e-09
-1.1853e-11
2.76508e-09
-1.23034e-11
2.77777e-09
-1.27586e-11
2.79088e-09
-1.32182e-11
2.80448e-09
-1.36787e-11
2.81851e-09
-1.41397e-11
2.83303e-09
-1.45971e-11
2.84797e-09
-1.50498e-11
2.86338e-09
-1.54932e-11
2.87919e-09
-1.5926e-11
2.89544e-09
-1.6343e-11
2.91206e-09
-1.6743e-11
2.9291e-09
-1.71199e-11
2.94644e-09
-1.74729e-11
2.96415e-09
-1.77957e-11
2.9821e-09
-1.80879e-11
3.00035e-09
-1.83433e-11
3.01877e-09
-1.85622e-11
3.03742e-09
-1.87388e-11
3.05614e-09
-1.88746e-11
3.07501e-09
-1.89642e-11
3.09387e-09
-1.90108e-11
3.11279e-09
-1.90096e-11
3.13158e-09
-1.89652e-11
3.15037e-09
-1.88735e-11
3.16893e-09
-1.87408e-11
3.18741e-09
-1.85635e-11
3.20557e-09
-1.83494e-11
3.22359e-09
-1.80949e-11
3.2412e-09
-1.78092e-11
3.25861e-09
-1.74887e-11
3.27555e-09
-1.71436e-11
3.29225e-09
-1.67698e-11
3.30841e-09
-1.63784e-11
3.32431e-09
-1.59646e-11
3.33963e-09
-1.55403e-11
3.35467e-09
-1.50995e-11
3.36909e-09
-1.46549e-11
3.38324e-09
-1.41993e-11
3.39674e-09
-1.37459e-11
3.40999e-09
-1.32862e-11
3.42257e-09
-1.2834e-11
3.43492e-09
-1.23793e-11
3.44659e-09
-1.19367e-11
3.45807e-09
-1.14944e-11
3.46886e-09
-1.10678e-11
3.4795e-09
-1.06437e-11
3.48945e-09
-1.02382e-11
3.4993e-09
-9.83646e-12
3.50846e-09
-9.45551e-12
3.51756e-09
-9.07888e-12
3.52597e-09
-8.72459e-12
3.53438e-09
-8.37444e-12
3.54211e-09
-8.04761e-12
3.54988e-09
-7.72403e-12
3.55697e-09
-7.42425e-12
3.56417e-09
-7.1261e-12
3.57067e-09
-6.85164e-12
3.57733e-09
-6.57634e-12
3.58329e-09
-6.32392e-12
3.58946e-09
-6.06711e-12
3.59491e-09
-5.83142e-12
3.60063e-09
-5.58638e-12
3.60557e-09
-5.35943e-12
3.61086e-09
-5.11635e-12
3.61531e-09
-4.88669e-12
3.62014e-09
-4.63199e-12
3.62406e-09
-4.3841e-12
3.62839e-09
-4.09994e-12
3.63172e-09
-3.81408e-12
3.63547e-09
-3.47869e-12
3.63809e-09
-3.13163e-12
3.64113e-09
-2.72064e-12
3.64289e-09
-2.28761e-12
3.64503e-09
-1.77654e-12
3.64573e-09
-1.23399e-12
3.64673e-09
-6.00821e-13
3.64613e-09
7.09782e-14
3.64573e-09
8.41241e-13
3.64356e-09
1.65189e-12
3.64148e-09
2.56231e-12
3.63749e-09
3.50877e-12
3.63346e-09
4.54888e-12
3.62741e-09
5.61431e-12
3.62119e-09
6.75991e-12
3.6129e-09
7.91456e-12
3.60433e-09
9.12971e-12
3.5937e-09
1.03338e-11
3.58268e-09
1.15745e-11
3.56969e-09
1.27823e-11
3.55624e-09
1.4001e-11
3.54095e-09
1.51657e-11
3.52516e-09
1.63158e-11
3.50774e-09
1.73934e-11
3.4898e-09
1.84336e-11
3.47047e-09
1.93867e-11
3.45064e-09
2.02834e-11
3.42969e-09
2.10836e-11
3.40828e-09
2.18133e-11
3.38605e-09
2.24424e-11
3.3634e-09
2.29919e-11
3.34023e-09
2.34418e-11
3.3167e-09
2.38082e-11
3.29295e-09
2.40803e-11
3.2689e-09
2.42696e-11
3.24488e-09
2.43736e-11
3.22064e-09
2.43988e-11
3.19668e-09
2.43505e-11
3.17254e-09
2.42303e-11
3.1489e-09
2.40497e-11
3.12513e-09
2.38062e-11
3.10203e-09
2.3516e-11
3.07884e-09
2.31728e-11
3.05646e-09
2.27968e-11
3.03402e-09
2.2378e-11
3.01249e-09
2.19395e-11
2.99092e-09
2.14683e-11
2.97032e-09
2.09893e-11
2.9497e-09
2.04871e-11
2.93009e-09
1.99878e-11
2.91045e-09
1.94739e-11
2.89184e-09
1.8972e-11
2.87319e-09
1.84631e-11
2.85556e-09
1.79738e-11
2.83786e-09
1.74839e-11
2.82117e-09
1.70196e-11
2.80438e-09
1.65598e-11
2.78856e-09
1.61305e-11
2.77261e-09
1.57096e-11
2.75759e-09
1.53226e-11
2.7424e-09
1.49467e-11
2.72809e-09
1.46068e-11
2.7137e-09
1.42817e-11
2.69966e-09
1.39838e-11
2.68592e-09
1.37439e-11
1.33677e-11
2.50002e-09
-7.21504e-14
2.50011e-09
-2.19489e-13
2.50026e-09
-3.65389e-13
2.50049e-09
-5.11002e-13
2.50079e-09
-6.56669e-13
2.50117e-09
-8.0257e-13
2.50161e-09
-9.48944e-13
2.50213e-09
-1.09586e-12
2.50273e-09
-1.24356e-12
2.50339e-09
-1.39213e-12
2.50414e-09
-1.54185e-12
2.50495e-09
-1.69282e-12
2.50584e-09
-1.84539e-12
2.50681e-09
-1.99969e-12
2.50786e-09
-2.15612e-12
2.50898e-09
-2.31486e-12
2.51019e-09
-2.47636e-12
2.51147e-09
-2.64084e-12
2.51284e-09
-2.80881e-12
2.51429e-09
-2.98052e-12
2.51583e-09
-3.15652e-12
2.51746e-09
-3.33711e-12
2.51918e-09
-3.52289e-12
2.521e-09
-3.7142e-12
2.52291e-09
-3.91168e-12
2.52493e-09
-4.11569e-12
2.52705e-09
-4.32692e-12
2.52927e-09
-4.54577e-12
2.53161e-09
-4.77297e-12
2.53406e-09
-5.00895e-12
2.53664e-09
-5.25446e-12
2.53934e-09
-5.50995e-12
2.54218e-09
-5.77624e-12
2.54515e-09
-6.05378e-12
2.54826e-09
-6.3434e-12
2.55152e-09
-6.64561e-12
2.55495e-09
-6.96124e-12
2.55853e-09
-7.29082e-12
2.56228e-09
-7.63521e-12
2.56621e-09
-7.99492e-12
2.57033e-09
-8.37085e-12
2.57464e-09
-8.76352e-12
2.57916e-09
-9.17379e-12
2.58388e-09
-9.60223e-12
2.58883e-09
-1.00497e-11
2.59401e-09
-1.05166e-11
2.59944e-09
-1.1004e-11
2.60511e-09
-1.15122e-11
2.61105e-09
-1.2042e-11
2.61725e-09
-1.25939e-11
2.62375e-09
-1.31685e-11
2.63054e-09
-1.37663e-11
2.63765e-09
-1.43878e-11
2.64507e-09
-1.50332e-11
2.65283e-09
-1.57029e-11
2.66093e-09
-1.6397e-11
2.66939e-09
-1.71156e-11
2.67822e-09
-1.78585e-11
2.68744e-09
-1.86254e-11
2.69704e-09
-1.94159e-11
2.70706e-09
-2.02292e-11
2.71748e-09
-2.10644e-11
2.72835e-09
-2.19201e-11
2.73964e-09
-2.27948e-11
2.75139e-09
-2.36863e-11
2.76357e-09
-2.45925e-11
2.77624e-09
-2.55102e-11
2.78935e-09
-2.64363e-11
2.80295e-09
-2.73669e-11
2.817e-09
-2.82977e-11
2.83153e-09
-2.92237e-11
2.84651e-09
-3.01397e-11
2.86196e-09
-3.10396e-11
2.87783e-09
-3.19173e-11
2.89416e-09
-3.27656e-11
2.91087e-09
-3.35781e-11
2.928e-09
-3.43468e-11
2.94546e-09
-3.5065e-11
2.96329e-09
-3.57249e-11
2.98138e-09
-3.632e-11
2.99978e-09
-3.68431e-11
3.01836e-09
-3.7289e-11
3.03717e-09
-3.76516e-11
3.05607e-09
-3.79273e-11
3.07511e-09
-3.81123e-11
3.09415e-09
-3.82052e-11
3.11324e-09
-3.82042e-11
3.13222e-09
-3.81106e-11
3.15116e-09
-3.79248e-11
3.1699e-09
-3.76505e-11
3.18852e-09
-3.72902e-11
3.20684e-09
-3.68495e-11
3.22497e-09
-3.63325e-11
3.24272e-09
-3.57463e-11
3.26022e-09
-3.50959e-11
3.27727e-09
-3.43894e-11
3.29404e-09
-3.36322e-11
3.31028e-09
-3.28325e-11
3.32622e-09
-3.1996e-11
3.3416e-09
-3.11306e-11
3.35666e-09
-3.02414e-11
3.37112e-09
-2.93362e-11
3.38526e-09
-2.84192e-11
3.39878e-09
-2.74975e-11
3.412e-09
-2.65743e-11
3.42458e-09
-2.56562e-11
3.43688e-09
-2.47453e-11
3.44855e-09
-2.38474e-11
3.45996e-09
-2.29637e-11
3.47075e-09
-2.20993e-11
3.48131e-09
-2.12542e-11
3.49125e-09
-2.04329e-11
3.50101e-09
-1.96347e-11
3.51015e-09
-1.88635e-11
3.51916e-09
-1.81177e-11
3.52756e-09
-1.74007e-11
3.53588e-09
-1.671e-11
3.5436e-09
-1.60488e-11
3.55129e-09
-1.54136e-11
3.55838e-09
-1.48075e-11
3.56549e-09
-1.42259e-11
3.572e-09
-1.36716e-11
3.57859e-09
-1.31389e-11
3.58458e-09
-1.26305e-11
3.5907e-09
-1.21388e-11
3.5962e-09
-1.16661e-11
3.60188e-09
-1.1203e-11
3.60692e-09
-1.07506e-11
3.61219e-09
-1.02976e-11
3.61678e-09
-9.84328e-12
3.62164e-09
-9.37375e-12
3.62575e-09
-8.88641e-12
3.63016e-09
-8.36473e-12
3.63375e-09
-7.80399e-12
3.63763e-09
-7.18544e-12
3.64058e-09
-6.50272e-12
3.6438e-09
-5.73583e-12
3.64596e-09
-4.87797e-12
3.64834e-09
-3.90961e-12
3.6495e-09
-2.82491e-12
3.65079e-09
-1.60621e-12
3.65069e-09
-2.51446e-13
3.6506e-09
1.25137e-12
3.64895e-09
2.89843e-12
3.64718e-09
4.6947e-12
3.64369e-09
6.62896e-12
3.63994e-09
8.69862e-12
3.63435e-09
1.08849e-11
3.62836e-09
1.31782e-11
3.62047e-09
1.55533e-11
3.61205e-09
1.79955e-11
3.60173e-09
2.04749e-11
3.5908e-09
2.29739e-11
3.57802e-09
2.54608e-11
3.56457e-09
2.79177e-11
3.5494e-09
3.03132e-11
3.53355e-09
3.26314e-11
3.51616e-09
3.48436e-11
3.4981e-09
3.69375e-11
3.47873e-09
3.88888e-11
3.45874e-09
4.06898e-11
3.4377e-09
4.23219e-11
3.41612e-09
4.37823e-11
3.39376e-09
4.50584e-11
3.37094e-09
4.61524e-11
3.34763e-09
4.70574e-11
3.32395e-09
4.778e-11
3.30005e-09
4.83185e-11
3.27588e-09
4.8683e-11
3.25174e-09
4.88763e-11
3.22742e-09
4.89108e-11
3.20335e-09
4.87927e-11
3.17919e-09
4.85359e-11
3.15547e-09
4.81491e-11
3.13172e-09
4.76464e-11
3.10857e-09
4.70382e-11
3.08545e-09
4.63383e-11
3.06306e-09
4.55579e-11
3.04073e-09
4.47097e-11
3.01922e-09
4.38051e-11
2.9978e-09
4.28554e-11
2.97726e-09
4.18718e-11
2.95681e-09
4.08639e-11
2.93728e-09
3.98422e-11
2.91784e-09
3.88146e-11
2.89932e-09
3.77906e-11
2.88089e-09
3.67766e-11
2.86336e-09
3.57808e-11
2.84589e-09
3.4808e-11
2.82931e-09
3.38653e-11
2.81275e-09
3.2956e-11
2.79704e-09
3.2086e-11
2.78131e-09
3.12572e-11
2.7664e-09
3.04743e-11
2.75143e-09
2.9738e-11
2.73721e-09
2.90514e-11
2.72302e-09
2.84173e-11
2.70911e-09
2.78216e-11
2.69551e-09
2.7338e-11
2.66152e-11
2.50002e-09
-1.08039e-13
2.50011e-09
-3.29012e-13
2.50026e-09
-5.47502e-13
2.50049e-09
-7.65504e-13
2.50079e-09
-9.83496e-13
2.50116e-09
-1.20185e-12
2.5016e-09
-1.42079e-12
2.50212e-09
-1.64052e-12
2.50271e-09
-1.86127e-12
2.50337e-09
-2.08326e-12
2.50411e-09
-2.3068e-12
2.50492e-09
-2.53217e-12
2.5058e-09
-2.75974e-12
2.50676e-09
-2.98986e-12
2.5078e-09
-3.22298e-12
2.50891e-09
-3.45953e-12
2.5101e-09
-3.70002e-12
2.51138e-09
-3.94494e-12
2.51273e-09
-4.1949e-12
2.51417e-09
-4.45045e-12
2.51569e-09
-4.71225e-12
2.5173e-09
-4.98093e-12
2.51899e-09
-5.25721e-12
2.52079e-09
-5.54177e-12
2.52267e-09
-5.83541e-12
2.52466e-09
-6.13886e-12
2.52675e-09
-6.45296e-12
2.52894e-09
-6.77852e-12
2.53124e-09
-7.11642e-12
2.53366e-09
-7.4675e-12
2.53619e-09
-7.83272e-12
2.53885e-09
-8.21296e-12
2.54164e-09
-8.60921e-12
2.54456e-09
-9.0224e-12
2.54763e-09
-9.45355e-12
2.55084e-09
-9.90363e-12
2.5542e-09
-1.03737e-11
2.55773e-09
-1.08648e-11
2.56142e-09
-1.13779e-11
2.56528e-09
-1.19141e-11
2.56934e-09
-1.24746e-11
2.57358e-09
-1.30602e-11
2.57802e-09
-1.36722e-11
2.58267e-09
-1.43116e-11
2.58754e-09
-1.49794e-11
2.59264e-09
-1.56767e-11
2.59798e-09
-1.64045e-11
2.60357e-09
-1.71639e-11
2.60942e-09
-1.79558e-11
2.61554e-09
-1.87811e-11
2.62195e-09
-1.96408e-11
2.62864e-09
-2.05355e-11
2.63566e-09
-2.14661e-11
2.64298e-09
-2.24331e-11
2.65065e-09
-2.34371e-11
2.65865e-09
-2.44784e-11
2.66702e-09
-2.55571e-11
2.67575e-09
-2.66732e-11
2.68487e-09
-2.78265e-11
2.69439e-09
-2.90162e-11
2.70432e-09
-3.02415e-11
2.71467e-09
-3.15011e-11
2.72546e-09
-3.27932e-11
2.73669e-09
-3.41155e-11
2.74838e-09
-3.54653e-11
2.76053e-09
-3.6839e-11
2.77316e-09
-3.82325e-11
2.78627e-09
-3.9641e-11
2.79987e-09
-4.10589e-11
2.81394e-09
-4.24795e-11
2.82852e-09
-4.38955e-11
2.84357e-09
-4.52987e-11
2.85911e-09
-4.668e-11
2.87511e-09
-4.80297e-11
2.89158e-09
-4.9337e-11
2.90847e-09
-5.0591e-11
2.92581e-09
-5.178e-11
2.94351e-09
-5.28923e-11
2.9616e-09
-5.39162e-11
2.97998e-09
-5.48405e-11
2.99869e-09
-5.56542e-11
3.01761e-09
-5.63478e-11
3.03676e-09
-5.69125e-11
3.05603e-09
-5.73415e-11
3.07544e-09
-5.76294e-11
3.09485e-09
-5.77728e-11
3.11431e-09
-5.77703e-11
3.13366e-09
-5.76226e-11
3.15296e-09
-5.73321e-11
3.17204e-09
-5.69032e-11
3.19098e-09
-5.63416e-11
3.20961e-09
-5.5655e-11
3.22802e-09
-5.48517e-11
3.24603e-09
-5.39414e-11
3.26376e-09
-5.29341e-11
3.28102e-09
-5.18406e-11
3.29796e-09
-5.06715e-11
3.31436e-09
-4.94379e-11
3.33042e-09
-4.81505e-11
3.3459e-09
-4.682e-11
3.36103e-09
-4.5456e-11
3.37554e-09
-4.40686e-11
3.38971e-09
-4.26663e-11
3.40324e-09
-4.12578e-11
3.41644e-09
-3.98504e-11
3.42901e-09
-3.84515e-11
3.44126e-09
-3.70669e-11
3.45288e-09
-3.57025e-11
3.46421e-09
-3.43629e-11
3.47492e-09
-3.30527e-11
3.48539e-09
-3.17749e-11
3.49524e-09
-3.05334e-11
3.50489e-09
-2.93297e-11
3.51394e-09
-2.81667e-11
3.52283e-09
-2.7045e-11
3.53113e-09
-2.59665e-11
3.53933e-09
-2.49307e-11
3.54695e-09
-2.39389e-11
3.55451e-09
-2.29897e-11
3.56151e-09
-2.20838e-11
3.5685e-09
-2.12186e-11
3.57493e-09
-2.03945e-11
3.58142e-09
-1.96074e-11
3.58734e-09
-1.8857e-11
3.59337e-09
-1.81377e-11
3.59883e-09
-1.7448e-11
3.60446e-09
-1.67799e-11
3.6095e-09
-1.61301e-11
3.61477e-09
-1.54875e-11
3.61942e-09
-1.48458e-11
3.62433e-09
-1.41906e-11
3.62858e-09
-1.35113e-11
3.63313e-09
-1.27897e-11
3.63694e-09
-1.20105e-11
3.64106e-09
-1.11524e-11
3.64434e-09
-1.01955e-11
3.64791e-09
-9.11697e-12
3.65049e-09
-7.89428e-12
3.65331e-09
-6.50552e-12
3.65498e-09
-4.92809e-12
3.65677e-09
-3.14479e-12
3.65723e-09
-1.137e-12
3.65768e-09
1.10215e-12
3.65659e-09
3.58224e-12
3.65532e-09
6.2973e-12
3.65234e-09
9.24532e-12
3.64901e-09
1.24065e-11
3.64382e-09
1.57666e-11
3.63811e-09
1.92935e-11
3.63046e-09
2.29625e-11
3.62216e-09
2.67327e-11
3.61189e-09
3.05722e-11
3.60088e-09
3.44359e-11
3.58797e-09
3.82883e-11
3.57427e-09
4.20849e-11
3.55879e-09
4.57905e-11
3.54252e-09
4.9365e-11
3.52467e-09
5.27768e-11
3.50606e-09
5.59934e-11
3.48612e-09
5.89891e-11
3.46549e-09
6.17407e-11
3.4438e-09
6.423e-11
3.42153e-09
6.64438e-11
3.39849e-09
6.83717e-11
3.37498e-09
7.00104e-11
3.351e-09
7.13569e-11
3.32667e-09
7.24164e-11
3.30215e-09
7.31926e-11
3.27738e-09
7.36977e-11
3.25269e-09
7.39406e-11
3.22786e-09
7.39384e-11
3.20333e-09
7.3704e-11
3.17875e-09
7.32578e-11
3.15467e-09
7.26148e-11
3.13062e-09
7.17972e-11
3.10721e-09
7.0821e-11
3.08389e-09
6.97088e-11
3.06134e-09
6.84764e-11
3.03891e-09
6.71456e-11
3.01733e-09
6.57318e-11
2.9959e-09
6.42548e-11
2.97537e-09
6.27288e-11
2.955e-09
6.11716e-11
2.93556e-09
5.95958e-11
2.91626e-09
5.80168e-11
2.8979e-09
5.64454e-11
2.87966e-09
5.48945e-11
2.86234e-09
5.33732e-11
2.84511e-09
5.18918e-11
2.82877e-09
5.04576e-11
2.81249e-09
4.90786e-11
2.79705e-09
4.77602e-11
2.78163e-09
4.65083e-11
2.767e-09
4.53266e-11
2.75235e-09
4.42194e-11
2.73843e-09
4.31875e-11
2.72456e-09
4.22379e-11
2.71096e-09
4.13494e-11
2.69766e-09
4.06263e-11
3.95549e-11
2.50002e-09
-1.43688e-13
2.5001e-09
-4.37826e-13
2.50026e-09
-7.28459e-13
2.50048e-09
-1.01834e-12
2.50078e-09
-1.3081e-12
2.50115e-09
-1.59822e-12
2.50159e-09
-1.88899e-12
2.50211e-09
-2.18065e-12
2.50269e-09
-2.47347e-12
2.50335e-09
-2.76777e-12
2.50407e-09
-3.06391e-12
2.50488e-09
-3.36228e-12
2.50575e-09
-3.66335e-12
2.5067e-09
-3.96762e-12
2.50772e-09
-4.27564e-12
2.50882e-09
-4.58803e-12
2.50999e-09
-4.90545e-12
2.51124e-09
-5.22858e-12
2.51257e-09
-5.5582e-12
2.51398e-09
-5.89508e-12
2.51548e-09
-6.24009e-12
2.51705e-09
-6.59409e-12
2.51872e-09
-6.95803e-12
2.52047e-09
-7.33286e-12
2.52232e-09
-7.71959e-12
2.52426e-09
-8.11926e-12
2.5263e-09
-8.53296e-12
2.52845e-09
-8.96179e-12
2.5307e-09
-9.40691e-12
2.53306e-09
-9.8695e-12
2.53553e-09
-1.03508e-11
2.53813e-09
-1.0852e-11
2.54085e-09
-1.13744e-11
2.5437e-09
-1.19193e-11
2.54669e-09
-1.2488e-11
2.54982e-09
-1.30819e-11
2.5531e-09
-1.37023e-11
2.55654e-09
-1.43507e-11
2.56014e-09
-1.50284e-11
2.56391e-09
-1.57369e-11
2.56786e-09
-1.64777e-11
2.57199e-09
-1.7252e-11
2.57633e-09
-1.80615e-11
2.58087e-09
-1.89076e-11
2.58562e-09
-1.97917e-11
2.5906e-09
-2.07153e-11
2.59581e-09
-2.16797e-11
2.60127e-09
-2.26865e-11
2.60699e-09
-2.37369e-11
2.61297e-09
-2.48322e-11
2.61924e-09
-2.59738e-11
2.6258e-09
-2.71627e-11
2.63267e-09
-2.84002e-11
2.63984e-09
-2.9687e-11
2.64736e-09
-3.10242e-11
2.65522e-09
-3.24122e-11
2.66344e-09
-3.38515e-11
2.67203e-09
-3.53423e-11
2.68101e-09
-3.68845e-11
2.69039e-09
-3.84775e-11
2.70019e-09
-4.01204e-11
2.71041e-09
-4.18118e-11
2.72109e-09
-4.35498e-11
2.73221e-09
-4.53315e-11
2.74381e-09
-4.71537e-11
2.75589e-09
-4.9012e-11
2.76847e-09
-5.09013e-11
2.78154e-09
-5.28152e-11
2.79514e-09
-5.47466e-11
2.80924e-09
-5.66867e-11
2.82388e-09
-5.86257e-11
2.83902e-09
-6.05525e-11
2.8547e-09
-6.24545e-11
2.87088e-09
-6.43181e-11
2.88757e-09
-6.61284e-11
2.90473e-09
-6.78695e-11
2.92238e-09
-6.95247e-11
2.94043e-09
-7.1077e-11
2.95893e-09
-7.25092e-11
2.97776e-09
-7.38044e-11
2.99695e-09
-7.49465e-11
3.01638e-09
-7.5921e-11
3.03608e-09
-7.67148e-11
3.05591e-09
-7.73177e-11
3.07589e-09
-7.77214e-11
3.09589e-09
-7.79212e-11
3.11592e-09
-7.7915e-11
3.13584e-09
-7.77039e-11
3.15569e-09
-7.72918e-11
3.17531e-09
-7.66857e-11
3.19475e-09
-7.58943e-11
3.21385e-09
-7.49291e-11
3.23269e-09
-7.38025e-11
3.25109e-09
-7.25289e-11
3.26918e-09
-7.11229e-11
3.28675e-09
-6.96002e-11
3.30395e-09
-6.79762e-11
3.32058e-09
-6.62668e-11
3.33682e-09
-6.44869e-11
3.35244e-09
-6.26515e-11
3.36767e-09
-6.07745e-11
3.38225e-09
-5.88692e-11
3.39645e-09
-5.69478e-11
3.40999e-09
-5.5022e-11
3.42316e-09
-5.31017e-11
3.43568e-09
-5.11967e-11
3.44786e-09
-4.93149e-11
3.45938e-09
-4.74641e-11
3.47061e-09
-4.56503e-11
3.48119e-09
-4.38795e-11
3.49152e-09
-4.21557e-11
3.50122e-09
-4.04837e-11
3.51071e-09
-3.88654e-11
3.51959e-09
-3.73046e-11
3.52831e-09
-3.58016e-11
3.53645e-09
-3.43592e-11
3.54447e-09
-3.29763e-11
3.55191e-09
-3.16549e-11
3.5593e-09
-3.03928e-11
3.56613e-09
-2.91915e-11
3.57296e-09
-2.80473e-11
3.57923e-09
-2.69615e-11
3.58557e-09
-2.5929e-11
3.59136e-09
-2.49505e-11
3.59727e-09
-2.4019e-11
3.60264e-09
-2.31338e-11
3.60819e-09
-2.22853e-11
3.6132e-09
-2.14704e-11
3.61846e-09
-2.06756e-11
3.62315e-09
-1.98935e-11
3.62816e-09
-1.91054e-11
3.63257e-09
-1.82975e-11
3.63734e-09
-1.74451e-11
3.64145e-09
-1.65264e-11
3.64595e-09
-1.55112e-11
3.6497e-09
-1.4369e-11
3.65381e-09
-1.30662e-11
3.65704e-09
-1.1566e-11
3.66057e-09
-9.83543e-12
3.66302e-09
-7.83594e-12
3.66566e-09
-5.54133e-12
3.66699e-09
-2.91744e-12
3.66833e-09
4.61487e-14
3.66811e-09
3.36882e-12
3.66769e-09
7.04116e-12
3.66548e-09
1.10639e-11
3.66286e-09
1.54054e-11
3.65824e-09
2.0047e-11
3.65301e-09
2.49379e-11
3.64567e-09
3.0043e-11
3.63756e-09
3.52986e-11
3.6273e-09
4.06586e-11
3.61615e-09
4.60537e-11
3.60293e-09
5.14332e-11
3.58876e-09
5.67295e-11
3.57267e-09
6.18927e-11
3.55566e-09
6.6863e-11
3.53694e-09
7.15963e-11
3.51736e-09
7.60447e-11
3.49635e-09
8.01732e-11
3.47459e-09
8.39485e-11
3.45172e-09
8.73467e-11
3.42822e-09
9.03498e-11
3.40395e-09
9.29452e-11
3.37919e-09
9.51294e-11
3.35399e-09
9.69006e-11
3.32845e-09
9.82678e-11
3.30278e-09
9.92382e-11
3.27691e-09
9.98309e-11
3.25118e-09
1.0006e-10
3.22537e-09
9.99515e-11
3.19995e-09
9.95244e-11
3.17454e-09
9.88091e-11
3.14973e-09
9.78271e-11
3.12501e-09
9.66107e-11
3.10103e-09
9.51826e-11
3.07721e-09
9.35746e-11
3.05425e-09
9.18094e-11
3.03148e-09
8.9917e-11
3.00964e-09
8.79188e-11
2.98802e-09
8.58423e-11
2.96737e-09
8.37067e-11
2.94693e-09
8.15365e-11
2.92749e-09
7.93484e-11
2.90824e-09
7.71635e-11
2.88998e-09
7.49959e-11
2.87188e-09
7.28631e-11
2.85475e-09
7.07768e-11
2.83774e-09
6.87509e-11
2.82165e-09
6.67946e-11
2.80565e-09
6.49185e-11
2.79051e-09
6.31296e-11
2.77541e-09
6.14354e-11
2.76111e-09
5.98406e-11
2.74681e-09
5.83505e-11
2.73324e-09
5.69661e-11
2.71973e-09
5.5696e-11
2.70649e-09
5.45129e-11
2.69356e-09
5.35521e-11
5.21403e-11
2.50002e-09
-1.79085e-13
2.5001e-09
-5.45877e-13
2.50026e-09
-9.08137e-13
2.50048e-09
-1.26932e-12
2.50078e-09
-1.63019e-12
2.50114e-09
-1.99129e-12
2.50158e-09
-2.35296e-12
2.50209e-09
-2.71547e-12
2.50266e-09
-3.07913e-12
2.50331e-09
-3.4443e-12
2.50403e-09
-3.81141e-12
2.50482e-09
-4.18097e-12
2.50568e-09
-4.55353e-12
2.50661e-09
-4.92973e-12
2.50762e-09
-5.31026e-12
2.5087e-09
-5.69588e-12
2.50984e-09
-6.08743e-12
2.51107e-09
-6.48579e-12
2.51237e-09
-6.89191e-12
2.51375e-09
-7.30679e-12
2.51521e-09
-7.73151e-12
2.51674e-09
-8.16716e-12
2.51837e-09
-8.61494e-12
2.52007e-09
-9.07603e-12
2.52187e-09
-9.55173e-12
2.52375e-09
-1.00433e-11
2.52574e-09
-1.05522e-11
2.52781e-09
-1.10798e-11
2.52999e-09
-1.16274e-11
2.53228e-09
-1.21967e-11
2.53468e-09
-1.27891e-11
2.53719e-09
-1.34062e-11
2.53982e-09
-1.40496e-11
2.54257e-09
-1.47209e-11
2.54546e-09
-1.54219e-11
2.54849e-09
-1.61541e-11
2.55166e-09
-1.69194e-11
2.55497e-09
-1.77195e-11
2.55845e-09
-1.85562e-11
2.56209e-09
-1.94313e-11
2.56591e-09
-2.03466e-11
2.56991e-09
-2.1304e-11
2.5741e-09
-2.23053e-11
2.57848e-09
-2.33524e-11
2.58308e-09
-2.44471e-11
2.58789e-09
-2.55914e-11
2.59294e-09
-2.67869e-11
2.59823e-09
-2.80357e-11
2.60377e-09
-2.93395e-11
2.60957e-09
-3.07e-11
2.61565e-09
-3.21189e-11
2.62201e-09
-3.35979e-11
2.62869e-09
-3.51386e-11
2.63567e-09
-3.67423e-11
2.64298e-09
-3.84103e-11
2.65064e-09
-4.01436e-11
2.65866e-09
-4.19433e-11
2.66704e-09
-4.38097e-11
2.67583e-09
-4.57433e-11
2.68501e-09
-4.77438e-11
2.69462e-09
-4.98105e-11
2.70466e-09
-5.19423e-11
2.71517e-09
-5.41373e-11
2.72614e-09
-5.63927e-11
2.73761e-09
-5.8705e-11
2.74957e-09
-6.10693e-11
2.76206e-09
-6.348e-11
2.77507e-09
-6.59296e-11
2.78865e-09
-6.84094e-11
2.80277e-09
-7.09088e-11
2.81747e-09
-7.34158e-11
2.83272e-09
-7.59161e-11
2.84857e-09
-7.83936e-11
2.86496e-09
-8.08303e-11
2.88195e-09
-8.32064e-11
2.89946e-09
-8.55002e-11
2.91752e-09
-8.76888e-11
2.93607e-09
-8.97482e-11
2.95511e-09
-9.16541e-11
2.97456e-09
-9.33823e-11
2.99442e-09
-9.49095e-11
3.01458e-09
-9.62144e-11
3.03504e-09
-9.72781e-11
3.05566e-09
-9.80852e-11
3.07646e-09
-9.86242e-11
3.09727e-09
-9.8888e-11
3.11812e-09
-9.88739e-11
3.13884e-09
-9.85843e-11
3.15947e-09
-9.80251e-11
3.17982e-09
-9.72068e-11
3.19996e-09
-9.61426e-11
3.21971e-09
-9.48491e-11
3.23914e-09
-9.33446e-11
3.25808e-09
-9.16495e-11
3.27663e-09
-8.97844e-11
3.29461e-09
-8.77712e-11
3.31217e-09
-8.56313e-11
3.32909e-09
-8.3386e-11
3.34556e-09
-8.10558e-11
3.36136e-09
-7.86604e-11
3.37671e-09
-7.62181e-11
3.39137e-09
-7.37464e-11
3.4056e-09
-7.12609e-11
3.41913e-09
-6.87765e-11
3.43226e-09
-6.63059e-11
3.4447e-09
-6.38613e-11
3.45676e-09
-6.14524e-11
3.46816e-09
-5.9089e-11
3.47922e-09
-5.67781e-11
3.48963e-09
-5.45271e-11
3.49976e-09
-5.23408e-11
3.50926e-09
-5.02244e-11
3.51853e-09
-4.81807e-11
3.52718e-09
-4.62133e-11
3.53567e-09
-4.4323e-11
3.54357e-09
-4.25123e-11
3.55134e-09
-4.07801e-11
3.55855e-09
-3.91285e-11
3.5657e-09
-3.7555e-11
3.5723e-09
-3.6061e-11
3.57889e-09
-3.46431e-11
3.58495e-09
-3.33026e-11
3.59107e-09
-3.20347e-11
3.59667e-09
-3.08409e-11
3.60239e-09
-2.97144e-11
3.60762e-09
-2.86563e-11
3.61303e-09
-2.76567e-11
3.61796e-09
-2.67145e-11
3.62316e-09
-2.58149e-11
3.62787e-09
-2.49516e-11
3.63295e-09
-2.41024e-11
3.63753e-09
-2.3252e-11
3.64256e-09
-2.23685e-11
3.64705e-09
-2.14242e-11
3.65204e-09
-2.03766e-11
3.65641e-09
-1.91838e-11
3.66129e-09
-1.77947e-11
3.66541e-09
-1.61555e-11
3.66997e-09
-1.42129e-11
3.67354e-09
-1.19081e-11
3.67742e-09
-9.19554e-12
3.68002e-09
-6.02284e-12
3.6827e-09
-2.36518e-12
3.68378e-09
1.80727e-12
3.68465e-09
6.48625e-12
3.68361e-09
1.16728e-11
3.68206e-09
1.73234e-11
3.67832e-09
2.34088e-11
3.67382e-09
2.98562e-11
3.66696e-09
3.6612e-11
3.65914e-09
4.35845e-11
3.6489e-09
5.07056e-11
3.63757e-09
5.78762e-11
3.62389e-09
6.5023e-11
3.60908e-09
7.20508e-11
3.5921e-09
7.88891e-11
3.57402e-09
8.54548e-11
3.55404e-09
9.16873e-11
3.53306e-09
9.75212e-11
3.51053e-09
1.0291e-10
3.48714e-09
1.0781e-10
3.46257e-09
1.1219e-10
3.43732e-09
1.16029e-10
3.41129e-09
1.19313e-10
3.38476e-09
1.2204e-10
3.35783e-09
1.2421e-10
3.33058e-09
1.2584e-10
3.30328e-09
1.26942e-10
3.27583e-09
1.27544e-10
3.24864e-09
1.2767e-10
3.22144e-09
1.27355e-10
3.19476e-09
1.26629e-10
3.16818e-09
1.25532e-10
3.14233e-09
1.24097e-10
3.11666e-09
1.22365e-10
3.09187e-09
1.20369e-10
3.06733e-09
1.18152e-10
3.04378e-09
1.15743e-10
3.0205e-09
1.13182e-10
2.99828e-09
1.10497e-10
2.97635e-09
1.07724e-10
2.9555e-09
1.04888e-10
2.93493e-09
1.0202e-10
2.91545e-09
9.91415e-11
2.89622e-09
9.62784e-11
2.87805e-09
9.34492e-11
2.86011e-09
9.06751e-11
2.84317e-09
8.79709e-11
2.82642e-09
8.53535e-11
2.81062e-09
8.28343e-11
2.79494e-09
8.04259e-11
2.78016e-09
7.81368e-11
2.76544e-09
7.59759e-11
2.75155e-09
7.39486e-11
2.73766e-09
7.20609e-11
2.72452e-09
7.0314e-11
2.71144e-09
6.87177e-11
2.69864e-09
6.72381e-11
2.68615e-09
6.60414e-11
6.42982e-11
2.50002e-09
-2.14303e-13
2.5001e-09
-6.533e-13
2.50025e-09
-1.08674e-12
2.50048e-09
-1.5187e-12
2.50077e-09
-1.95e-12
2.50113e-09
-2.38127e-12
2.50157e-09
-2.81282e-12
2.50207e-09
-3.24493e-12
2.50264e-09
-3.67794e-12
2.50328e-09
-4.11225e-12
2.50399e-09
-4.54837e-12
2.50477e-09
-4.98686e-12
2.50561e-09
-5.42841e-12
2.50653e-09
-5.87377e-12
2.50751e-09
-6.32378e-12
2.50856e-09
-6.77936e-12
2.50968e-09
-7.24153e-12
2.51088e-09
-7.71135e-12
2.51214e-09
-8.18999e-12
2.51348e-09
-8.67866e-12
2.51489e-09
-9.17866e-12
2.51638e-09
-9.69134e-12
2.51795e-09
-1.02181e-11
2.5196e-09
-1.07605e-11
2.52133e-09
-1.13199e-11
2.52315e-09
-1.1898e-11
2.52505e-09
-1.24965e-11
2.52705e-09
-1.31171e-11
2.52915e-09
-1.37614e-11
2.53134e-09
-1.44313e-11
2.53364e-09
-1.51286e-11
2.53604e-09
-1.58552e-11
2.53856e-09
-1.66131e-11
2.5412e-09
-1.74043e-11
2.54396e-09
-1.82307e-11
2.54685e-09
-1.90945e-11
2.54989e-09
-1.99977e-11
2.55306e-09
-2.09424e-11
2.55638e-09
-2.19309e-11
2.55986e-09
-2.29654e-11
2.56351e-09
-2.4048e-11
2.56733e-09
-2.5181e-11
2.57134e-09
-2.63667e-11
2.57554e-09
-2.76075e-11
2.57994e-09
-2.89055e-11
2.58455e-09
-3.02631e-11
2.58939e-09
-3.16826e-11
2.59445e-09
-3.31663e-11
2.59977e-09
-3.47166e-11
2.60534e-09
-3.63356e-11
2.61118e-09
-3.80256e-11
2.6173e-09
-3.97888e-11
2.62372e-09
-4.16272e-11
2.63045e-09
-4.35429e-11
2.63751e-09
-4.55377e-11
2.6449e-09
-4.76134e-11
2.65266e-09
-4.97714e-11
2.66078e-09
-5.2013e-11
2.6693e-09
-5.43391e-11
2.67822e-09
-5.67502e-11
2.68758e-09
-5.92463e-11
2.69738e-09
-6.18268e-11
2.70766e-09
-6.44904e-11
2.7184e-09
-6.72349e-11
2.72968e-09
-7.0057e-11
2.74146e-09
-7.2952e-11
2.75381e-09
-7.59142e-11
2.76672e-09
-7.89355e-11
2.78023e-09
-8.20066e-11
2.79433e-09
-8.51153e-11
2.80907e-09
-8.82475e-11
2.82444e-09
-9.13861e-11
2.84046e-09
-9.45114e-11
2.85712e-09
-9.76005e-11
2.87445e-09
-1.00628e-10
2.89239e-09
-1.03565e-10
2.91099e-09
-1.06381e-10
2.93016e-09
-1.09042e-10
2.94992e-09
-1.11516e-10
2.97018e-09
-1.13766e-10
2.99093e-09
-1.15761e-10
3.01205e-09
-1.17468e-10
3.03353e-09
-1.18861e-10
3.05521e-09
-1.19916e-10
3.0771e-09
-1.20618e-10
3.09902e-09
-1.20956e-10
3.12096e-09
-1.20927e-10
3.14276e-09
-1.20535e-10
3.16441e-09
-1.19791e-10
3.18575e-09
-1.18709e-10
3.20681e-09
-1.1731e-10
3.2274e-09
-1.15617e-10
3.2476e-09
-1.13657e-10
3.26723e-09
-1.11459e-10
3.28639e-09
-1.09051e-10
3.30489e-09
-1.06463e-10
3.32288e-09
-1.03724e-10
3.34016e-09
-1.00863e-10
3.35691e-09
-9.79053e-11
3.37292e-09
-9.48773e-11
3.38841e-09
-9.1802e-11
3.40315e-09
-8.87014e-11
3.4174e-09
-8.55947e-11
3.4309e-09
-8.25e-11
3.44395e-09
-7.94326e-11
3.45627e-09
-7.64071e-11
3.46818e-09
-7.34347e-11
3.47939e-09
-7.05269e-11
3.49023e-09
-6.76915e-11
3.50041e-09
-6.49371e-11
3.51028e-09
-6.22685e-11
3.5195e-09
-5.96919e-11
3.52848e-09
-5.72096e-11
3.53685e-09
-5.48258e-11
3.54503e-09
-5.25404e-11
3.55262e-09
-5.03563e-11
3.56008e-09
-4.82715e-11
3.56698e-09
-4.62883e-11
3.57381e-09
-4.44032e-11
3.5801e-09
-4.26184e-11
3.58638e-09
-4.09292e-11
3.59214e-09
-3.93388e-11
3.59795e-09
-3.78416e-11
3.60328e-09
-3.64421e-11
3.60871e-09
-3.51337e-11
3.61369e-09
-3.39219e-11
3.61886e-09
-3.27978e-11
3.62361e-09
-3.17658e-11
3.62865e-09
-3.08119e-11
3.6333e-09
-2.9935e-11
3.63838e-09
-2.91114e-11
3.64308e-09
-2.83276e-11
3.64834e-09
-2.75458e-11
3.65324e-09
-2.67326e-11
3.65879e-09
-2.58319e-11
3.66393e-09
-2.47862e-11
3.66978e-09
-2.35218e-11
3.67507e-09
-2.19582e-11
3.68103e-09
-2.00126e-11
3.68616e-09
-1.75921e-11
3.69179e-09
-1.46212e-11
3.69622e-09
-1.10145e-11
3.70083e-09
-6.72618e-12
3.70379e-09
-1.70386e-12
3.70655e-09
4.0448e-12
3.7072e-09
1.05233e-11
3.70723e-09
1.76692e-11
3.70478e-09
2.54375e-11
3.70135e-09
3.37218e-11
3.6952e-09
4.24417e-11
3.68781e-09
5.14653e-11
3.67762e-09
6.06931e-11
3.66604e-09
6.99858e-11
3.65174e-09
7.92391e-11
3.63602e-09
8.83216e-11
3.61781e-09
9.71358e-11
3.59825e-09
1.0557e-10
3.57655e-09
1.13541e-10
3.55365e-09
1.20964e-10
3.52902e-09
1.27779e-10
3.50341e-09
1.3393e-10
3.47654e-09
1.39381e-10
3.44893e-09
1.44106e-10
3.42053e-09
1.48092e-10
3.39164e-09
1.51343e-10
3.36241e-09
1.53864e-10
3.33291e-09
1.55682e-10
3.30349e-09
1.56818e-10
3.27399e-09
1.57316e-10
3.24491e-09
1.57208e-10
3.21593e-09
1.56546e-10
3.18764e-09
1.5537e-10
3.15958e-09
1.53739e-10
3.13242e-09
1.51692e-10
3.10558e-09
1.4929e-10
3.0798e-09
1.46572e-10
3.05438e-09
1.43595e-10
3.03012e-09
1.40397e-10
3.00625e-09
1.37029e-10
2.98358e-09
1.33527e-10
2.96131e-09
1.29934e-10
2.94025e-09
1.26283e-10
2.91956e-09
1.2261e-10
2.90006e-09
1.18943e-10
2.8809e-09
1.15313e-10
2.86289e-09
1.11741e-10
2.84517e-09
1.08253e-10
2.82853e-09
1.04867e-10
2.81211e-09
1.01602e-10
2.79671e-09
9.84708e-11
2.78147e-09
9.54886e-11
2.76716e-09
9.26646e-11
2.75294e-09
9.00088e-11
2.73958e-09
8.75271e-11
2.72623e-09
8.52258e-11
2.71364e-09
8.31059e-11
2.70112e-09
8.11784e-11
2.68888e-09
7.94024e-11
2.67694e-09
7.79737e-11
7.59144e-11
2.50002e-09
-2.49398e-13
2.5001e-09
-7.60411e-13
2.50025e-09
-1.26479e-12
2.50048e-09
-1.76717e-12
2.50077e-09
-2.26839e-12
2.50113e-09
-2.76905e-12
2.50156e-09
-3.26944e-12
2.50206e-09
-3.76982e-12
2.50262e-09
-4.27052e-12
2.50326e-09
-4.77199e-12
2.50395e-09
-5.27478e-12
2.50472e-09
-5.77955e-12
2.50555e-09
-6.28708e-12
2.50644e-09
-6.79827e-12
2.5074e-09
-7.3141e-12
2.50843e-09
-7.83568e-12
2.50952e-09
-8.36419e-12
2.51068e-09
-8.90092e-12
2.5119e-09
-9.44724e-12
2.51319e-09
-1.00046e-11
2.51455e-09
-1.05745e-11
2.51599e-09
-1.11586e-11
2.51749e-09
-1.17585e-11
2.51907e-09
-1.2376e-11
2.52073e-09
-1.30129e-11
2.52246e-09
-1.36711e-11
2.52428e-09
-1.43525e-11
2.52618e-09
-1.5059e-11
2.52817e-09
-1.57929e-11
2.53026e-09
-1.65561e-11
2.53244e-09
-1.73508e-11
2.53472e-09
-1.81793e-11
2.53711e-09
-1.90439e-11
2.5396e-09
-1.99468e-11
2.54222e-09
-2.08906e-11
2.54495e-09
-2.18775e-11
2.54782e-09
-2.29101e-11
2.55081e-09
-2.39909e-11
2.55396e-09
-2.51225e-11
2.55724e-09
-2.63075e-11
2.5607e-09
-2.75485e-11
2.5643e-09
-2.88482e-11
2.5681e-09
-3.02093e-11
2.57206e-09
-3.16346e-11
2.57623e-09
-3.31268e-11
2.58059e-09
-3.46887e-11
2.58518e-09
-3.63231e-11
2.58997e-09
-3.80328e-11
2.59502e-09
-3.98206e-11
2.6003e-09
-4.16894e-11
2.60586e-09
-4.3642e-11
2.61168e-09
-4.56812e-11
2.6178e-09
-4.78097e-11
2.62421e-09
-5.00302e-11
2.63095e-09
-5.23454e-11
2.63802e-09
-5.47577e-11
2.64545e-09
-5.72696e-11
2.65323e-09
-5.98832e-11
2.66142e-09
-6.26004e-11
2.67001e-09
-6.54228e-11
2.67904e-09
-6.83515e-11
2.68851e-09
-7.13871e-11
2.69847e-09
-7.45293e-11
2.70892e-09
-7.77772e-11
2.71992e-09
-8.11286e-11
2.73145e-09
-8.45798e-11
2.74358e-09
-8.81258e-11
2.7563e-09
-9.17592e-11
2.76968e-09
-9.54705e-11
2.78371e-09
-9.92472e-11
2.79845e-09
-1.03074e-10
2.81388e-09
-1.06931e-10
2.83008e-09
-1.10796e-10
2.84701e-09
-1.1464e-10
2.86472e-09
-1.18432e-10
2.88317e-09
-1.22135e-10
2.9024e-09
-1.25707e-10
2.92235e-09
-1.29103e-10
2.94301e-09
-1.32276e-10
2.96429e-09
-1.35177e-10
2.98619e-09
-1.37757e-10
3.00856e-09
-1.39971e-10
3.03137e-09
-1.41777e-10
3.05446e-09
-1.43144e-10
3.07778e-09
-1.44046e-10
3.10115e-09
-1.44471e-10
3.12453e-09
-1.44416e-10
3.14773e-09
-1.43888e-10
3.17073e-09
-1.42904e-10
3.19334e-09
-1.41487e-10
3.21559e-09
-1.39666e-10
3.23728e-09
-1.37478e-10
3.25847e-09
-1.34958e-10
3.27898e-09
-1.32147e-10
3.2989e-09
-1.29083e-10
3.31805e-09
-1.25807e-10
3.33658e-09
-1.22357e-10
3.35429e-09
-1.18769e-10
3.37136e-09
-1.15079e-10
3.3876e-09
-1.11318e-10
3.40322e-09
-1.07516e-10
3.418e-09
-1.03699e-10
3.43221e-09
-9.9891e-11
3.44561e-09
-9.61135e-11
3.45848e-09
-9.23843e-11
3.47057e-09
-8.87203e-11
3.4822e-09
-8.51343e-11
3.49308e-09
-8.16389e-11
3.50357e-09
-7.82427e-11
3.51336e-09
-7.49545e-11
3.52281e-09
-7.17795e-11
3.53161e-09
-6.87236e-11
3.54013e-09
-6.57886e-11
3.54805e-09
-6.29781e-11
3.55576e-09
-6.02915e-11
3.56289e-09
-5.77305e-11
3.56988e-09
-5.52925e-11
3.57632e-09
-5.29783e-11
3.58268e-09
-5.07841e-11
3.58852e-09
-4.87107e-11
3.59433e-09
-4.67536e-11
3.59966e-09
-4.49155e-11
3.60501e-09
-4.31922e-11
3.6099e-09
-4.15897e-11
3.61488e-09
-4.01047e-11
3.61945e-09
-3.87478e-11
3.62419e-09
-3.75158e-11
3.62857e-09
-3.64216e-11
3.63326e-09
-3.54581e-11
3.63766e-09
-3.46346e-11
3.64253e-09
-3.39323e-11
3.6472e-09
-3.33457e-11
3.65256e-09
-3.28344e-11
3.65778e-09
-3.2364e-11
3.66389e-09
-3.1863e-11
3.66987e-09
-3.12565e-11
3.67689e-09
-3.04381e-11
3.68366e-09
-2.92907e-11
3.69146e-09
-2.76825e-11
3.69872e-09
-2.54682e-11
3.70678e-09
-2.25167e-11
3.71382e-09
-1.86894e-11
3.72121e-09
-1.38981e-11
3.72693e-09
-8.05539e-12
3.73243e-09
-1.16001e-12
3.73559e-09
6.7873e-12
3.73793e-09
1.56968e-11
3.73739e-09
2.54923e-11
3.73554e-09
3.60183e-11
3.73047e-09
4.71498e-11
3.72375e-09
5.86989e-11
3.7137e-09
7.05188e-11
3.70184e-09
8.24165e-11
3.68674e-09
9.42441e-11
3.66984e-09
1.05824e-10
3.65e-09
1.17021e-10
3.62849e-09
1.27689e-10
3.60449e-09
1.37716e-10
3.57905e-09
1.46994e-10
3.55167e-09
1.55446e-10
3.52315e-09
1.63004e-10
3.49328e-09
1.69626e-10
3.46259e-09
1.75288e-10
3.43115e-09
1.79978e-10
3.39921e-09
1.8371e-10
3.36706e-09
1.86501e-10
3.33471e-09
1.88392e-10
3.3026e-09
1.8942e-10
3.27056e-09
1.89646e-10
3.23915e-09
1.89122e-10
3.20798e-09
1.87918e-10
3.17775e-09
1.86091e-10
3.14791e-09
1.83717e-10
3.11921e-09
1.80854e-10
3.09099e-09
1.77576e-10
3.06407e-09
1.73938e-10
3.03766e-09
1.7001e-10
3.01262e-09
1.65841e-10
2.98811e-09
1.61493e-10
2.965e-09
1.5701e-10
2.9424e-09
1.52447e-10
2.92118e-09
1.4784e-10
2.90044e-09
1.43235e-10
2.88103e-09
1.38662e-10
2.86204e-09
1.34158e-10
2.8443e-09
1.29749e-10
2.82693e-09
1.25464e-10
2.81072e-09
1.21322e-10
2.7948e-09
1.17344e-10
2.77995e-09
1.13546e-10
2.76531e-09
1.09944e-10
2.75163e-09
1.06547e-10
2.73808e-09
1.03366e-10
2.72541e-09
1.00407e-10
2.71277e-09
9.76769e-11
2.7009e-09
9.5175e-11
2.6891e-09
9.29135e-11
2.67758e-09
9.08446e-11
2.66636e-09
8.9191e-11
8.68377e-11
2.50002e-09
-2.84669e-13
2.5001e-09
-8.67933e-13
2.50026e-09
-1.44346e-12
2.50048e-09
-2.01628e-12
2.50077e-09
-2.58719e-12
2.50113e-09
-3.15667e-12
2.50156e-09
-3.72496e-12
2.50206e-09
-4.29226e-12
2.50262e-09
-4.85889e-12
2.50324e-09
-5.4253e-12
2.50393e-09
-5.9921e-12
2.50469e-09
-6.56005e-12
2.5055e-09
-7.13005e-12
2.50637e-09
-7.70313e-12
2.50731e-09
-8.28046e-12
2.50831e-09
-8.86332e-12
2.50936e-09
-9.45312e-12
2.51048e-09
-1.00513e-11
2.51166e-09
-1.06596e-11
2.5129e-09
-1.12796e-11
2.51421e-09
-1.19131e-11
2.51558e-09
-1.2562e-11
2.51701e-09
-1.32281e-11
2.51851e-09
-1.39136e-11
2.52009e-09
-1.46206e-11
2.52173e-09
-1.53511e-11
2.52344e-09
-1.61074e-11
2.52524e-09
-1.68918e-11
2.52711e-09
-1.77068e-11
2.52907e-09
-1.85547e-11
2.53111e-09
-1.9438e-11
2.53325e-09
-2.03593e-11
2.53549e-09
-2.13213e-11
2.53782e-09
-2.23265e-11
2.54026e-09
-2.33779e-11
2.54281e-09
-2.44782e-11
2.54549e-09
-2.56302e-11
2.54828e-09
-2.68369e-11
2.55121e-09
-2.81013e-11
2.55428e-09
-2.94263e-11
2.55749e-09
-3.08151e-11
2.56086e-09
-3.22708e-11
2.56439e-09
-3.37964e-11
2.56809e-09
-3.53953e-11
2.57198e-09
-3.70706e-11
2.57606e-09
-3.88257e-11
2.58034e-09
-4.06638e-11
2.58483e-09
-4.25883e-11
2.58955e-09
-4.46026e-11
2.5945e-09
-4.67102e-11
2.59972e-09
-4.89143e-11
2.60518e-09
-5.12187e-11
2.61094e-09
-5.36266e-11
2.61697e-09
-5.61418e-11
2.62333e-09
-5.87675e-11
2.63e-09
-6.15075e-11
2.63703e-09
-6.4365e-11
2.64441e-09
-6.73436e-11
2.65218e-09
-7.04463e-11
2.66035e-09
-7.36764e-11
2.66896e-09
-7.70363e-11
2.67802e-09
-8.05287e-11
2.68757e-09
-8.41551e-11
2.69761e-09
-8.79166e-11
2.70822e-09
-9.18132e-11
2.71939e-09
-9.58434e-11
2.73119e-09
-1.00004e-10
2.74362e-09
-1.0429e-10
2.75676e-09
-1.08694e-10
2.77061e-09
-1.13204e-10
2.78526e-09
-1.17804e-10
2.8007e-09
-1.22476e-10
2.81701e-09
-1.27193e-10
2.83418e-09
-1.31922e-10
2.85228e-09
-1.36627e-10
2.87129e-09
-1.41259e-10
2.89126e-09
-1.45765e-10
2.91212e-09
-1.50083e-10
2.93389e-09
-1.54146e-10
2.95648e-09
-1.57883e-10
2.97984e-09
-1.61223e-10
3.00384e-09
-1.64095e-10
3.0284e-09
-1.6644e-10
3.05332e-09
-1.68206e-10
3.07853e-09
-1.69361e-10
3.1038e-09
-1.69886e-10
3.12906e-09
-1.69781e-10
3.15408e-09
-1.6906e-10
3.17881e-09
-1.6775e-10
3.20305e-09
-1.65886e-10
3.22679e-09
-1.63513e-10
3.24982e-09
-1.60681e-10
3.27219e-09
-1.57442e-10
3.29372e-09
-1.53851e-10
3.31448e-09
-1.49961e-10
3.33431e-09
-1.45826e-10
3.35335e-09
-1.41497e-10
3.3714e-09
-1.37022e-10
3.38866e-09
-1.32446e-10
3.40495e-09
-1.27809e-10
3.42049e-09
-1.23148e-10
3.43507e-09
-1.18497e-10
3.44897e-09
-1.13882e-10
3.46198e-09
-1.0933e-10
3.47437e-09
-1.04861e-10
3.48592e-09
-1.00493e-10
3.49695e-09
-9.62411e-11
3.50721e-09
-9.2117e-11
3.51703e-09
-8.81296e-11
3.52614e-09
-8.42874e-11
3.53489e-09
-8.05944e-11
3.54299e-09
-7.70555e-11
3.55082e-09
-7.3671e-11
3.55805e-09
-7.0443e-11
3.56508e-09
-6.73689e-11
3.57157e-09
-6.44488e-11
3.57791e-09
-6.16778e-11
3.58375e-09
-5.90547e-11
3.5895e-09
-5.65732e-11
3.59478e-09
-5.42321e-11
3.60003e-09
-5.20247e-11
3.60483e-09
-4.99527e-11
3.60963e-09
-4.80109e-11
3.61401e-09
-4.62078e-11
3.61845e-09
-4.4543e-11
3.6225e-09
-4.30358e-11
3.62669e-09
-4.16912e-11
3.63056e-09
-4.05392e-11
3.63471e-09
-3.9586e-11
3.63866e-09
-3.88632e-11
3.64313e-09
-3.83666e-11
3.64757e-09
-3.81118e-11
3.65284e-09
-3.80655e-11
3.65827e-09
-3.82016e-11
3.66488e-09
-3.84374e-11
3.6718e-09
-3.86789e-11
3.6802e-09
-3.87796e-11
3.68887e-09
-3.85656e-11
3.6991e-09
-3.78321e-11
3.70929e-09
-3.63407e-11
3.72076e-09
-3.38685e-11
3.73151e-09
-3.01746e-11
3.7429e-09
-2.51015e-11
3.75261e-09
-1.84955e-11
3.76207e-09
-1.03389e-11
3.76882e-09
-6.39526e-13
3.77445e-09
1.0449e-11
3.77659e-09
2.27968e-11
3.77693e-09
3.61632e-11
3.77331e-09
5.03561e-11
3.76748e-09
6.51023e-11
3.75756e-09
8.019e-11
3.74527e-09
9.53517e-11
3.72905e-09
1.10382e-10
3.71051e-09
1.25043e-10
3.68846e-09
1.39154e-10
3.66431e-09
1.52522e-10
3.63726e-09
1.65002e-10
3.60846e-09
1.76458e-10
3.57746e-09
1.86792e-10
3.54516e-09
1.95928e-10
3.51141e-09
2.03818e-10
3.47681e-09
2.10444e-10
3.4415e-09
2.15802e-10
3.40576e-09
2.19925e-10
3.36997e-09
2.22844e-10
3.33412e-09
2.24628e-10
3.29878e-09
2.25335e-10
3.26367e-09
2.25054e-10
3.22949e-09
2.23857e-10
3.19577e-09
2.21846e-10
3.16331e-09
2.19097e-10
3.13144e-09
2.15712e-10
3.10103e-09
2.11765e-10
3.07131e-09
2.07353e-10
3.04317e-09
2.02545e-10
3.01573e-09
1.97429e-10
2.98993e-09
1.92064e-10
2.96483e-09
1.86528e-10
2.94135e-09
1.80871e-10
2.91853e-09
1.75158e-10
2.89728e-09
1.69432e-10
2.87662e-09
1.63746e-10
2.85745e-09
1.58134e-10
2.83881e-09
1.52638e-10
2.82154e-09
1.47286e-10
2.80471e-09
1.42109e-10
2.78914e-09
1.3713e-10
2.77392e-09
1.32371e-10
2.75983e-09
1.27848e-10
2.746e-09
1.23576e-10
2.73318e-09
1.19568e-10
2.72051e-09
1.15832e-10
2.70874e-09
1.12375e-10
2.69702e-09
1.09202e-10
2.68607e-09
1.06313e-10
2.67521e-09
1.03718e-10
2.6646e-09
1.01365e-10
2.65429e-09
9.94987e-11
9.68836e-11
2.50002e-09
-3.20401e-13
2.50011e-09
-9.76953e-13
2.50026e-09
-1.62455e-12
2.50049e-09
-2.26851e-12
2.50078e-09
-2.90938e-12
2.50115e-09
-3.54753e-12
2.50158e-09
-4.18301e-12
2.50208e-09
-4.81596e-12
2.50264e-09
-5.44667e-12
2.50326e-09
-6.0756e-12
2.50394e-09
-6.70342e-12
2.50469e-09
-7.331e-12
2.50549e-09
-7.95938e-12
2.50634e-09
-8.58977e-12
2.50726e-09
-9.22352e-12
2.50823e-09
-9.86216e-12
2.50925e-09
-1.05073e-11
2.51033e-09
-1.11607e-11
2.51146e-09
-1.18242e-11
2.51265e-09
-1.24998e-11
2.51389e-09
-1.31895e-11
2.51519e-09
-1.38954e-11
2.51654e-09
-1.46198e-11
2.51796e-09
-1.5365e-11
2.51944e-09
-1.61334e-11
2.52097e-09
-1.69274e-11
2.52258e-09
-1.77495e-11
2.52425e-09
-1.86024e-11
2.52599e-09
-1.94889e-11
2.52781e-09
-2.04115e-11
2.5297e-09
-2.13732e-11
2.53167e-09
-2.23769e-11
2.53374e-09
-2.34256e-11
2.53588e-09
-2.45224e-11
2.53813e-09
-2.56703e-11
2.54048e-09
-2.68726e-11
2.54293e-09
-2.81325e-11
2.5455e-09
-2.94533e-11
2.54819e-09
-3.08385e-11
2.551e-09
-3.22914e-11
2.55395e-09
-3.38157e-11
2.55703e-09
-3.54147e-11
2.56028e-09
-3.70922e-11
2.56367e-09
-3.88519e-11
2.56725e-09
-4.06973e-11
2.57099e-09
-4.26324e-11
2.57493e-09
-4.4661e-11
2.57906e-09
-4.67869e-11
2.58342e-09
-4.90141e-11
2.58798e-09
-5.13467e-11
2.5928e-09
-5.37888e-11
2.59785e-09
-5.63445e-11
2.60318e-09
-5.90181e-11
2.60878e-09
-6.1814e-11
2.61468e-09
-6.47367e-11
2.62089e-09
-6.77908e-11
2.62743e-09
-7.0981e-11
2.63432e-09
-7.43121e-11
2.6416e-09
-7.77889e-11
2.64925e-09
-8.14164e-11
2.65734e-09
-8.51994e-11
2.66587e-09
-8.91428e-11
2.67489e-09
-9.32509e-11
2.68441e-09
-9.7528e-11
2.6945e-09
-1.01977e-10
2.70516e-09
-1.06602e-10
2.71648e-09
-1.11401e-10
2.72846e-09
-1.16376e-10
2.74121e-09
-1.21521e-10
2.75473e-09
-1.26829e-10
2.76913e-09
-1.32288e-10
2.78443e-09
-1.37881e-10
2.80074e-09
-1.43582e-10
2.81806e-09
-1.49357e-10
2.83651e-09
-1.55163e-10
2.85608e-09
-1.60942e-10
2.87685e-09
-1.66627e-10
2.89879e-09
-1.72135e-10
2.92192e-09
-1.7737e-10
2.94614e-09
-1.82226e-10
2.97141e-09
-1.86592e-10
2.99755e-09
-1.90357e-10
3.02443e-09
-1.93424e-10
3.0518e-09
-1.95713e-10
3.07951e-09
-1.97175e-10
3.10726e-09
-1.97785e-10
3.13492e-09
-1.97548e-10
3.1622e-09
-1.96491e-10
3.189e-09
-1.94659e-10
3.21507e-09
-1.92113e-10
3.24036e-09
-1.88925e-10
3.26469e-09
-1.85174e-10
3.28808e-09
-1.80941e-10
3.31035e-09
-1.76305e-10
3.33163e-09
-1.71345e-10
3.35175e-09
-1.66133e-10
3.37088e-09
-1.60735e-10
3.38887e-09
-1.55214e-10
3.40595e-09
-1.49624e-10
3.42195e-09
-1.44011e-10
3.43712e-09
-1.38419e-10
3.45129e-09
-1.32883e-10
3.46475e-09
-1.27432e-10
3.4773e-09
-1.22093e-10
3.48924e-09
-1.16886e-10
3.50036e-09
-1.11828e-10
3.51098e-09
-1.06931e-10
3.52085e-09
-1.02208e-10
3.53032e-09
-9.76633e-11
3.53912e-09
-9.33045e-11
3.5476e-09
-8.91332e-11
3.55547e-09
-8.51518e-11
3.56311e-09
-8.13586e-11
3.57019e-09
-7.77531e-11
3.57711e-09
-7.43306e-11
3.58352e-09
-7.10881e-11
3.58982e-09
-6.80186e-11
3.59565e-09
-6.5117e-11
3.60142e-09
-6.23742e-11
3.60674e-09
-5.9784e-11
3.61203e-09
-5.73365e-11
3.61688e-09
-5.50272e-11
3.6217e-09
-5.28493e-11
3.62609e-09
-5.08086e-11
3.63046e-09
-4.89097e-11
3.63441e-09
-4.71801e-11
3.63837e-09
-4.56428e-11
3.64199e-09
-4.4351e-11
3.64577e-09
-4.3341e-11
3.64938e-09
-4.26815e-11
3.65345e-09
-4.24048e-11
3.65763e-09
-4.25687e-11
3.66276e-09
-4.31683e-11
3.66839e-09
-4.42063e-11
3.67558e-09
-4.56e-11
3.68365e-09
-4.72456e-11
3.69384e-09
-4.89434e-11
3.70507e-09
-5.04416e-11
3.71869e-09
-5.14088e-11
3.73302e-09
-5.14467e-11
3.74937e-09
-5.01475e-11
3.76541e-09
-4.70878e-11
3.78243e-09
-4.19723e-11
3.79761e-09
-3.45681e-11
3.81238e-09
-2.48503e-11
3.82377e-09
-1.28458e-11
3.83343e-09
1.1802e-12
3.83859e-09
1.69693e-11
3.84112e-09
3.4146e-11
3.83859e-09
5.24013e-11
3.83297e-09
7.13436e-11
3.82221e-09
9.06655e-11
3.80826e-09
1.10004e-10
3.78948e-09
1.29079e-10
3.76769e-09
1.47578e-10
3.74169e-09
1.65263e-10
3.71307e-09
1.81885e-10
3.68109e-09
1.97264e-10
3.64705e-09
2.11229e-10
3.61059e-09
2.23667e-10
3.5727e-09
2.34492e-10
3.53338e-09
2.43662e-10
3.49325e-09
2.51171e-10
3.45262e-09
2.57038e-10
3.41173e-09
2.61322e-10
3.37112e-09
2.64087e-10
3.33071e-09
2.65438e-10
3.29122e-09
2.65467e-10
3.25228e-09
2.64301e-10
3.21471e-09
2.62048e-10
3.17792e-09
2.58841e-10
3.14282e-09
2.54788e-10
3.10862e-09
2.50017e-10
3.0763e-09
2.4463e-10
3.04493e-09
2.38744e-10
3.01552e-09
2.32447e-10
2.98706e-09
2.25844e-10
2.96056e-09
2.19009e-10
2.93495e-09
2.1203e-10
2.91125e-09
2.04967e-10
2.88836e-09
1.97895e-10
2.86728e-09
1.90861e-10
2.84692e-09
1.83925e-10
2.82823e-09
1.77123e-10
2.81017e-09
1.70503e-10
2.79362e-09
1.64092e-10
2.7776e-09
1.57924e-10
2.76294e-09
1.52023e-10
2.74868e-09
1.4641e-10
2.73563e-09
1.41103e-10
2.72287e-09
1.36116e-10
2.71117e-09
1.3146e-10
2.69965e-09
1.27142e-10
2.68904e-09
1.2317e-10
2.67849e-09
1.19545e-10
2.66873e-09
1.16267e-10
2.65903e-09
1.13347e-10
2.64959e-09
1.10723e-10
2.64041e-09
1.08663e-10
1.05828e-10
2.50002e-09
-3.573e-13
2.50011e-09
-1.08938e-12
2.50027e-09
-1.81117e-12
2.50051e-09
-2.52795e-12
2.50081e-09
-3.23993e-12
2.50118e-09
-3.94714e-12
2.50162e-09
-4.64949e-12
2.50213e-09
-5.34699e-12
2.50269e-09
-6.03988e-12
2.50332e-09
-6.72868e-12
2.504e-09
-7.41416e-12
2.50474e-09
-8.0973e-12
2.50553e-09
-8.77935e-12
2.50638e-09
-9.46173e-12
2.50727e-09
-1.0146e-11
2.50821e-09
-1.08341e-11
2.5092e-09
-1.15277e-11
2.51024e-09
-1.22289e-11
2.51132e-09
-1.294e-11
2.51245e-09
-1.3663e-11
2.51363e-09
-1.44004e-11
2.51485e-09
-1.51546e-11
2.51612e-09
-1.59281e-11
2.51745e-09
-1.67234e-11
2.51882e-09
-1.75434e-11
2.52025e-09
-1.83907e-11
2.52173e-09
-1.92682e-11
2.52326e-09
-2.01788e-11
2.52486e-09
-2.11256e-11
2.52652e-09
-2.21116e-11
2.52824e-09
-2.31401e-11
2.53004e-09
-2.42144e-11
2.53191e-09
-2.53377e-11
2.53385e-09
-2.65134e-11
2.53588e-09
-2.77453e-11
2.53799e-09
-2.90366e-11
2.54021e-09
-3.03913e-11
2.54251e-09
-3.18129e-11
2.54493e-09
-3.33053e-11
2.54746e-09
-3.48723e-11
2.55011e-09
-3.6518e-11
2.55289e-09
-3.82462e-11
2.5558e-09
-4.00611e-11
2.55886e-09
-4.19668e-11
2.56207e-09
-4.39675e-11
2.56544e-09
-4.60675e-11
2.569e-09
-4.82712e-11
2.57273e-09
-5.05828e-11
2.57667e-09
-5.3007e-11
2.5808e-09
-5.55484e-11
2.58516e-09
-5.82117e-11
2.58975e-09
-6.10018e-11
2.59459e-09
-6.39236e-11
2.59968e-09
-6.69826e-11
2.60507e-09
-7.0184e-11
2.61073e-09
-7.35337e-11
2.61672e-09
-7.70375e-11
2.62303e-09
-8.07021e-11
2.62971e-09
-8.45338e-11
2.63675e-09
-8.85401e-11
2.64421e-09
-9.2728e-11
2.65209e-09
-9.71058e-11
2.66044e-09
-1.01681e-10
2.66929e-09
-1.06463e-10
2.67869e-09
-1.11459e-10
2.68868e-09
-1.16677e-10
2.69932e-09
-1.22125e-10
2.71066e-09
-1.27809e-10
2.72279e-09
-1.33733e-10
2.73576e-09
-1.39897e-10
2.74969e-09
-1.46297e-10
2.76462e-09
-1.52923e-10
2.78071e-09
-1.59755e-10
2.79801e-09
-1.66762e-10
2.81666e-09
-1.73898e-10
2.83671e-09
-1.81099e-10
2.85827e-09
-1.88281e-10
2.88136e-09
-1.95335e-10
2.90603e-09
-2.02129e-10
2.93219e-09
-2.08505e-10
2.95979e-09
-2.14288e-10
2.9886e-09
-2.1929e-10
3.01841e-09
-2.23339e-10
3.04886e-09
-2.26294e-10
3.07965e-09
-2.28075e-10
3.11039e-09
-2.28659e-10
3.1408e-09
-2.28075e-10
3.17055e-09
-2.26391e-10
3.19949e-09
-2.23709e-10
3.22737e-09
-2.20151e-10
3.25418e-09
-2.1585e-10
3.27977e-09
-2.10936e-10
3.30425e-09
-2.0553e-10
3.32751e-09
-1.99742e-10
3.34972e-09
-1.93669e-10
3.3708e-09
-1.87394e-10
3.39094e-09
-1.8099e-10
3.41005e-09
-1.74516e-10
3.42834e-09
-1.68025e-10
3.44568e-09
-1.61559e-10
3.46232e-09
-1.55155e-10
3.47807e-09
-1.48845e-10
3.4932e-09
-1.42654e-10
3.5075e-09
-1.36607e-10
3.52125e-09
-1.30721e-10
3.53423e-09
-1.25013e-10
3.54671e-09
-1.19494e-10
3.55847e-09
-1.14175e-10
3.5698e-09
-1.09063e-10
3.58045e-09
-1.04164e-10
3.59073e-09
-9.94797e-11
3.60038e-09
-9.50122e-11
3.60973e-09
-9.07588e-11
3.61848e-09
-8.67196e-11
3.62698e-09
-8.28881e-11
3.63494e-09
-7.92606e-11
3.6427e-09
-7.58272e-11
3.64994e-09
-7.25802e-11
3.65703e-09
-6.95059e-11
3.66361e-09
-6.65918e-11
3.67006e-09
-6.38207e-11
3.67599e-09
-6.11771e-11
3.68176e-09
-5.86435e-11
3.68697e-09
-5.6215e-11
3.69194e-09
-5.38952e-11
3.69631e-09
-5.17218e-11
3.70041e-09
-4.97401e-11
3.70396e-09
-4.80424e-11
3.70734e-09
-4.67121e-11
3.71039e-09
-4.58867e-11
3.71365e-09
-4.5664e-11
3.71706e-09
-4.61901e-11
3.72142e-09
-4.75232e-11
3.72664e-09
-4.97424e-11
3.73384e-09
-5.2798e-11
3.74274e-09
-5.66106e-11
3.75472e-09
-6.09266e-11
3.76901e-09
-6.53969e-11
3.78707e-09
-6.94761e-11
3.80721e-09
-7.24659e-11
3.83062e-09
-7.35606e-11
3.85446e-09
-7.19471e-11
3.87962e-09
-6.70476e-11
3.90252e-09
-5.85116e-11
3.92429e-09
-4.63903e-11
3.94139e-09
-3.08917e-11
3.95547e-09
-1.24934e-11
3.96336e-09
8.313e-12
3.96714e-09
3.09281e-11
3.96413e-09
5.48651e-11
3.95661e-09
7.95652e-11
3.94238e-09
1.0459e-10
3.92372e-09
1.29454e-10
3.89894e-09
1.53782e-10
3.87018e-09
1.77169e-10
3.83629e-09
1.99305e-10
3.79915e-09
2.19879e-10
3.7581e-09
2.38662e-10
3.71469e-09
2.55454e-10
3.66874e-09
2.70128e-10
3.62139e-09
2.82605e-10
3.57283e-09
2.9286e-10
3.52375e-09
3.00925e-10
3.47464e-09
3.06861e-10
3.42574e-09
3.10781e-10
3.37777e-09
3.12803e-10
3.33056e-09
3.13091e-10
3.28497e-09
3.1179e-10
3.2405e-09
3.09084e-10
3.19813e-09
3.05125e-10
3.15707e-09
3.00094e-10
3.11838e-09
2.94135e-10
3.08107e-09
2.87413e-10
3.04624e-09
2.80055e-10
3.01277e-09
2.72205e-10
2.98178e-09
2.63969e-10
2.95207e-09
2.5547e-10
2.92475e-09
2.46792e-10
2.8986e-09
2.38036e-10
2.8747e-09
2.29269e-10
2.85184e-09
2.20572e-10
2.83105e-09
2.11996e-10
2.81116e-09
2.03602e-10
2.79314e-09
1.95432e-10
2.77589e-09
1.8753e-10
2.7603e-09
1.79927e-10
2.74534e-09
1.72655e-10
2.73184e-09
1.65736e-10
2.71882e-09
1.59192e-10
2.70708e-09
1.53037e-10
2.69567e-09
1.47284e-10
2.68537e-09
1.41943e-10
2.67526e-09
1.37019e-10
2.66609e-09
1.32516e-10
2.65699e-09
1.28435e-10
2.64867e-09
1.24773e-10
2.6404e-09
1.21538e-10
2.63238e-09
1.18665e-10
2.62459e-09
1.16433e-10
1.13433e-10
2.50003e-09
-3.96166e-13
2.50012e-09
-1.208e-12
2.50029e-09
-2.00793e-12
2.50054e-09
-2.80086e-12
2.50086e-09
-3.58631e-12
2.50125e-09
-4.3639e-12
2.50171e-09
-5.13325e-12
2.50223e-09
-5.89431e-12
2.50281e-09
-6.64732e-12
2.50345e-09
-7.39292e-12
2.50414e-09
-8.13202e-12
2.50488e-09
-8.86588e-12
2.50567e-09
-9.596e-12
2.5065e-09
-1.03241e-11
2.50737e-09
-1.10521e-11
2.50829e-09
-1.17822e-11
2.50925e-09
-1.25165e-11
2.51025e-09
-1.32574e-11
2.51128e-09
-1.40073e-11
2.51236e-09
-1.47689e-11
2.51347e-09
-1.55447e-11
2.51462e-09
-1.63374e-11
2.5158e-09
-1.71499e-11
2.51703e-09
-1.7985e-11
2.51829e-09
-1.88457e-11
2.5196e-09
-1.97351e-11
2.52095e-09
-2.06565e-11
2.52234e-09
-2.16129e-11
2.52379e-09
-2.26078e-11
2.52528e-09
-2.36445e-11
2.52682e-09
-2.47268e-11
2.52842e-09
-2.58581e-11
2.53009e-09
-2.70422e-11
2.53181e-09
-2.82828e-11
2.5336e-09
-2.95841e-11
2.53546e-09
-3.09497e-11
2.53741e-09
-3.2384e-11
2.53944e-09
-3.38909e-11
2.54156e-09
-3.54749e-11
2.54377e-09
-3.71401e-11
2.54609e-09
-3.8891e-11
2.54852e-09
-4.07319e-11
2.55108e-09
-4.26676e-11
2.55375e-09
-4.47025e-11
2.55657e-09
-4.68414e-11
2.55953e-09
-4.90889e-11
2.56265e-09
-5.14499e-11
2.56593e-09
-5.39294e-11
2.5694e-09
-5.65322e-11
2.57304e-09
-5.92636e-11
2.5769e-09
-6.21289e-11
2.58096e-09
-6.51334e-11
2.58526e-09
-6.82829e-11
2.58979e-09
-7.15835e-11
2.59458e-09
-7.50412e-11
2.59963e-09
-7.86631e-11
2.60499e-09
-8.24561e-11
2.61063e-09
-8.64283e-11
2.61662e-09
-9.05879e-11
2.62294e-09
-9.49446e-11
2.62966e-09
-9.95081e-11
2.63675e-09
-1.0429e-10
2.6443e-09
-1.09302e-10
2.65231e-09
-1.14559e-10
2.66085e-09
-1.20073e-10
2.66994e-09
-1.25862e-10
2.67968e-09
-1.3194e-10
2.6901e-09
-1.38324e-10
2.70131e-09
-1.45031e-10
2.71339e-09
-1.52074e-10
2.72648e-09
-1.59465e-10
2.74066e-09
-1.67209e-10
2.75613e-09
-1.75303e-10
2.77299e-09
-1.83728e-10
2.79145e-09
-1.92449e-10
2.81165e-09
-2.014e-10
2.83376e-09
-2.1048e-10
2.85786e-09
-2.19547e-10
2.88405e-09
-2.28409e-10
2.91227e-09
-2.36835e-10
2.94243e-09
-2.44551e-10
2.97428e-09
-2.5125e-10
3.00746e-09
-2.56623e-10
3.04148e-09
-2.60444e-10
3.07594e-09
-2.62635e-10
3.11038e-09
-2.63245e-10
3.14458e-09
-2.62389e-10
3.17826e-09
-2.60223e-10
3.21136e-09
-2.56926e-10
3.24373e-09
-2.52681e-10
3.27542e-09
-2.47653e-10
3.3063e-09
-2.41986e-10
3.33645e-09
-2.358e-10
3.36574e-09
-2.29198e-10
3.39422e-09
-2.22269e-10
3.42174e-09
-2.15089e-10
3.44836e-09
-2.07726e-10
3.47389e-09
-2.00241e-10
3.49845e-09
-1.92689e-10
3.52181e-09
-1.85121e-10
3.54413e-09
-1.77581e-10
3.5652e-09
-1.70112e-10
3.5852e-09
-1.62753e-10
3.60393e-09
-1.55537e-10
3.62162e-09
-1.48496e-10
3.63806e-09
-1.41655e-10
3.65352e-09
-1.35035e-10
3.6678e-09
-1.28655e-10
3.68119e-09
-1.22527e-10
3.6935e-09
-1.16662e-10
3.70502e-09
-1.11066e-10
3.71555e-09
-1.05744e-10
3.72543e-09
-1.00694e-10
3.73443e-09
-9.59171e-11
3.74289e-09
-9.14058e-11
3.75058e-09
-8.71568e-11
3.75786e-09
-8.31559e-11
3.76446e-09
-7.93923e-11
3.77075e-09
-7.58434e-11
3.77642e-09
-7.24856e-11
3.78184e-09
-6.92843e-11
3.78665e-09
-6.62003e-11
3.79116e-09
-6.31852e-11
3.79497e-09
-6.02013e-11
3.79829e-09
-5.72376e-11
3.80078e-09
-5.43294e-11
3.80259e-09
-5.15489e-11
3.8035e-09
-4.90266e-11
3.80371e-09
-4.6919e-11
3.80323e-09
-4.54526e-11
3.80242e-09
-4.48601e-11
3.80159e-09
-4.5431e-11
3.80142e-09
-4.73554e-11
3.80235e-09
-5.08403e-11
3.80556e-09
-5.59878e-11
3.81149e-09
-6.28864e-11
3.8219e-09
-7.13477e-11
3.83681e-09
-8.09675e-11
3.85811e-09
-9.08444e-11
3.88432e-09
-9.96742e-11
3.91646e-09
-1.05799e-10
3.95093e-09
-1.07638e-10
3.98794e-09
-1.04072e-10
4.0228e-09
-9.46228e-11
4.05607e-09
-7.9476e-11
4.0833e-09
-5.92422e-11
4.10604e-09
-3.48283e-11
4.12062e-09
-7.16492e-12
4.12929e-09
2.28679e-11
4.12898e-09
5.45291e-11
4.12222e-09
8.70764e-11
4.10654e-09
1.19887e-10
4.0845e-09
1.52332e-10
4.05429e-09
1.83882e-10
4.01835e-09
2.14001e-10
3.97556e-09
2.42243e-10
3.92816e-09
2.68186e-10
3.8757e-09
2.9151e-10
3.82009e-09
3.11959e-10
3.76142e-09
3.29385e-10
3.70113e-09
3.4372e-10
3.63975e-09
3.54986e-10
3.57812e-09
3.63282e-10
3.51705e-09
3.68757e-10
3.45681e-09
3.71619e-10
3.39838e-09
3.72089e-10
3.34151e-09
3.70424e-10
3.28727e-09
3.66864e-10
3.235e-09
3.61674e-10
3.18583e-09
3.55081e-10
3.13877e-09
3.47328e-10
3.09502e-09
3.38611e-10
3.05335e-09
3.29138e-10
3.01497e-09
3.19069e-10
2.97855e-09
3.08577e-10
2.94529e-09
2.97785e-10
2.9138e-09
2.86833e-10
2.88525e-09
2.75815e-10
2.85827e-09
2.64839e-10
2.83396e-09
2.53976e-10
2.811e-09
2.43307e-10
2.79044e-09
2.32887e-10
2.77102e-09
2.22774e-10
2.75373e-09
2.13007e-10
2.73737e-09
2.03629e-10
2.72286e-09
1.94668e-10
2.7091e-09
1.86151e-10
2.69694e-09
1.78099e-10
2.68534e-09
1.70527e-10
2.6751e-09
1.63449e-10
2.66526e-09
1.56871e-10
2.65656e-09
1.50801e-10
2.6481e-09
1.4524e-10
2.64059e-09
1.40189e-10
2.63316e-09
1.35644e-10
2.6265e-09
1.31601e-10
2.61989e-09
1.28065e-10
2.61351e-09
1.24966e-10
2.60734e-09
1.22587e-10
1.19483e-10
2.50003e-09
-4.38509e-13
2.50013e-09
-1.33718e-12
2.50032e-09
-2.22208e-12
2.50059e-09
-3.0969e-12
2.50094e-09
-3.96019e-12
2.50136e-09
-4.81083e-12
2.50185e-09
-5.64821e-12
2.5024e-09
-6.47221e-12
2.50301e-09
-7.28319e-12
2.50368e-09
-8.08198e-12
2.50439e-09
-8.86975e-12
2.50514e-09
-9.64815e-12
2.50593e-09
-1.04191e-11
2.50677e-09
-1.11847e-11
2.50763e-09
-1.19475e-11
2.50853e-09
-1.27101e-11
2.50946e-09
-1.3475e-11
2.51041e-09
-1.4245e-11
2.5114e-09
-1.50231e-11
2.51241e-09
-1.5812e-11
2.51344e-09
-1.66149e-11
2.51451e-09
-1.74346e-11
2.5156e-09
-1.82744e-11
2.51671e-09
-1.91375e-11
2.51786e-09
-2.0027e-11
2.51903e-09
-2.09464e-11
2.52024e-09
-2.18991e-11
2.52147e-09
-2.28887e-11
2.52274e-09
-2.39189e-11
2.52405e-09
-2.49933e-11
2.5254e-09
-2.61158e-11
2.52679e-09
-2.72904e-11
2.52822e-09
-2.85212e-11
2.5297e-09
-2.98123e-11
2.53124e-09
-3.1168e-11
2.53284e-09
-3.25927e-11
2.5345e-09
-3.4091e-11
2.53622e-09
-3.56672e-11
2.53802e-09
-3.73262e-11
2.5399e-09
-3.90727e-11
2.54187e-09
-4.09116e-11
2.54393e-09
-4.28478e-11
2.5461e-09
-4.48863e-11
2.54836e-09
-4.70321e-11
2.55076e-09
-4.92905e-11
2.55327e-09
-5.16665e-11
2.55593e-09
-5.41656e-11
2.55873e-09
-5.67929e-11
2.5617e-09
-5.95541e-11
2.56482e-09
-6.24545e-11
2.56813e-09
-6.55e-11
2.57162e-09
-6.86964e-11
2.57533e-09
-7.20497e-11
2.57924e-09
-7.55667e-11
2.58339e-09
-7.92539e-11
2.58777e-09
-8.31191e-11
2.59242e-09
-8.71697e-11
2.59733e-09
-9.14152e-11
2.60254e-09
-9.58646e-11
2.60805e-09
-1.0053e-10
2.6139e-09
-1.05422e-10
2.62008e-09
-1.10557e-10
2.62666e-09
-1.15948e-10
2.63362e-09
-1.21616e-10
2.64106e-09
-1.2758e-10
2.64897e-09
-1.33863e-10
2.65745e-09
-1.40493e-10
2.66652e-09
-1.47497e-10
2.67632e-09
-1.54909e-10
2.68691e-09
-1.62762e-10
2.69846e-09
-1.71093e-10
2.71109e-09
-1.79938e-10
2.72504e-09
-1.89329e-10
2.74049e-09
-1.99291e-10
2.75779e-09
-2.09831e-10
2.77721e-09
-2.20925e-10
2.79915e-09
-2.32504e-10
2.8239e-09
-2.4441e-10
2.8518e-09
-2.56392e-10
2.8829e-09
-2.68044e-10
2.91706e-09
-2.7881e-10
2.95391e-09
-2.88207e-10
2.99306e-09
-2.95871e-10
3.03411e-09
-3.01615e-10
3.07686e-09
-3.05493e-10
3.12109e-09
-3.07608e-10
3.16659e-09
-3.08004e-10
3.21293e-09
-3.06719e-10
3.25972e-09
-3.03835e-10
3.30635e-09
-2.99466e-10
3.35232e-09
-2.93749e-10
3.39701e-09
-2.86837e-10
3.44e-09
-2.78903e-10
3.48076e-09
-2.70126e-10
3.51906e-09
-2.60685e-10
3.55454e-09
-2.50752e-10
3.58719e-09
-2.40482e-10
3.61678e-09
-2.30018e-10
3.64346e-09
-2.19483e-10
3.66713e-09
-2.08985e-10
3.68806e-09
-1.98615e-10
3.7062e-09
-1.88452e-10
3.72191e-09
-1.78559e-10
3.73516e-09
-1.68986e-10
3.74635e-09
-1.59772e-10
3.75544e-09
-1.50947e-10
3.76285e-09
-1.42527e-10
3.76853e-09
-1.34525e-10
3.77287e-09
-1.26945e-10
3.77581e-09
-1.19788e-10
3.77772e-09
-1.13049e-10
3.77851e-09
-1.06725e-10
3.77855e-09
-1.00802e-10
3.77771e-09
-9.52788e-11
3.77638e-09
-9.01362e-11
3.77439e-09
-8.53685e-11
3.77212e-09
-8.09549e-11
3.7694e-09
-7.68884e-11
3.76664e-09
-7.314e-11
3.76361e-09
-6.96814e-11
3.76072e-09
-6.64448e-11
3.75763e-09
-6.33333e-11
3.75459e-09
-6.01941e-11
3.75111e-09
-5.6902e-11
3.74724e-09
-5.34027e-11
3.7425e-09
-4.97084e-11
3.73683e-09
-4.58999e-11
3.72988e-09
-4.21284e-11
3.72153e-09
-3.86019e-11
3.7117e-09
-3.5634e-11
3.70044e-09
-3.36457e-11
3.68821e-09
-3.31783e-11
3.67542e-09
-3.45886e-11
3.66283e-09
-3.82508e-11
3.6517e-09
-4.4855e-11
3.64379e-09
-5.5202e-11
3.64164e-09
-6.9267e-11
3.64627e-09
-8.6269e-11
3.65994e-09
-1.04756e-10
3.68213e-09
-1.23039e-10
3.71452e-09
-1.38534e-10
3.75376e-09
-1.48331e-10
3.79973e-09
-1.50269e-10
3.84718e-09
-1.43524e-10
3.8963e-09
-1.28525e-10
3.94206e-09
-1.06235e-10
3.98547e-09
-7.78237e-11
4.02188e-09
-4.45285e-11
4.05322e-09
-7.79135e-12
4.07571e-09
3.13751e-11
4.09143e-09
7.21927e-11
4.09699e-09
1.13943e-10
4.09438e-09
1.55874e-10
4.08093e-09
1.97222e-10
4.05873e-09
2.37181e-10
4.0262e-09
2.74956e-10
3.9856e-09
3.09793e-10
3.9365e-09
3.41063e-10
3.88117e-09
3.68281e-10
3.82011e-09
3.91142e-10
3.75522e-09
4.09528e-10
3.6876e-09
4.23474e-10
3.61853e-09
4.33171e-10
3.54935e-09
4.38895e-10
3.48062e-09
4.41016e-10
3.41378e-09
4.39919e-10
3.34867e-09
4.36033e-10
3.28673e-09
4.29751e-10
3.22725e-09
4.21482e-10
3.17164e-09
4.11573e-10
3.11876e-09
4.00373e-10
3.06999e-09
3.88159e-10
3.02395e-09
3.75209e-10
2.98197e-09
3.61731e-10
2.94252e-09
3.47935e-10
2.90692e-09
3.33972e-10
2.87357e-09
3.20002e-10
2.84375e-09
3.06129e-10
2.81588e-09
2.92468e-10
2.79117e-09
2.79094e-10
2.76811e-09
2.66087e-10
2.74783e-09
2.53498e-10
2.72892e-09
2.41382e-10
2.71242e-09
2.29772e-10
2.69704e-09
2.18706e-10
2.68372e-09
2.08205e-10
2.67128e-09
1.98292e-10
2.66058e-09
1.88979e-10
2.65055e-09
1.80276e-10
2.64195e-09
1.7219e-10
2.63383e-09
1.64723e-10
2.6269e-09
1.57875e-10
2.62024e-09
1.51643e-10
2.61455e-09
1.46022e-10
2.60897e-09
1.41005e-10
2.60414e-09
1.36583e-10
2.59936e-09
1.32758e-10
2.59478e-09
1.29456e-10
2.59039e-09
1.26963e-10
1.23825e-10
2.50004e-09
-4.86807e-13
2.50016e-09
-1.48434e-12
2.50037e-09
-2.46488e-12
2.50068e-09
-3.43011e-12
2.50107e-09
-4.37712e-12
2.50154e-09
-5.30422e-12
2.50208e-09
-6.211e-12
2.50268e-09
-7.09769e-12
2.50334e-09
-7.96507e-12
2.50404e-09
-8.8142e-12
2.50479e-09
-9.6467e-12
2.50558e-09
-1.04646e-11
2.5064e-09
-1.12703e-11
2.50726e-09
-1.20666e-11
2.50814e-09
-1.28562e-11
2.50904e-09
-1.36423e-11
2.50996e-09
-1.44281e-11
2.5109e-09
-1.52166e-11
2.51186e-09
-1.60112e-11
2.51283e-09
-1.68151e-11
2.51381e-09
-1.76319e-11
2.51481e-09
-1.84647e-11
2.51581e-09
-1.93173e-11
2.51683e-09
-2.01931e-11
2.51787e-09
-2.10958e-11
2.51891e-09
-2.20291e-11
2.51997e-09
-2.29968e-11
2.52105e-09
-2.40028e-11
2.52214e-09
-2.50512e-11
2.52325e-09
-2.6146e-11
2.52438e-09
-2.72914e-11
2.52554e-09
-2.84917e-11
2.52673e-09
-2.97515e-11
2.52794e-09
-3.10751e-11
2.5292e-09
-3.24674e-11
2.53049e-09
-3.3933e-11
2.53183e-09
-3.54769e-11
2.53321e-09
-3.71041e-11
2.53466e-09
-3.88197e-11
2.53615e-09
-4.06289e-11
2.53773e-09
-4.25371e-11
2.53937e-09
-4.45495e-11
2.54111e-09
-4.66718e-11
2.54292e-09
-4.89091e-11
2.54485e-09
-5.12674e-11
2.54686e-09
-5.3752e-11
2.54901e-09
-5.63686e-11
2.55127e-09
-5.91228e-11
2.55369e-09
-6.20203e-11
2.55623e-09
-6.50669e-11
2.55894e-09
-6.82682e-11
2.5618e-09
-7.16304e-11
2.56485e-09
-7.51593e-11
2.56807e-09
-7.88615e-11
2.5715e-09
-8.27434e-11
2.57512e-09
-8.68127e-11
2.57897e-09
-9.10766e-11
2.58302e-09
-9.55445e-11
2.58732e-09
-1.00226e-10
2.59184e-09
-1.05132e-10
2.59663e-09
-1.10276e-10
2.60167e-09
-1.15674e-10
2.607e-09
-1.21344e-10
2.6126e-09
-1.27308e-10
2.61854e-09
-1.33592e-10
2.62482e-09
-1.40229e-10
2.63151e-09
-1.47254e-10
2.63863e-09
-1.54716e-10
2.64631e-09
-1.62667e-10
2.65462e-09
-1.71173e-10
2.66376e-09
-1.80311e-10
2.67389e-09
-1.90168e-10
2.68533e-09
-2.00847e-10
2.69839e-09
-2.12459e-10
2.7136e-09
-2.25118e-10
2.7315e-09
-2.38931e-10
2.75288e-09
-2.53977e-10
2.77862e-09
-2.70252e-10
2.80981e-09
-2.87662e-10
2.84726e-09
-3.05602e-10
2.89154e-09
-3.23175e-10
2.94251e-09
-3.39277e-10
2.99954e-09
-3.53004e-10
3.06173e-09
-3.63914e-10
3.12791e-09
-3.71781e-10
3.19633e-09
-3.76162e-10
3.26488e-09
-3.76661e-10
3.33128e-09
-3.73265e-10
3.39365e-09
-3.66319e-10
3.45038e-09
-3.56357e-10
3.5005e-09
-3.43985e-10
3.54331e-09
-3.29815e-10
3.57871e-09
-3.14415e-10
3.60669e-09
-2.98278e-10
3.6277e-09
-2.81813e-10
3.64211e-09
-2.65339e-10
3.65062e-09
-2.49108e-10
3.65371e-09
-2.33297e-10
3.65216e-09
-2.18046e-10
3.64642e-09
-2.03444e-10
3.63725e-09
-1.89563e-10
3.62504e-09
-1.76436e-10
3.61046e-09
-1.6409e-10
3.59379e-09
-1.52523e-10
3.57565e-09
-1.41735e-10
3.5562e-09
-1.31694e-10
3.53596e-09
-1.22384e-10
3.51499e-09
-1.13758e-10
3.49374e-09
-1.05793e-10
3.47218e-09
-9.84362e-11
3.4507e-09
-9.1666e-11
3.4292e-09
-8.54278e-11
3.40801e-09
-7.97092e-11
3.38699e-09
-7.44614e-11
3.36644e-09
-6.96852e-11
3.3462e-09
-6.53331e-11
3.32657e-09
-6.14168e-11
3.30736e-09
-5.7901e-11
3.28898e-09
-5.4844e-11
3.27133e-09
-5.22659e-11
3.25499e-09
-5.01887e-11
3.23986e-09
-4.84533e-11
3.22618e-09
-4.65899e-11
3.2133e-09
-4.4238e-11
3.20106e-09
-4.1218e-11
3.18866e-09
-3.74558e-11
3.17568e-09
-3.2969e-11
3.16135e-09
-2.78674e-11
3.14499e-09
-2.23239e-11
3.12599e-09
-1.65907e-11
3.10345e-09
-1.11696e-11
3.07727e-09
-6.80057e-12
3.04652e-09
-3.80062e-12
3.01155e-09
-3.00612e-12
2.97472e-09
-7.94993e-12
2.93972e-09
-2.02229e-11
2.90658e-09
-3.62191e-11
2.87378e-09
-5.42597e-11
2.84706e-09
-7.84919e-11
2.83687e-09
-1.14504e-10
2.85154e-09
-1.53906e-10
2.88627e-09
-1.85104e-10
2.93731e-09
-2.01856e-10
2.99503e-09
-2.03143e-10
3.05793e-09
-1.91526e-10
3.12028e-09
-1.70065e-10
3.1849e-09
-1.42054e-10
3.24887e-09
-1.09521e-10
3.31563e-09
-7.37827e-11
3.38115e-09
-3.48154e-11
3.44743e-09
6.91591e-12
3.5094e-09
5.15919e-11
3.56737e-09
9.9e-11
3.61581e-09
1.48692e-10
3.65459e-09
1.99515e-10
3.67974e-09
2.50024e-10
3.69208e-09
2.98567e-10
3.69003e-09
3.43649e-10
3.67542e-09
3.83985e-10
3.64871e-09
4.18667e-10
3.61209e-09
4.47159e-10
3.56729e-09
4.69294e-10
3.51614e-09
4.85216e-10
3.46086e-09
4.95297e-10
3.40253e-09
5.00074e-10
3.34344e-09
5.00154e-10
3.2838e-09
4.96199e-10
3.22579e-09
4.88843e-10
3.16888e-09
4.78713e-10
3.11508e-09
4.66364e-10
3.06327e-09
4.52314e-10
3.01531e-09
4.3699e-10
2.96972e-09
4.20779e-10
2.9282e-09
4.03985e-10
2.88911e-09
3.86885e-10
2.85401e-09
3.69687e-10
2.82119e-09
3.52587e-10
2.7921e-09
3.35722e-10
2.76505e-09
3.19226e-10
2.74136e-09
3.03185e-10
2.71943e-09
2.87685e-10
2.70047e-09
2.72779e-10
2.68298e-09
2.58521e-10
2.66805e-09
2.44943e-10
2.65434e-09
2.32076e-10
2.6428e-09
2.19938e-10
2.63221e-09
2.08544e-10
2.62344e-09
1.97901e-10
2.61539e-09
1.88012e-10
2.60882e-09
1.78878e-10
2.60276e-09
1.70491e-10
2.5979e-09
1.62847e-10
2.59334e-09
1.55934e-10
2.58974e-09
1.49745e-10
2.58625e-09
1.44264e-10
2.58348e-09
1.39479e-10
2.58076e-09
1.35387e-10
2.57822e-09
1.31912e-10
2.57583e-09
1.29335e-10
1.26213e-10
2.50005e-09
-5.44914e-13
2.5002e-09
-1.665e-12
2.50047e-09
-2.76117e-12
2.50085e-09
-3.83156e-12
2.50132e-09
-4.86966e-12
2.50186e-09
-5.87387e-12
2.50247e-09
-6.84554e-12
2.50313e-09
-7.78679e-12
2.50384e-09
-8.69972e-12
2.50459e-09
-9.58676e-12
2.50536e-09
-1.04508e-11
2.50617e-09
-1.1295e-11
2.50699e-09
-1.21229e-11
2.50784e-09
-1.2938e-11
2.50869e-09
-1.37439e-11
2.50957e-09
-1.45439e-11
2.51045e-09
-1.53415e-11
2.51134e-09
-1.61402e-11
2.51224e-09
-1.69434e-11
2.51315e-09
-1.77546e-11
2.51406e-09
-1.85772e-11
2.51498e-09
-1.94149e-11
2.5159e-09
-2.02713e-11
2.51682e-09
-2.11503e-11
2.51774e-09
-2.20556e-11
2.51866e-09
-2.29914e-11
2.51959e-09
-2.39617e-11
2.52052e-09
-2.49708e-11
2.52145e-09
-2.60229e-11
2.52239e-09
-2.71225e-11
2.52333e-09
-2.82743e-11
2.52427e-09
-2.94827e-11
2.52523e-09
-3.07529e-11
2.5262e-09
-3.20896e-11
2.52719e-09
-3.3498e-11
2.52818e-09
-3.49833e-11
2.52921e-09
-3.65508e-11
2.53026e-09
-3.82061e-11
2.53135e-09
-3.99547e-11
2.53246e-09
-4.18021e-11
2.53363e-09
-4.37544e-11
2.53484e-09
-4.58171e-11
2.53611e-09
-4.79964e-11
2.53744e-09
-5.02977e-11
2.53885e-09
-5.27273e-11
2.54032e-09
-5.52907e-11
2.54189e-09
-5.79941e-11
2.54354e-09
-6.08428e-11
2.54531e-09
-6.38429e-11
2.54717e-09
-6.69997e-11
2.54917e-09
-7.0319e-11
2.55127e-09
-7.38063e-11
2.55352e-09
-7.74674e-11
2.55589e-09
-8.13082e-11
2.55843e-09
-8.53346e-11
2.56109e-09
-8.95537e-11
2.56393e-09
-9.39724e-11
2.56691e-09
-9.85998e-11
2.57007e-09
-1.03445e-10
2.57339e-09
-1.08521e-10
2.57689e-09
-1.13841e-10
2.58056e-09
-1.19425e-10
2.58445e-09
-1.25292e-10
2.58853e-09
-1.31472e-10
2.59287e-09
-1.37998e-10
2.59746e-09
-1.44915e-10
2.60241e-09
-1.52273e-10
2.60774e-09
-1.60144e-10
2.61361e-09
-1.68609e-10
2.62012e-09
-1.77776e-10
2.62751e-09
-1.87779e-10
2.63602e-09
-1.98787e-10
2.6461e-09
-2.1101e-10
2.65825e-09
-2.24709e-10
2.67322e-09
-2.40182e-10
2.69197e-09
-2.5778e-10
2.71568e-09
-2.77762e-10
2.74586e-09
-3.00523e-10
2.7841e-09
-3.25982e-10
2.83271e-09
-3.54305e-10
2.89617e-09
-3.86721e-10
2.97424e-09
-4.1744e-10
3.06081e-09
-4.39668e-10
3.14885e-09
-4.52069e-10
3.23185e-09
-4.54884e-10
3.30403e-09
-4.48478e-10
3.36144e-09
-4.34177e-10
3.40203e-09
-4.14003e-10
3.42554e-09
-3.89945e-10
3.43273e-09
-3.63718e-10
3.42528e-09
-3.36659e-10
3.40507e-09
-3.098e-10
3.37436e-09
-2.83825e-10
3.33508e-09
-2.59208e-10
3.2893e-09
-2.36162e-10
3.23856e-09
-2.14822e-10
3.18447e-09
-1.9515e-10
3.12807e-09
-1.7714e-10
3.07054e-09
-1.60654e-10
3.01249e-09
-1.45661e-10
2.95479e-09
-1.31993e-10
2.89771e-09
-1.19634e-10
2.84189e-09
-1.08406e-10
2.78739e-09
-9.83138e-11
2.73469e-09
-8.91661e-11
2.68369e-09
-8.09923e-11
2.63477e-09
-7.35872e-11
2.5877e-09
-6.70045e-11
2.54282e-09
-6.10274e-11
2.49978e-09
-5.57387e-11
2.45891e-09
-5.09128e-11
2.41979e-09
-4.66661e-11
2.38273e-09
-4.27583e-11
2.34723e-09
-3.93483e-11
2.31362e-09
-3.61856e-11
2.28137e-09
-3.34776e-11
2.25078e-09
-3.09288e-11
2.22122e-09
-2.87454e-11
2.193e-09
-2.67268e-11
2.16567e-09
-2.533e-11
2.14032e-09
-2.49774e-11
2.11738e-09
-2.58732e-11
2.09762e-09
-2.69655e-11
2.0807e-09
-2.76399e-11
2.06677e-09
-2.7399e-11
2.05497e-09
-2.59061e-11
2.04472e-09
-2.28533e-11
2.03466e-09
-1.79769e-11
2.02311e-09
-1.09708e-11
2.00817e-09
-1.62083e-12
1.98673e-09
1.01686e-11
1.95581e-09
2.45719e-11
1.91239e-09
3.97629e-11
1.86114e-09
4.89146e-11
1.81102e-09
4.24441e-11
1.75269e-09
3.81288e-11
1.65433e-09
6.19236e-11
1.54537e-09
5.31811e-11
1.50455e-09
-3.86261e-11
1.53956e-09
-1.52621e-10
1.62862e-09
-2.44156e-10
1.7398e-09
-2.99941e-10
1.85896e-09
-3.21753e-10
1.96904e-09
-3.16478e-10
2.06997e-09
-2.92423e-10
2.15425e-09
-2.56813e-10
2.22834e-09
-2.15368e-10
2.28951e-09
-1.72347e-10
2.34753e-09
-1.30478e-10
2.40312e-09
-9.13735e-11
2.46687e-09
-5.52104e-11
2.53812e-09
-2.01471e-11
2.62176e-09
1.70486e-11
2.71081e-09
5.95629e-11
2.80335e-09
1.08581e-10
2.89058e-09
1.63118e-10
2.96992e-09
2.20713e-10
3.03576e-09
2.78533e-10
3.08748e-09
3.33644e-10
3.12346e-09
3.83737e-10
3.14479e-09
4.2708e-10
3.15263e-09
4.62744e-10
3.14854e-09
4.90394e-10
3.13502e-09
5.10216e-10
3.11322e-09
5.22741e-10
3.08607e-09
5.2868e-10
3.05402e-09
5.28863e-10
3.02e-09
5.24145e-10
2.98368e-09
5.15392e-10
2.94776e-09
5.03402e-10
2.91129e-09
4.8891e-10
2.8767e-09
4.72536e-10
2.8426e-09
4.54818e-10
2.81121e-09
4.36182e-10
2.7809e-09
4.17006e-10
2.75365e-09
3.97588e-10
2.72775e-09
3.78197e-10
2.70497e-09
3.5903e-10
2.68356e-09
3.40269e-10
2.66512e-09
3.2203e-10
2.64798e-09
3.04425e-10
2.63354e-09
2.87521e-10
2.62026e-09
2.71386e-10
2.60936e-09
2.56057e-10
2.59946e-09
2.41574e-10
2.59159e-09
2.27956e-10
2.58454e-09
2.1522e-10
2.57918e-09
2.0337e-10
2.57443e-09
1.92408e-10
2.57106e-09
1.82329e-10
2.56811e-09
1.73119e-10
2.56626e-09
1.6477e-10
2.56465e-09
1.57263e-10
2.56389e-09
1.50586e-10
2.5632e-09
1.44719e-10
2.56313e-09
1.39648e-10
2.56305e-09
1.35368e-10
2.56307e-09
1.31801e-10
2.56315e-09
1.29235e-10
1.26251e-10
2.50005e-09
-6.10874e-13
2.50025e-09
-1.88334e-12
2.50059e-09
-3.13344e-12
2.50108e-09
-4.34472e-12
2.50169e-09
-5.50158e-12
2.5024e-09
-6.60309e-12
2.50318e-09
-7.65319e-12
2.50402e-09
-8.65507e-12
2.50491e-09
-9.61193e-12
2.50582e-09
-1.0528e-11
2.50675e-09
-1.14088e-11
2.50769e-09
-1.22598e-11
2.50863e-09
-1.3087e-11
2.50956e-09
-1.38957e-11
2.51047e-09
-1.46912e-11
2.51138e-09
-1.54781e-11
2.51227e-09
-1.6261e-11
2.51314e-09
-1.70438e-11
2.514e-09
-1.78304e-11
2.51483e-09
-1.86248e-11
2.51565e-09
-1.94305e-11
2.51646e-09
-2.02513e-11
2.51724e-09
-2.1091e-11
2.51801e-09
-2.19533e-11
2.51876e-09
-2.28423e-11
2.51949e-09
-2.3762e-11
2.52021e-09
-2.47165e-11
2.52091e-09
-2.571e-11
2.5216e-09
-2.67472e-11
2.52226e-09
-2.78325e-11
2.52292e-09
-2.89708e-11
2.52356e-09
-3.01669e-11
2.52419e-09
-3.1426e-11
2.5248e-09
-3.27533e-11
2.52542e-09
-3.41544e-11
2.52602e-09
-3.56346e-11
2.52662e-09
-3.72e-11
2.52721e-09
-3.88563e-11
2.52782e-09
-4.06098e-11
2.52843e-09
-4.24666e-11
2.52906e-09
-4.4433e-11
2.52969e-09
-4.65154e-11
2.53037e-09
-4.87205e-11
2.53106e-09
-5.10546e-11
2.53181e-09
-5.35244e-11
2.53258e-09
-5.61363e-11
2.53343e-09
-5.88971e-11
2.53433e-09
-6.18131e-11
2.53533e-09
-6.48912e-11
2.53639e-09
-6.81374e-11
2.53758e-09
-7.15589e-11
2.53886e-09
-7.51619e-11
2.54029e-09
-7.89537e-11
2.54185e-09
-8.29412e-11
2.54359e-09
-8.71322e-11
2.5455e-09
-9.15354e-11
2.54763e-09
-9.61599e-11
2.54997e-09
-1.01017e-10
2.55259e-09
-1.06119e-10
2.55548e-09
-1.11481e-10
2.5587e-09
-1.1712e-10
2.56225e-09
-1.23059e-10
2.56622e-09
-1.29322e-10
2.57061e-09
-1.35943e-10
2.57551e-09
-1.42956e-10
2.58092e-09
-1.5041e-10
2.58693e-09
-1.58359e-10
2.59357e-09
-1.66875e-10
2.60093e-09
-1.76043e-10
2.60904e-09
-1.85977e-10
2.618e-09
-1.96822e-10
2.62789e-09
-2.08781e-10
2.63893e-09
-2.22139e-10
2.65143e-09
-2.37322e-10
2.66608e-09
-2.54923e-10
2.68406e-09
-2.7586e-10
2.70718e-09
-3.00964e-10
2.73865e-09
-3.32067e-10
2.78025e-09
-3.67653e-10
2.83888e-09
-4.12995e-10
2.90943e-09
-4.57363e-10
2.98054e-09
-4.88638e-10
3.03414e-09
-4.93384e-10
3.06173e-09
-4.79769e-10
3.06028e-09
-4.53566e-10
3.03007e-09
-4.18401e-10
2.97431e-09
-3.78584e-10
2.89776e-09
-3.37605e-10
2.80541e-09
-2.97799e-10
2.70209e-09
-2.60579e-10
2.59201e-09
-2.26831e-10
2.47883e-09
-1.96836e-10
2.36538e-09
-1.70669e-10
2.25393e-09
-1.48006e-10
2.146e-09
-1.28594e-10
2.04279e-09
-1.11874e-10
1.94478e-09
-9.75755e-11
1.85249e-09
-8.51272e-11
1.76574e-09
-7.44198e-11
1.68475e-09
-6.49531e-11
1.60897e-09
-5.6816e-11
1.53859e-09
-4.95357e-11
1.47285e-09
-4.33524e-11
1.41202e-09
-3.77604e-11
1.35521e-09
-3.31196e-11
1.30282e-09
-2.88562e-11
1.2538e-09
-2.54329e-11
1.20876e-09
-2.21899e-11
1.16647e-09
-1.96959e-11
1.12772e-09
-1.72078e-11
1.09114e-09
-1.54192e-11
1.05776e-09
-1.34834e-11
1.026e-09
-1.22446e-11
9.97198e-10
-1.07175e-11
9.69528e-10
-9.95553e-12
9.44731e-10
-8.82081e-12
9.20703e-10
-8.40547e-12
8.98927e-10
-7.29908e-12
8.77526e-10
-6.79445e-12
8.5475e-10
-3.03703e-12
8.33239e-10
-4.32022e-12
8.1748e-10
-1.05699e-11
8.07515e-10
-1.75224e-11
8.01962e-10
-2.25217e-11
7.99959e-10
-2.57343e-11
8.00837e-10
-2.72221e-11
8.04413e-10
-2.68112e-11
8.10623e-10
-2.45779e-11
8.18812e-10
-1.96961e-11
8.26442e-10
-9.12425e-12
8.2676e-10
9.67183e-12
8.17036e-10
3.54153e-11
7.93931e-10
6.34096e-11
7.5653e-10
8.81101e-11
6.84162e-10
1.14897e-10
5.73401e-10
1.49173e-10
4.60289e-10
1.73905e-10
4.59041e-10
5.16496e-11
5.90369e-10
-1.71869e-10
7.75316e-10
-3.42018e-10
9.64739e-10
-4.356e-10
1.12678e-09
-4.66878e-10
1.26173e-09
-4.58055e-10
1.36604e-09
-4.25241e-10
1.45301e-09
-3.79701e-10
1.52156e-09
-3.28793e-10
1.5828e-09
-2.75869e-10
1.63203e-09
-2.23932e-10
1.67677e-09
-1.73594e-10
1.71057e-09
-1.26611e-10
1.74062e-09
-8.30863e-11
1.76545e-09
-4.56643e-11
1.79903e-09
-1.40615e-11
1.84426e-09
1.41688e-11
1.90912e-09
4.62628e-11
1.98742e-09
8.51166e-11
2.07748e-09
1.33076e-10
2.1692e-09
1.87693e-10
2.25891e-09
2.46088e-10
2.34036e-09
3.03721e-10
2.4119e-09
3.57372e-10
2.47206e-09
4.04374e-10
2.52054e-09
4.43402e-10
2.55862e-09
4.74013e-10
2.58613e-09
4.96364e-10
2.60564e-09
5.10945e-10
2.61683e-09
5.18417e-10
2.62289e-09
5.19647e-10
2.62306e-09
5.15604e-10
2.62052e-09
5.07237e-10
2.61407e-09
4.95456e-10
2.60665e-09
4.81035e-10
2.59675e-09
4.64606e-10
2.58717e-09
4.46671e-10
2.57627e-09
4.27674e-10
2.56657e-09
4.08022e-10
2.55635e-09
3.88082e-10
2.54779e-09
3.68152e-10
2.53917e-09
3.48478e-10
2.53237e-09
3.29235e-10
2.52577e-09
3.10566e-10
2.521e-09
2.92571e-10
2.51656e-09
2.75343e-10
2.51385e-09
2.58947e-10
2.51151e-09
2.43444e-10
2.5107e-09
2.28871e-10
2.51023e-09
2.15258e-10
2.51103e-09
2.02619e-10
2.51209e-09
1.90958e-10
2.51417e-09
1.8027e-10
2.5164e-09
1.70543e-10
2.51943e-09
1.61763e-10
2.52248e-09
1.53908e-10
2.52614e-09
1.46965e-10
2.52969e-09
1.4091e-10
2.53367e-09
1.35728e-10
2.53751e-09
1.31417e-10
2.54133e-09
1.27895e-10
2.54508e-09
1.25457e-10
1.2274e-10
2.50011e-09
-7.31793e-13
2.50038e-09
-2.17595e-12
2.50081e-09
-3.59273e-12
2.50137e-09
-4.9258e-12
2.50202e-09
-6.17352e-12
2.50274e-09
-7.35342e-12
2.50354e-09
-8.47366e-12
2.50439e-09
-9.53538e-12
2.5053e-09
-1.05404e-11
2.50624e-09
-1.14932e-11
2.5072e-09
-1.23997e-11
2.50818e-09
-1.32665e-11
2.50916e-09
-1.41e-11
2.51015e-09
-1.49068e-11
2.51112e-09
-1.56928e-11
2.51208e-09
-1.64637e-11
2.51301e-09
-1.72248e-11
2.51392e-09
-1.79811e-11
2.51479e-09
-1.87372e-11
2.51563e-09
-1.94978e-11
2.51644e-09
-2.02671e-11
2.5172e-09
-2.10495e-11
2.51793e-09
-2.18492e-11
2.51861e-09
-2.26705e-11
2.51925e-09
-2.35178e-11
2.51984e-09
-2.43954e-11
2.5204e-09
-2.53079e-11
2.52091e-09
-2.62598e-11
2.52138e-09
-2.7256e-11
2.52181e-09
-2.83014e-11
2.5222e-09
-2.94014e-11
2.52254e-09
-3.05613e-11
2.52286e-09
-3.17867e-11
2.52314e-09
-3.30838e-11
2.52341e-09
-3.44586e-11
2.52364e-09
-3.59178e-11
2.52386e-09
-3.74681e-11
2.52406e-09
-3.91166e-11
2.52428e-09
-4.08707e-11
2.52449e-09
-4.27381e-11
2.52474e-09
-4.47269e-11
2.525e-09
-4.6845e-11
2.52534e-09
-4.91011e-11
2.52572e-09
-5.15039e-11
2.52621e-09
-5.40623e-11
2.52678e-09
-5.67853e-11
2.52752e-09
-5.96824e-11
2.5284e-09
-6.27626e-11
2.52949e-09
-6.60358e-11
2.53079e-09
-6.95111e-11
2.53238e-09
-7.31984e-11
2.53425e-09
-7.71068e-11
2.53649e-09
-8.12461e-11
2.5391e-09
-8.56252e-11
2.54217e-09
-9.02536e-11
2.5457e-09
-9.51398e-11
2.54978e-09
-1.00293e-10
2.55442e-09
-1.05721e-10
2.55968e-09
-1.11433e-10
2.56556e-09
-1.17436e-10
2.57213e-09
-1.23739e-10
2.57935e-09
-1.3035e-10
2.58724e-09
-1.37275e-10
2.59575e-09
-1.44525e-10
2.60484e-09
-1.52105e-10
2.61438e-09
-1.60026e-10
2.62425e-09
-1.68292e-10
2.6342e-09
-1.76911e-10
2.64397e-09
-1.85881e-10
2.6531e-09
-1.95206e-10
2.66109e-09
-2.04878e-10
2.6671e-09
-2.14909e-10
2.67024e-09
-2.25364e-10
2.66927e-09
-2.36479e-10
2.66305e-09
-2.48785e-10
2.65054e-09
-2.63457e-10
2.63178e-09
-2.82265e-10
2.60966e-09
-3.10017e-10
2.59053e-09
-3.48566e-10
2.60578e-09
-4.28321e-10
2.58392e-09
-4.35567e-10
2.4995e-09
-4.04348e-10
2.36593e-09
-3.5992e-10
2.20295e-09
-3.16961e-10
2.02441e-09
-2.75155e-10
1.84214e-09
-2.36382e-10
1.66485e-09
-2.01457e-10
1.49699e-09
-1.70114e-10
1.34149e-09
-1.42505e-10
1.19918e-09
-1.18783e-10
1.07096e-09
-9.88589e-11
9.559e-10
-8.2485e-11
8.54176e-10
-6.92402e-11
7.6392e-10
-5.86938e-11
6.85283e-10
-5.02869e-11
6.15759e-10
-4.35754e-11
5.55861e-10
-3.80304e-11
5.02558e-10
-3.33729e-11
4.57027e-10
-2.92473e-11
4.15776e-10
-2.56002e-11
3.80844e-10
-2.22266e-11
3.48291e-10
-1.92392e-11
3.21123e-10
-1.64906e-11
2.94902e-10
-1.41562e-11
2.7357e-10
-1.20411e-11
2.52066e-10
-1.03327e-11
2.35189e-10
-8.76308e-12
2.17176e-10
-7.54905e-12
2.03675e-10
-6.36313e-12
1.88124e-10
-5.49117e-12
1.77107e-10
-4.54076e-12
1.63091e-10
-3.91455e-12
1.53803e-10
-3.095e-12
1.40519e-10
-2.64374e-12
1.3221e-10
-1.86096e-12
1.19352e-10
-1.58761e-12
1.10567e-10
-7.10852e-13
9.74162e-11
-3.21587e-13
8.86827e-11
3.22587e-13
7.71336e-11
4.68681e-12
9.302e-11
-2.12956e-11
1.24657e-10
-4.48883e-11
1.62715e-10
-5.6099e-11
1.96109e-10
-5.75657e-11
2.24628e-10
-5.46121e-11
2.45662e-10
-4.95618e-11
2.60698e-10
-4.24971e-11
2.70776e-10
-3.57647e-11
2.78809e-10
-2.88461e-11
2.84699e-10
-1.46052e-11
2.78736e-10
1.49146e-11
2.61688e-10
5.5599e-11
2.19444e-10
1.05581e-10
1.48169e-10
1.63603e-10
3.42776e-11
2.26723e-10
-7.40339e-11
2.58672e-10
-1.81937e-10
2.77768e-10
-9.51824e-11
-3.82425e-11
6.36777e-11
-3.33487e-10
2.21567e-10
-5.0593e-10
3.64368e-10
-5.81493e-10
4.78987e-10
-5.88354e-10
5.70595e-10
-5.5341e-10
6.365e-10
-4.9728e-10
6.9455e-10
-4.41182e-10
7.43627e-10
-3.82179e-10
7.88369e-10
-3.22892e-10
8.26579e-10
-2.64174e-10
8.63305e-10
-2.11418e-10
8.96157e-10
-1.59683e-10
9.24537e-10
-1.11611e-10
9.44651e-10
-6.42579e-11
9.56807e-10
-2.55512e-11
9.67455e-10
6.38773e-12
9.8373e-10
3.12971e-11
1.01932e-09
5.33979e-11
1.07746e-09
7.73716e-11
1.15856e-09
1.10712e-10
1.2544e-09
1.53501e-10
1.35853e-09
2.03454e-10
1.46386e-09
2.55316e-10
1.56663e-09
3.05017e-10
1.66314e-09
3.49513e-10
1.75276e-09
3.87357e-10
1.8328e-09
4.18023e-10
1.90455e-09
4.41677e-10
1.96629e-09
4.57617e-10
2.02145e-09
4.66448e-10
2.06841e-09
4.68977e-10
2.11062e-09
4.66538e-10
2.14589e-09
4.60191e-10
2.17729e-09
4.50833e-10
2.20273e-09
4.39026e-10
2.22552e-09
4.24929e-10
2.24399e-09
4.08955e-10
2.26127e-09
3.91597e-10
2.27555e-09
3.73422e-10
2.28948e-09
3.54846e-10
2.30124e-09
3.36225e-10
2.31311e-09
3.17781e-10
2.32345e-09
2.99674e-10
2.33425e-09
2.82025e-10
2.34406e-09
2.64967e-10
2.35453e-09
2.48614e-10
2.36434e-09
2.33078e-10
2.37483e-09
2.18434e-10
2.38483e-09
2.04744e-10
2.3954e-09
1.92041e-10
2.40556e-09
1.8034e-10
2.41615e-09
1.69643e-10
2.42636e-09
1.5994e-10
2.43687e-09
1.51216e-10
2.44699e-09
1.4345e-10
2.45731e-09
1.36627e-10
2.46722e-09
1.30724e-10
2.47725e-09
1.25729e-10
2.48689e-09
1.21647e-10
2.49629e-09
1.18402e-10
2.50542e-09
1.16297e-10
1.14096e-10
2.50017e-09
-9.14629e-13
2.50093e-09
-2.95661e-12
2.50203e-09
-4.71781e-12
2.50326e-09
-6.1818e-12
2.50453e-09
-7.4679e-12
2.5058e-09
-8.64571e-12
2.50704e-09
-9.73436e-12
2.50822e-09
-1.07445e-11
2.50934e-09
-1.16895e-11
2.51041e-09
-1.25823e-11
2.51142e-09
-1.34331e-11
2.51238e-09
-1.42502e-11
2.51329e-09
-1.50405e-11
2.51417e-09
-1.58099e-11
2.51501e-09
-1.6564e-11
2.51582e-09
-1.73076e-11
2.51661e-09
-1.80454e-11
2.51738e-09
-1.87818e-11
2.51814e-09
-1.95216e-11
2.51888e-09
-2.02687e-11
2.51961e-09
-2.10279e-11
2.52033e-09
-2.18033e-11
2.52104e-09
-2.25997e-11
2.52176e-09
-2.34211e-11
2.52248e-09
-2.42727e-11
2.52321e-09
-2.51587e-11
2.52395e-09
-2.60845e-11
2.5247e-09
-2.70546e-11
2.52549e-09
-2.80751e-11
2.52629e-09
-2.91508e-11
2.52714e-09
-3.02885e-11
2.52803e-09
-3.14937e-11
2.52897e-09
-3.27739e-11
2.52998e-09
-3.41351e-11
2.53106e-09
-3.55859e-11
2.53222e-09
-3.71331e-11
2.5335e-09
-3.8786e-11
2.53488e-09
-4.05522e-11
2.5364e-09
-4.24419e-11
2.53807e-09
-4.44633e-11
2.53992e-09
-4.66275e-11
2.54196e-09
-4.89431e-11
2.54423e-09
-5.14216e-11
2.54673e-09
-5.40718e-11
2.54953e-09
-5.69054e-11
2.5526e-09
-5.99306e-11
2.55603e-09
-6.31588e-11
2.55979e-09
-6.65969e-11
2.56397e-09
-7.02547e-11
2.56852e-09
-7.41374e-11
2.57353e-09
-7.8252e-11
2.57894e-09
-8.26e-11
2.58484e-09
-8.71848e-11
2.59114e-09
-9.2003e-11
2.59789e-09
-9.70524e-11
2.60501e-09
-1.02323e-10
2.61247e-09
-1.07807e-10
2.62017e-09
-1.13485e-10
2.62803e-09
-1.19342e-10
2.63588e-09
-1.25352e-10
2.64358e-09
-1.31492e-10
2.6509e-09
-1.37725e-10
2.65759e-09
-1.44024e-10
2.66334e-09
-1.50345e-10
2.66783e-09
-1.56655e-10
2.67065e-09
-1.62905e-10
2.67135e-09
-1.69054e-10
2.6694e-09
-1.75037e-10
2.66423e-09
-1.8077e-10
2.65502e-09
-1.86088e-10
2.64079e-09
-1.90713e-10
2.62e-09
-1.94238e-10
2.59072e-09
-1.9616e-10
2.55007e-09
-1.95979e-10
2.49442e-09
-1.93223e-10
2.41828e-09
-1.87418e-10
2.31398e-09
-1.78034e-10
2.16778e-09
-1.63855e-10
1.96335e-09
-1.44182e-10
1.65531e-09
-1.20314e-10
1.31284e-09
-9.31124e-11
9.93566e-10
-8.50829e-11
7.31483e-10
-9.78507e-11
5.28177e-10
-1.13672e-10
3.78136e-10
-1.2513e-10
2.71029e-10
-1.29294e-10
1.95857e-10
-1.26302e-10
1.43858e-10
-1.18135e-10
1.08359e-10
-1.07026e-10
8.43434e-11
-9.47909e-11
6.81287e-11
-8.26648e-11
5.70045e-11
-7.1386e-11
4.90585e-11
-6.13151e-11
4.29177e-11
-5.25797e-11
3.77333e-11
-4.51231e-11
3.2957e-11
-3.88269e-11
2.84063e-11
-3.34995e-11
2.39911e-11
-2.89868e-11
1.98353e-11
-2.51102e-11
1.59724e-11
-2.17671e-11
1.25631e-11
-1.88345e-11
9.56807e-12
-1.62745e-11
7.07384e-12
-1.40119e-11
4.93544e-12
-1.20483e-11
3.20215e-12
-1.03217e-11
1.68336e-12
-8.84451e-12
4.56456e-13
-7.54865e-12
-6.72764e-13
-6.45063e-12
-1.5685e-12
-5.47883e-12
-2.43044e-12
-4.66046e-12
-3.06258e-12
-3.91945e-12
-3.71011e-12
-3.29928e-12
-4.10824e-12
-2.70766e-12
-4.56585e-12
-2.21956e-12
-4.70602e-12
-1.73281e-12
-4.97161e-12
-1.35374e-12
-4.77816e-12
-9.22726e-13
-4.63678e-12
-5.06195e-13
-4.17694e-12
-1.4123e-13
-1.47359e-12
-3.25663e-13
2.3902e-11
-4.91638e-11
4.76278e-11
-7.238e-11
6.67843e-11
-7.64878e-11
8.0536e-11
-7.39676e-11
9.37935e-11
-6.86047e-11
1.03435e-10
-6.13804e-11
1.12326e-10
-5.22674e-11
1.16692e-10
-4.20155e-11
1.14127e-10
-2.785e-11
1.04227e-10
-4.30303e-12
8.48587e-11
3.28079e-11
6.77669e-11
7.5823e-11
4.36215e-11
1.29112e-10
6.80141e-12
2.02881e-10
-4.91336e-11
2.80093e-10
-7.8641e-11
2.88034e-10
-2.17481e-11
2.17627e-10
-8.8488e-11
2.62692e-11
-2.01726e-10
-2.21987e-10
-2.87526e-10
-4.27012e-10
-3.11677e-10
-5.58447e-10
-2.91399e-10
-6.21941e-10
-2.07498e-10
-6.37479e-10
-1.10819e-10
-6.14115e-10
5.00045e-12
-5.54317e-10
7.47613e-11
-4.72216e-10
1.51889e-10
-3.93366e-10
1.8739e-10
-3.1768e-10
2.38018e-10
-2.52186e-10
2.55102e-10
-1.92215e-10
2.96479e-10
-1.40402e-10
3.11163e-10
-9.1244e-11
3.43725e-10
-4.44369e-11
3.42039e-10
2.32495e-13
3.49149e-10
3.77773e-11
3.30585e-10
7.08933e-11
3.20569e-10
1.00095e-10
3.10266e-10
1.25864e-10
3.24655e-10
1.49108e-10
3.63716e-10
1.71524e-10
4.32708e-10
1.93234e-10
5.28704e-10
2.15411e-10
6.44893e-10
2.38144e-10
7.74397e-10
2.62519e-10
9.04948e-10
2.91342e-10
1.02588e-09
3.24229e-10
1.13607e-09
3.49442e-10
1.23974e-09
3.64955e-10
1.33546e-09
3.73782e-10
1.42577e-09
3.77993e-10
1.50704e-09
3.7851e-10
1.58285e-09
3.76737e-10
1.64845e-09
3.72904e-10
1.70857e-09
3.66176e-10
1.76153e-09
3.55452e-10
1.81177e-09
3.42344e-10
1.8568e-09
3.27719e-10
1.89974e-09
3.12495e-10
1.93816e-09
2.9708e-10
1.97469e-09
2.81618e-10
2.00752e-09
2.66127e-10
2.03917e-09
2.50611e-10
2.06818e-09
2.35274e-10
2.09659e-09
2.20324e-10
2.12304e-09
2.05985e-10
2.14909e-09
1.92399e-10
2.17357e-09
1.79683e-10
2.19768e-09
1.67888e-10
2.22044e-09
1.57054e-10
2.24283e-09
1.47178e-10
2.26406e-09
1.38259e-10
2.28493e-09
1.30273e-10
2.3048e-09
1.23206e-10
2.32434e-09
1.17035e-10
2.34302e-09
1.11748e-10
2.36142e-09
1.07327e-10
2.37914e-09
1.03789e-10
2.39637e-09
1.01072e-10
2.41321e-09
9.94288e-11
9.79646e-11
2.49916e-09
-9.05732e-14
2.49946e-09
-3.27871e-12
2.50033e-09
-5.61204e-12
2.50161e-09
-7.48372e-12
2.50326e-09
-9.14177e-12
2.50522e-09
-1.06238e-11
2.5074e-09
-1.19382e-11
2.50975e-09
-1.31169e-11
2.51223e-09
-1.41954e-11
2.51482e-09
-1.52006e-11
2.51752e-09
-1.6151e-11
2.5203e-09
-1.70606e-11
2.52318e-09
-1.79395e-11
2.52614e-09
-1.87956e-11
2.52918e-09
-1.96351e-11
2.53231e-09
-2.04632e-11
2.53552e-09
-2.12841e-11
2.53881e-09
-2.21024e-11
2.54218e-09
-2.29218e-11
2.54562e-09
-2.37466e-11
2.54915e-09
-2.45803e-11
2.55274e-09
-2.54276e-11
2.5564e-09
-2.62919e-11
2.56012e-09
-2.7178e-11
2.56391e-09
-2.80895e-11
2.56775e-09
-2.90316e-11
2.57164e-09
-3.00079e-11
2.57557e-09
-3.10244e-11
2.57954e-09
-3.20848e-11
2.58354e-09
-3.31957e-11
2.58758e-09
-3.43612e-11
2.59163e-09
-3.55889e-11
2.5957e-09
-3.68829e-11
2.59977e-09
-3.82519e-11
2.60385e-09
-3.96999e-11
2.6079e-09
-4.12369e-11
2.61194e-09
-4.28666e-11
2.61593e-09
-4.45997e-11
2.61989e-09
-4.64394e-11
2.62376e-09
-4.83973e-11
2.62757e-09
-5.04752e-11
2.63125e-09
-5.26851e-11
2.63481e-09
-5.50267e-11
2.63819e-09
-5.75119e-11
2.64138e-09
-6.01374e-11
2.64429e-09
-6.29139e-11
2.64693e-09
-6.5834e-11
2.64916e-09
-6.89062e-11
2.65098e-09
-7.21173e-11
2.65224e-09
-7.54723e-11
2.65291e-09
-7.8951e-11
2.65278e-09
-8.25533e-11
2.65181e-09
-8.62505e-11
2.64977e-09
-9.00359e-11
2.64655e-09
-9.38714e-11
2.6419e-09
-9.77427e-11
2.63565e-09
-1.01602e-10
2.62753e-09
-1.05426e-10
2.6173e-09
-1.09159e-10
2.60465e-09
-1.12771e-10
2.5893e-09
-1.16195e-10
2.5709e-09
-1.19397e-10
2.54913e-09
-1.22307e-10
2.52359e-09
-1.24884e-10
2.49394e-09
-1.27063e-10
2.45977e-09
-1.28807e-10
2.42073e-09
-1.30079e-10
2.37651e-09
-1.30891e-10
2.32699e-09
-1.31316e-10
2.27222e-09
-1.3141e-10
2.21226e-09
-1.30841e-10
2.14666e-09
-1.28763e-10
2.07436e-09
-1.23978e-10
1.99339e-09
-1.15177e-10
1.9012e-09
-1.01166e-10
1.79488e-09
-8.12252e-11
1.67036e-09
-5.36169e-11
1.51878e-09
-1.23265e-11
1.33161e-09
4.29255e-11
1.07218e-09
1.39084e-10
8.67721e-10
1.11336e-10
7.16206e-10
6.64217e-11
6.05322e-10
1.30216e-11
5.16745e-10
-2.51104e-11
4.40441e-10
-4.88387e-11
3.73095e-10
-6.19661e-11
3.13839e-10
-6.70612e-11
2.62509e-10
-6.68261e-11
2.18879e-10
-6.34122e-11
1.82351e-10
-5.82855e-11
1.521e-10
-5.24309e-11
1.27172e-10
-4.64829e-11
1.06657e-10
-4.08174e-11
8.96884e-11
-3.56367e-11
7.55658e-11
-3.10175e-11
6.36761e-11
-2.6964e-11
5.3591e-11
-2.34311e-11
4.49375e-11
-2.03607e-11
3.7496e-11
-1.76847e-11
3.10495e-11
-1.53486e-11
2.54986e-11
-1.32988e-11
2.06985e-11
-1.15025e-11
1.65963e-11
-9.92413e-12
1.30666e-11
-8.5467e-12
1.00729e-11
-7.34187e-12
7.49925e-12
-6.29909e-12
5.3271e-12
-5.39003e-12
3.45577e-12
-4.60788e-12
1.88816e-12
-3.92384e-12
5.3529e-13
-3.33704e-12
-5.76911e-13
-2.81837e-12
-1.53057e-12
-2.37633e-12
-2.2687e-12
-1.97851e-12
-2.87478e-12
-1.64815e-12
-3.26657e-12
-1.34731e-12
-3.54111e-12
-1.12091e-12
-3.58848e-12
-9.22184e-13
-3.33405e-12
-8.0337e-13
-2.62202e-12
-8.66362e-13
-3.18377e-12
-2.04526e-12
-1.75419e-11
-3.77833e-11
-3.03858e-11
-6.3826e-11
-3.65564e-11
-7.18786e-11
-4.13881e-11
-7.22956e-11
-4.30455e-11
-6.7837e-11
-4.65112e-11
-6.00053e-11
-5.04326e-11
-4.91315e-11
-5.82727e-11
-3.53768e-11
-6.87898e-11
-1.85653e-11
-7.48113e-11
2.06731e-12
-7.09876e-11
2.76083e-11
-5.08737e-11
5.67797e-11
-1.77413e-11
9.48005e-11
3.2664e-11
1.5324e-10
9.62268e-11
2.14672e-10
1.65556e-10
2.19e-10
2.0793e-10
1.72943e-10
1.31412e-10
1.00063e-10
-7.38365e-11
-1.83784e-11
-3.39638e-10
-1.65174e-10
-5.82681e-10
-3.16606e-10
-7.89205e-10
-4.2091e-10
-9.43712e-10
-4.84063e-10
-1.05632e-09
-5.07862e-10
-1.11406e-09
-4.9701e-10
-1.13275e-09
-4.60216e-10
-1.11822e-09
-4.06995e-10
-1.09733e-09
-3.4485e-10
-1.06627e-09
-2.80732e-10
-1.04545e-09
-2.1869e-10
-1.01942e-09
-1.62296e-10
-1.00371e-09
-1.12156e-10
-9.74127e-10
-6.8618e-11
-9.47726e-10
-3.07061e-11
-9.04794e-10
1.37935e-12
-8.65237e-10
2.83434e-11
-8.09958e-10
5.25573e-11
-7.5857e-10
7.42091e-11
-6.96124e-10
9.52083e-11
-6.36258e-10
1.15157e-10
-5.69677e-10
1.34998e-10
-5.01142e-10
1.54378e-10
-4.27746e-10
1.72486e-10
-3.42258e-10
1.89328e-10
-2.44115e-10
2.0099e-10
-1.10305e-10
2.00767e-10
4.27711e-11
1.99698e-10
2.10013e-10
2.02459e-10
3.79632e-10
2.06144e-10
5.48777e-10
2.10608e-10
7.10052e-10
2.19299e-10
8.55761e-10
2.31692e-10
9.71615e-10
2.58004e-10
1.06564e-09
2.72569e-10
1.15164e-09
2.69051e-10
1.23411e-09
2.60018e-10
1.31077e-09
2.49756e-10
1.38378e-09
2.39753e-10
1.44993e-09
2.29498e-10
1.51209e-09
2.19778e-10
1.56784e-09
2.09247e-10
1.62103e-09
1.97681e-10
1.67022e-09
1.85142e-10
1.71798e-09
1.72704e-10
1.76269e-09
1.60453e-10
1.80612e-09
1.48991e-10
1.84688e-09
1.3819e-10
1.88636e-09
1.28359e-10
1.92347e-09
1.19307e-10
1.95935e-09
1.11207e-10
1.9932e-09
1.03878e-10
2.02595e-09
9.74321e-11
2.05701e-09
9.17158e-11
2.08716e-09
8.68194e-11
2.11593e-09
8.26224e-11
2.14404e-09
7.9212e-11
2.17115e-09
7.65125e-11
2.19752e-09
7.46082e-11
2.22335e-09
7.35529e-11
7.31166e-11
2.50732e-09
-7.42336e-12
2.51577e-09
-1.17508e-11
2.5248e-09
-1.46594e-11
2.53427e-09
-1.69783e-11
2.544e-09
-1.8899e-11
2.5538e-09
-2.04395e-11
2.5635e-09
-2.16593e-11
2.573e-09
-2.26392e-11
2.58222e-09
-2.34385e-11
2.5911e-09
-2.40995e-11
2.59957e-09
-2.46518e-11
2.60761e-09
-2.51209e-11
2.61517e-09
-2.55243e-11
2.62223e-09
-2.58781e-11
2.62876e-09
-2.61925e-11
2.63475e-09
-2.64782e-11
2.64018e-09
-2.67419e-11
2.64504e-09
-2.69912e-11
2.64932e-09
-2.72315e-11
2.65302e-09
-2.74684e-11
2.65611e-09
-2.77061e-11
2.65861e-09
-2.79491e-11
2.66048e-09
-2.82008e-11
2.66174e-09
-2.84648e-11
2.66236e-09
-2.87442e-11
2.66234e-09
-2.90419e-11
2.66166e-09
-2.93611e-11
2.66031e-09
-2.97041e-11
2.65826e-09
-3.00745e-11
2.6555e-09
-3.04741e-11
2.65201e-09
-3.09072e-11
2.64775e-09
-3.13745e-11
2.64271e-09
-3.18818e-11
2.63684e-09
-3.24283e-11
2.63012e-09
-3.30211e-11
2.62249e-09
-3.36576e-11
2.61393e-09
-3.43464e-11
2.60436e-09
-3.50824e-11
2.59374e-09
-3.58756e-11
2.58201e-09
-3.67181e-11
2.5691e-09
-3.76211e-11
2.55494e-09
-3.85728e-11
2.53943e-09
-3.95855e-11
2.52251e-09
-4.06429e-11
2.50407e-09
-4.1758e-11
2.484e-09
-4.2909e-11
2.46221e-09
-4.41088e-11
2.43857e-09
-4.53298e-11
2.41296e-09
-4.65839e-11
2.38527e-09
-4.78371e-11
2.35534e-09
-4.90993e-11
2.32306e-09
-5.03305e-11
2.28826e-09
-5.15368e-11
2.25084e-09
-5.26735e-11
2.21062e-09
-5.37414e-11
2.16751e-09
-5.46927e-11
2.12134e-09
-5.5522e-11
2.07203e-09
-5.61806e-11
2.01942e-09
-5.66562e-11
1.96348e-09
-5.69025e-11
1.90407e-09
-5.68989e-11
1.84119e-09
-5.66063e-11
1.77475e-09
-5.59927e-11
1.7048e-09
-5.50324e-11
1.63128e-09
-5.3672e-11
1.55425e-09
-5.18903e-11
1.47363e-09
-4.95795e-11
1.38935e-09
-4.67559e-11
1.30162e-09
-4.37286e-11
1.2119e-09
-4.18712e-11
1.12268e-09
-4.18116e-11
1.03604e-09
-4.23662e-11
9.53066e-10
-4.12754e-11
8.73312e-10
-3.57235e-11
7.95385e-10
-2.35515e-11
7.17962e-10
-4.04882e-12
6.41496e-10
2.26415e-11
5.7011e-10
5.89668e-11
5.03888e-10
1.09064e-10
4.35227e-10
2.07716e-10
4.30609e-10
1.15947e-10
4.406e-10
5.64263e-11
4.3436e-10
1.92516e-11
4.11457e-10
-2.21661e-12
3.77925e-10
-1.53205e-11
3.39245e-10
-2.32998e-11
2.99601e-10
-2.74316e-11
2.61604e-10
-2.8847e-11
2.26644e-10
-2.84683e-11
1.95314e-10
-2.69755e-11
1.67731e-10
-2.48656e-11
1.43711e-10
-2.24835e-11
1.22934e-10
-2.00579e-11
1.05003e-10
-1.77283e-11
8.95425e-11
-1.55744e-11
7.61838e-11
-1.36277e-11
6.46322e-11
-1.18971e-11
5.4617e-11
-1.03683e-11
4.59416e-11
-9.02661e-12
3.84164e-11
-7.84655e-12
3.19134e-11
-6.81262e-12
2.62895e-11
-5.90209e-12
2.14544e-11
-5.10556e-12
1.72885e-11
-4.40471e-12
1.37249e-11
-3.79497e-12
1.06609e-11
-3.26002e-12
8.05155e-12
-2.79796e-12
5.81021e-12
-2.3929e-12
3.91414e-12
-2.04553e-12
2.28949e-12
-1.74026e-12
9.3494e-13
-1.48103e-12
-2.17404e-13
-1.25336e-12
-1.14696e-12
-1.06434e-12
-1.92269e-12
-9.02531e-13
-2.50416e-12
-7.79512e-13
-2.96746e-12
-6.88999e-13
-3.29054e-12
-6.50135e-13
-3.46963e-12
-6.5968e-13
-3.57814e-12
-7.70161e-13
-5.91357e-12
-1.89168e-12
-4.17367e-11
-4.93882e-12
-8.26366e-11
-2.61464e-11
-1.19723e-10
-3.62237e-11
-1.52564e-10
-4.12057e-11
-1.78952e-10
-4.22136e-11
-2.00113e-10
-3.95759e-11
-2.16058e-10
-3.37335e-11
-2.26332e-10
-2.50861e-11
-2.31022e-10
-1.46575e-11
-2.25104e-10
-3.20316e-12
-2.08934e-10
9.8791e-12
-1.75733e-10
2.43723e-11
-1.24809e-10
4.12401e-11
-3.51885e-11
6.35608e-11
8.50727e-11
9.20027e-11
1.92834e-10
1.11518e-10
2.51101e-10
1.12475e-10
2.67157e-10
8.33724e-11
1.97873e-10
4.85425e-11
4.3557e-11
-1.39937e-11
-2.13422e-10
-6.16078e-11
-5.35912e-10
-1.0211e-10
-8.56407e-10
-1.65564e-10
-1.13713e-09
-2.31234e-10
-1.36743e-09
-2.68219e-10
-1.55054e-09
-2.80601e-10
-1.68265e-09
-2.75441e-10
-1.77462e-09
-2.5538e-10
-1.82744e-09
-2.2734e-10
-1.85524e-09
-1.92538e-10
-1.85955e-09
-1.56501e-10
-1.85356e-09
-1.19312e-10
-1.83516e-09
-8.4997e-11
-1.81368e-09
-5.29294e-11
-1.78378e-09
-2.62068e-11
-1.75136e-09
-4.07717e-12
-1.70884e-09
1.26121e-11
-1.66037e-09
2.69354e-11
-1.60138e-09
3.90947e-11
-1.53438e-09
5.07976e-11
-1.45782e-09
6.15136e-11
-1.37143e-09
7.19842e-11
-1.27711e-09
8.13276e-11
-1.17172e-09
8.94807e-11
-1.06376e-09
9.59272e-11
-9.5615e-10
1.00513e-10
-8.57968e-10
1.03754e-10
-7.54469e-10
1.07208e-10
-6.58285e-10
1.1133e-10
-5.53554e-10
1.14799e-10
-4.53862e-10
1.19504e-10
-3.28445e-10
1.14869e-10
-1.69758e-10
9.84513e-11
1.59085e-11
8.97296e-11
1.92148e-10
9.16956e-11
3.5815e-10
9.34757e-11
5.09903e-10
9.76983e-11
6.47754e-10
1.00111e-10
7.72209e-10
1.05231e-10
8.75426e-10
1.14976e-10
9.60444e-10
1.24046e-10
1.03703e-09
1.19759e-10
1.10949e-09
1.12312e-10
1.17808e-09
1.02961e-10
1.24345e-09
9.45859e-11
1.30526e-09
8.61971e-11
1.36384e-09
7.9086e-11
1.4191e-09
7.22838e-11
1.47135e-09
6.65728e-11
1.52068e-09
6.1213e-11
1.56742e-09
5.67362e-11
1.61173e-09
5.2603e-11
1.65393e-09
4.91962e-11
1.69422e-09
4.61279e-11
1.7329e-09
4.36833e-11
1.77024e-09
4.15972e-11
1.8066e-09
4.00811e-11
1.84189e-09
3.90454e-11
1.87695e-09
3.84471e-11
3.9113e-11
2.49257e-09
2.4808e-09
2.46612e-09
2.44913e-09
2.43021e-09
2.40976e-09
2.38808e-09
2.36542e-09
2.34197e-09
2.31785e-09
2.29318e-09
2.26804e-09
2.2425e-09
2.2166e-09
2.19038e-09
2.16388e-09
2.13712e-09
2.1101e-09
2.08284e-09
2.05535e-09
2.02762e-09
1.99964e-09
1.97141e-09
1.94292e-09
1.91414e-09
1.88507e-09
1.85568e-09
1.82593e-09
1.79583e-09
1.7653e-09
1.73437e-09
1.70294e-09
1.67103e-09
1.63853e-09
1.60548e-09
1.57174e-09
1.53737e-09
1.5022e-09
1.4663e-09
1.42947e-09
1.39184e-09
1.35314e-09
1.31354e-09
1.27275e-09
1.23098e-09
1.18791e-09
1.1438e-09
1.09829e-09
1.0517e-09
1.00367e-09
9.54565e-10
9.04021e-10
8.52478e-10
7.99579e-10
7.45822e-10
6.9089e-10
6.35331e-10
5.78893e-10
5.22163e-10
4.64983e-10
4.07955e-10
3.51061e-10
2.94873e-10
2.39558e-10
1.85622e-10
1.33435e-10
8.35307e-11
3.63318e-11
-7.75124e-12
-5.0267e-11
-9.23164e-11
-1.35468e-10
-1.76921e-10
-2.13421e-10
-2.37147e-10
-2.41658e-10
-2.19101e-10
-1.60264e-10
-5.1223e-11
1.56478e-10
2.72426e-10
3.28849e-10
3.48097e-10
3.45872e-10
3.30545e-10
3.07232e-10
2.79793e-10
2.50928e-10
2.22453e-10
1.95456e-10
1.70584e-10
1.48077e-10
1.28013e-10
1.10259e-10
9.46809e-11
8.10257e-11
6.91262e-11
5.87289e-11
4.97014e-11
4.18245e-11
3.50124e-11
2.90786e-11
2.39747e-11
1.95366e-11
1.5744e-11
1.24483e-11
9.6534e-12
7.22139e-12
5.18038e-12
3.39677e-12
1.92257e-12
6.22483e-13
-4.30479e-13
-1.38298e-12
-2.14579e-12
-2.88738e-12
-3.56379e-12
-4.25041e-12
-5.02343e-12
-8.24656e-12
-1.41469e-11
-4.27064e-11
-7.92279e-11
-1.21931e-10
-1.64179e-10
-2.04292e-10
-2.38175e-10
-2.63002e-10
-2.78235e-10
-2.80761e-10
-2.72141e-10
-2.47092e-10
-2.08274e-10
-1.44182e-10
-5.51381e-11
5.72744e-11
1.68021e-10
2.51977e-10
2.99772e-10
2.82906e-10
2.21744e-10
1.08953e-10
-5.38982e-11
-2.96546e-10
-5.60171e-10
-8.50031e-10
-1.11996e-09
-1.3823e-09
-1.60382e-09
-1.80158e-09
-1.95245e-09
-2.07591e-09
-2.15569e-09
-2.21201e-09
-2.2335e-09
-2.24001e-09
-2.22327e-09
-2.19744e-09
-2.15488e-09
-2.10362e-09
-2.03944e-09
-1.9654e-09
-1.88228e-09
-1.7892e-09
-1.69236e-09
-1.58696e-09
-1.48315e-09
-1.37047e-09
-1.25992e-09
-1.13917e-09
-1.02165e-09
-8.9942e-10
-8.04962e-10
-7.06514e-10
-6.20013e-10
-5.18338e-10
-4.27844e-10
-3.19698e-10
-2.24122e-10
-1.02598e-10
1.26371e-11
1.36324e-10
2.42076e-10
3.47401e-10
4.37082e-10
5.24747e-10
6.00186e-10
6.73415e-10
7.37287e-10
7.99147e-10
8.53884e-10
9.06951e-10
9.54651e-10
1.00111e-09
1.04364e-09
1.08557e-09
1.125e-09
1.16391e-09
1.20232e-09
)
;

boundaryField
{
    Inlet
    {
        type            calculated;
        value           nonuniform List<scalar> 
20
(
-2.5e-09
-2.5e-09
-2.5e-09
-2.5e-09
-2.5e-09
-2.5e-09
-2.5e-09
-2.5e-09
-2.5e-09
-2.5e-09
-2.5e-09
-2.5e-09
-2.5e-09
-2.5e-09
-2.5e-09
-2.5e-09
-2.5e-09
-2.5e-09
-2.5e-09
-2.5e-09
)
;
    }
    Outlet
    {
        type            calculated;
        value           nonuniform List<scalar> 
20
(
2.67256e-09
2.68227e-09
2.68472e-09
2.68098e-09
2.67399e-09
2.66532e-09
2.65543e-09
2.64424e-09
2.63147e-09
2.61699e-09
2.60129e-09
2.58605e-09
2.57344e-09
2.56311e-09
2.54859e-09
2.51406e-09
2.42934e-09
2.24819e-09
1.91094e-09
1.24143e-09
)
;
    }
    Wall
    {
        type            calculated;
        value           uniform 0;
    }
    symmetry
    {
        type            symmetry;
        value           uniform 0;
    }
    Frontback
    {
        type            empty;
        value           nonuniform List<scalar> 0();
    }
}


// ************************************************************************* //
