/*--------------------------------*- C++ -*----------------------------------*\
  =========                 |
  \\      /  F ield         | OpenFOAM: The Open Source CFD Toolbox
   \\    /   O peration     | Website:  https://openfoam.org
    \\  /    A nd           | Version:  10
     \\/     M anipulation  |
\*---------------------------------------------------------------------------*/
FoamFile
{
    format      ascii;
    class       volVectorField;
    location    "0.02";
    object      U;
}
// * * * * * * * * * * * * * * * * * * * * * * * * * * * * * * * * * * * * * //

dimensions      [0 1 -1 0 0 0 0];

internalField   nonuniform List<vector> 
4000
(
(5.00001 -6.7578e-05 0)
(5.00017 -0.000216062 0)
(5.00045 -0.000357564 0)
(5.00088 -0.000497006 0)
(5.00147 -0.000636412 0)
(5.00219 -0.000775635 0)
(5.00305 -0.000915431 0)
(5.00404 -0.00105524 0)
(5.00518 -0.00119602 0)
(5.00646 -0.00133704 0)
(5.00788 -0.00147949 0)
(5.00945 -0.00162246 0)
(5.01116 -0.00176738 0)
(5.01301 -0.00191319 0)
(5.01501 -0.00206156 0)
(5.01716 -0.00221127 0)
(5.01946 -0.00236427 0)
(5.02192 -0.00251917 0)
(5.02453 -0.00267819 0)
(5.0273 -0.00283977 0)
(5.03024 -0.00300641 0)
(5.03335 -0.00317637 0)
(5.03663 -0.00335244 0)
(5.04008 -0.00353267 0)
(5.04372 -0.00372018 0)
(5.04756 -0.00391277 0)
(5.05159 -0.00411391 0)
(5.05582 -0.00432115 0)
(5.06027 -0.00453829 0)
(5.06494 -0.00476264 0)
(5.06983 -0.00499836 0)
(5.07497 -0.00524244 0)
(5.08036 -0.00549947 0)
(5.08602 -0.00576609 0)
(5.09194 -0.00604735 0)
(5.09816 -0.00633946 0)
(5.10467 -0.006648 0)
(5.1115 -0.00696872 0)
(5.11866 -0.00730775 0)
(5.12617 -0.0076603 0)
(5.13404 -0.00803311 0)
(5.1423 -0.00842082 0)
(5.15095 -0.00883082 0)
(5.16002 -0.00925707 0)
(5.16953 -0.00970768 0)
(5.1795 -0.0101758 0)
(5.18995 -0.0106704 0)
(5.20091 -0.0111838 0)
(5.21239 -0.0117257 0)
(5.22443 -0.0122874 0)
(5.23704 -0.0128796 0)
(5.25027 -0.0134924 0)
(5.26411 -0.0141375 0)
(5.27862 -0.0148038 0)
(5.29381 -0.0155037 0)
(5.30971 -0.016225 0)
(5.32635 -0.016981 0)
(5.34376 -0.0177576 0)
(5.36196 -0.0185694 0)
(5.38099 -0.0194005 0)
(5.40086 -0.0202662 0)
(5.42161 -0.0211488 0)
(5.44326 -0.0220643 0)
(5.46584 -0.0229929 0)
(5.48935 -0.0239513 0)
(5.51384 -0.0249172 0)
(5.53931 -0.0259081 0)
(5.56577 -0.0268991 0)
(5.59323 -0.027908 0)
(5.62171 -0.0289074 0)
(5.65118 -0.0299156 0)
(5.68167 -0.0309024 0)
(5.71314 -0.0318865 0)
(5.74559 -0.0328353 0)
(5.77898 -0.033768 0)
(5.81329 -0.0346499 0)
(5.84847 -0.0355007 0)
(5.88447 -0.0362845 0)
(5.92124 -0.0370217 0)
(5.95872 -0.0376761 0)
(5.99682 -0.0382691 0)
(6.03547 -0.038765 0)
(6.07458 -0.0391868 0)
(6.11407 -0.0395003 0)
(6.15383 -0.0397303 0)
(6.19376 -0.039845 0)
(6.23376 -0.0398706 0)
(6.27373 -0.0397787 0)
(6.31356 -0.0395967 0)
(6.35314 -0.0392998 0)
(6.39239 -0.0389158 0)
(6.43118 -0.0384237 0)
(6.46944 -0.0378511 0)
(6.50707 -0.0371806 0)
(6.54399 -0.0364386 0)
(6.58011 -0.0356114 0)
(6.61538 -0.0347229 0)
(6.6497 -0.0337632 0)
(6.68305 -0.0327528 0)
(6.71535 -0.0316852 0)
(6.74656 -0.0305772 0)
(6.77663 -0.0294257 0)
(6.80555 -0.0282428 0)
(6.83325 -0.0270288 0)
(6.85975 -0.025791 0)
(6.88498 -0.0245333 0)
(6.90897 -0.0232575 0)
(6.93166 -0.0219711 0)
(6.95309 -0.0206706 0)
(6.97321 -0.019367 0)
(6.99204 -0.0180514 0)
(7.00956 -0.0167384 0)
(7.02579 -0.0154138 0)
(7.04069 -0.0140963 0)
(7.05431 -0.0127661 0)
(7.0666 -0.0114457 0)
(7.0776 -0.0101102 0)
(7.08727 -0.00878613 0)
(7.09565 -0.00744394 0)
(7.10271 -0.00611402 0)
(7.10846 -0.00476277 0)
(7.11288 -0.00342401 0)
(7.11599 -0.00205997 0)
(7.11776 -0.000707216 0)
(7.11819 0.000676128 0)
(7.11727 0.00205059 0)
(7.11498 0.00346033 0)
(7.1113 0.0048632 0)
(7.10624 0.00630488 0)
(7.09975 0.00774104 0)
(7.09183 0.00921772 0)
(7.08245 0.0106889 0)
(7.0716 0.0121997 0)
(7.05927 0.013703 0)
(7.04542 0.0152415 0)
(7.03006 0.016768 0)
(7.01316 0.0183213 0)
(6.99474 0.0198552 0)
(6.97477 0.0214034 0)
(6.95329 0.0229219 0)
(6.93027 0.0244383 0)
(6.90578 0.0259124 0)
(6.8798 0.0273649 0)
(6.85241 0.028761 0)
(6.82361 0.0301144 0)
(6.79351 0.0313972 0)
(6.76212 0.0326156 0)
(6.72957 0.0337504 0)
(6.69587 0.0348007 0)
(6.66119 0.0357569 0)
(6.62555 0.036611 0)
(6.58911 0.0373639 0)
(6.55193 0.0380012 0)
(6.51418 0.0385344 0)
(6.4759 0.0389431 0)
(6.43726 0.039249 0)
(6.39834 0.0394266 0)
(6.35929 0.039507 0)
(6.32018 0.0394599 0)
(6.28116 0.0393249 0)
(6.2423 0.0390675 0)
(6.20372 0.0387345 0)
(6.16551 0.0382878 0)
(6.12776 0.0377801 0)
(6.09054 0.0371698 0)
(6.05394 0.0365143 0)
(6.01802 0.0357693 0)
(5.98285 0.0349951 0)
(5.94847 0.0341454 0)
(5.91493 0.0332823 0)
(5.88227 0.0323577 0)
(5.85051 0.0314348 0)
(5.8197 0.0304639 0)
(5.78983 0.0295083 0)
(5.76092 0.0285173 0)
(5.73297 0.0275537 0)
(5.706 0.0265662 0)
(5.67997 0.0256163 0)
(5.6549 0.0246526 0)
(5.63075 0.0237349 0)
(5.60753 0.0228119 0)
(5.58518 0.0219417 0)
(5.5637 0.0210733 0)
(5.54304 0.0202629 0)
(5.5232 0.0194599 0)
(5.50411 0.0187188 0)
(5.48576 0.0179893 0)
(5.46809 0.0173245 0)
(5.45108 0.0166744 0)
(5.43468 0.0160906 0)
(5.41885 0.0155236 0)
(5.40354 0.0150236 0)
(5.38873 0.0145416 0)
(5.37436 0.0141268 0)
(5.36043 0.0137305 0)
(5.34675 0.0133997 0)
(5.33379 0.0130915 0)
(5.32013 0.0128311 0)
(5.30946 0.012641 0)
(5.29048 0.0123753 0)
(5.00001 -0.000202589 0)
(5.00017 -0.000650129 0)
(5.00045 -0.00107524 0)
(5.00089 -0.00149375 0)
(5.00147 -0.00191151 0)
(5.00219 -0.00232914 0)
(5.00305 -0.00274798 0)
(5.00405 -0.00316753 0)
(5.00518 -0.00358929 0)
(5.00646 -0.00401257 0)
(5.00788 -0.00443921 0)
(5.00944 -0.00486837 0)
(5.01115 -0.00530227 0)
(5.01299 -0.00573994 0)
(5.01499 -0.00618403 0)
(5.01713 -0.00663346 0)
(5.01943 -0.0070913 0)
(5.02187 -0.00755634 0)
(5.02448 -0.00803211 0)
(5.02724 -0.00851726 0)
(5.03016 -0.00901577 0)
(5.03326 -0.00952613 0)
(5.03652 -0.0100528 0)
(5.03996 -0.010594 0)
(5.04359 -0.0111548 0)
(5.0474 -0.0117333 0)
(5.05141 -0.0123348 0)
(5.05562 -0.0129572 0)
(5.06004 -0.0136065 0)
(5.06468 -0.0142803 0)
(5.06955 -0.0149851 0)
(5.07465 -0.0157182 0)
(5.08001 -0.0164867 0)
(5.08563 -0.0172874 0)
(5.09151 -0.0181283 0)
(5.09769 -0.0190056 0)
(5.10416 -0.019928 0)
(5.11094 -0.0208912 0)
(5.11805 -0.0219046 0)
(5.12551 -0.0229635 0)
(5.13332 -0.0240779 0)
(5.14152 -0.0252424 0)
(5.15011 -0.0264679 0)
(5.15912 -0.0277482 0)
(5.16856 -0.0290952 0)
(5.17846 -0.0305014 0)
(5.18884 -0.0319799 0)
(5.19972 -0.0335222 0)
(5.21113 -0.0351421 0)
(5.22309 -0.0368298 0)
(5.23562 -0.0386003 0)
(5.24875 -0.0404421 0)
(5.26251 -0.0423711 0)
(5.27693 -0.044374 0)
(5.29202 -0.0464677 0)
(5.30784 -0.0486368 0)
(5.32438 -0.0508988 0)
(5.3417 -0.0532358 0)
(5.35981 -0.0556659 0)
(5.37875 -0.0581684 0)
(5.39854 -0.0607615 0)
(5.41921 -0.0634211 0)
(5.44078 -0.0661655 0)
(5.46329 -0.0689665 0)
(5.48675 -0.0718419 0)
(5.51119 -0.0747592 0)
(5.53661 -0.077735 0)
(5.56305 -0.0807322 0)
(5.59051 -0.0837658 0)
(5.619 -0.0867934 0)
(5.64851 -0.0898285 0)
(5.67905 -0.0928234 0)
(5.7106 -0.0957899 0)
(5.74316 -0.0986756 0)
(5.77669 -0.101491 0)
(5.81117 -0.104179 0)
(5.84655 -0.10675 0)
(5.88278 -0.109145 0)
(5.91981 -0.111375 0)
(5.95758 -0.113381 0)
(5.996 -0.115176 0)
(6.035 -0.116703 0)
(6.07448 -0.11798 0)
(6.11435 -0.118955 0)
(6.15451 -0.11965 0)
(6.19485 -0.120021 0)
(6.23528 -0.120096 0)
(6.27566 -0.119841 0)
(6.31591 -0.119287 0)
(6.35591 -0.118409 0)
(6.39556 -0.117245 0)
(6.43474 -0.115777 0)
(6.47338 -0.114044 0)
(6.51136 -0.112037 0)
(6.54862 -0.109797 0)
(6.58507 -0.107318 0)
(6.62063 -0.10464 0)
(6.65524 -0.101764 0)
(6.68885 -0.0987258 0)
(6.72138 -0.0955287 0)
(6.75282 -0.092204 0)
(6.7831 -0.0887587 0)
(6.81221 -0.0852173 0)
(6.8401 -0.0815897 0)
(6.86677 -0.0778927 0)
(6.89217 -0.0741389 0)
(6.91632 -0.0703373 0)
(6.93918 -0.066503 0)
(6.96076 -0.0626366 0)
(6.98104 -0.0587562 0)
(7.00005 -0.054854 0)
(7.01774 -0.050951 0)
(7.03416 -0.0470316 0)
(7.04927 -0.0431201 0)
(7.06309 -0.0391931 0)
(7.07562 -0.0352779 0)
(7.08687 -0.0313441 0)
(7.09681 -0.0274227 0)
(7.10549 -0.023477 0)
(7.11286 -0.0195419 0)
(7.11895 -0.0155742 0)
(7.12374 -0.0116112 0)
(7.12724 -0.00760315 0)
(7.12942 -0.00358957 0)
(7.13028 0.000483035 0)
(7.12981 0.00457177 0)
(7.128 0.00873232 0)
(7.12482 0.0129185 0)
(7.12026 0.0171865 0)
(7.1143 0.021487 0)
(7.10691 0.0258748 0)
(7.09807 0.0302968 0)
(7.08776 0.0348042 0)
(7.07597 0.0393404 0)
(7.06265 0.0439506 0)
(7.04782 0.0485746 0)
(7.03142 0.0532496 0)
(7.01348 0.057913 0)
(6.99397 0.0625924 0)
(6.97291 0.0672243 0)
(6.95028 0.071826 0)
(6.92614 0.0763353 0)
(6.90047 0.0807596 0)
(6.87335 0.0850411 0)
(6.84477 0.0891779 0)
(6.81485 0.0931199 0)
(6.78359 0.0968573 0)
(6.75113 0.100351 0)
(6.71749 0.103585 0)
(6.68282 0.106533 0)
(6.64716 0.109175 0)
(6.61068 0.111501 0)
(6.57342 0.113487 0)
(6.53557 0.115139 0)
(6.49718 0.116431 0)
(6.45843 0.117386 0)
(6.41938 0.117976 0)
(6.3802 0.11824 0)
(6.34096 0.118147 0)
(6.30182 0.117751 0)
(6.26284 0.117021 0)
(6.22417 0.11602 0)
(6.18587 0.114716 0)
(6.14805 0.113182 0)
(6.11078 0.111383 0)
(6.07415 0.1094 0)
(6.03823 0.107194 0)
(6.00307 0.104851 0)
(5.96872 0.10233 0)
(5.93524 0.099719 0)
(5.90265 0.0969734 0)
(5.87099 0.0941824 0)
(5.84029 0.0912987 0)
(5.81055 0.0884106 0)
(5.78179 0.0854682 0)
(5.75401 0.0825577 0)
(5.7272 0.079627 0)
(5.70136 0.0767598 0)
(5.67649 0.0739016 0)
(5.65254 0.0711331 0)
(5.62953 0.0683983 0)
(5.60739 0.0657745 0)
(5.58613 0.0632042 0)
(5.5657 0.0607615 0)
(5.54608 0.058388 0)
(5.52722 0.0561544 0)
(5.5091 0.0540018 0)
(5.49166 0.051998 0)
(5.47487 0.0500834 0)
(5.45869 0.0483233 0)
(5.44308 0.0466576 0)
(5.42799 0.0451495 0)
(5.41339 0.0437386 0)
(5.39922 0.0424863 0)
(5.38549 0.0413321 0)
(5.372 0.0403337 0)
(5.35922 0.03944 0)
(5.34577 0.038671 0)
(5.33525 0.0380965 0)
(5.3165 0.0373366 0)
(5.00001 -0.000337952 0)
(5.00017 -0.00108227 0)
(5.00045 -0.00178988 0)
(5.00088 -0.00248659 0)
(5.00146 -0.00318129 0)
(5.00218 -0.00387615 0)
(5.00304 -0.00457222 0)
(5.00403 -0.00527007 0)
(5.00516 -0.00597053 0)
(5.00643 -0.00667423 0)
(5.00784 -0.0073822 0)
(5.00939 -0.00809523 0)
(5.01108 -0.00881461 0)
(5.01291 -0.00954135 0)
(5.01489 -0.010277 0)
(5.01701 -0.0110229 0)
(5.01929 -0.0117808 0)
(5.02171 -0.0125522 0)
(5.02428 -0.0133393 0)
(5.02701 -0.0141438 0)
(5.0299 -0.0149681 0)
(5.03296 -0.0158141 0)
(5.03618 -0.0166847 0)
(5.03957 -0.0175817 0)
(5.04315 -0.0185085 0)
(5.0469 -0.019467 0)
(5.05085 -0.0204609 0)
(5.055 -0.0214924 0)
(5.05935 -0.0225652 0)
(5.06391 -0.0236819 0)
(5.0687 -0.0248466 0)
(5.07372 -0.0260617 0)
(5.07899 -0.0273317 0)
(5.0845 -0.0286593 0)
(5.09029 -0.0300493 0)
(5.09635 -0.0315043 0)
(5.10271 -0.0330295 0)
(5.10937 -0.0346275 0)
(5.11635 -0.0363038 0)
(5.12367 -0.0380611 0)
(5.13134 -0.0399051 0)
(5.13939 -0.0418386 0)
(5.14782 -0.0438674 0)
(5.15667 -0.0459941 0)
(5.16594 -0.048225 0)
(5.17567 -0.0505623 0)
(5.18586 -0.0530124 0)
(5.19656 -0.0555772 0)
(5.20777 -0.0582632 0)
(5.21952 -0.0610719 0)
(5.23185 -0.0640096 0)
(5.24477 -0.0670771 0)
(5.25831 -0.0702804 0)
(5.27251 -0.0736193 0)
(5.28738 -0.0770994 0)
(5.30297 -0.0807192 0)
(5.31929 -0.0844831 0)
(5.33638 -0.0883881 0)
(5.35427 -0.092437 0)
(5.37299 -0.0966246 0)
(5.39256 -0.100952 0)
(5.41303 -0.10541 0)
(5.43441 -0.109998 0)
(5.45674 -0.114703 0)
(5.48004 -0.119519 0)
(5.50435 -0.124431 0)
(5.52966 -0.129427 0)
(5.55602 -0.134487 0)
(5.58343 -0.139593 0)
(5.61192 -0.144719 0)
(5.64147 -0.149842 0)
(5.6721 -0.154928 0)
(5.70379 -0.15995 0)
(5.73655 -0.164867 0)
(5.77034 -0.169645 0)
(5.80514 -0.174241 0)
(5.84091 -0.178616 0)
(5.8776 -0.182725 0)
(5.91514 -0.186528 0)
(5.95349 -0.18998 0)
(5.99255 -0.193045 0)
(6.03223 -0.195683 0)
(6.07245 -0.197864 0)
(6.11309 -0.199557 0)
(6.15406 -0.200742 0)
(6.19523 -0.201399 0)
(6.23648 -0.201522 0)
(6.2777 -0.201104 0)
(6.31877 -0.20015 0)
(6.35957 -0.198667 0)
(6.4 -0.196671 0)
(6.43992 -0.19418 0)
(6.47927 -0.19122 0)
(6.51791 -0.187815 0)
(6.55578 -0.183998 0)
(6.59278 -0.179798 0)
(6.62885 -0.17525 0)
(6.66391 -0.170385 0)
(6.69792 -0.165239 0)
(6.7308 -0.159842 0)
(6.76253 -0.154228 0)
(6.79306 -0.148425 0)
(6.82237 -0.142461 0)
(6.85042 -0.136364 0)
(6.87721 -0.130156 0)
(6.9027 -0.123861 0)
(6.92691 -0.117494 0)
(6.9498 -0.111076 0)
(6.97139 -0.104618 0)
(6.99166 -0.0981352 0)
(7.01064 -0.0916337 0)
(7.0283 -0.0851245 0)
(7.04467 -0.0786099 0)
(7.05972 -0.0720973 0)
(7.0735 -0.0655845 0)
(7.08597 -0.0590756 0)
(7.09717 -0.0525647 0)
(7.10708 -0.046054 0)
(7.11572 -0.039535 0)
(7.12307 -0.0330079 0)
(7.12916 -0.0264607 0)
(7.13396 -0.0198897 0)
(7.13748 -0.0132795 0)
(7.1397 -0.0066231 0)
(7.14064 9.41017e-05 0)
(7.14025 0.00687931 0)
(7.13854 0.0137462 0)
(7.13548 0.0207017 0)
(7.13105 0.0277564 0)
(7.12523 0.0349155 0)
(7.118 0.0421845 0)
(7.10932 0.0495647 0)
(7.09917 0.0570543 0)
(7.08752 0.064648 0)
(7.07434 0.0723347 0)
(7.05961 0.0801007 0)
(7.0433 0.0879242 0)
(7.02541 0.0957816 0)
(7.00589 0.10364 0)
(6.98479 0.111467 0)
(6.96205 0.11922 0)
(6.93775 0.126858 0)
(6.91184 0.134332 0)
(6.88442 0.141596 0)
(6.85548 0.148598 0)
(6.82513 0.15529 0)
(6.79338 0.161623 0)
(6.76036 0.167553 0)
(6.72612 0.173035 0)
(6.69079 0.178032 0)
(6.65445 0.182509 0)
(6.61724 0.186438 0)
(6.57925 0.189797 0)
(6.54064 0.192571 0)
(6.50149 0.194747 0)
(6.46198 0.196326 0)
(6.4222 0.197308 0)
(6.38231 0.197705 0)
(6.34239 0.197527 0)
(6.3026 0.196799 0)
(6.26303 0.195541 0)
(6.2238 0.193786 0)
(6.18501 0.191559 0)
(6.14675 0.188902 0)
(6.10911 0.185845 0)
(6.07216 0.182432 0)
(6.03597 0.178695 0)
(6.00062 0.174681 0)
(5.96613 0.170421 0)
(5.93257 0.165963 0)
(5.89996 0.161335 0)
(5.86834 0.156583 0)
(5.83772 0.151734 0)
(5.80811 0.146829 0)
(5.77953 0.141891 0)
(5.75196 0.136959 0)
(5.72542 0.132051 0)
(5.69987 0.127201 0)
(5.67532 0.122424 0)
(5.65172 0.11775 0)
(5.62908 0.113187 0)
(5.60735 0.108764 0)
(5.58651 0.104484 0)
(5.56651 0.100372 0)
(5.54734 0.0964273 0)
(5.52894 0.0926718 0)
(5.51128 0.0891015 0)
(5.49432 0.0857355 0)
(5.47801 0.082567 0)
(5.46231 0.0796126 0)
(5.44719 0.0768631 0)
(5.43258 0.0743333 0)
(5.41847 0.0720119 0)
(5.40478 0.0699119 0)
(5.39153 0.0680209 0)
(5.37853 0.0663486 0)
(5.36621 0.0648889 0)
(5.35326 0.0636196 0)
(5.34312 0.0626562 0)
(5.32507 0.0614329 0)
(5.00001 -0.000472788 0)
(5.00017 -0.00151171 0)
(5.00045 -0.00250035 0)
(5.00088 -0.00347372 0)
(5.00145 -0.00444388 0)
(5.00217 -0.00541396 0)
(5.00302 -0.00638525 0)
(5.004 -0.00735863 0)
(5.00512 -0.00833503 0)
(5.00638 -0.00931548 0)
(5.00778 -0.0103012 0)
(5.00931 -0.0112934 0)
(5.01098 -0.0122938 0)
(5.0128 -0.0133039 0)
(5.01475 -0.0143257 0)
(5.01685 -0.0153613 0)
(5.01909 -0.0164129 0)
(5.02147 -0.0174828 0)
(5.024 -0.0185739 0)
(5.02669 -0.0196888 0)
(5.02953 -0.0208306 0)
(5.03252 -0.0220024 0)
(5.03568 -0.0232075 0)
(5.03901 -0.0244494 0)
(5.04251 -0.0257319 0)
(5.04618 -0.0270586 0)
(5.05004 -0.0284337 0)
(5.05409 -0.0298612 0)
(5.05833 -0.0313456 0)
(5.06279 -0.0328912 0)
(5.06746 -0.0345028 0)
(5.07235 -0.036185 0)
(5.07748 -0.037943 0)
(5.08285 -0.0397815 0)
(5.08848 -0.0417063 0)
(5.09438 -0.043722 0)
(5.10056 -0.045835 0)
(5.10704 -0.0480501 0)
(5.11383 -0.0503738 0)
(5.12094 -0.0528111 0)
(5.1284 -0.055369 0)
(5.13623 -0.0580525 0)
(5.14442 -0.0608686 0)
(5.15303 -0.0638225 0)
(5.16204 -0.0669215 0)
(5.1715 -0.0701706 0)
(5.18142 -0.0735771 0)
(5.19183 -0.0771458 0)
(5.20275 -0.080884 0)
(5.2142 -0.0847961 0)
(5.22621 -0.0888891 0)
(5.23881 -0.0931667 0)
(5.25202 -0.0976354 0)
(5.26589 -0.102298 0)
(5.28042 -0.10716 0)
(5.29566 -0.112223 0)
(5.31163 -0.117491 0)
(5.32838 -0.122963 0)
(5.34592 -0.128641 0)
(5.3643 -0.134522 0)
(5.38354 -0.140605 0)
(5.40369 -0.146882 0)
(5.42477 -0.153349 0)
(5.44682 -0.159994 0)
(5.46986 -0.166806 0)
(5.49394 -0.173767 0)
(5.51907 -0.180859 0)
(5.54529 -0.188057 0)
(5.57261 -0.195335 0)
(5.60107 -0.20266 0)
(5.63065 -0.209994 0)
(5.6614 -0.217296 0)
(5.69329 -0.224518 0)
(5.72633 -0.231611 0)
(5.7605 -0.238517 0)
(5.79578 -0.245178 0)
(5.83213 -0.251531 0)
(5.86951 -0.257513 0)
(5.90785 -0.263058 0)
(5.94708 -0.268104 0)
(5.98712 -0.272589 0)
(6.02788 -0.276459 0)
(6.06924 -0.279659 0)
(6.11109 -0.28215 0)
(6.15331 -0.283894 0)
(6.19576 -0.284871 0)
(6.23832 -0.28506 0)
(6.28084 -0.284462 0)
(6.32319 -0.283078 0)
(6.36524 -0.280927 0)
(6.40687 -0.278028 0)
(6.44795 -0.274416 0)
(6.48837 -0.270124 0)
(6.52803 -0.265199 0)
(6.56683 -0.259681 0)
(6.60468 -0.253623 0)
(6.64152 -0.247072 0)
(6.67726 -0.24008 0)
(6.71186 -0.232695 0)
(6.74526 -0.224967 0)
(6.77743 -0.21694 0)
(6.80832 -0.20866 0)
(6.83793 -0.200167 0)
(6.86621 -0.191499 0)
(6.89317 -0.18269 0)
(6.91878 -0.173771 0)
(6.94306 -0.164768 0)
(6.96598 -0.155706 0)
(6.98758 -0.146603 0)
(7.00782 -0.137477 0)
(7.02674 -0.128341 0)
(7.04433 -0.119204 0)
(7.06062 -0.110075 0)
(7.07558 -0.100957 0)
(7.08926 -0.0918531 0)
(7.10164 -0.0827614 0)
(7.11275 -0.07368 0)
(7.12258 -0.0646044 0)
(7.13115 -0.0555295 0)
(7.13845 -0.0464467 0)
(7.14451 -0.0373468 0)
(7.1493 -0.0282136 0)
(7.15284 -0.0190334 0)
(7.15509 -0.00978381 0)
(7.15609 -0.000454285 0)
(7.15578 0.0089789 0)
(7.15418 0.0185254 0)
(7.15124 0.0282098 0)
(7.14696 0.0380373 0)
(7.14129 0.0480313 0)
(7.13421 0.0581893 0)
(7.12569 0.0685298 0)
(7.11568 0.0790393 0)
(7.10416 0.089727 0)
(7.09106 0.100565 0)
(7.07638 0.111549 0)
(7.06005 0.122636 0)
(7.04207 0.133804 0)
(7.02238 0.144994 0)
(7.00101 0.156168 0)
(6.9779 0.167252 0)
(6.95311 0.178194 0)
(6.9266 0.188913 0)
(6.89846 0.199343 0)
(6.86868 0.209403 0)
(6.83737 0.219024 0)
(6.80454 0.228127 0)
(6.77035 0.236647 0)
(6.73483 0.244516 0)
(6.69815 0.251679 0)
(6.66037 0.258084 0)
(6.62168 0.263688 0)
(6.58216 0.268461 0)
(6.54201 0.272377 0)
(6.50131 0.275426 0)
(6.46026 0.277601 0)
(6.41896 0.278912 0)
(6.37758 0.279369 0)
(6.33624 0.279002 0)
(6.29509 0.277833 0)
(6.25423 0.275909 0)
(6.2138 0.273264 0)
(6.17389 0.269954 0)
(6.13462 0.266023 0)
(6.09605 0.261533 0)
(6.05829 0.256533 0)
(6.02139 0.251088 0)
(5.98543 0.245248 0)
(5.95044 0.239077 0)
(5.91646 0.232626 0)
(5.88355 0.225954 0)
(5.8517 0.21911 0)
(5.82095 0.212148 0)
(5.79129 0.205111 0)
(5.76274 0.198049 0)
(5.73527 0.190999 0)
(5.70889 0.184003 0)
(5.68357 0.177094 0)
(5.6593 0.170305 0)
(5.63604 0.163666 0)
(5.61378 0.157202 0)
(5.59246 0.150936 0)
(5.57207 0.144889 0)
(5.55256 0.13908 0)
(5.53389 0.133521 0)
(5.51602 0.128227 0)
(5.49891 0.123209 0)
(5.4825 0.118475 0)
(5.46677 0.114032 0)
(5.45166 0.109887 0)
(5.43712 0.106041 0)
(5.42311 0.1025 0)
(5.4096 0.099261 0)
(5.39651 0.0963287 0)
(5.38385 0.0936989 0)
(5.37145 0.091371 0)
(5.35971 0.0893479 0)
(5.34737 0.0875923 0)
(5.33771 0.0862571 0)
(5.32053 0.0845848 0)
(5.00001 -0.000606919 0)
(5.00017 -0.00193818 0)
(5.00044 -0.00320595 0)
(5.00087 -0.0044541 0)
(5.00144 -0.00569762 0)
(5.00215 -0.00694043 0)
(5.003 -0.00818398 0)
(5.00397 -0.00942937 0)
(5.00508 -0.0106777 0)
(5.00633 -0.0119301 0)
(5.00771 -0.0131882 0)
(5.00923 -0.0144535 0)
(5.01088 -0.0157281 0)
(5.01266 -0.0170141 0)
(5.01459 -0.0183138 0)
(5.01665 -0.01963 0)
(5.01884 -0.0209656 0)
(5.02118 -0.0223236 0)
(5.02366 -0.0237075 0)
(5.02629 -0.0251209 0)
(5.02906 -0.0265676 0)
(5.03198 -0.0280517 0)
(5.03506 -0.0295776 0)
(5.03829 -0.0311495 0)
(5.04169 -0.0327725 0)
(5.04526 -0.0344512 0)
(5.049 -0.0361911 0)
(5.05292 -0.0379972 0)
(5.05703 -0.0398754 0)
(5.06134 -0.0418311 0)
(5.06585 -0.0438707 0)
(5.07057 -0.046 0)
(5.07552 -0.0482258 0)
(5.0807 -0.0505541 0)
(5.08612 -0.0529924 0)
(5.0918 -0.0555468 0)
(5.09775 -0.0582253 0)
(5.10399 -0.0610344 0)
(5.11052 -0.0639823 0)
(5.11737 -0.0670758 0)
(5.12454 -0.0703237 0)
(5.13207 -0.0737328 0)
(5.13996 -0.0773121 0)
(5.14823 -0.0810686 0)
(5.15691 -0.0850116 0)
(5.16601 -0.0891481 0)
(5.17557 -0.0934874 0)
(5.18559 -0.0980364 0)
(5.19611 -0.102804 0)
(5.20715 -0.107798 0)
(5.21874 -0.113026 0)
(5.23091 -0.118495 0)
(5.24368 -0.124213 0)
(5.25709 -0.130184 0)
(5.27115 -0.136417 0)
(5.28593 -0.142915 0)
(5.30142 -0.149683 0)
(5.31769 -0.156723 0)
(5.33476 -0.164038 0)
(5.35267 -0.171626 0)
(5.37145 -0.179487 0)
(5.39115 -0.187615 0)
(5.41179 -0.196003 0)
(5.43343 -0.20464 0)
(5.4561 -0.213514 0)
(5.47984 -0.222604 0)
(5.50468 -0.231888 0)
(5.53067 -0.241338 0)
(5.55783 -0.250918 0)
(5.5862 -0.26059 0)
(5.6158 -0.270304 0)
(5.64665 -0.280007 0)
(5.67877 -0.289636 0)
(5.71216 -0.299124 0)
(5.74682 -0.308392 0)
(5.78273 -0.317361 0)
(5.81985 -0.325941 0)
(5.85816 -0.334046 0)
(5.89757 -0.341579 0)
(5.93803 -0.348453 0)
(5.97944 -0.354575 0)
(6.02169 -0.359868 0)
(6.06466 -0.364252 0)
(6.10821 -0.367671 0)
(6.15219 -0.370069 0)
(6.19645 -0.371417 0)
(6.24084 -0.371689 0)
(6.28518 -0.370886 0)
(6.32933 -0.369014 0)
(6.37313 -0.366101 0)
(6.41644 -0.362178 0)
(6.45912 -0.357297 0)
(6.50104 -0.351508 0)
(6.54208 -0.344878 0)
(6.58216 -0.337467 0)
(6.62116 -0.32935 0)
(6.65903 -0.320592 0)
(6.69568 -0.311269 0)
(6.73107 -0.301447 0)
(6.76515 -0.291194 0)
(6.79788 -0.280571 0)
(6.82924 -0.269642 0)
(6.85921 -0.258458 0)
(6.88778 -0.247073 0)
(6.91494 -0.235529 0)
(6.94068 -0.223869 0)
(6.96504 -0.212126 0)
(6.98798 -0.200331 0)
(7.00955 -0.188509 0)
(7.02972 -0.176681 0)
(7.04856 -0.164861 0)
(7.06603 -0.153064 0)
(7.08219 -0.141297 0)
(7.09701 -0.129564 0)
(7.11055 -0.117866 0)
(7.12279 -0.106202 0)
(7.13377 -0.0945685 0)
(7.14348 -0.0829575 0)
(7.15195 -0.0713621 0)
(7.15918 -0.0597694 0)
(7.16518 -0.0481656 0)
(7.16995 -0.0365273 0)
(7.17351 -0.0248338 0)
(7.17582 -0.013053 0)
(7.1769 -0.00116986 0)
(7.17672 0.0108505 0)
(7.17529 0.0230237 0)
(7.17255 0.0353873 0)
(7.1685 0.0479518 0)
(7.16309 0.0607548 0)
(7.15629 0.0737972 0)
(7.14805 0.0871111 0)
(7.13831 0.100682 0)
(7.12704 0.11453 0)
(7.11415 0.12862 0)
(7.09962 0.142952 0)
(7.08336 0.157466 0)
(7.06536 0.172139 0)
(7.04553 0.186887 0)
(7.02387 0.201658 0)
(7.00033 0.216349 0)
(6.97495 0.230885 0)
(6.94767 0.245149 0)
(6.91857 0.259051 0)
(6.88766 0.27247 0)
(6.85504 0.28531 0)
(6.82073 0.297457 0)
(6.7849 0.308819 0)
(6.74759 0.3193 0)
(6.709 0.328819 0)
(6.6692 0.337306 0)
(6.62841 0.344701 0)
(6.58673 0.350965 0)
(6.54437 0.356058 0)
(6.50146 0.359975 0)
(6.4582 0.362703 0)
(6.41473 0.364263 0)
(6.37124 0.364667 0)
(6.32785 0.363964 0)
(6.28474 0.362185 0)
(6.24203 0.359398 0)
(6.19987 0.355652 0)
(6.15835 0.351028 0)
(6.11759 0.345586 0)
(6.0777 0.339415 0)
(6.03874 0.33258 0)
(6.00079 0.325173 0)
(5.96391 0.317261 0)
(5.92815 0.308932 0)
(5.89355 0.300254 0)
(5.86013 0.291307 0)
(5.82791 0.282155 0)
(5.7969 0.272871 0)
(5.7671 0.263511 0)
(5.73851 0.254141 0)
(5.71111 0.244807 0)
(5.68488 0.235566 0)
(5.65979 0.226458 0)
(5.63583 0.217528 0)
(5.61294 0.20881 0)
(5.59111 0.200339 0)
(5.57028 0.192142 0)
(5.55043 0.184245 0)
(5.53149 0.176669 0)
(5.51343 0.169433 0)
(5.49619 0.162553 0)
(5.47975 0.156039 0)
(5.46403 0.149905 0)
(5.44899 0.144155 0)
(5.43459 0.138799 0)
(5.42077 0.133836 0)
(5.40749 0.129273 0)
(5.3947 0.125107 0)
(5.38234 0.121341 0)
(5.37041 0.11797 0)
(5.35874 0.114992 0)
(5.3477 0.11241 0)
(5.33612 0.110179 0)
(5.32704 0.108484 0)
(5.31091 0.106388 0)
(5.00001 -0.000740626 0)
(5.00017 -0.00236201 0)
(5.00044 -0.00390729 0)
(5.00087 -0.00542852 0)
(5.00144 -0.00694328 0)
(5.00214 -0.00845611 0)
(5.00298 -0.00996858 0)
(5.00395 -0.0114819 0)
(5.00505 -0.0129971 0)
(5.00628 -0.0145157 0)
(5.00765 -0.0160394 0)
(5.00914 -0.0175702 0)
(5.01077 -0.0191103 0)
(5.01252 -0.0206624 0)
(5.01441 -0.0222295 0)
(5.01643 -0.0238148 0)
(5.01858 -0.0254218 0)
(5.02086 -0.0270544 0)
(5.02328 -0.0287167 0)
(5.02583 -0.0304133 0)
(5.02852 -0.0321487 0)
(5.03135 -0.0339281 0)
(5.03433 -0.0357566 0)
(5.03746 -0.0376398 0)
(5.04073 -0.0395836 0)
(5.04417 -0.0415938 0)
(5.04776 -0.043677 0)
(5.05153 -0.0458395 0)
(5.05547 -0.0480884 0)
(5.0596 -0.0504304 0)
(5.06391 -0.0528734 0)
(5.06843 -0.0554243 0)
(5.07315 -0.0580916 0)
(5.07809 -0.0608828 0)
(5.08326 -0.0638067 0)
(5.08867 -0.0668713 0)
(5.09434 -0.0700862 0)
(5.10027 -0.0734594 0)
(5.10649 -0.0770011 0)
(5.113 -0.0807198 0)
(5.11982 -0.0846262 0)
(5.12697 -0.0887289 0)
(5.13447 -0.0930391 0)
(5.14234 -0.0975657 0)
(5.15059 -0.10232 0)
(5.15925 -0.107311 0)
(5.16834 -0.112551 0)
(5.17789 -0.118048 0)
(5.18791 -0.123815 0)
(5.19844 -0.129859 0)
(5.20949 -0.136194 0)
(5.22111 -0.142826 0)
(5.23331 -0.149767 0)
(5.24614 -0.157025 0)
(5.25962 -0.164609 0)
(5.27378 -0.172525 0)
(5.28867 -0.180783 0)
(5.30432 -0.189386 0)
(5.32076 -0.19834 0)
(5.33805 -0.207645 0)
(5.35622 -0.217304 0)
(5.37531 -0.227312 0)
(5.39537 -0.237666 0)
(5.41645 -0.248354 0)
(5.43859 -0.259365 0)
(5.46185 -0.270679 0)
(5.48626 -0.282272 0)
(5.51189 -0.294113 0)
(5.53877 -0.306162 0)
(5.56696 -0.318372 0)
(5.5965 -0.330685 0)
(5.62742 -0.343037 0)
(5.65975 -0.355347 0)
(5.69352 -0.36753 0)
(5.72873 -0.379483 0)
(5.76539 -0.391102 0)
(5.80348 -0.402264 0)
(5.84295 -0.412849 0)
(5.88376 -0.422724 0)
(5.92582 -0.431765 0)
(5.96902 -0.43984 0)
(6.01326 -0.446838 0)
(6.05836 -0.452645 0)
(6.10418 -0.45718 0)
(6.15053 -0.460364 0)
(6.19723 -0.462157 0)
(6.24407 -0.462527 0)
(6.29085 -0.461479 0)
(6.3374 -0.459025 0)
(6.38352 -0.455211 0)
(6.42905 -0.450085 0)
(6.47381 -0.443724 0)
(6.51769 -0.436201 0)
(6.56053 -0.427611 0)
(6.60225 -0.418041 0)
(6.64273 -0.407593 0)
(6.68191 -0.396357 0)
(6.7197 -0.384434 0)
(6.75608 -0.371913 0)
(6.79099 -0.358884 0)
(6.82441 -0.345428 0)
(6.85632 -0.331625 0)
(6.88673 -0.317543 0)
(6.9156 -0.303249 0)
(6.94298 -0.288797 0)
(6.96884 -0.27424 0)
(6.99324 -0.259619 0)
(7.01615 -0.244972 0)
(7.03764 -0.230329 0)
(7.05769 -0.215714 0)
(7.07636 -0.201144 0)
(7.09364 -0.186635 0)
(7.10959 -0.172195 0)
(7.12419 -0.157828 0)
(7.13751 -0.143533 0)
(7.14954 -0.129307 0)
(7.16031 -0.115144 0)
(7.16984 -0.101036 0)
(7.17815 -0.0869703 0)
(7.18525 -0.072931 0)
(7.19117 -0.0588972 0)
(7.19589 -0.0448384 0)
(7.19945 -0.0307243 0)
(7.20181 -0.0165118 0)
(7.203 -0.00217826 0)
(7.20299 0.0123242 0)
(7.20178 0.0270216 0)
(7.19933 0.041968 0)
(7.19562 0.0571848 0)
(7.1906 0.0727291 0)
(7.18423 0.0886114 0)
(7.17644 0.104884 0)
(7.16716 0.121537 0)
(7.15633 0.138607 0)
(7.14385 0.156057 0)
(7.12965 0.173893 0)
(7.11364 0.192043 0)
(7.09574 0.210479 0)
(7.07586 0.229088 0)
(7.05398 0.247804 0)
(7.03 0.266483 0)
(7.00394 0.285022 0)
(6.97575 0.303258 0)
(6.9455 0.321064 0)
(6.91317 0.338272 0)
(6.87889 0.354747 0)
(6.84268 0.370332 0)
(6.80472 0.384896 0)
(6.76509 0.398309 0)
(6.724 0.410459 0)
(6.68156 0.421252 0)
(6.63801 0.430607 0)
(6.59349 0.438472 0)
(6.54825 0.444799 0)
(6.50244 0.449582 0)
(6.45631 0.452807 0)
(6.41001 0.45451 0)
(6.36377 0.454711 0)
(6.31773 0.453479 0)
(6.27211 0.450861 0)
(6.22702 0.446954 0)
(6.18264 0.441824 0)
(6.13908 0.435585 0)
(6.09646 0.428318 0)
(6.05489 0.420142 0)
(6.01444 0.411147 0)
(5.9752 0.401452 0)
(5.93721 0.391148 0)
(5.90052 0.380349 0)
(5.86517 0.369142 0)
(5.83117 0.357631 0)
(5.79853 0.345897 0)
(5.76726 0.334034 0)
(5.73733 0.32211 0)
(5.70875 0.310208 0)
(5.68147 0.298386 0)
(5.65548 0.286713 0)
(5.63074 0.275238 0)
(5.60721 0.264014 0)
(5.58483 0.253083 0)
(5.56358 0.242485 0)
(5.5434 0.232253 0)
(5.52424 0.222416 0)
(5.50605 0.212999 0)
(5.48878 0.204022 0)
(5.47236 0.195502 0)
(5.45676 0.187452 0)
(5.44191 0.179884 0)
(5.42776 0.172804 0)
(5.41425 0.16622 0)
(5.40134 0.160131 0)
(5.38897 0.154543 0)
(5.37709 0.149451 0)
(5.36564 0.144857 0)
(5.35462 0.140756 0)
(5.34384 0.137142 0)
(5.33369 0.13402 0)
(5.32303 0.131334 0)
(5.31467 0.129303 0)
(5.29984 0.126823 0)
(5.00001 -0.000874339 0)
(5.00017 -0.00278405 0)
(5.00044 -0.00460573 0)
(5.00087 -0.00639876 0)
(5.00143 -0.0081829 0)
(5.00214 -0.00996311 0)
(5.00297 -0.0117409 0)
(5.00393 -0.0135175 0)
(5.00503 -0.015294 0)
(5.00625 -0.0170719 0)
(5.0076 -0.0188532 0)
(5.00907 -0.0206401 0)
(5.01067 -0.0224353 0)
(5.0124 -0.0242419 0)
(5.01425 -0.0260633 0)
(5.01622 -0.0279034 0)
(5.01832 -0.0297665 0)
(5.02054 -0.0316571 0)
(5.02288 -0.0335802 0)
(5.02535 -0.0355411 0)
(5.02795 -0.0375453 0)
(5.03068 -0.0395989 0)
(5.03354 -0.0417081 0)
(5.03654 -0.0438794 0)
(5.03968 -0.0461198 0)
(5.04296 -0.0484362 0)
(5.04639 -0.0508365 0)
(5.04997 -0.0533282 0)
(5.05371 -0.0559196 0)
(5.05762 -0.0586187 0)
(5.06171 -0.0614347 0)
(5.06598 -0.064376 0)
(5.07043 -0.0674526 0)
(5.07509 -0.0706734 0)
(5.07996 -0.0740489 0)
(5.08506 -0.0775886 0)
(5.09038 -0.0813039 0)
(5.09596 -0.0852044 0)
(5.10179 -0.0893024 0)
(5.1079 -0.0936079 0)
(5.1143 -0.0981338 0)
(5.12101 -0.10289 0)
(5.12805 -0.107891 0)
(5.13543 -0.113147 0)
(5.14317 -0.118672 0)
(5.1513 -0.124477 0)
(5.15983 -0.130576 0)
(5.1688 -0.136981 0)
(5.17822 -0.143706 0)
(5.18812 -0.150762 0)
(5.19853 -0.158163 0)
(5.20947 -0.165922 0)
(5.22099 -0.174051 0)
(5.23311 -0.182562 0)
(5.24585 -0.191468 0)
(5.25927 -0.200778 0)
(5.2734 -0.210505 0)
(5.28827 -0.220656 0)
(5.30393 -0.231241 0)
(5.32043 -0.242265 0)
(5.33781 -0.253735 0)
(5.35612 -0.265649 0)
(5.3754 -0.278008 0)
(5.39573 -0.290807 0)
(5.41715 -0.304035 0)
(5.43974 -0.317676 0)
(5.46353 -0.331708 0)
(5.48862 -0.3461 0)
(5.51505 -0.360811 0)
(5.5429 -0.375792 0)
(5.57222 -0.390976 0)
(5.6031 -0.406288 0)
(5.63556 -0.421633 0)
(5.66968 -0.436905 0)
(5.70548 -0.451976 0)
(5.74298 -0.466707 0)
(5.78219 -0.480938 0)
(5.82308 -0.494505 0)
(5.8656 -0.507222 0)
(5.90967 -0.518914 0)
(5.95518 -0.529393 0)
(6.00197 -0.538496 0)
(6.04987 -0.546063 0)
(6.09866 -0.551972 0)
(6.14813 -0.556117 0)
(6.19801 -0.55844 0)
(6.24807 -0.558904 0)
(6.29805 -0.557523 0)
(6.34772 -0.554324 0)
(6.39684 -0.549379 0)
(6.44523 -0.542769 0)
(6.49268 -0.534606 0)
(6.53904 -0.525 0)
(6.58416 -0.514085 0)
(6.62793 -0.501984 0)
(6.67023 -0.488835 0)
(6.71101 -0.474761 0)
(6.75017 -0.459893 0)
(6.78771 -0.444344 0)
(6.82356 -0.428232 0)
(6.85773 -0.411658 0)
(6.8902 -0.39472 0)
(6.921 -0.377503 0)
(6.95012 -0.360087 0)
(6.97761 -0.342537 0)
(7.00347 -0.324915 0)
(7.02776 -0.307269 0)
(7.05049 -0.289644 0)
(7.07172 -0.272072 0)
(7.09148 -0.254581 0)
(7.10981 -0.237189 0)
(7.12674 -0.219913 0)
(7.14232 -0.20276 0)
(7.15656 -0.185733 0)
(7.16951 -0.16883 0)
(7.1812 -0.152046 0)
(7.19166 -0.135372 0)
(7.20091 -0.1188 0)
(7.20898 -0.102312 0)
(7.21589 -0.0858899 0)
(7.22167 -0.0695036 0)
(7.22632 -0.0531166 0)
(7.22987 -0.0366861 0)
(7.2323 -0.0201595 0)
(7.23364 -0.0035031 0)
(7.23386 0.0133456 0)
(7.23297 0.0304287 0)
(7.23093 0.047821 0)
(7.22772 0.0655633 0)
(7.22328 0.0837391 0)
(7.21757 0.10238 0)
(7.21049 0.121566 0)
(7.20197 0.141306 0)
(7.19189 0.161661 0)
(7.18014 0.182599 0)
(7.16659 0.204142 0)
(7.15111 0.226206 0)
(7.13359 0.248756 0)
(7.11387 0.271651 0)
(7.09191 0.294796 0)
(7.06756 0.318 0)
(7.04082 0.341119 0)
(7.0116 0.363927 0)
(6.97998 0.386247 0)
(6.94593 0.407847 0)
(6.90958 0.428537 0)
(6.87098 0.448101 0)
(6.83033 0.46636 0)
(6.78773 0.483136 0)
(6.74344 0.49828 0)
(6.69761 0.511666 0)
(6.65052 0.523187 0)
(6.60235 0.532777 0)
(6.55342 0.54038 0)
(6.5039 0.545991 0)
(6.4541 0.549604 0)
(6.40422 0.551269 0)
(6.3545 0.551025 0)
(6.30515 0.548967 0)
(6.25637 0.54517 0)
(6.20835 0.539762 0)
(6.16124 0.532841 0)
(6.11519 0.524557 0)
(6.07032 0.515021 0)
(6.02675 0.504392 0)
(5.98455 0.492787 0)
(5.94379 0.480361 0)
(5.90454 0.467231 0)
(5.86682 0.453543 0)
(5.83065 0.439404 0)
(5.79606 0.424949 0)
(5.76301 0.410274 0)
(5.73153 0.395494 0)
(5.70157 0.380696 0)
(5.67311 0.365975 0)
(5.64609 0.351404 0)
(5.62051 0.33706 0)
(5.59627 0.323004 0)
(5.57336 0.309296 0)
(5.5517 0.295983 0)
(5.53125 0.283111 0)
(5.51193 0.270716 0)
(5.4937 0.258828 0)
(5.47648 0.247476 0)
(5.46022 0.236679 0)
(5.44485 0.226455 0)
(5.43033 0.216817 0)
(5.41657 0.207775 0)
(5.40353 0.199334 0)
(5.39114 0.1915 0)
(5.37936 0.184271 0)
(5.36811 0.177652 0)
(5.35735 0.171634 0)
(5.34702 0.166219 0)
(5.33711 0.161396 0)
(5.32744 0.157162 0)
(5.31836 0.153518 0)
(5.30882 0.1504 0)
(5.30134 0.148056 0)
(5.28809 0.145231 0)
(5.00001 -0.00100892 0)
(5.00017 -0.00320642 0)
(5.00044 -0.00530481 0)
(5.00087 -0.00736967 0)
(5.00144 -0.00942239 0)
(5.00215 -0.0114681 0)
(5.00298 -0.0135082 0)
(5.00394 -0.0155436 0)
(5.00503 -0.0175753 0)
(5.00625 -0.0196051 0)
(5.00759 -0.0216349 0)
(5.00905 -0.0236672 0)
(5.01062 -0.0257052 0)
(5.01232 -0.0277524 0)
(5.01413 -0.0298128 0)
(5.01606 -0.0318911 0)
(5.0181 -0.0339919 0)
(5.02025 -0.0361209 0)
(5.02252 -0.0382838 0)
(5.0249 -0.0404866 0)
(5.0274 -0.042736 0)
(5.03001 -0.0450389 0)
(5.03275 -0.0474026 0)
(5.0356 -0.0498345 0)
(5.03858 -0.0523429 0)
(5.04169 -0.0549358 0)
(5.04493 -0.0576222 0)
(5.0483 -0.0604107 0)
(5.05182 -0.0633111 0)
(5.05549 -0.0663326 0)
(5.05931 -0.0694858 0)
(5.06329 -0.0727805 0)
(5.06745 -0.0762282 0)
(5.07178 -0.0798391 0)
(5.07631 -0.0836257 0)
(5.08103 -0.0875988 0)
(5.08597 -0.0917716 0)
(5.09113 -0.0961556 0)
(5.09652 -0.100765 0)
(5.10217 -0.105611 0)
(5.10808 -0.11071 0)
(5.11428 -0.116072 0)
(5.12077 -0.121715 0)
(5.12758 -0.127651 0)
(5.13473 -0.133897 0)
(5.14224 -0.140465 0)
(5.15012 -0.147373 0)
(5.15841 -0.154633 0)
(5.16712 -0.162265 0)
(5.17629 -0.170281 0)
(5.18593 -0.1787 0)
(5.19609 -0.187535 0)
(5.20678 -0.196805 0)
(5.21806 -0.206523 0)
(5.22993 -0.216707 0)
(5.24245 -0.22737 0)
(5.25566 -0.238529 0)
(5.26959 -0.250198 0)
(5.28429 -0.262391 0)
(5.29981 -0.275118 0)
(5.3162 -0.288394 0)
(5.33351 -0.302223 0)
(5.35181 -0.316613 0)
(5.37116 -0.331566 0)
(5.39162 -0.34708 0)
(5.41328 -0.363144 0)
(5.4362 -0.379745 0)
(5.46049 -0.396857 0)
(5.48621 -0.414444 0)
(5.51347 -0.432456 0)
(5.54235 -0.450827 0)
(5.57297 -0.469475 0)
(5.6054 -0.488292 0)
(5.63974 -0.507155 0)
(5.67606 -0.525904 0)
(5.71442 -0.544366 0)
(5.75486 -0.56233 0)
(5.79739 -0.579574 0)
(5.84197 -0.595842 0)
(5.88853 -0.610883 0)
(5.93694 -0.624426 0)
(5.98702 -0.636229 0)
(6.03854 -0.646054 0)
(6.09123 -0.653722 0)
(6.14478 -0.659081 0)
(6.19886 -0.662053 0)
(6.25315 -0.662598 0)
(6.3073 -0.660744 0)
(6.36102 -0.656548 0)
(6.41401 -0.650125 0)
(6.46601 -0.641602 0)
(6.51679 -0.631144 0)
(6.56616 -0.618915 0)
(6.61394 -0.605104 0)
(6.66001 -0.589883 0)
(6.70425 -0.573441 0)
(6.74662 -0.555946 0)
(6.78704 -0.537569 0)
(6.82552 -0.518462 0)
(6.86203 -0.498774 0)
(6.8966 -0.478635 0)
(6.92924 -0.458167 0)
(6.96003 -0.437471 0)
(6.98897 -0.416644 0)
(7.01615 -0.395761 0)
(7.04161 -0.37489 0)
(7.06542 -0.354084 0)
(7.08761 -0.333387 0)
(7.10828 -0.312833 0)
(7.12746 -0.292444 0)
(7.14521 -0.272239 0)
(7.16156 -0.252227 0)
(7.17659 -0.232412 0)
(7.19031 -0.212791 0)
(7.20279 -0.193359 0)
(7.21403 -0.174109 0)
(7.22411 -0.155028 0)
(7.23302 -0.136106 0)
(7.24083 -0.117321 0)
(7.24754 -0.0986526 0)
(7.2532 -0.0800611 0)
(7.25781 -0.0615071 0)
(7.2614 -0.0429346 0)
(7.26397 -0.0242875 0)
(7.26556 -0.00552121 0)
(7.26615 0.0134416 0)
(7.26577 0.0326632 0)
(7.26437 0.0522443 0)
(7.26196 0.0722541 0)
(7.25845 0.0928148 0)
(7.2538 0.113992 0)
(7.24791 0.135915 0)
(7.24065 0.158624 0)
(7.23189 0.182226 0)
(7.22145 0.206711 0)
(7.20914 0.232126 0)
(7.19477 0.258384 0)
(7.17815 0.285447 0)
(7.15906 0.313135 0)
(7.13739 0.341322 0)
(7.11293 0.369748 0)
(7.08564 0.398207 0)
(7.05541 0.426393 0)
(7.02229 0.454052 0)
(6.98623 0.480866 0)
(6.94742 0.506568 0)
(6.90589 0.530865 0)
(6.86189 0.553508 0)
(6.81557 0.574258 0)
(6.76725 0.592913 0)
(6.71712 0.609306 0)
(6.66555 0.6233 0)
(6.61278 0.634813 0)
(6.55918 0.643779 0)
(6.505 0.650202 0)
(6.45061 0.654084 0)
(6.39624 0.655504 0)
(6.34223 0.654525 0)
(6.28878 0.651284 0)
(6.23616 0.645889 0)
(6.18456 0.638517 0)
(6.13418 0.629306 0)
(6.08517 0.618454 0)
(6.03767 0.606114 0)
(5.99177 0.592489 0)
(5.94757 0.577735 0)
(5.90513 0.562049 0)
(5.86449 0.54558 0)
(5.82568 0.528509 0)
(5.7887 0.510972 0)
(5.75355 0.49313 0)
(5.72019 0.475102 0)
(5.68862 0.457026 0)
(5.65877 0.439003 0)
(5.63062 0.421146 0)
(5.60407 0.403538 0)
(5.57911 0.386268 0)
(5.55563 0.369404 0)
(5.53359 0.353012 0)
(5.5129 0.337145 0)
(5.49351 0.32185 0)
(5.47532 0.307166 0)
(5.45829 0.293125 0)
(5.44231 0.279753 0)
(5.42734 0.267069 0)
(5.41328 0.25509 0)
(5.4001 0.243826 0)
(5.38769 0.233285 0)
(5.37602 0.223469 0)
(5.36499 0.214381 0)
(5.35458 0.206016 0)
(5.34469 0.198376 0)
(5.33529 0.191449 0)
(5.32631 0.185234 0)
(5.31772 0.179718 0)
(5.30938 0.174893 0)
(5.30158 0.17076 0)
(5.29338 0.167248 0)
(5.28694 0.164625 0)
(5.27556 0.161523 0)
(5.00001 -0.00114575 0)
(5.00017 -0.00363275 0)
(5.00045 -0.00601047 0)
(5.00088 -0.00834929 0)
(5.00146 -0.0106715 0)
(5.00218 -0.0129822 0)
(5.00302 -0.0152822 0)
(5.00399 -0.0175722 0)
(5.00509 -0.019853 0)
(5.0063 -0.0221264 0)
(5.00764 -0.0243944 0)
(5.00909 -0.0266599 0)
(5.01065 -0.0289265 0)
(5.01232 -0.0311982 0)
(5.0141 -0.0334798 0)
(5.01598 -0.0357764 0)
(5.01797 -0.0380937 0)
(5.02006 -0.040438 0)
(5.02224 -0.042816 0)
(5.02453 -0.0452347 0)
(5.02692 -0.0477017 0)
(5.02941 -0.0502248 0)
(5.03201 -0.0528125 0)
(5.03471 -0.0554732 0)
(5.03751 -0.0582162 0)
(5.04043 -0.0610508 0)
(5.04345 -0.063987 0)
(5.0466 -0.0670347 0)
(5.04987 -0.0702049 0)
(5.05326 -0.0735082 0)
(5.05679 -0.0769565 0)
(5.06046 -0.0805611 0)
(5.06428 -0.0843348 0)
(5.06825 -0.0882895 0)
(5.07239 -0.0924392 0)
(5.0767 -0.0967963 0)
(5.0812 -0.101376 0)
(5.08589 -0.106191 0)
(5.09079 -0.111258 0)
(5.09591 -0.11659 0)
(5.10127 -0.122205 0)
(5.10688 -0.128117 0)
(5.11276 -0.134344 0)
(5.11893 -0.1409 0)
(5.1254 -0.147806 0)
(5.1322 -0.155075 0)
(5.13934 -0.162729 0)
(5.14685 -0.170784 0)
(5.15475 -0.179259 0)
(5.16307 -0.188172 0)
(5.17184 -0.197544 0)
(5.18108 -0.207392 0)
(5.19083 -0.217739 0)
(5.20111 -0.228601 0)
(5.21197 -0.240002 0)
(5.22343 -0.251959 0)
(5.23555 -0.264495 0)
(5.24836 -0.277629 0)
(5.2619 -0.291383 0)
(5.27624 -0.305775 0)
(5.29142 -0.320826 0)
(5.3075 -0.336552 0)
(5.32455 -0.352972 0)
(5.34265 -0.370097 0)
(5.36185 -0.387939 0)
(5.38228 -0.406501 0)
(5.40399 -0.425783 0)
(5.42713 -0.445772 0)
(5.45178 -0.466446 0)
(5.47808 -0.487767 0)
(5.50616 -0.509676 0)
(5.53618 -0.532094 0)
(5.56825 -0.554907 0)
(5.60254 -0.577978 0)
(5.63918 -0.60112 0)
(5.6783 -0.624119 0)
(5.71999 -0.646704 0)
(5.76432 -0.668578 0)
(5.81131 -0.689388 0)
(5.8609 -0.708779 0)
(5.91296 -0.726354 0)
(5.96726 -0.741749 0)
(6.02352 -0.754608 0)
(6.08134 -0.764659 0)
(6.14029 -0.771683 0)
(6.1999 -0.775574 0)
(6.25969 -0.776284 0)
(6.31917 -0.773863 0)
(6.37791 -0.7684 0)
(6.4355 -0.760062 0)
(6.4916 -0.749035 0)
(6.54591 -0.735559 0)
(6.59825 -0.719875 0)
(6.64844 -0.702253 0)
(6.69641 -0.682951 0)
(6.74209 -0.662236 0)
(6.78551 -0.640354 0)
(6.82666 -0.617546 0)
(6.86562 -0.594021 0)
(6.90241 -0.569981 0)
(6.93715 -0.545591 0)
(6.96988 -0.521003 0)
(7.00069 -0.49634 0)
(7.02963 -0.471707 0)
(7.05681 -0.447188 0)
(7.08225 -0.422847 0)
(7.10605 -0.398736 0)
(7.12824 -0.374889 0)
(7.1489 -0.351329 0)
(7.16805 -0.328069 0)
(7.18575 -0.305116 0)
(7.20203 -0.282467 0)
(7.21695 -0.260111 0)
(7.23052 -0.238038 0)
(7.24281 -0.216233 0)
(7.25381 -0.194682 0)
(7.26361 -0.173367 0)
(7.2722 -0.15227 0)
(7.27967 -0.131361 0)
(7.28601 -0.110613 0)
(7.29131 -0.0899812 0)
(7.29558 -0.0694292 0)
(7.29891 -0.0488912 0)
(7.30129 -0.0283184 0)
(7.30283 -0.0076516 0)
(7.3035 0.0132005 0)
(7.30339 0.0343238 0)
(7.30245 0.0558476 0)
(7.30073 0.0778788 0)
(7.29815 0.10059 0)
(7.29468 0.124101 0)
(7.29019 0.14861 0)
(7.28454 0.17422 0)
(7.27753 0.20111 0)
(7.26891 0.229314 0)
(7.25843 0.258927 0)
(7.24575 0.289863 0)
(7.2306 0.322084 0)
(7.21264 0.355359 0)
(7.19166 0.389505 0)
(7.16737 0.424167 0)
(7.13966 0.459049 0)
(7.10836 0.493723 0)
(7.07352 0.52783 0)
(7.03508 0.56093 0)
(6.99324 0.592653 0)
(6.94806 0.622599 0)
(6.89989 0.650431 0)
(6.84888 0.675829 0)
(6.79547 0.698524 0)
(6.73991 0.718303 0)
(6.68268 0.734992 0)
(6.6241 0.748494 0)
(6.56465 0.758741 0)
(6.50465 0.765751 0)
(6.44455 0.769553 0)
(6.38466 0.770265 0)
(6.32538 0.767995 0)
(6.26696 0.762935 0)
(6.20972 0.755249 0)
(6.15388 0.745174 0)
(6.09965 0.732907 0)
(6.0472 0.718706 0)
(5.99667 0.70278 0)
(5.94817 0.685388 0)
(5.90177 0.666733 0)
(5.85753 0.647062 0)
(5.81545 0.626562 0)
(5.77557 0.605455 0)
(5.73785 0.583907 0)
(5.70227 0.562111 0)
(5.66877 0.540208 0)
(5.63732 0.518357 0)
(5.60782 0.496677 0)
(5.58024 0.475294 0)
(5.55445 0.454303 0)
(5.53041 0.433801 0)
(5.50799 0.413861 0)
(5.48714 0.394555 0)
(5.46775 0.375936 0)
(5.44974 0.358053 0)
(5.43301 0.340942 0)
(5.41749 0.324634 0)
(5.40307 0.309154 0)
(5.38969 0.294515 0)
(5.37725 0.280731 0)
(5.3657 0.267807 0)
(5.35494 0.255747 0)
(5.3449 0.244547 0)
(5.33552 0.234208 0)
(5.32673 0.224718 0)
(5.31846 0.216075 0)
(5.31066 0.208262 0)
(5.30326 0.201276 0)
(5.29624 0.195099 0)
(5.28944 0.18972 0)
(5.28314 0.185137 0)
(5.27651 0.181274 0)
(5.27129 0.178413 0)
(5.2621 0.175099 0)
(5.00001 -0.00128701 0)
(5.00017 -0.00406905 0)
(5.00046 -0.00673256 0)
(5.00091 -0.00935097 0)
(5.00151 -0.0119466 0)
(5.00224 -0.0145239 0)
(5.00311 -0.017083 0)
(5.0041 -0.019624 0)
(5.00521 -0.0221478 0)
(5.00644 -0.0246559 0)
(5.00779 -0.0271508 0)
(5.00924 -0.0296357 0)
(5.0108 -0.0321145 0)
(5.01245 -0.0345923 0)
(5.0142 -0.0370744 0)
(5.01605 -0.0395668 0)
(5.01798 -0.0420762 0)
(5.02001 -0.0446098 0)
(5.02212 -0.0471752 0)
(5.02431 -0.0497805 0)
(5.02659 -0.0524342 0)
(5.02895 -0.0551453 0)
(5.0314 -0.0579231 0)
(5.03393 -0.0607774 0)
(5.03656 -0.0637184 0)
(5.03927 -0.0667565 0)
(5.04207 -0.0699028 0)
(5.04497 -0.0731685 0)
(5.04796 -0.0765658 0)
(5.05106 -0.0801065 0)
(5.05427 -0.0838039 0)
(5.0576 -0.0876705 0)
(5.06104 -0.0917208 0)
(5.06462 -0.0959681 0)
(5.06833 -0.100428 0)
(5.07218 -0.105115 0)
(5.07619 -0.110045 0)
(5.08037 -0.115233 0)
(5.08472 -0.120698 0)
(5.08927 -0.126455 0)
(5.09401 -0.132524 0)
(5.09897 -0.13892 0)
(5.10417 -0.145664 0)
(5.10961 -0.152774 0)
(5.11533 -0.160271 0)
(5.12133 -0.168172 0)
(5.12764 -0.176501 0)
(5.13428 -0.185276 0)
(5.14126 -0.194522 0)
(5.14863 -0.204256 0)
(5.1564 -0.214506 0)
(5.16461 -0.22529 0)
(5.17327 -0.236636 0)
(5.18243 -0.248564 0)
(5.19212 -0.261102 0)
(5.20237 -0.274273 0)
(5.21322 -0.288107 0)
(5.22472 -0.302628 0)
(5.23691 -0.317867 0)
(5.24985 -0.333849 0)
(5.26357 -0.350608 0)
(5.27817 -0.368171 0)
(5.29368 -0.386571 0)
(5.3102 -0.405836 0)
(5.32781 -0.425995 0)
(5.34661 -0.447074 0)
(5.36671 -0.469096 0)
(5.38824 -0.492072 0)
(5.41133 -0.516009 0)
(5.43617 -0.540893 0)
(5.46291 -0.566693 0)
(5.49178 -0.593349 0)
(5.52296 -0.620763 0)
(5.55672 -0.648794 0)
(5.59327 -0.677239 0)
(5.63284 -0.705838 0)
(5.67564 -0.734244 0)
(5.72183 -0.762051 0)
(5.7715 -0.788762 0)
(5.82466 -0.813847 0)
(5.88117 -0.836719 0)
(5.94078 -0.856831 0)
(6.00305 -0.873649 0)
(6.0674 -0.886763 0)
(6.13313 -0.895844 0)
(6.19947 -0.900735 0)
(6.26571 -0.901368 0)
(6.33116 -0.897824 0)
(6.3953 -0.890268 0)
(6.45769 -0.878985 0)
(6.51806 -0.864312 0)
(6.57624 -0.846653 0)
(6.63217 -0.82641 0)
(6.68584 -0.804 0)
(6.7373 -0.779808 0)
(6.78659 -0.754202 0)
(6.83378 -0.7275 0)
(6.87889 -0.699995 0)
(6.922 -0.671928 0)
(6.96309 -0.643511 0)
(7.00222 -0.614914 0)
(7.03935 -0.586281 0)
(7.07454 -0.557725 0)
(7.10774 -0.529337 0)
(7.13899 -0.501187 0)
(7.16827 -0.473328 0)
(7.19561 -0.445799 0)
(7.22101 -0.418625 0)
(7.24449 -0.391825 0)
(7.26607 -0.365408 0)
(7.28579 -0.339378 0)
(7.30366 -0.313732 0)
(7.31972 -0.288462 0)
(7.33399 -0.263561 0)
(7.34654 -0.23902 0)
(7.35739 -0.214834 0)
(7.36661 -0.19099 0)
(7.37425 -0.167487 0)
(7.38039 -0.144306 0)
(7.3851 -0.121448 0)
(7.38851 -0.0988826 0)
(7.39071 -0.0766002 0)
(7.39189 -0.054509 0)
(7.39212 -0.0325547 0)
(7.39155 -0.0106346 0)
(7.39023 0.0113617 0)
(7.38828 0.033556 0)
(7.38573 0.0561142 0)
(7.38268 0.0792035 0)
(7.37911 0.103077 0)
(7.37504 0.127954 0)
(7.37032 0.154159 0)
(7.36484 0.181918 0)
(7.35831 0.211552 0)
(7.35041 0.243193 0)
(7.34073 0.277037 0)
(7.32879 0.313017 0)
(7.31415 0.351101 0)
(7.2963 0.390977 0)
(7.27488 0.432373 0)
(7.24949 0.474777 0)
(7.21993 0.517744 0)
(7.18597 0.560661 0)
(7.14765 0.603004 0)
(7.10491 0.644159 0)
(7.058 0.683602 0)
(7.00704 0.720784 0)
(6.95244 0.75524 0)
(6.89446 0.786537 0)
(6.83365 0.814318 0)
(6.77038 0.838302 0)
(6.70525 0.858271 0)
(6.6387 0.874115 0)
(6.57133 0.885769 0)
(6.50358 0.893285 0)
(6.43599 0.896732 0)
(6.36898 0.896298 0)
(6.30298 0.892156 0)
(6.23835 0.884585 0)
(6.17541 0.873825 0)
(6.11442 0.860206 0)
(6.0556 0.843999 0)
(5.99914 0.825548 0)
(5.94515 0.805131 0)
(5.89375 0.78308 0)
(5.84496 0.759659 0)
(5.79885 0.735173 0)
(5.75536 0.709856 0)
(5.71452 0.683975 0)
(5.67622 0.657733 0)
(5.64045 0.631352 0)
(5.60709 0.605 0)
(5.57608 0.578856 0)
(5.54729 0.553054 0)
(5.52064 0.527735 0)
(5.496 0.503 0)
(5.47328 0.478954 0)
(5.45234 0.455671 0)
(5.4331 0.433224 0)
(5.41541 0.411665 0)
(5.39919 0.391041 0)
(5.38431 0.371383 0)
(5.37069 0.352716 0)
(5.35821 0.335059 0)
(5.34679 0.318419 0)
(5.33633 0.302804 0)
(5.32674 0.288209 0)
(5.31795 0.274634 0)
(5.30987 0.262065 0)
(5.30243 0.250498 0)
(5.29556 0.239914 0)
(5.28918 0.230304 0)
(5.28326 0.221648 0)
(5.2777 0.213935 0)
(5.27248 0.207144 0)
(5.26747 0.20126 0)
(5.2629 0.196277 0)
(5.25807 0.192115 0)
(5.25426 0.189063 0)
(5.24757 0.185624 0)
(5.00001 -0.00143601 0)
(5.00018 -0.0045246 0)
(5.00049 -0.00748619 0)
(5.00096 -0.010395 0)
(5.00159 -0.0132722 0)
(5.00236 -0.016121 0)
(5.00327 -0.0189405 0)
(5.0043 -0.0217304 0)
(5.00545 -0.024491 0)
(5.00671 -0.0272244 0)
(5.00808 -0.0299329 0)
(5.00955 -0.0326207 0)
(5.01112 -0.0352924 0)
(5.01278 -0.0379538 0)
(5.01451 -0.0406111 0)
(5.01633 -0.0432718 0)
(5.01823 -0.0459433 0)
(5.02019 -0.0486342 0)
(5.02223 -0.0513531 0)
(5.02433 -0.0541095 0)
(5.0265 -0.0569129 0)
(5.02873 -0.0597735 0)
(5.03103 -0.0627019 0)
(5.03339 -0.0657089 0)
(5.03582 -0.0688058 0)
(5.03831 -0.0720044 0)
(5.04088 -0.0753168 0)
(5.04351 -0.0787555 0)
(5.04622 -0.0823337 0)
(5.049 -0.0860647 0)
(5.05187 -0.0899629 0)
(5.05483 -0.0940421 0)
(5.05787 -0.0983182 0)
(5.06101 -0.102806 0)
(5.06426 -0.107522 0)
(5.06762 -0.112483 0)
(5.07111 -0.117707 0)
(5.07472 -0.123209 0)
(5.07848 -0.129011 0)
(5.08238 -0.13513 0)
(5.08646 -0.141586 0)
(5.09071 -0.148399 0)
(5.09515 -0.15559 0)
(5.09981 -0.16318 0)
(5.10469 -0.171192 0)
(5.10981 -0.179647 0)
(5.1152 -0.18857 0)
(5.12087 -0.197981 0)
(5.12685 -0.207909 0)
(5.13316 -0.218375 0)
(5.13983 -0.229408 0)
(5.14688 -0.241031 0)
(5.15433 -0.253275 0)
(5.16223 -0.266164 0)
(5.1706 -0.279732 0)
(5.17949 -0.294006 0)
(5.18891 -0.309022 0)
(5.19892 -0.324811 0)
(5.20955 -0.341412 0)
(5.22087 -0.358861 0)
(5.2329 -0.377202 0)
(5.24573 -0.396478 0)
(5.2594 -0.416738 0)
(5.27401 -0.43803 0)
(5.28963 -0.46041 0)
(5.30638 -0.483932 0)
(5.32435 -0.508652 0)
(5.34372 -0.534626 0)
(5.36462 -0.561902 0)
(5.38728 -0.59052 0)
(5.41191 -0.620503 0)
(5.43879 -0.651848 0)
(5.46821 -0.684508 0)
(5.50054 -0.718385 0)
(5.53613 -0.753296 0)
(5.57541 -0.78896 0)
(5.61873 -0.824958 0)
(5.66646 -0.860725 0)
(5.71882 -0.895513 0)
(5.77592 -0.92844 0)
(5.83762 -0.958516 0)
(5.90355 -0.984786 0)
(5.97302 -1.00635 0)
(6.04508 -1.02254 0)
(6.11871 -1.03291 0)
(6.19301 -1.03736 0)
(6.26733 -1.03603 0)
(6.34121 -1.02935 0)
(6.41444 -1.01787 0)
(6.48685 -1.00229 0)
(6.55837 -0.983275 0)
(6.62889 -0.961452 0)
(6.69829 -0.937344 0)
(6.76633 -0.911391 0)
(6.83277 -0.88393 0)
(6.89729 -0.855239 0)
(6.95959 -0.825535 0)
(7.01935 -0.79501 0)
(7.07631 -0.763823 0)
(7.13025 -0.732131 0)
(7.18101 -0.700068 0)
(7.22848 -0.667771 0)
(7.27262 -0.635356 0)
(7.3134 -0.602936 0)
(7.3509 -0.570602 0)
(7.38517 -0.538438 0)
(7.41633 -0.506507 0)
(7.44449 -0.474862 0)
(7.46979 -0.443545 0)
(7.49234 -0.412587 0)
(7.5123 -0.382008 0)
(7.52976 -0.351817 0)
(7.54487 -0.322018 0)
(7.55771 -0.292618 0)
(7.56837 -0.263621 0)
(7.57694 -0.235047 0)
(7.5835 -0.206908 0)
(7.58812 -0.179247 0)
(7.59092 -0.152101 0)
(7.59201 -0.125535 0)
(7.59154 -0.0995727 0)
(7.58973 -0.0742537 0)
(7.58679 -0.0494656 0)
(7.58285 -0.0251253 0)
(7.57812 -0.00109504 0)
(7.57267 0.0227152 0)
(7.56671 0.0464185 0)
(7.56033 0.070163 0)
(7.55377 0.094162 0)
(7.54709 0.118751 0)
(7.54045 0.144301 0)
(7.53374 0.171337 0)
(7.52686 0.200323 0)
(7.51944 0.231843 0)
(7.51102 0.26626 0)
(7.50096 0.303965 0)
(7.48852 0.344976 0)
(7.47297 0.389279 0)
(7.45352 0.436454 0)
(7.4296 0.486072 0)
(7.40061 0.537389 0)
(7.36629 0.589726 0)
(7.32635 0.642213 0)
(7.28086 0.694099 0)
(7.22981 0.744542 0)
(7.17355 0.792826 0)
(7.1123 0.838211 0)
(7.04663 0.880073 0)
(6.97696 0.917834 0)
(6.90401 0.951023 0)
(6.82834 0.979279 0)
(6.75076 1.00234 0)
(6.67187 1.02008 0)
(6.59247 1.03246 0)
(6.51314 1.03959 0)
(6.43456 1.04162 0)
(6.35725 1.03883 0)
(6.28174 1.03151 0)
(6.20842 1.02004 0)
(6.13765 1.00478 0)
(6.06972 0.986182 0)
(6.00482 0.964616 0)
(5.94313 0.940528 0)
(5.88473 0.914285 0)
(5.82969 0.886304 0)
(5.778 0.85692 0)
(5.72966 0.826502 0)
(5.68457 0.795339 0)
(5.6427 0.763743 0)
(5.60389 0.731951 0)
(5.56807 0.700218 0)
(5.53506 0.668732 0)
(5.50477 0.637692 0)
(5.47701 0.607241 0)
(5.45168 0.577528 0)
(5.42857 0.54866 0)
(5.40759 0.520741 0)
(5.38854 0.493845 0)
(5.37133 0.468039 0)
(5.35577 0.443369 0)
(5.34176 0.419873 0)
(5.32914 0.397575 0)
(5.31783 0.37649 0)
(5.30767 0.356625 0)
(5.29859 0.337977 0)
(5.29045 0.320543 0)
(5.28319 0.304307 0)
(5.27669 0.289258 0)
(5.27088 0.275375 0)
(5.26568 0.262641 0)
(5.26101 0.251031 0)
(5.25681 0.240526 0)
(5.25301 0.2311 0)
(5.24954 0.222736 0)
(5.24638 0.215406 0)
(5.24339 0.20909 0)
(5.24077 0.20378 0)
(5.23798 0.199389 0)
(5.23575 0.196208 0)
(5.23192 0.192731 0)
(5.00001 -0.00159796 0)
(5.0002 -0.00501395 0)
(5.00053 -0.00829465 0)
(5.00105 -0.0115121 0)
(5.00173 -0.0146847 0)
(5.00257 -0.017814 0)
(5.00353 -0.0208981 0)
(5.00463 -0.0239363 0)
(5.00585 -0.0269294 0)
(5.00717 -0.0298794 0)
(5.0086 -0.0327896 0)
(5.01011 -0.0356648 0)
(5.01171 -0.0385104 0)
(5.01339 -0.0413332 0)
(5.01513 -0.0441402 0)
(5.01694 -0.0469399 0)
(5.0188 -0.0497405 0)
(5.02072 -0.0525516 0)
(5.02269 -0.0553827 0)
(5.02471 -0.0582443 0)
(5.02677 -0.0611468 0)
(5.02887 -0.0641014 0)
(5.03102 -0.0671198 0)
(5.0332 -0.0702139 0)
(5.03543 -0.0733962 0)
(5.0377 -0.0766798 0)
(5.04001 -0.0800783 0)
(5.04237 -0.0836054 0)
(5.04477 -0.0872761 0)
(5.04723 -0.0911051 0)
(5.04973 -0.0951085 0)
(5.05229 -0.0993021 0)
(5.05491 -0.103703 0)
(5.05759 -0.108329 0)
(5.06035 -0.113198 0)
(5.06318 -0.118329 0)
(5.0661 -0.123741 0)
(5.06911 -0.129453 0)
(5.07222 -0.135487 0)
(5.07545 -0.141864 0)
(5.0788 -0.148607 0)
(5.08228 -0.155735 0)
(5.08592 -0.163276 0)
(5.08971 -0.171249 0)
(5.09369 -0.179682 0)
(5.09787 -0.188596 0)
(5.10226 -0.198022 0)
(5.10689 -0.20798 0)
(5.11177 -0.218503 0)
(5.11693 -0.229613 0)
(5.12239 -0.241343 0)
(5.12818 -0.253717 0)
(5.13431 -0.266771 0)
(5.14084 -0.280532 0)
(5.14777 -0.295036 0)
(5.15514 -0.310314 0)
(5.16298 -0.326409 0)
(5.17134 -0.343354 0)
(5.18024 -0.361198 0)
(5.18973 -0.379984 0)
(5.19984 -0.399768 0)
(5.21064 -0.420604 0)
(5.22216 -0.442561 0)
(5.2345 -0.465709 0)
(5.2477 -0.49013 0)
(5.26187 -0.515914 0)
(5.27712 -0.543162 0)
(5.29358 -0.571981 0)
(5.31141 -0.602487 0)
(5.33084 -0.634798 0)
(5.3521 -0.669027 0)
(5.37554 -0.705275 0)
(5.40154 -0.743607 0)
(5.43058 -0.784045 0)
(5.46323 -0.826511 0)
(5.50018 -0.870814 0)
(5.54217 -0.916568 0)
(5.59 -0.963138 0)
(5.64434 -1.00955 0)
(5.70579 -1.05445 0)
(5.77431 -1.09599 0)
(5.8493 -1.13204 0)
(5.92986 -1.16068 0)
(6.01514 -1.18097 0)
(6.10457 -1.19299 0)
(6.19788 -1.19753 0)
(6.29482 -1.19559 0)
(6.39482 -1.18824 0)
(6.49694 -1.17634 0)
(6.59989 -1.16059 0)
(6.70223 -1.1414 0)
(6.80244 -1.11905 0)
(6.89912 -1.09368 0)
(6.99096 -1.06545 0)
(7.07694 -1.03453 0)
(7.15627 -1.00114 0)
(7.22848 -0.965581 0)
(7.29328 -0.928181 0)
(7.35072 -0.889308 0)
(7.40095 -0.849343 0)
(7.44435 -0.808655 0)
(7.48137 -0.767595 0)
(7.51256 -0.726477 0)
(7.53852 -0.685576 0)
(7.55986 -0.645117 0)
(7.57718 -0.605274 0)
(7.59109 -0.566184 0)
(7.60212 -0.527938 0)
(7.61083 -0.490594 0)
(7.61764 -0.454161 0)
(7.62302 -0.418618 0)
(7.62732 -0.383909 0)
(7.63087 -0.349965 0)
(7.63393 -0.316715 0)
(7.63671 -0.284102 0)
(7.63932 -0.252091 0)
(7.64183 -0.22066 0)
(7.64418 -0.189848 0)
(7.6463 -0.159727 0)
(7.64804 -0.130461 0)
(7.6494 -0.102249 0)
(7.65034 -0.0751009 0)
(7.65103 -0.048863 0)
(7.65151 -0.0232402 0)
(7.65176 0.00202928 0)
(7.65163 0.026997 0)
(7.65124 0.0516562 0)
(7.65068 0.0760376 0)
(7.65034 0.10032 0)
(7.65041 0.124889 0)
(7.65124 0.150301 0)
(7.6528 0.177362 0)
(7.65504 0.206928 0)
(7.65747 0.240046 0)
(7.65934 0.277519 0)
(7.65956 0.320084 0)
(7.65684 0.367913 0)
(7.64987 0.420964 0)
(7.63734 0.478585 0)
(7.61825 0.540003 0)
(7.59173 0.604047 0)
(7.55739 0.669614 0)
(7.5149 0.735444 0)
(7.46443 0.800447 0)
(7.40607 0.863491 0)
(7.34036 0.923602 0)
(7.26771 0.979798 0)
(7.18897 1.03124 0)
(7.10481 1.07714 0)
(7.01631 1.1169 0)
(6.92434 1.15004 0)
(6.83009 1.17627 0)
(6.73448 1.19547 0)
(6.63865 1.20769 0)
(6.54345 1.21316 0)
(6.4498 1.21216 0)
(6.35839 1.20517 0)
(6.26987 1.19266 0)
(6.18474 1.17518 0)
(6.10338 1.15329 0)
(6.0261 1.12757 0)
(5.95307 1.09856 0)
(5.88443 1.06682 0)
(5.8202 1.03284 0)
(5.7604 0.997137 0)
(5.70492 0.960128 0)
(5.6537 0.922253 0)
(5.60654 0.883856 0)
(5.56335 0.845295 0)
(5.52387 0.806838 0)
(5.48796 0.768764 0)
(5.45537 0.731276 0)
(5.42594 0.694581 0)
(5.39942 0.658828 0)
(5.37565 0.624166 0)
(5.35438 0.590695 0)
(5.33545 0.558516 0)
(5.31864 0.527689 0)
(5.30381 0.498273 0)
(5.29073 0.470299 0)
(5.27929 0.44379 0)
(5.26929 0.418754 0)
(5.26062 0.395191 0)
(5.25312 0.373089 0)
(5.24668 0.352432 0)
(5.24118 0.333199 0)
(5.23652 0.31536 0)
(5.23258 0.298889 0)
(5.2293 0.283752 0)
(5.22657 0.269919 0)
(5.22434 0.257354 0)
(5.22252 0.24603 0)
(5.22106 0.235909 0)
(5.21988 0.226967 0)
(5.21896 0.219171 0)
(5.21818 0.212493 0)
(5.21769 0.206921 0)
(5.2171 0.202368 0)
(5.2166 0.199108 0)
(5.21582 0.195685 0)
(5.00002 -0.0017808 0)
(5.00022 -0.00556143 0)
(5.00061 -0.00919686 0)
(5.00119 -0.0127524 0)
(5.00196 -0.0162408 0)
(5.0029 -0.0196606 0)
(5.00397 -0.0230097 0)
(5.00517 -0.0262883 0)
(5.00649 -0.0294992 0)
(5.00791 -0.0326469 0)
(5.00942 -0.0357377 0)
(5.01101 -0.0387792 0)
(5.01267 -0.0417801 0)
(5.01439 -0.0447498 0)
(5.01617 -0.0476982 0)
(5.01799 -0.0506357 0)
(5.01985 -0.0535726 0)
(5.02175 -0.0565198 0)
(5.02367 -0.0594877 0)
(5.02562 -0.0624874 0)
(5.0276 -0.0655297 0)
(5.02959 -0.0686257 0)
(5.0316 -0.071787 0)
(5.03363 -0.0750251 0)
(5.03567 -0.0783523 0)
(5.03772 -0.0817812 0)
(5.03979 -0.0853249 0)
(5.04188 -0.0889971 0)
(5.04398 -0.0928125 0)
(5.04609 -0.0967859 0)
(5.04822 -0.100934 0)
(5.05038 -0.105272 0)
(5.05255 -0.109819 0)
(5.05476 -0.114592 0)
(5.05699 -0.119611 0)
(5.05926 -0.124896 0)
(5.06158 -0.130468 0)
(5.06395 -0.136348 0)
(5.06637 -0.142561 0)
(5.06887 -0.149127 0)
(5.07143 -0.156074 0)
(5.07409 -0.163424 0)
(5.07685 -0.171205 0)
(5.07972 -0.179442 0)
(5.08273 -0.188164 0)
(5.08587 -0.197397 0)
(5.08918 -0.207173 0)
(5.09267 -0.217517 0)
(5.09635 -0.228463 0)
(5.10026 -0.240037 0)
(5.10441 -0.252276 0)
(5.10882 -0.265206 0)
(5.11352 -0.278866 0)
(5.11853 -0.293285 0)
(5.12388 -0.308503 0)
(5.12959 -0.324554 0)
(5.13568 -0.341481 0)
(5.14219 -0.359325 0)
(5.14914 -0.378136 0)
(5.15655 -0.397963 0)
(5.16445 -0.418869 0)
(5.17288 -0.440917 0)
(5.18185 -0.464189 0)
(5.19142 -0.488772 0)
(5.20161 -0.514774 0)
(5.2125 -0.542318 0)
(5.22414 -0.571548 0)
(5.23666 -0.602635 0)
(5.25016 -0.635774 0)
(5.26485 -0.671188 0)
(5.28099 -0.709124 0)
(5.29893 -0.749845 0)
(5.31914 -0.793615 0)
(5.34228 -0.840671 0)
(5.36918 -0.891169 0)
(5.40093 -0.945135 0)
(5.43891 -1.00237 0)
(5.48477 -1.0623 0)
(5.54059 -1.12403 0)
(5.60847 -1.18582 0)
(5.68984 -1.24472 0)
(5.78603 -1.29781 0)
(5.89731 -1.34276 0)
(6.02245 -1.37908 0)
(6.15901 -1.40745 0)
(6.30346 -1.42809 0)
(6.45112 -1.44039 0)
(6.59651 -1.44359 0)
(6.73441 -1.43711 0)
(6.86047 -1.42087 0)
(6.97166 -1.39522 0)
(7.06611 -1.36096 0)
(7.1431 -1.31918 0)
(7.20271 -1.27115 0)
(7.24573 -1.21824 0)
(7.27337 -1.16177 0)
(7.28715 -1.10299 0)
(7.28873 -1.043 0)
(7.27985 -0.982771 0)
(7.26217 -0.923088 0)
(7.23735 -0.864583 0)
(7.20688 -0.807744 0)
(7.17217 -0.752916 0)
(7.13446 -0.700334 0)
(7.09491 -0.650129 0)
(7.05451 -0.602362 0)
(7.01418 -0.557028 0)
(6.97465 -0.514088 0)
(6.93665 -0.473453 0)
(6.90073 -0.435021 0)
(6.86747 -0.398659 0)
(6.83735 -0.364232 0)
(6.81085 -0.331541 0)
(6.78841 -0.300432 0)
(6.77044 -0.270632 0)
(6.75737 -0.241871 0)
(6.74959 -0.213701 0)
(6.74728 -0.185781 0)
(6.75051 -0.15764 0)
(6.75898 -0.129281 0)
(6.77247 -0.101536 0)
(6.79115 -0.0755058 0)
(6.81529 -0.0509562 0)
(6.84417 -0.027006 0)
(6.87682 -0.0030336 0)
(6.91202 0.0205973 0)
(6.94922 0.0436337 0)
(6.98821 0.065654 0)
(7.02929 0.0868361 0)
(7.07273 0.107452 0)
(7.11903 0.128437 0)
(7.16828 0.150943 0)
(7.22052 0.176659 0)
(7.27501 0.207542 0)
(7.33043 0.245588 0)
(7.38462 0.292237 0)
(7.43511 0.348101 0)
(7.47923 0.412975 0)
(7.51454 0.485726 0)
(7.53912 0.564738 0)
(7.5515 0.64798 0)
(7.55094 0.733532 0)
(7.53698 0.81948 0)
(7.50979 0.904233 0)
(7.46947 0.98627 0)
(7.41669 1.06428 0)
(7.35197 1.13691 0)
(7.27646 1.20296 0)
(7.19122 1.26129 0)
(7.09789 1.31103 0)
(6.99796 1.35153 0)
(6.8933 1.38245 0)
(6.78552 1.40375 0)
(6.67641 1.41561 0)
(6.5674 1.4185 0)
(6.45993 1.413 0)
(6.35508 1.39987 0)
(6.25383 1.37991 0)
(6.15688 1.35399 0)
(6.06477 1.32291 0)
(5.97789 1.28751 0)
(5.89643 1.24852 0)
(5.82058 1.20668 0)
(5.7503 1.16263 0)
(5.68558 1.11701 0)
(5.62622 1.07034 0)
(5.57212 1.02316 0)
(5.52296 0.975857 0)
(5.47856 0.928841 0)
(5.43858 0.882403 0)
(5.4028 0.836835 0)
(5.37088 0.792344 0)
(5.3426 0.749135 0)
(5.31761 0.70735 0)
(5.29572 0.667127 0)
(5.27661 0.628553 0)
(5.26008 0.59171 0)
(5.24584 0.556641 0)
(5.2337 0.523381 0)
(5.22343 0.491938 0)
(5.21485 0.462314 0)
(5.20775 0.434488 0)
(5.20198 0.408438 0)
(5.19738 0.384128 0)
(5.19382 0.361518 0)
(5.19115 0.340565 0)
(5.18927 0.321218 0)
(5.18807 0.303433 0)
(5.18747 0.287158 0)
(5.18736 0.272347 0)
(5.18769 0.25895 0)
(5.18837 0.246926 0)
(5.18934 0.23623 0)
(5.19055 0.226824 0)
(5.19196 0.21867 0)
(5.19348 0.211733 0)
(5.1952 0.205996 0)
(5.19692 0.201371 0)
(5.19821 0.198107 0)
(5.20068 0.19485 0)
(5.00002 -0.00199559 0)
(5.00026 -0.00620156 0)
(5.00073 -0.0102546 0)
(5.00143 -0.0142074 0)
(5.00235 -0.0180606 0)
(5.00345 -0.0218059 0)
(5.00469 -0.0254369 0)
(5.00605 -0.0289513 0)
(5.00752 -0.0323496 0)
(5.00908 -0.0356355 0)
(5.01071 -0.0388157 0)
(5.01239 -0.0418996 0)
(5.01413 -0.0448988 0)
(5.0159 -0.0478266 0)
(5.0177 -0.0506976 0)
(5.01952 -0.0535272 0)
(5.02136 -0.0563312 0)
(5.02321 -0.0591257 0)
(5.02507 -0.061927 0)
(5.02692 -0.064751 0)
(5.02878 -0.0676136 0)
(5.03064 -0.0705305 0)
(5.0325 -0.0735173 0)
(5.03434 -0.0765892 0)
(5.03618 -0.0797618 0)
(5.03801 -0.0830501 0)
(5.03983 -0.0864698 0)
(5.04164 -0.0900363 0)
(5.04343 -0.0937658 0)
(5.04521 -0.0976743 0)
(5.04698 -0.101779 0)
(5.04873 -0.106097 0)
(5.05048 -0.110646 0)
(5.05221 -0.115445 0)
(5.05394 -0.120514 0)
(5.05566 -0.125873 0)
(5.05737 -0.131545 0)
(5.0591 -0.137549 0)
(5.06083 -0.143911 0)
(5.06258 -0.150654 0)
(5.06435 -0.157804 0)
(5.06615 -0.165385 0)
(5.068 -0.173427 0)
(5.0699 -0.181956 0)
(5.07186 -0.191001 0)
(5.0739 -0.200591 0)
(5.07604 -0.210758 0)
(5.07828 -0.221529 0)
(5.08065 -0.232939 0)
(5.08316 -0.245016 0)
(5.08583 -0.257797 0)
(5.08869 -0.271308 0)
(5.09174 -0.285589 0)
(5.09501 -0.300668 0)
(5.09852 -0.316586 0)
(5.10229 -0.333372 0)
(5.10632 -0.351071 0)
(5.11065 -0.369718 0)
(5.11527 -0.389363 0)
(5.12022 -0.410051 0)
(5.12548 -0.431845 0)
(5.13109 -0.454805 0)
(5.13704 -0.479018 0)
(5.14335 -0.504576 0)
(5.15002 -0.531603 0)
(5.15711 -0.560248 0)
(5.16462 -0.5907 0)
(5.17266 -0.623198 0)
(5.18131 -0.658046 0)
(5.19077 -0.695624 0)
(5.2013 -0.736407 0)
(5.21334 -0.780977 0)
(5.2275 -0.830024 0)
(5.24474 -0.884338 0)
(5.26633 -0.944719 0)
(5.29408 -1.01194 0)
(5.33045 -1.08632 0)
(5.37798 -1.1677 0)
(5.44164 -1.25487 0)
(5.52314 -1.34401 0)
(5.63252 -1.43186 0)
(5.77645 -1.51928 0)
(5.94977 -1.60276 0)
(6.13672 -1.67663 0)
(6.31951 -1.73401 0)
(6.48357 -1.76807 0)
(6.61822 -1.77502 0)
(6.71669 -1.75492 0)
(6.77642 -1.71094 0)
(6.79835 -1.64755 0)
(6.7858 -1.5698 0)
(6.74329 -1.48226 0)
(6.67589 -1.38914 0)
(6.58857 -1.29364 0)
(6.48599 -1.19852 0)
(6.37228 -1.10561 0)
(6.25102 -1.01645 0)
(6.12519 -0.931881 0)
(5.9973 -0.852623 0)
(5.86935 -0.778884 0)
(5.74295 -0.710889 0)
(5.61933 -0.648457 0)
(5.49949 -0.591508 0)
(5.38407 -0.539655 0)
(5.27363 -0.49267 0)
(5.16848 -0.450094 0)
(5.06888 -0.411645 0)
(4.9749 -0.376861 0)
(4.88663 -0.345475 0)
(4.80401 -0.317103 0)
(4.72694 -0.29159 0)
(4.65533 -0.268629 0)
(4.58903 -0.248072 0)
(4.52803 -0.229598 0)
(4.47203 -0.213092 0)
(4.42101 -0.198399 0)
(4.3753 -0.185409 0)
(4.33502 -0.173815 0)
(4.30151 -0.163052 0)
(4.27675 -0.152671 0)
(4.26013 -0.143473 0)
(4.25483 -0.136163 0)
(4.26602 -0.12821 0)
(4.29582 -0.11704 0)
(4.342 -0.101677 0)
(4.4017 -0.0836447 0)
(4.47411 -0.0644807 0)
(4.55917 -0.0456858 0)
(4.65774 -0.0277948 0)
(4.77016 -0.0111566 0)
(4.89739 0.00511152 0)
(5.03964 0.0218088 0)
(5.19806 0.0413104 0)
(5.37012 0.0661539 0)
(5.55337 0.100437 0)
(5.74296 0.14711 0)
(5.93338 0.208489 0)
(6.11856 0.28449 0)
(6.29306 0.373765 0)
(6.45256 0.473561 0)
(6.59404 0.581211 0)
(6.71568 0.693871 0)
(6.81621 0.808824 0)
(6.89506 0.923656 0)
(6.95152 1.03631 0)
(6.9854 1.14492 0)
(6.99647 1.24726 0)
(6.98556 1.34108 0)
(6.95386 1.42426 0)
(6.90363 1.49514 0)
(6.83729 1.55257 0)
(6.75789 1.59599 0)
(6.66829 1.62533 0)
(6.57156 1.64103 0)
(6.4704 1.64395 0)
(6.36731 1.63521 0)
(6.26435 1.61615 0)
(6.16324 1.58816 0)
(6.06532 1.5526 0)
(5.97157 1.51076 0)
(5.88278 1.46382 0)
(5.7994 1.41284 0)
(5.72185 1.35881 0)
(5.65024 1.30258 0)
(5.58468 1.245 0)
(5.52502 1.18674 0)
(5.47115 1.12844 0)
(5.42273 1.0706 0)
(5.37956 1.01367 0)
(5.34122 0.957952 0)
(5.30747 0.903748 0)
(5.27792 0.851255 0)
(5.2523 0.800672 0)
(5.23023 0.752119 0)
(5.21146 0.70572 0)
(5.19564 0.661536 0)
(5.18252 0.619628 0)
(5.17177 0.580006 0)
(5.16319 0.542676 0)
(5.15647 0.507611 0)
(5.15144 0.474778 0)
(5.14785 0.444123 0)
(5.14554 0.415589 0)
(5.14432 0.389106 0)
(5.14407 0.364604 0)
(5.14461 0.34201 0)
(5.14586 0.321249 0)
(5.14769 0.302248 0)
(5.15002 0.284937 0)
(5.15276 0.269248 0)
(5.15584 0.255117 0)
(5.15919 0.242485 0)
(5.16276 0.231295 0)
(5.16649 0.2215 0)
(5.17035 0.213052 0)
(5.17427 0.205912 0)
(5.1783 0.200054 0)
(5.18241 0.195399 0)
(5.18557 0.192165 0)
(5.1913 0.189173 0)
(5.00003 -0.00226703 0)
(5.00031 -0.00696609 0)
(5.00088 -0.0114936 0)
(5.00177 -0.0158862 0)
(5.00292 -0.0201499 0)
(5.00428 -0.0242925 0)
(5.00581 -0.0283231 0)
(5.00747 -0.0322487 0)
(5.00923 -0.0360738 0)
(5.01108 -0.0398022 0)
(5.01299 -0.0434373 0)
(5.01494 -0.0469835 0)
(5.01691 -0.0504453 0)
(5.01889 -0.0538286 0)
(5.02086 -0.0571398 0)
(5.02282 -0.060387 0)
(5.02475 -0.063579 0)
(5.02665 -0.0667262 0)
(5.02851 -0.0698399 0)
(5.03034 -0.0729326 0)
(5.03213 -0.0760178 0)
(5.03387 -0.0791102 0)
(5.03556 -0.0822251 0)
(5.03721 -0.0853788 0)
(5.03882 -0.0885883 0)
(5.04037 -0.0918714 0)
(5.04187 -0.0952465 0)
(5.04332 -0.0987324 0)
(5.04471 -0.102349 0)
(5.04605 -0.106116 0)
(5.04734 -0.110054 0)
(5.04857 -0.114186 0)
(5.04974 -0.118533 0)
(5.05085 -0.123117 0)
(5.05191 -0.127963 0)
(5.05291 -0.133094 0)
(5.05386 -0.138537 0)
(5.05476 -0.144317 0)
(5.0556 -0.150461 0)
(5.05641 -0.156996 0)
(5.05717 -0.163952 0)
(5.05789 -0.171357 0)
(5.0586 -0.179243 0)
(5.05928 -0.187639 0)
(5.05995 -0.196579 0)
(5.06064 -0.206093 0)
(5.06133 -0.216215 0)
(5.06207 -0.226976 0)
(5.06285 -0.238413 0)
(5.06371 -0.250554 0)
(5.06465 -0.263438 0)
(5.06572 -0.277092 0)
(5.06692 -0.291556 0)
(5.06828 -0.306855 0)
(5.06985 -0.323031 0)
(5.07164 -0.34011 0)
(5.07368 -0.358135 0)
(5.07602 -0.377135 0)
(5.07868 -0.397159 0)
(5.08172 -0.418246 0)
(5.08514 -0.440457 0)
(5.08901 -0.463852 0)
(5.09334 -0.488516 0)
(5.0982 -0.514546 0)
(5.10361 -0.542079 0)
(5.10962 -0.571284 0)
(5.11626 -0.602392 0)
(5.12358 -0.635706 0)
(5.13161 -0.671641 0)
(5.14044 -0.710753 0)
(5.15015 -0.753809 0)
(5.16098 -0.801845 0)
(5.17327 -0.856271 0)
(5.18781 -0.918986 0)
(5.20578 -0.992374 0)
(5.22964 -1.07971 0)
(5.26259 -1.18387 0)
(5.31052 -1.31003 0)
(5.38064 -1.45671 0)
(5.47597 -1.62714 0)
(5.62191 -1.81445 0)
(5.78598 -1.97401 0)
(5.92979 -2.07641 0)
(6.02106 -2.11653 0)
(6.04573 -2.09528 0)
(6.00524 -2.02016 0)
(5.90649 -1.904 0)
(5.7582 -1.76168 0)
(5.57125 -1.60602 0)
(5.3569 -1.44737 0)
(5.12573 -1.29273 0)
(4.88648 -1.14691 0)
(4.64628 -1.0123 0)
(4.41034 -0.890165 0)
(4.18246 -0.780471 0)
(3.965 -0.682899 0)
(3.7594 -0.596507 0)
(3.56629 -0.520504 0)
(3.38579 -0.453777 0)
(3.21768 -0.395497 0)
(3.06152 -0.344647 0)
(2.91682 -0.300517 0)
(2.78286 -0.262276 0)
(2.65907 -0.229336 0)
(2.54461 -0.201019 0)
(2.43899 -0.176788 0)
(2.34131 -0.156081 0)
(2.25112 -0.138354 0)
(2.16752 -0.123181 0)
(2.09009 -0.10999 0)
(2.01799 -0.0985729 0)
(1.95051 -0.0884803 0)
(1.88682 -0.0797975 0)
(1.82594 -0.071835 0)
(1.76759 -0.065119 0)
(1.7099 -0.0597886 0)
(1.65395 -0.0552643 0)
(1.59516 -0.0520665 0)
(1.52468 -0.0529588 0)
(1.4561 -0.048234 0)
(1.37106 -0.0499553 0)
(1.26221 -0.0800116 0)
(1.13778 -0.117174 0)
(1.0211 -0.137494 0)
(0.911612 -0.146074 0)
(0.812731 -0.155721 0)
(0.736522 -0.176302 0)
(0.694774 -0.209632 0)
(0.697293 -0.254339 0)
(0.748449 -0.304095 0)
(0.847587 -0.354775 0)
(0.988311 -0.403306 0)
(1.16878 -0.444171 0)
(1.39965 -0.469356 0)
(1.67802 -0.471901 0)
(1.99222 -0.446121 0)
(2.33235 -0.388796 0)
(2.68886 -0.299833 0)
(3.052 -0.182309 0)
(3.41241 -0.04282 0)
(3.76341 0.111995 0)
(4.09907 0.274875 0)
(4.41838 0.441895 0)
(4.71972 0.609916 0)
(4.9983 0.777911 0)
(5.24836 0.944464 0)
(5.46415 1.10637 0)
(5.64264 1.25908 0)
(5.78261 1.39794 0)
(5.88545 1.51933 0)
(5.95348 1.62084 0)
(5.99051 1.7012 0)
(6.00067 1.75998 0)
(5.98878 1.79771 0)
(5.9594 1.81575 0)
(5.91688 1.81601 0)
(5.86496 1.80073 0)
(5.8068 1.77225 0)
(5.745 1.73284 0)
(5.68161 1.68458 0)
(5.61837 1.62928 0)
(5.55659 1.56846 0)
(5.49749 1.50351 0)
(5.44185 1.43574 0)
(5.39039 1.36636 0)
(5.34332 1.2964 0)
(5.30085 1.22676 0)
(5.26285 1.15809 0)
(5.22928 1.09093 0)
(5.19985 1.02565 0)
(5.17443 0.962538 0)
(5.15272 0.901797 0)
(5.13455 0.84362 0)
(5.1196 0.788131 0)
(5.10768 0.735442 0)
(5.09842 0.685603 0)
(5.09161 0.638647 0)
(5.08693 0.594557 0)
(5.08416 0.553302 0)
(5.083 0.514812 0)
(5.08328 0.479012 0)
(5.08475 0.445805 0)
(5.08726 0.41509 0)
(5.09061 0.386758 0)
(5.09468 0.360698 0)
(5.09934 0.336803 0)
(5.10449 0.314966 0)
(5.11001 0.295086 0)
(5.11585 0.277065 0)
(5.12191 0.260814 0)
(5.12816 0.246249 0)
(5.13453 0.233295 0)
(5.14099 0.22188 0)
(5.14748 0.211946 0)
(5.154 0.203436 0)
(5.16049 0.1963 0)
(5.16699 0.19051 0)
(5.17364 0.185981 0)
(5.17882 0.182901 0)
(5.18822 0.180175 0)
(5.00005 -0.00266684 0)
(5.00049 -0.00812574 0)
(5.00129 -0.013277 0)
(5.00244 -0.018035 0)
(5.00384 -0.022388 0)
(5.00539 -0.0263756 0)
(5.00705 -0.0300482 0)
(5.00882 -0.0334542 0)
(5.01067 -0.036642 0)
(5.0126 -0.0396585 0)
(5.01457 -0.0425468 0)
(5.01659 -0.0453453 0)
(5.01862 -0.0480861 0)
(5.02066 -0.0507964 0)
(5.02269 -0.0534979 0)
(5.02471 -0.0562083 0)
(5.02669 -0.0589417 0)
(5.02864 -0.0617097 0)
(5.03053 -0.064522 0)
(5.03237 -0.0673871 0)
(5.03414 -0.0703131 0)
(5.03584 -0.0733076 0)
(5.03746 -0.0763791 0)
(5.039 -0.0795359 0)
(5.04045 -0.0827879 0)
(5.04181 -0.0861454 0)
(5.04307 -0.0896202 0)
(5.04424 -0.0932249 0)
(5.0453 -0.0969737 0)
(5.04626 -0.100882 0)
(5.04712 -0.104966 0)
(5.04787 -0.109244 0)
(5.04852 -0.113735 0)
(5.04907 -0.11846 0)
(5.04951 -0.123441 0)
(5.04985 -0.128702 0)
(5.0501 -0.134268 0)
(5.05025 -0.140165 0)
(5.05032 -0.146421 0)
(5.05032 -0.153066 0)
(5.05026 -0.16013 0)
(5.05014 -0.167644 0)
(5.04999 -0.175645 0)
(5.04982 -0.184163 0)
(5.04966 -0.193239 0)
(5.04954 -0.202905 0)
(5.04948 -0.213203 0)
(5.04952 -0.224168 0)
(5.0497 -0.235843 0)
(5.05007 -0.248265 0)
(5.05068 -0.261478 0)
(5.05158 -0.275517 0)
(5.05283 -0.290431 0)
(5.05452 -0.306254 0)
(5.0567 -0.323036 0)
(5.05947 -0.340813 0)
(5.0629 -0.359636 0)
(5.06708 -0.379546 0)
(5.0721 -0.400599 0)
(5.07804 -0.422842 0)
(5.08498 -0.446343 0)
(5.09299 -0.471162 0)
(5.1021 -0.497383 0)
(5.11235 -0.52509 0)
(5.12371 -0.554397 0)
(5.13611 -0.58543 0)
(5.14937 -0.618357 0)
(5.16324 -0.653381 0)
(5.17728 -0.690787 0)
(5.19091 -0.730952 0)
(5.20325 -0.774458 0)
(5.21316 -0.822172 0)
(5.2191 -0.875523 0)
(5.21944 -0.936734 0)
(5.21182 -1.00919 0)
(5.19585 -1.09844 0)
(5.16744 -1.21089 0)
(5.14006 -1.36264 0)
(5.09428 -1.55425 0)
(5.12283 -1.85329 0)
(5.10747 -2.17247 0)
(5.03394 -2.29367 0)
(4.84226 -2.22987 0)
(4.53322 -2.05616 0)
(4.16831 -1.82464 0)
(3.79113 -1.57269 0)
(3.42011 -1.32677 0)
(3.06567 -1.1024 0)
(2.73524 -0.907153 0)
(2.43279 -0.743626 0)
(2.16069 -0.610733 0)
(1.91884 -0.505508 0)
(1.70671 -0.423043 0)
(1.52185 -0.358741 0)
(1.36227 -0.307414 0)
(1.22456 -0.265948 0)
(1.1064 -0.230792 0)
(1.0045 -0.20111 0)
(0.917114 -0.174579 0)
(0.841457 -0.151884 0)
(0.776309 -0.131004 0)
(0.719351 -0.113627 0)
(0.670072 -0.0974528 0)
(0.626748 -0.0848227 0)
(0.589567 -0.0727062 0)
(0.556933 -0.06397 0)
(0.529548 -0.0547262 0)
(0.505273 -0.0487025 0)
(0.485898 -0.0410474 0)
(0.467971 -0.0367202 0)
(0.455672 -0.0292435 0)
(0.442049 -0.0254408 0)
(0.435851 -0.0153085 0)
(0.423372 -0.0109138 0)
(0.422903 0.00105532 0)
(0.415731 0.000597089 0)
(0.422536 0.0171551 0)
(0.424441 0.0278552 0)
(0.421004 0.0443724 0)
(0.384128 0.206726 0)
(0.34052 0.236479 0)
(0.259162 0.318405 0)
(-0.0506692 0.261351 0)
(-0.249109 0.149853 0)
(-0.384654 0.0729117 0)
(-0.466563 -0.0285041 0)
(-0.516899 -0.13388 0)
(-0.538076 -0.251915 0)
(-0.531638 -0.382021 0)
(-0.487739 -0.524823 0)
(-0.400213 -0.671439 0)
(-0.267563 -0.819009 0)
(-0.0900821 -0.977975 0)
(0.118 -1.12768 0)
(0.338442 -1.21935 0)
(0.556311 -1.2518 0)
(0.775975 -1.23194 0)
(1.00738 -1.15374 0)
(1.23079 -1.02802 0)
(1.44617 -0.86973 0)
(1.64635 -0.69348 0)
(1.84426 -0.509951 0)
(2.05744 -0.327169 0)
(2.30106 -0.141818 0)
(2.57934 0.0610612 0)
(2.88022 0.283592 0)
(3.18992 0.516993 0)
(3.49175 0.748966 0)
(3.77308 0.97123 0)
(4.02724 1.17544 0)
(4.24943 1.35645 0)
(4.4375 1.51051 0)
(4.59135 1.63391 0)
(4.71397 1.72612 0)
(4.80906 1.78818 0)
(4.88079 1.8232 0)
(4.93299 1.8346 0)
(4.9691 1.82639 0)
(4.99214 1.80195 0)
(5.00439 1.76409 0)
(5.00803 1.71519 0)
(5.00504 1.65699 0)
(4.99778 1.59132 0)
(4.98817 1.52016 0)
(4.97782 1.44557 0)
(4.96759 1.36927 0)
(4.95822 1.29271 0)
(4.94989 1.21693 0)
(4.94291 1.14267 0)
(4.93731 1.07041 0)
(4.93335 1.00048 0)
(4.93104 0.93316 0)
(4.93055 0.868724 0)
(4.93179 0.807379 0)
(4.93476 0.749307 0)
(4.93924 0.694597 0)
(4.94513 0.6433 0)
(4.95219 0.59539 0)
(4.96029 0.550815 0)
(4.96918 0.509471 0)
(4.97876 0.471244 0)
(4.98882 0.43599 0)
(4.99928 0.403569 0)
(5.00999 0.373825 0)
(5.02088 0.346615 0)
(5.03186 0.321789 0)
(5.04287 0.299212 0)
(5.05384 0.278753 0)
(5.06476 0.26029 0)
(5.07557 0.243712 0)
(5.08627 0.228917 0)
(5.09682 0.215814 0)
(5.10722 0.20432 0)
(5.11745 0.194365 0)
(5.12751 0.185886 0)
(5.13742 0.17883 0)
(5.14713 0.173171 0)
(5.15702 0.168815 0)
(5.16472 0.16598 0)
(5.17815 0.163664 0)
(5.00004 -0.00305636 0)
(5.00089 -0.00994985 0)
(5.00262 -0.0168397 0)
(5.00501 -0.0234907 0)
(5.00766 -0.0298093 0)
(5.01035 -0.0357631 0)
(5.01299 -0.0413193 0)
(5.01555 -0.0464565 0)
(5.01803 -0.0511757 0)
(5.0204 -0.0554968 0)
(5.02265 -0.0594504 0)
(5.0248 -0.0630746 0)
(5.02686 -0.0664092 0)
(5.02882 -0.0694963 0)
(5.03071 -0.0723752 0)
(5.03253 -0.0750848 0)
(5.03429 -0.0776599 0)
(5.03601 -0.0801339 0)
(5.03769 -0.0825363 0)
(5.03934 -0.084895 0)
(5.04097 -0.087235 0)
(5.04257 -0.0895802 0)
(5.04415 -0.0919524 0)
(5.04573 -0.0943728 0)
(5.04729 -0.0968613 0)
(5.04885 -0.0994382 0)
(5.0504 -0.102123 0)
(5.05195 -0.104935 0)
(5.05351 -0.107894 0)
(5.05508 -0.111022 0)
(5.05665 -0.11434 0)
(5.05824 -0.11787 0)
(5.05986 -0.121635 0)
(5.0615 -0.125661 0)
(5.06318 -0.129974 0)
(5.06491 -0.134602 0)
(5.0667 -0.139575 0)
(5.06856 -0.144923 0)
(5.07051 -0.150681 0)
(5.07257 -0.156884 0)
(5.07475 -0.163569 0)
(5.07708 -0.170776 0)
(5.07959 -0.178547 0)
(5.08231 -0.186927 0)
(5.08528 -0.19596 0)
(5.08853 -0.205696 0)
(5.0921 -0.216184 0)
(5.09605 -0.227476 0)
(5.10042 -0.239626 0)
(5.10527 -0.252687 0)
(5.11065 -0.266714 0)
(5.11662 -0.281761 0)
(5.12322 -0.297883 0)
(5.13052 -0.315131 0)
(5.13855 -0.333555 0)
(5.14734 -0.353202 0)
(5.15691 -0.374112 0)
(5.16726 -0.396322 0)
(5.17833 -0.419856 0)
(5.19006 -0.444736 0)
(5.20231 -0.470964 0)
(5.21492 -0.498534 0)
(5.22762 -0.527418 0)
(5.24007 -0.557573 0)
(5.25182 -0.588926 0)
(5.26231 -0.621375 0)
(5.27081 -0.654784 0)
(5.27643 -0.688955 0)
(5.27801 -0.723622 0)
(5.27407 -0.758392 0)
(5.26259 -0.792753 0)
(5.24089 -0.826084 0)
(5.2052 -0.857954 0)
(5.15078 -0.888397 0)
(5.07027 -0.918433 0)
(4.95699 -0.950443 0)
(4.78992 -0.987934 0)
(4.57818 -1.04158 0)
(4.19792 -1.10788 0)
(3.9933 -1.30454 0)
(2.87055 -1.1739 0)
(2.32192 -0.925405 0)
(1.83389 -0.716611 0)
(1.33075 -0.595026 0)
(0.961442 -0.528561 0)
(0.706472 -0.485069 0)
(0.521389 -0.448169 0)
(0.391899 -0.410483 0)
(0.303027 -0.370916 0)
(0.241646 -0.331646 0)
(0.198777 -0.293893 0)
(0.167688 -0.258971 0)
(0.143776 -0.226938 0)
(0.123986 -0.19839 0)
(0.106705 -0.172825 0)
(0.091005 -0.150554 0)
(0.0767115 -0.130902 0)
(0.0636242 -0.114137 0)
(0.0519225 -0.099562 0)
(0.0414545 -0.0873411 0)
(0.0324125 -0.0767263 0)
(0.0245252 -0.0678678 0)
(0.0178654 -0.0601653 0)
(0.0119759 -0.0538506 0)
(0.00684273 -0.0484455 0)
(0.00198093 -0.0441569 0)
(-0.00252077 -0.040521 0)
(-0.00706097 -0.0376596 0)
(-0.0114253 -0.0351686 0)
(-0.0159997 -0.0331352 0)
(-0.0204047 -0.0311837 0)
(-0.0251046 -0.0293886 0)
(-0.0290063 -0.0272988 0)
(-0.0325468 -0.0252239 0)
(-0.0350943 -0.0229702 0)
(-0.0389775 -0.0207459 0)
(-0.0440796 -0.0178135 0)
(-0.0475266 -0.0134751 0)
(-0.0576548 -0.00966355 0)
(-0.0368887 -0.00210387 0)
(0.00494579 0.433939 0)
(0.0698814 0.475637 0)
(-0.042845 0.491402 0)
(-0.012264 0.450582 0)
(0.0244199 0.339367 0)
(0.000655401 0.198495 0)
(-0.0593623 0.063974 0)
(-0.144977 -0.0912549 0)
(-0.244236 -0.283801 0)
(-0.342705 -0.499292 0)
(-0.415524 -0.721784 0)
(-0.462545 -0.964958 0)
(-0.47406 -1.19271 0)
(-0.432143 -1.37595 0)
(-0.320144 -1.51175 0)
(-0.153001 -1.59768 0)
(0.0178571 -1.59607 0)
(0.170701 -1.48366 0)
(0.339501 -1.31685 0)
(0.48135 -1.10437 0)
(0.601052 -0.883096 0)
(0.692861 -0.673221 0)
(0.746708 -0.506767 0)
(0.775277 -0.379178 0)
(0.723876 -0.269437 0)
(0.70408 -0.147287 0)
(0.835527 0.00869978 0)
(1.03212 0.20258 0)
(1.27906 0.417081 0)
(1.57411 0.635113 0)
(1.89073 0.848601 0)
(2.19603 1.04929 0)
(2.47555 1.22721 0)
(2.72906 1.37497 0)
(2.95815 1.49015 0)
(3.16506 1.57394 0)
(3.35067 1.62855 0)
(3.51588 1.65755 0)
(3.66068 1.66371 0)
(3.78588 1.65218 0)
(3.89208 1.62644 0)
(3.98093 1.58777 0)
(4.05674 1.53555 0)
(4.12325 1.47357 0)
(4.18326 1.40504 0)
(4.23786 1.33325 0)
(4.28801 1.26025 0)
(4.33389 1.18749 0)
(4.37597 1.11568 0)
(4.41449 1.04509 0)
(4.45026 0.975934 0)
(4.48391 0.908569 0)
(4.51618 0.843543 0)
(4.54738 0.781324 0)
(4.57781 0.722313 0)
(4.60749 0.666742 0)
(4.63649 0.614755 0)
(4.66473 0.566363 0)
(4.69223 0.52153 0)
(4.7189 0.480137 0)
(4.74475 0.442053 0)
(4.76972 0.407104 0)
(4.79385 0.375122 0)
(4.8171 0.345922 0)
(4.83952 0.319336 0)
(4.8611 0.295188 0)
(4.8819 0.273325 0)
(4.90194 0.253593 0)
(4.92127 0.235862 0)
(4.93991 0.220003 0)
(4.95793 0.205908 0)
(4.97536 0.193473 0)
(4.99224 0.182616 0)
(5.00862 0.173257 0)
(5.02455 0.165336 0)
(5.04011 0.158793 0)
(5.05521 0.153614 0)
(5.0707 0.149695 0)
(5.08277 0.14727 0)
(5.10442 0.145458 0)
(4.99974 -0.00361025 0)
(4.99874 -0.00934061 0)
(4.99965 -0.0136386 0)
(5.00201 -0.0171848 0)
(5.00514 -0.0204442 0)
(5.00881 -0.0235967 0)
(5.01294 -0.0267177 0)
(5.0175 -0.029852 0)
(5.02239 -0.0330254 0)
(5.02755 -0.0362425 0)
(5.03295 -0.0394996 0)
(5.03854 -0.042788 0)
(5.04432 -0.0461003 0)
(5.05026 -0.0494288 0)
(5.05637 -0.0527699 0)
(5.06262 -0.0561199 0)
(5.06903 -0.0594804 0)
(5.07558 -0.0628515 0)
(5.08227 -0.0662397 0)
(5.0891 -0.0696484 0)
(5.09604 -0.0730877 0)
(5.1031 -0.0765636 0)
(5.11027 -0.0800893 0)
(5.11752 -0.0836731 0)
(5.12485 -0.0873307 0)
(5.13225 -0.0910726 0)
(5.13969 -0.0949172 0)
(5.14716 -0.0988772 0)
(5.15464 -0.102974 0)
(5.16212 -0.107223 0)
(5.16958 -0.111649 0)
(5.177 -0.11627 0)
(5.18437 -0.121114 0)
(5.19165 -0.126205 0)
(5.19884 -0.131574 0)
(5.20591 -0.137247 0)
(5.21284 -0.143262 0)
(5.21962 -0.14965 0)
(5.22621 -0.156452 0)
(5.23261 -0.163703 0)
(5.23878 -0.17145 0)
(5.2447 -0.179732 0)
(5.25033 -0.188601 0)
(5.25566 -0.198099 0)
(5.26064 -0.208278 0)
(5.26522 -0.219186 0)
(5.26937 -0.230875 0)
(5.27302 -0.243392 0)
(5.27611 -0.256785 0)
(5.27855 -0.271096 0)
(5.28025 -0.286368 0)
(5.28109 -0.302632 0)
(5.28092 -0.319914 0)
(5.2796 -0.338227 0)
(5.2769 -0.357577 0)
(5.27261 -0.377948 0)
(5.26643 -0.399311 0)
(5.25805 -0.421614 0)
(5.24708 -0.444783 0)
(5.23311 -0.468715 0)
(5.21562 -0.493284 0)
(5.19408 -0.518322 0)
(5.16785 -0.543639 0)
(5.13627 -0.568988 0)
(5.09858 -0.594111 0)
(5.054 -0.618661 0)
(5.00169 -0.642306 0)
(4.94083 -0.66455 0)
(4.87062 -0.684904 0)
(4.7903 -0.702486 0)
(4.69898 -0.716011 0)
(4.59529 -0.723112 0)
(4.47681 -0.721114 0)
(4.34006 -0.706936 0)
(4.17941 -0.6777 0)
(3.99091 -0.629851 0)
(3.75969 -0.559725 0)
(3.49938 -0.453265 0)
(3.11396 -0.315025 0)
(2.92097 -0.0631582 0)
(1.97315 0.0372006 0)
(1.71724 -0.011913 0)
(1.502 -0.178388 0)
(1.25263 -0.3338 0)
(1.06407 -0.434472 0)
(0.90974 -0.482065 0)
(0.770492 -0.487302 0)
(0.649552 -0.46468 0)
(0.546768 -0.427021 0)
(0.459992 -0.383309 0)
(0.387365 -0.339164 0)
(0.32676 -0.297688 0)
(0.276088 -0.260271 0)
(0.233487 -0.227283 0)
(0.197431 -0.198471 0)
(0.166682 -0.173407 0)
(0.140308 -0.151517 0)
(0.117568 -0.132403 0)
(0.0979027 -0.115585 0)
(0.080842 -0.100874 0)
(0.066032 -0.0878948 0)
(0.0531542 -0.0766433 0)
(0.0419568 -0.0667791 0)
(0.0321781 -0.0584022 0)
(0.0236047 -0.0510962 0)
(0.0160078 -0.0450029 0)
(0.00922485 -0.039602 0)
(0.00308842 -0.0351077 0)
(-0.00249017 -0.0309198 0)
(-0.00762192 -0.0273552 0)
(-0.0123167 -0.0237182 0)
(-0.016662 -0.0204787 0)
(-0.0205602 -0.0167693 0)
(-0.0241167 -0.0135448 0)
(-0.0272296 -0.00972195 0)
(-0.0299736 -0.00655863 0)
(-0.032855 -0.00168088 0)
(-0.0325222 0.00297375 0)
(-0.040555 0.00745758 0)
(-0.0235913 0.0294529 0)
(-0.0130111 0.386643 0)
(0.103141 0.466792 0)
(0.118423 0.451869 0)
(0.16169 0.387909 0)
(0.206752 0.330062 0)
(0.226732 0.283501 0)
(0.224273 0.23895 0)
(0.247517 0.191203 0)
(0.209813 0.0505139 0)
(0.0606551 -0.152317 0)
(-0.137071 -0.394668 0)
(-0.373826 -0.693416 0)
(-0.642191 -0.977757 0)
(-0.8837 -1.20415 0)
(-1.10234 -1.3729 0)
(-1.28317 -1.49589 0)
(-1.40449 -1.55317 0)
(-1.44826 -1.5382 0)
(-1.41331 -1.4644 0)
(-1.32127 -1.33871 0)
(-1.1687 -1.18047 0)
(-0.996733 -0.988556 0)
(-0.746517 -0.792095 0)
(-0.511408 -0.575797 0)
(-0.270181 -0.371227 0)
(-0.288696 -0.24576 0)
(-0.285886 -0.178709 0)
(-0.288417 -0.0841064 0)
(-0.306712 0.0355789 0)
(-0.21596 0.150015 0)
(-0.181672 0.307228 0)
(-0.116186 0.495624 0)
(0.0542772 0.669019 0)
(0.276176 0.818283 0)
(0.536448 0.94602 0)
(0.819731 1.04958 0)
(1.11727 1.13303 0)
(1.42059 1.20104 0)
(1.72662 1.2608 0)
(2.02094 1.3136 0)
(2.2727 1.34865 0)
(2.4751 1.35558 0)
(2.64489 1.33259 0)
(2.80037 1.28972 0)
(2.9461 1.23532 0)
(3.08331 1.17545 0)
(3.21091 1.11298 0)
(3.32813 1.05045 0)
(3.43442 0.988335 0)
(3.53005 0.927203 0)
(3.61695 0.865306 0)
(3.6972 0.803489 0)
(3.77253 0.742541 0)
(3.84364 0.683986 0)
(3.91104 0.628164 0)
(3.97482 0.57588 0)
(4.0352 0.527017 0)
(4.09219 0.481915 0)
(4.14597 0.440245 0)
(4.19662 0.402118 0)
(4.24432 0.367137 0)
(4.2892 0.335316 0)
(4.33145 0.306264 0)
(4.37121 0.279963 0)
(4.40869 0.256053 0)
(4.44403 0.234516 0)
(4.47741 0.215034 0)
(4.50899 0.197602 0)
(4.53893 0.18194 0)
(4.56737 0.168063 0)
(4.59446 0.155728 0)
(4.62033 0.144968 0)
(4.64512 0.135573 0)
(4.66895 0.127596 0)
(4.69193 0.120855 0)
(4.71424 0.115415 0)
(4.73577 0.111143 0)
(4.7578 0.108101 0)
(4.77496 0.106229 0)
(4.80541 0.1056 0)
(5.00448 -0.0132071 0)
(5.02128 -0.0341419 0)
(5.04021 -0.0485455 0)
(5.05933 -0.0592654 0)
(5.07867 -0.0678668 0)
(5.09824 -0.0748122 0)
(5.11779 -0.0804203 0)
(5.13706 -0.0850336 0)
(5.15585 -0.0889258 0)
(5.17401 -0.0922926 0)
(5.19142 -0.0952704 0)
(5.20799 -0.0979669 0)
(5.22364 -0.100454 0)
(5.2383 -0.102796 0)
(5.25194 -0.105028 0)
(5.26453 -0.10719 0)
(5.27602 -0.109298 0)
(5.2864 -0.111379 0)
(5.29566 -0.113442 0)
(5.30379 -0.115507 0)
(5.31076 -0.117577 0)
(5.31657 -0.119672 0)
(5.3212 -0.121794 0)
(5.32466 -0.123961 0)
(5.32693 -0.126173 0)
(5.32799 -0.128452 0)
(5.32784 -0.130798 0)
(5.32646 -0.133232 0)
(5.32383 -0.135759 0)
(5.31994 -0.1384 0)
(5.31475 -0.141162 0)
(5.30824 -0.14407 0)
(5.30039 -0.147131 0)
(5.29115 -0.150374 0)
(5.28048 -0.15381 0)
(5.26833 -0.15747 0)
(5.25465 -0.161367 0)
(5.23938 -0.165536 0)
(5.22244 -0.169992 0)
(5.20376 -0.174772 0)
(5.18324 -0.179896 0)
(5.16078 -0.185399 0)
(5.13627 -0.191303 0)
(5.10958 -0.197644 0)
(5.08057 -0.204442 0)
(5.04908 -0.21173 0)
(5.01493 -0.219525 0)
(4.97794 -0.227854 0)
(4.9379 -0.236726 0)
(4.89457 -0.246155 0)
(4.8477 -0.256137 0)
(4.79703 -0.266672 0)
(4.74226 -0.277728 0)
(4.68308 -0.289284 0)
(4.61917 -0.301277 0)
(4.55018 -0.313653 0)
(4.47574 -0.326304 0)
(4.3955 -0.339141 0)
(4.30907 -0.351999 0)
(4.21611 -0.364743 0)
(4.11623 -0.377139 0)
(4.00912 -0.389004 0)
(3.89447 -0.400018 0)
(3.77202 -0.409959 0)
(3.64159 -0.418399 0)
(3.503 -0.425095 0)
(3.35629 -0.429509 0)
(3.20152 -0.431398 0)
(3.03928 -0.430133 0)
(2.87087 -0.42541 0)
(2.69858 -0.416189 0)
(2.52442 -0.401256 0)
(2.35075 -0.378025 0)
(2.17892 -0.343016 0)
(2.0086 -0.292017 0)
(1.84454 -0.222037 0)
(1.67447 -0.122926 0)
(1.52142 0.0297645 0)
(1.31716 0.238438 0)
(1.3661 0.65899 0)
(0.929392 0.591235 0)
(1.02019 0.358626 0)
(1.02602 0.142854 0)
(0.961382 0.00660512 0)
(0.891534 -0.0777423 0)
(0.810285 -0.130365 0)
(0.722188 -0.158875 0)
(0.636323 -0.170217 0)
(0.556353 -0.170247 0)
(0.483627 -0.163271 0)
(0.418716 -0.152279 0)
(0.361401 -0.13938 0)
(0.311103 -0.125893 0)
(0.267092 -0.112687 0)
(0.228647 -0.100218 0)
(0.19507 -0.0887436 0)
(0.165762 -0.0783386 0)
(0.140173 -0.0690089 0)
(0.117849 -0.0607041 0)
(0.098366 -0.0533468 0)
(0.0813774 -0.0468645 0)
(0.0665468 -0.0411629 0)
(0.0535991 -0.0361868 0)
(0.0422546 -0.0318416 0)
(0.0322932 -0.0280878 0)
(0.0234931 -0.0248226 0)
(0.0156967 -0.0220121 0)
(0.0087465 -0.0195384 0)
(0.0025491 -0.0173733 0)
(-0.00299499 -0.0153908 0)
(-0.0079055 -0.0135721 0)
(-0.0122455 -0.0117889 0)
(-0.0159376 -0.0100377 0)
(-0.0190389 -0.00819559 0)
(-0.0214729 -0.00627892 0)
(-0.0231157 -0.00415332 0)
(-0.0246457 -0.00174042 0)
(-0.0226411 0.000779932 0)
(-0.0272423 0.0023233 0)
(-0.0159743 0.0199431 0)
(0.00589471 0.182369 0)
(0.116096 0.314423 0)
(0.187964 0.320513 0)
(0.262899 0.277567 0)
(0.330234 0.235973 0)
(0.38368 0.213228 0)
(0.421158 0.195179 0)
(0.448362 0.186945 0)
(0.447382 0.180895 0)
(0.449642 0.196248 0)
(0.418115 0.174846 0)
(0.353488 -0.0235246 0)
(0.0696159 -0.321807 0)
(-0.279363 -0.590093 0)
(-0.673203 -0.83431 0)
(-1.10773 -1.04348 0)
(-1.54459 -1.16717 0)
(-1.91959 -1.19942 0)
(-2.23992 -1.16311 0)
(-2.50285 -1.07506 0)
(-2.70508 -0.948737 0)
(-2.84199 -0.797896 0)
(-2.91878 -0.633068 0)
(-2.93658 -0.468647 0)
(-2.90188 -0.317106 0)
(-2.82869 -0.184132 0)
(-2.74011 -0.0686713 0)
(-2.64013 0.0329391 0)
(-2.54039 0.122573 0)
(-2.43001 0.20606 0)
(-2.30368 0.283054 0)
(-2.16573 0.350292 0)
(-2.01537 0.408577 0)
(-1.85381 0.459449 0)
(-1.67933 0.506034 0)
(-1.49852 0.546515 0)
(-1.29588 0.585057 0)
(-1.10327 0.612596 0)
(-0.880175 0.643601 0)
(-0.706427 0.658939 0)
(-0.473333 0.699092 0)
(-0.0604796 0.762389 0)
(0.292857 0.79291 0)
(0.614201 0.793713 0)
(0.919246 0.783877 0)
(1.20049 0.767467 0)
(1.4595 0.750886 0)
(1.69724 0.73607 0)
(1.9123 0.718866 0)
(2.09477 0.69191 0)
(2.24963 0.654036 0)
(2.38881 0.608869 0)
(2.51838 0.561763 0)
(2.63957 0.514834 0)
(2.75284 0.470193 0)
(2.85837 0.428006 0)
(2.95648 0.389184 0)
(3.04743 0.353241 0)
(3.13167 0.320631 0)
(3.20956 0.290707 0)
(3.28159 0.263745 0)
(3.34815 0.239108 0)
(3.40973 0.217004 0)
(3.46669 0.196859 0)
(3.51947 0.178856 0)
(3.5684 0.162489 0)
(3.61388 0.147936 0)
(3.6562 0.134753 0)
(3.69571 0.123122 0)
(3.73266 0.112651 0)
(3.76737 0.103526 0)
(3.80005 0.0954009 0)
(3.83099 0.0884666 0)
(3.86039 0.0824156 0)
(3.88847 0.0774329 0)
(3.91556 0.0732643 0)
(3.94152 0.0700364 0)
(3.96826 0.0677279 0)
(3.98894 0.0658978 0)
(4.02661 0.0659974 0)
(4.98724 -0.0111957 0)
(4.97077 -0.0302394 0)
(4.94926 -0.0443785 0)
(4.91792 -0.0555981 0)
(4.88109 -0.0649312 0)
(4.84137 -0.0726125 0)
(4.79928 -0.0788194 0)
(4.75507 -0.0837926 0)
(4.70916 -0.0877443 0)
(4.66191 -0.0908468 0)
(4.61354 -0.0932344 0)
(4.56426 -0.0950283 0)
(4.5142 -0.0963202 0)
(4.46347 -0.0971994 0)
(4.41216 -0.0977263 0)
(4.36035 -0.0979688 0)
(4.30809 -0.0979662 0)
(4.25543 -0.0977716 0)
(4.20239 -0.0974104 0)
(4.14901 -0.0969259 0)
(4.09531 -0.096334 0)
(4.04128 -0.0956716 0)
(3.98694 -0.094948 0)
(3.93228 -0.0941957 0)
(3.87729 -0.0934194 0)
(3.82195 -0.0926493 0)
(3.76623 -0.0918865 0)
(3.71012 -0.0911601 0)
(3.65357 -0.0904685 0)
(3.59655 -0.0898407 0)
(3.539 -0.0892728 0)
(3.48088 -0.0887946 0)
(3.42211 -0.0884002 0)
(3.36264 -0.0881201 0)
(3.30239 -0.0879471 0)
(3.24128 -0.0879121 0)
(3.17922 -0.0880069 0)
(3.11611 -0.0882619 0)
(3.05185 -0.088668 0)
(2.98633 -0.0892535 0)
(2.91942 -0.0900087 0)
(2.851 -0.090958 0)
(2.78093 -0.0920898 0)
(2.70908 -0.0934217 0)
(2.63529 -0.0949394 0)
(2.55942 -0.09665 0)
(2.48132 -0.0985334 0)
(2.40084 -0.100582 0)
(2.31782 -0.102767 0)
(2.23214 -0.10506 0)
(2.14365 -0.107415 0)
(2.05226 -0.109782 0)
(1.95785 -0.112086 0)
(1.86039 -0.114254 0)
(1.75979 -0.116168 0)
(1.65612 -0.117731 0)
(1.54937 -0.118772 0)
(1.43971 -0.119167 0)
(1.32722 -0.118683 0)
(1.21224 -0.117174 0)
(1.09498 -0.114335 0)
(0.976002 -0.110018 0)
(0.855614 -0.10382 0)
(0.734661 -0.0956563 0)
(0.613552 -0.0849756 0)
(0.493379 -0.0718677 0)
(0.37466 -0.0555876 0)
(0.258746 -0.03661 0)
(0.146825 -0.0144574 0)
(0.0404664 0.00818489 0)
(-0.0649745 0.0290516 0)
(-0.175692 0.0540837 0)
(-0.277019 0.100057 0)
(-0.366258 0.175937 0)
(-0.434614 0.283515 0)
(-0.468319 0.412461 0)
(-0.439879 0.543858 0)
(-0.358643 0.684601 0)
(-0.17947 0.84156 0)
(0.189626 1.0876 0)
(0.393024 0.448398 0)
(0.673733 0.172453 0)
(0.757261 0.052953 0)
(0.770959 -0.002937 0)
(0.752848 -0.0348159 0)
(0.712146 -0.0544657 0)
(0.657164 -0.0646228 0)
(0.595965 -0.0680168 0)
(0.533697 -0.0670215 0)
(0.473318 -0.0634779 0)
(0.416673 -0.0585959 0)
(0.36462 -0.0532081 0)
(0.317501 -0.0477679 0)
(0.275239 -0.0425674 0)
(0.23762 -0.0377311 0)
(0.204261 -0.0333234 0)
(0.174806 -0.0293515 0)
(0.148834 -0.0257961 0)
(0.125999 -0.0226398 0)
(0.105921 -0.0198366 0)
(0.0883093 -0.0173767 0)
(0.0728396 -0.015204 0)
(0.0592773 -0.0133229 0)
(0.0473478 -0.0116674 0)
(0.0368677 -0.0102527 0)
(0.0276128 -0.00899961 0)
(0.0194517 -0.00793271 0)
(0.0122123 -0.00696252 0)
(0.00582222 -0.0061267 0)
(0.000151275 -0.00532801 0)
(-0.00480418 -0.00462036 0)
(-0.00915849 -0.00390054 0)
(-0.0128274 -0.0032472 0)
(-0.0159608 -0.00255595 0)
(-0.0184305 -0.00195148 0)
(-0.0201403 -0.00130041 0)
(-0.0220028 -0.000755624 0)
(-0.0203821 -0.000237334 0)
(-0.025753 -0.000360961 0)
(-0.0185902 0.00341016 0)
(-0.00595652 0.0868742 0)
(0.0642916 0.149239 0)
(0.152148 0.158403 0)
(0.234034 0.144016 0)
(0.300382 0.125056 0)
(0.353756 0.113146 0)
(0.398299 0.10654 0)
(0.436487 0.109759 0)
(0.470197 0.115282 0)
(0.5046 0.125648 0)
(0.53947 0.135591 0)
(0.559935 0.162366 0)
(0.543824 0.198258 0)
(0.484208 0.226838 0)
(0.421961 0.17548 0)
(0.352494 -0.130137 0)
(-0.0803048 -0.411194 0)
(-0.518023 -0.547417 0)
(-0.97584 -0.604262 0)
(-1.44944 -0.605641 0)
(-1.91321 -0.570418 0)
(-2.35046 -0.505945 0)
(-2.74325 -0.425474 0)
(-3.07851 -0.334842 0)
(-3.34709 -0.245565 0)
(-3.5457 -0.164757 0)
(-3.6789 -0.0987363 0)
(-3.75241 -0.046136 0)
(-3.77528 -0.00453009 0)
(-3.75695 0.0289678 0)
(-3.70515 0.0569092 0)
(-3.62151 0.0811122 0)
(-3.51042 0.10292 0)
(-3.37374 0.123034 0)
(-3.21436 0.141703 0)
(-3.03506 0.15883 0)
(-2.83654 0.175119 0)
(-2.62336 0.18928 0)
(-2.39894 0.200157 0)
(-2.17243 0.206313 0)
(-1.94992 0.21033 0)
(-1.74517 0.209618 0)
(-1.53555 0.21427 0)
(-1.32883 0.219518 0)
(-1.10894 0.229299 0)
(-0.901378 0.236985 0)
(-0.676862 0.251594 0)
(-0.489381 0.264611 0)
(-0.283387 0.291803 0)
(-0.0541827 0.306078 0)
(0.195519 0.297303 0)
(0.405307 0.270502 0)
(0.606981 0.243345 0)
(0.788197 0.2152 0)
(0.955007 0.190747 0)
(1.10439 0.167295 0)
(1.24026 0.147397 0)
(1.36193 0.128661 0)
(1.47207 0.112857 0)
(1.57074 0.0980481 0)
(1.65985 0.0855936 0)
(1.7397 0.0739272 0)
(1.81172 0.064153 0)
(1.87628 0.0549816 0)
(1.93447 0.0473498 0)
(1.98665 0.0401677 0)
(2.03369 0.034259 0)
(2.07593 0.0286804 0)
(2.11407 0.0241778 0)
(2.14842 0.0199121 0)
(2.17955 0.0165782 0)
(2.20775 0.0134114 0)
(2.23351 0.0110702 0)
(2.25705 0.00884989 0)
(2.27885 0.00736065 0)
(2.2991 0.00598239 0)
(2.31836 0.00516824 0)
(2.33711 0.00469975 0)
(2.35165 0.0039611 0)
(2.37765 0.00508982 0)
)
;

boundaryField
{
    Inlet
    {
        type            fixedValue;
        value           uniform (5 0 0);
    }
    Outlet
    {
        type            zeroGradient;
    }
    Wall
    {
        type            noSlip;
    }
    symmetry
    {
        type            symmetry;
    }
    Frontback
    {
        type            empty;
    }
}


// ************************************************************************* //
