/*--------------------------------*- C++ -*----------------------------------*\
  =========                 |
  \\      /  F ield         | OpenFOAM: The Open Source CFD Toolbox
   \\    /   O peration     | Website:  https://openfoam.org
    \\  /    A nd           | Version:  10
     \\/     M anipulation  |
\*---------------------------------------------------------------------------*/
FoamFile
{
    format      ascii;
    class       volScalarField;
    location    "0.55";
    object      Sb;
}
// * * * * * * * * * * * * * * * * * * * * * * * * * * * * * * * * * * * * * //

dimensions      [0 0 0 0 0 0 0];

internalField   nonuniform List<scalar> 
12225
(
0.817011
0.815482
0.813544
0.811378
0.809113
0.806833
0.804594
0.802435
0.800383
0.79846
0.796687
0.795089
0.793699
0.792569
0.791795
0.79158
0.792457
0.796
0.835644
0.83391
0.831791
0.829495
0.827158
0.824864
0.822659
0.82057
0.818609
0.816783
0.815095
0.813552
0.812162
0.810943
0.809937
0.809235
0.809034
0.809669
0.84537
0.843311
0.84083
0.838175
0.835504
0.832906
0.830429
0.828092
0.825904
0.823862
0.821964
0.820207
0.818591
0.817126
0.815838
0.81478
0.81404
0.813676
0.853045
0.850654
0.8478
0.844771
0.841746
0.838823
0.836049
0.833443
0.831006
0.828731
0.82661
0.824635
0.8228
0.821108
0.819571
0.818213
0.817057
0.816058
0.85983
0.857095
0.853855
0.850442
0.847055
0.843799
0.840723
0.837841
0.835151
0.832641
0.830297
0.828107
0.82606
0.824151
0.82238
0.820748
0.819238
0.817768
0.866177
0.863077
0.859432
0.855618
0.851856
0.848258
0.844871
0.841708
0.83876
0.836012
0.833445
0.831041
0.828785
0.826664
0.824668
0.822779
0.82096
0.81912
0.87233
0.868831
0.864752
0.860515
0.856359
0.852404
0.848696
0.845243
0.842032
0.839042
0.83625
0.833632
0.831167
0.828838
0.826622
0.824492
0.822399
0.820258
0.878446
0.874504
0.869951
0.865259
0.860686
0.856356
0.852314
0.848561
0.845079
0.841841
0.838819
0.835985
0.833312
0.830774
0.828345
0.825988
0.823651
0.821258
0.884648
0.8802
0.875121
0.869934
0.864914
0.860187
0.855793
0.851727
0.847965
0.844473
0.841217
0.838163
0.83528
0.832536
0.8299
0.827329
0.824774
0.822167
0.891039
0.886003
0.880332
0.874599
0.869095
0.863943
0.859178
0.854785
0.850732
0.846977
0.843481
0.840205
0.837111
0.834163
0.831326
0.828556
0.825804
0.823011
0.897722
0.891986
0.885636
0.879295
0.873261
0.867654
0.862494
0.857758
0.853403
0.849378
0.845637
0.842135
0.838829
0.835681
0.83265
0.829693
0.826763
0.823808
0.904804
0.898217
0.891077
0.88405
0.877434
0.871335
0.865757
0.860661
0.855991
0.85169
0.8477
0.843972
0.840459
0.837116
0.833901
0.830769
0.827676
0.824572
0.911274
0.903779
0.895838
0.888141
0.880975
0.874422
0.868466
0.863048
0.858101
0.853556
0.849351
0.84543
0.84174
0.838232
0.834862
0.831586
0.82836
0.825139
0.91919
0.910419
0.901407
0.892847
0.884996
0.877892
0.871485
0.865692
0.860429
0.855618
0.851181
0.847049
0.843161
0.839468
0.835924
0.832489
0.82912
0.825774
0.929024
0.918393
0.907904
0.898204
0.889495
0.881728
0.874797
0.868603
0.863026
0.857934
0.853229
0.848841
0.844717
0.840809
0.837072
0.833464
0.829942
0.826463
0.941619
0.928141
0.915514
0.904232
0.894464
0.886056
0.878646
0.871997
0.865964
0.860455
0.85539
0.850697
0.846311
0.842173
0.838233
0.834445
0.830764
0.827144
0.959727
0.941855
0.926092
0.912706
0.901283
0.891434
0.882915
0.875453
0.868826
0.862863
0.857435
0.852438
0.847791
0.843426
0.839285
0.835317
0.831471
0.827698
0.936608
0.924627
0.913453
0.903313
0.894203
0.88604
0.878711
0.872094
0.866078
0.860563
0.855468
0.850721
0.846263
0.842041
0.838008
0.83412
0.830332
0.826595
0.914746
0.906722
0.898618
0.89089
0.88369
0.877046
0.870929
0.865289
0.860068
0.855207
0.850656
0.846365
0.842291
0.838394
0.834633
0.830971
0.827362
0.823757
0.899662
0.893815
0.88754
0.88131
0.875335
0.8697
0.864421
0.859485
0.854859
0.85051
0.846399
0.84249
0.838748
0.835135
0.831618
0.828155
0.824702
0.821198
0.887098
0.882627
0.877631
0.87252
0.867507
0.862695
0.858125
0.853799
0.849706
0.845822
0.84212
0.838569
0.835141
0.831801
0.828515
0.825242
0.821931
0.818511
0.87627
0.872727
0.868665
0.864417
0.860178
0.856052
0.852088
0.848299
0.844683
0.841223
0.8379
0.834687
0.831558
0.828481
0.82542
0.822332
0.819159
0.815815
0.866648
0.863774
0.860422
0.856861
0.85326
0.849716
0.846279
0.842968
0.839783
0.836714
0.833745
0.830852
0.828011
0.82519
0.822353
0.819451
0.816419
0.813155
0.857847
0.855481
0.852692
0.849694
0.846632
0.843592
0.840621
0.837739
0.834949
0.832245
0.82961
0.827025
0.824463
0.821896
0.819284
0.816574
0.813692
0.810521
0.84955
0.84759
0.845262
0.842739
0.840142
0.837545
0.834993
0.832504
0.830082
0.82772
0.825405
0.823118
0.820834
0.818522
0.816142
0.813637
0.810925
0.80787
0.84145
0.839828
0.837891
0.835778
0.83359
0.831391
0.829221
0.827096
0.82502
0.822986
0.820983
0.818991
0.816986
0.814937
0.812802
0.810523
0.808008
0.805106
0.833164
0.831835
0.830239
0.828489
0.826668
0.824833
0.823016
0.821235
0.81949
0.817778
0.816085
0.814394
0.81268
0.810912
0.809049
0.807028
0.804754
0.802061
0.824031
0.822966
0.821675
0.820252
0.818767
0.817269
0.815787
0.814337
0.812921
0.811535
0.810167
0.808799
0.807409
0.805965
0.804426
0.802728
0.800774
0.798384
0.812163
0.811347
0.810335
0.809209
0.808033
0.806852
0.805697
0.804583
0.803518
0.802499
0.801515
0.800552
0.799588
0.798592
0.797522
0.796316
0.794874
0.79301
0.781398
0.780675
0.779687
0.778535
0.777304
0.776065
0.774873
0.773772
0.772796
0.771971
0.771318
0.770852
0.770578
0.770498
0.770599
0.770849
0.771181
0.771445
1.1e-06
1.1e-06
1.1e-06
1.1e-06
1.1e-06
1.1e-06
1.1e-06
1.1e-06
1.1e-06
1.1e-06
1.1e-06
1.1e-06
1.1e-06
1.1e-06
1.1e-06
1.1e-06
1.1e-06
1.1e-06
1.1e-06
1.1e-06
1.1e-06
1.1e-06
1.1e-06
1.1e-06
1.1e-06
1.1e-06
1.1e-06
1.1e-06
1.1e-06
1.1e-06
1.1e-06
1.1e-06
1.1e-06
1.1e-06
1.1e-06
1.1e-06
1.1e-06
1.1e-06
1.1e-06
1.1e-06
1.1e-06
1.1e-06
1.1e-06
1.1e-06
1.1e-06
1.1e-06
1.1e-06
1.1e-06
1.1e-06
1.1e-06
1.1e-06
1.1e-06
1.1e-06
1.1e-06
1.1e-06
1.1e-06
1.1e-06
1.1e-06
1.1e-06
1.1e-06
1.1e-06
1.1e-06
1.1e-06
1.1e-06
1.1e-06
1.1e-06
1.1e-06
1.1e-06
1.1e-06
1.1e-06
1.1e-06
1.1e-06
1.1e-06
1.1e-06
1.1e-06
1.1e-06
1.1e-06
1.1e-06
1.1e-06
1.1e-06
1.1e-06
1.1e-06
1.1e-06
1.1e-06
1.1e-06
1.1e-06
1.1e-06
1.1e-06
1.1e-06
1.1e-06
1.1e-06
1.1e-06
1.1e-06
1.1e-06
1.1e-06
1.1e-06
1.1e-06
1.1e-06
1.1e-06
1.1e-06
1.1e-06
1.1e-06
1.1e-06
1.1e-06
1.1e-06
1.1e-06
1.1e-06
1.1e-06
1.1e-06
1.1e-06
1.1e-06
1.1e-06
1.1e-06
1.1e-06
1.1e-06
1.1e-06
1.1e-06
1.1e-06
1.1e-06
1.1e-06
1.1e-06
1.1e-06
1.1e-06
1.1e-06
1.1e-06
1.1e-06
1.1e-06
1.1e-06
1.1e-06
1.1e-06
1.1e-06
1.1e-06
1.1e-06
1.1e-06
1.1e-06
1.1e-06
1.1e-06
1.1e-06
1.1e-06
1.1e-06
1.1e-06
1.1e-06
1.1e-06
1.1e-06
1.1e-06
1.1e-06
1.1e-06
1.1e-06
1.1e-06
1.1e-06
1.1e-06
1.1e-06
1.1e-06
1.1e-06
1.1e-06
1.1e-06
1.1e-06
1.1e-06
1.1e-06
1.1e-06
1.1e-06
1.1e-06
1.1e-06
1.1e-06
1.1e-06
1.1e-06
1.1e-06
1.1e-06
1.1e-06
1.1e-06
1.1e-06
1.1e-06
1.1e-06
1.1e-06
1.1e-06
1.1e-06
1.1e-06
1.1e-06
1.1e-06
1.1e-06
1.1e-06
1.1e-06
1.1e-06
1.1e-06
1.1e-06
1.1e-06
1.1e-06
1.1e-06
1.1e-06
1.1e-06
1.1e-06
1.1e-06
1.1e-06
1.1e-06
1.1e-06
1.1e-06
1.1e-06
1.1e-06
1.1e-06
1.1e-06
1.1e-06
1.1e-06
1.1e-06
1.1e-06
1.1e-06
1.1e-06
1.1e-06
1.1e-06
1.1e-06
1.1e-06
1.1e-06
1.1e-06
1.1e-06
1.1e-06
1.1e-06
1.1e-06
1.1e-06
1.1e-06
1.1e-06
1.1e-06
1.1e-06
1.1e-06
1.1e-06
1.1e-06
1.1e-06
1.1e-06
1.1e-06
1.1e-06
1.1e-06
1.1e-06
1.1e-06
1.1e-06
1.1e-06
1.1e-06
1.1e-06
1.1e-06
1.1e-06
1.1e-06
1.1e-06
1.1e-06
1.1e-06
1.1e-06
1.1e-06
1.1e-06
1.1e-06
1.1e-06
1.1e-06
1.1e-06
1.1e-06
1.1e-06
1.1e-06
1.1e-06
1.1e-06
1.1e-06
1.1e-06
1.1e-06
1.1e-06
1.1e-06
1.1e-06
1.1e-06
1.1e-06
1.1e-06
1.1e-06
1.1e-06
1.1e-06
1.1e-06
1.1e-06
1.1e-06
1.1e-06
1.1e-06
1.1e-06
1.1e-06
1.1e-06
1.1e-06
1.1e-06
1.1e-06
1.1e-06
1.1e-06
1.1e-06
1.1e-06
1.1e-06
1.1e-06
1.1e-06
1.1e-06
1.1e-06
1.1e-06
1.1e-06
1.1e-06
1.1e-06
1.1e-06
1.1e-06
1.1e-06
1.1e-06
1.1e-06
1.1e-06
1.1e-06
1.1e-06
1.1e-06
1.1e-06
1.1e-06
1.1e-06
1.1e-06
1.1e-06
1.1e-06
1.1e-06
1.1e-06
1.1e-06
1.1e-06
1.1e-06
1.1e-06
1.1e-06
1.1e-06
1.1e-06
1.1e-06
1.1e-06
1.1e-06
1.1e-06
1.1e-06
1.1e-06
1.1e-06
1.1e-06
1.1e-06
1.1e-06
1.1e-06
1.1e-06
1.1e-06
1.1e-06
1.1e-06
1.1e-06
1.1e-06
1.1e-06
1.1e-06
1.1e-06
1.1e-06
1.1e-06
1.1e-06
1.1e-06
1.1e-06
1.1e-06
1.1e-06
1.1e-06
1.1e-06
1.1e-06
1.1e-06
1.1e-06
1.1e-06
1.1e-06
1.1e-06
1.1e-06
1.1e-06
1.1e-06
1.1e-06
1.1e-06
1.1e-06
1.1e-06
1.1e-06
1.1e-06
1.1e-06
1.1e-06
1.1e-06
1.1e-06
1.1e-06
1.1e-06
1.1e-06
1.1e-06
1.1e-06
1.1e-06
1.1e-06
1.1e-06
1.1e-06
1.1e-06
1.1e-06
1.1e-06
1.1e-06
1.1e-06
1.1e-06
1.1e-06
1.1e-06
1.1e-06
1.1e-06
1.1e-06
1.1e-06
1.1e-06
1.1e-06
1.1e-06
1.1e-06
1.1e-06
1.1e-06
1.1e-06
1.1e-06
1.1e-06
1.1e-06
1.1e-06
1.1e-06
1.1e-06
1.1e-06
1.1e-06
1.1e-06
1.1e-06
1.1e-06
1.1e-06
1.1e-06
1.1e-06
1.1e-06
1.1e-06
1.1e-06
1.1e-06
1.1e-06
1.1e-06
1.1e-06
1.1e-06
1.1e-06
1.1e-06
1.1e-06
1.1e-06
1.1e-06
1.1e-06
1.1e-06
1.1e-06
1.1e-06
1.1e-06
1.1e-06
1.1e-06
1.1e-06
1.1e-06
1.1e-06
1.1e-06
1.1e-06
1.1e-06
1.1e-06
1.1e-06
1.1e-06
1.1e-06
1.1e-06
1.1e-06
1.1e-06
1.1e-06
1.1e-06
1.1e-06
1.1e-06
1.1e-06
1.1e-06
1.1e-06
1.1e-06
1.1e-06
1.1e-06
1.1e-06
1.1e-06
1.1e-06
1.1e-06
1.1e-06
1.1e-06
1.1e-06
1.1e-06
1.1e-06
1.1e-06
1.1e-06
1.1e-06
1.1e-06
1.1e-06
1.1e-06
1.1e-06
1.1e-06
1.1e-06
1.1e-06
1.1e-06
1.1e-06
1.1e-06
1.1e-06
1.1e-06
1.1e-06
1.1e-06
1.1e-06
1.1e-06
1.1e-06
1.1e-06
1.1e-06
1.1e-06
1.1e-06
1.1e-06
1.1e-06
1.1e-06
1.1e-06
1.1e-06
1.1e-06
1.1e-06
1.1e-06
1.1e-06
1.1e-06
1.1e-06
1.1e-06
1.1e-06
1.1e-06
1.1e-06
1.1e-06
1.1e-06
1.1e-06
1.1e-06
1.1e-06
1.1e-06
1.1e-06
1.1e-06
1.1e-06
1.1e-06
1.1e-06
1.1e-06
1.1e-06
1.1e-06
1.1e-06
1.1e-06
1.1e-06
1.1e-06
1.1e-06
1.1e-06
1.1e-06
1.1e-06
1.1e-06
1.1e-06
1.1e-06
1.1e-06
1.1e-06
1.1e-06
1.1e-06
1.1e-06
1.1e-06
1.1e-06
1.1e-06
1.1e-06
1.1e-06
1.1e-06
1.1e-06
1.1e-06
1.1e-06
1.1e-06
1.1e-06
1.1e-06
1.1e-06
1.1e-06
1.1e-06
1.1e-06
1.1e-06
1.1e-06
1.1e-06
1.1e-06
1.1e-06
1.1e-06
1.1e-06
1.1e-06
1.1e-06
1.1e-06
1.1e-06
1.1e-06
1.1e-06
1.1e-06
1.1e-06
1.1e-06
1.1e-06
1.1e-06
1.1e-06
1.1e-06
1.1e-06
1.1e-06
1.1e-06
1.1e-06
1.1e-06
1.1e-06
1.1e-06
1.1e-06
1.1e-06
1.1e-06
1.1e-06
1.1e-06
1.1e-06
1.1e-06
1.1e-06
1.1e-06
1.1e-06
1.1e-06
1.1e-06
1.1e-06
1.1e-06
1.1e-06
1.1e-06
1.1e-06
1.1e-06
1.1e-06
1.1e-06
1.1e-06
1.1e-06
1.1e-06
1.1e-06
1.1e-06
1.1e-06
1.1e-06
1.1e-06
1.1e-06
1.1e-06
1.1e-06
1.1e-06
1.1e-06
1.1e-06
1.1e-06
1.1e-06
1.1e-06
1.1e-06
1.1e-06
1.1e-06
1.1e-06
1.1e-06
1.1e-06
1.1e-06
1.1e-06
1.1e-06
1.1e-06
1.1e-06
1.1e-06
1.1e-06
1.1e-06
1.1e-06
1.1e-06
1.1e-06
1.1e-06
1.1e-06
1.1e-06
1.1e-06
1.1e-06
1.1e-06
1.1e-06
1.1e-06
1.1e-06
1.1e-06
1.1e-06
1.1e-06
1.1e-06
1.1e-06
1.1e-06
1.1e-06
1.1e-06
1.1e-06
1.1e-06
1.1e-06
1.1e-06
1.1e-06
1.1e-06
1.1e-06
1.1e-06
1.1e-06
1.1e-06
1.1e-06
1.1e-06
1.1e-06
1.1e-06
1.1e-06
1.1e-06
1.1e-06
1.1e-06
1.1e-06
1.1e-06
1.1e-06
1.1e-06
1.1e-06
1.1e-06
1.1e-06
1.1e-06
1.1e-06
1.1e-06
1.1e-06
1.1e-06
1.1e-06
1.1e-06
1.1e-06
1.1e-06
1.1e-06
1.1e-06
1.1e-06
1.1e-06
1.1e-06
1.1e-06
1.1e-06
1.1e-06
1.1e-06
1.1e-06
1.1e-06
1.1e-06
1.1e-06
1.1e-06
1.1e-06
1.1e-06
1.1e-06
1.1e-06
1.1e-06
1.1e-06
1.1e-06
1.1e-06
1.1e-06
1.1e-06
1.1e-06
1.1e-06
1.1e-06
1.1e-06
1.1e-06
1.1e-06
1.1e-06
1.1e-06
1.1e-06
1.1e-06
1.1e-06
1.1e-06
1.1e-06
1.1e-06
1.1e-06
1.1e-06
1.1e-06
1.1e-06
1.1e-06
1.1e-06
1.1e-06
1.1e-06
1.1e-06
1.1e-06
1.1e-06
1.1e-06
1.1e-06
1.1e-06
1.1e-06
1.1e-06
1.1e-06
1.1e-06
1.1e-06
1.1e-06
1.1e-06
1.1e-06
1.1e-06
1.1e-06
1.1e-06
1.1e-06
1.1e-06
1.1e-06
1.1e-06
1.1e-06
1.1e-06
1.1e-06
1.1e-06
1.1e-06
1.1e-06
1.1e-06
1.1e-06
1.1e-06
1.1e-06
1.1e-06
1.1e-06
1.1e-06
1.1e-06
1.1e-06
1.1e-06
1.1e-06
1.1e-06
1.1e-06
1.1e-06
1.1e-06
1.1e-06
1.1e-06
1.1e-06
1.1e-06
1.1e-06
1.1e-06
1.1e-06
1.1e-06
1.1e-06
1.1e-06
1.1e-06
1.1e-06
1.1e-06
1.1e-06
1.1e-06
1.1e-06
1.1e-06
1.1e-06
1.1e-06
1.1e-06
1.1e-06
1.1e-06
1.1e-06
1.1e-06
1.1e-06
1.1e-06
1.1e-06
1.1e-06
1.1e-06
1.1e-06
1.1e-06
1.1e-06
1.1e-06
1.1e-06
1.1e-06
1.1e-06
1.1e-06
1.1e-06
1.1e-06
1.1e-06
1.1e-06
1.1e-06
1.1e-06
1.1e-06
1.1e-06
1.1e-06
1.1e-06
1.1e-06
1.1e-06
1.1e-06
1.1e-06
1.1e-06
1.1e-06
1.1e-06
1.1e-06
1.1e-06
1.1e-06
1.1e-06
1.1e-06
1.1e-06
1.1e-06
1.1e-06
1.1e-06
1.1e-06
1.1e-06
1.1e-06
1.1e-06
1.1e-06
1.1e-06
1.1e-06
1.1e-06
1.1e-06
1.1e-06
1.1e-06
1.1e-06
1.1e-06
1.1e-06
1.1e-06
1.1e-06
1.1e-06
1.1e-06
1.1e-06
1.1e-06
1.1e-06
1.1e-06
1.1e-06
1.1e-06
1.1e-06
1.1e-06
1.1e-06
1.1e-06
1.1e-06
1.1e-06
1.1e-06
1.1e-06
1.1e-06
1.1e-06
1.1e-06
1.1e-06
1.1e-06
1.1e-06
1.1e-06
1.1e-06
1.1e-06
1.1e-06
1.1e-06
1.1e-06
1.1e-06
1.1e-06
1.1e-06
1.1e-06
1.1e-06
1.1e-06
1.1e-06
1.1e-06
1.1e-06
1.1e-06
1.1e-06
1.1e-06
1.1e-06
1.1e-06
1.1e-06
1.1e-06
1.1e-06
1.1e-06
1.1e-06
1.1e-06
1.1e-06
1.1e-06
1.1e-06
1.1e-06
1.1e-06
1.1e-06
1.1e-06
1.1e-06
1.1e-06
1.1e-06
1.1e-06
1.1e-06
1.1e-06
1.1e-06
1.1e-06
1.1e-06
1.1e-06
1.1e-06
1.1e-06
1.1e-06
1.1e-06
1.1e-06
1.1e-06
1.1e-06
1.1e-06
1.1e-06
1.1e-06
1.1e-06
1.1e-06
1.1e-06
1.1e-06
1.1e-06
1.1e-06
1.1e-06
1.1e-06
1.1e-06
1.1e-06
1.1e-06
1.1e-06
1.1e-06
1.1e-06
1.1e-06
1.1e-06
1.1e-06
1.1e-06
1.1e-06
1.1e-06
1.1e-06
1.1e-06
1.1e-06
1.1e-06
1.1e-06
1.1e-06
1.1e-06
1.1e-06
1.1e-06
1.1e-06
1.1e-06
1.1e-06
1.1e-06
1.1e-06
1.1e-06
1.1e-06
1.1e-06
1.1e-06
1.1e-06
1.1e-06
1.1e-06
1.1e-06
1.1e-06
1.1e-06
1.1e-06
1.1e-06
1.1e-06
1.1e-06
1.1e-06
1.1e-06
1.1e-06
1.1e-06
1.1e-06
1.1e-06
1.1e-06
1.1e-06
1.1e-06
1.1e-06
1.1e-06
1.1e-06
1.1e-06
1.1e-06
1.1e-06
1.1e-06
1.1e-06
1.1e-06
1.1e-06
1.1e-06
1.1e-06
1.1e-06
1.1e-06
1.1e-06
1.1e-06
1.1e-06
1.1e-06
1.1e-06
1.1e-06
1.1e-06
1.1e-06
1.1e-06
1.1e-06
1.1e-06
1.1e-06
1.1e-06
1.1e-06
1.1e-06
1.1e-06
1.1e-06
1.1e-06
1.1e-06
1.1e-06
1.1e-06
1.1e-06
1.1e-06
1.1e-06
1.1e-06
1.1e-06
1.1e-06
1.1e-06
1.1e-06
1.1e-06
1.1e-06
1.1e-06
1.1e-06
1.1e-06
1.1e-06
1.1e-06
1.1e-06
1.1e-06
1.1e-06
1.1e-06
1.1e-06
1.1e-06
1.1e-06
1.1e-06
1.1e-06
1.1e-06
1.1e-06
1.1e-06
1.1e-06
1.1e-06
1.1e-06
1.1e-06
1.1e-06
1.1e-06
1.1e-06
1.1e-06
1.1e-06
1.1e-06
1.1e-06
1.1e-06
1.1e-06
1.1e-06
1.1e-06
1.1e-06
1.1e-06
1.1e-06
1.1e-06
1.1e-06
1.1e-06
1.1e-06
1.1e-06
1.1e-06
1.1e-06
1.1e-06
1.1e-06
1.1e-06
1.1e-06
1.1e-06
1.1e-06
1.1e-06
1.1e-06
1.1e-06
1.1e-06
1.1e-06
1.1e-06
1.1e-06
1.1e-06
1.1e-06
1.1e-06
1.1e-06
1.1e-06
1.1e-06
1.1e-06
1.1e-06
1.1e-06
1.1e-06
1.1e-06
1.1e-06
1.1e-06
1.1e-06
1.1e-06
1.1e-06
1.1e-06
1.1e-06
1.1e-06
1.1e-06
1.1e-06
1.1e-06
1.1e-06
1.1e-06
1.1e-06
1.1e-06
1.1e-06
1.1e-06
1.1e-06
1.1e-06
1.1e-06
1.1e-06
1.1e-06
1.1e-06
1.1e-06
1.1e-06
1.1e-06
1.1e-06
1.1e-06
1.1e-06
1.1e-06
1.1e-06
1.1e-06
1.1e-06
1.1e-06
1.1e-06
1.1e-06
1.1e-06
1.1e-06
1.1e-06
1.1e-06
1.1e-06
1.1e-06
1.1e-06
1.1e-06
1.1e-06
1.1e-06
1.1e-06
1.1e-06
1.1e-06
1.1e-06
1.1e-06
1.1e-06
1.1e-06
1.1e-06
1.1e-06
1.1e-06
1.1e-06
1.1e-06
1.1e-06
1.1e-06
1.1e-06
1.1e-06
1.1e-06
1.1e-06
1.1e-06
1.1e-06
1.1e-06
1.1e-06
1.1e-06
1.1e-06
1.1e-06
1.1e-06
1.1e-06
1.1e-06
1.1e-06
1.1e-06
1.1e-06
1.1e-06
1.1e-06
1.1e-06
1.1e-06
1.1e-06
1.1e-06
1.1e-06
1.1e-06
1.1e-06
1.1e-06
1.1e-06
1.1e-06
1.1e-06
1.1e-06
1.1e-06
1.1e-06
1.1e-06
1.1e-06
1.1e-06
1.1e-06
1.1e-06
1.1e-06
1.1e-06
1.1e-06
1.1e-06
1.1e-06
1.1e-06
1.1e-06
1.1e-06
1.1e-06
1.1e-06
1.1e-06
1.1e-06
1.1e-06
1.1e-06
1.1e-06
1.1e-06
1.1e-06
1.1e-06
1.1e-06
1.1e-06
1.1e-06
1.1e-06
1.1e-06
1.1e-06
1.1e-06
1.1e-06
1.1e-06
1.1e-06
1.1e-06
1.1e-06
1.1e-06
1.1e-06
1.1e-06
1.1e-06
1.1e-06
1.1e-06
1.1e-06
1.1e-06
1.1e-06
1.1e-06
1.1e-06
1.1e-06
1.1e-06
1.1e-06
1.1e-06
1.1e-06
1.1e-06
1.1e-06
1.1e-06
1.1e-06
1.1e-06
1.1e-06
1.1e-06
1.1e-06
1.1e-06
1.1e-06
1.1e-06
1.1e-06
1.1e-06
1.1e-06
1.1e-06
1.1e-06
1.1e-06
1.1e-06
1.1e-06
1.1e-06
1.1e-06
1.1e-06
1.1e-06
1.1e-06
1.1e-06
1.1e-06
1.1e-06
1.1e-06
1.1e-06
1.1e-06
1.1e-06
1.1e-06
1.1e-06
1.1e-06
1.1e-06
1.1e-06
1.1e-06
1.1e-06
1.1e-06
1.1e-06
1.1e-06
1.1e-06
1.1e-06
1.1e-06
1.1e-06
1.1e-06
1.1e-06
1.1e-06
1.1e-06
1.1e-06
1.1e-06
1.1e-06
1.1e-06
1.1e-06
1.1e-06
1.1e-06
1.1e-06
1.1e-06
1.1e-06
1.1e-06
1.1e-06
1.1e-06
1.1e-06
1.1e-06
1.1e-06
1.1e-06
1.1e-06
1.1e-06
1.1e-06
1.1e-06
1.1e-06
1.1e-06
1.1e-06
1.1e-06
1.1e-06
1.1e-06
1.1e-06
1.1e-06
1.1e-06
1.1e-06
1.1e-06
1.1e-06
1.1e-06
1.1e-06
1.1e-06
1.1e-06
1.1e-06
1.1e-06
1.1e-06
1.1e-06
1.1e-06
1.1e-06
1.1e-06
1.1e-06
1.1e-06
1.1e-06
1.1e-06
1.1e-06
1.1e-06
1.1e-06
1.1e-06
1.1e-06
1.1e-06
1.1e-06
1.1e-06
1.1e-06
1.1e-06
1.1e-06
1.1e-06
1.1e-06
1.1e-06
1.1e-06
1.1e-06
1.1e-06
1.1e-06
1.1e-06
1.1e-06
1.1e-06
1.1e-06
1.1e-06
1.1e-06
1.1e-06
1.1e-06
1.1e-06
1.1e-06
1.1e-06
1.1e-06
1.1e-06
1.1e-06
1.1e-06
1.1e-06
1.1e-06
1.1e-06
1.1e-06
1.1e-06
1.1e-06
1.1e-06
1.1e-06
1.1e-06
1.1e-06
1.1e-06
1.1e-06
1.1e-06
1.1e-06
1.1e-06
1.1e-06
1.1e-06
1.1e-06
1.1e-06
1.1e-06
1.1e-06
1.1e-06
1.1e-06
1.1e-06
1.1e-06
1.1e-06
1.1e-06
1.1e-06
1.1e-06
1.1e-06
1.1e-06
1.1e-06
1.1e-06
1.1e-06
1.1e-06
1.1e-06
1.1e-06
1.1e-06
1.1e-06
1.1e-06
1.1e-06
1.1e-06
1.1e-06
1.1e-06
1.1e-06
1.1e-06
1.1e-06
1.1e-06
1.1e-06
1.1e-06
1.1e-06
1.1e-06
1.1e-06
1.1e-06
1.1e-06
1.1e-06
1.1e-06
1.1e-06
1.1e-06
1.1e-06
1.1e-06
1.1e-06
1.1e-06
1.1e-06
1.1e-06
1.1e-06
1.1e-06
1.1e-06
1.1e-06
1.1e-06
1.1e-06
1.1e-06
1.1e-06
1.1e-06
1.1e-06
1.1e-06
1.1e-06
1.1e-06
1.1e-06
1.1e-06
1.1e-06
1.1e-06
1.1e-06
1.1e-06
1.1e-06
1.1e-06
1.1e-06
1.1e-06
1.1e-06
1.1e-06
1.1e-06
1.1e-06
1.1e-06
1.1e-06
1.1e-06
1.1e-06
1.1e-06
1.1e-06
1.1e-06
1.1e-06
1.1e-06
1.1e-06
1.1e-06
1.1e-06
1.1e-06
1.1e-06
1.1e-06
1.1e-06
1.1e-06
1.1e-06
1.1e-06
1.1e-06
1.1e-06
1.1e-06
1.1e-06
1.1e-06
1.1e-06
1.1e-06
1.1e-06
1.1e-06
1.1e-06
1.1e-06
1.1e-06
1.1e-06
1.1e-06
1.1e-06
1.1e-06
1.1e-06
1.1e-06
1.1e-06
1.1e-06
1.1e-06
1.1e-06
1.1e-06
1.1e-06
1.1e-06
1.1e-06
1.1e-06
1.1e-06
1.1e-06
1.1e-06
1.1e-06
1.1e-06
1.1e-06
1.1e-06
1.1e-06
1.1e-06
1.1e-06
1.1e-06
1.1e-06
1.1e-06
1.1e-06
1.1e-06
1.1e-06
1.1e-06
1.1e-06
1.1e-06
1.1e-06
1.1e-06
1.1e-06
1.1e-06
1.1e-06
1.1e-06
1.1e-06
1.1e-06
1.1e-06
1.1e-06
1.1e-06
1.1e-06
1.1e-06
1.1e-06
1.1e-06
1.1e-06
1.1e-06
1.1e-06
1.1e-06
1.1e-06
1.1e-06
1.1e-06
1.1e-06
1.1e-06
1.1e-06
1.1e-06
1.1e-06
1.1e-06
1.1e-06
1.1e-06
1.1e-06
1.1e-06
1.1e-06
1.1e-06
1.1e-06
1.1e-06
1.1e-06
1.1e-06
1.1e-06
1.1e-06
1.1e-06
1.1e-06
1.1e-06
1.1e-06
1.1e-06
1.1e-06
1.1e-06
1.1e-06
1.1e-06
1.1e-06
1.1e-06
1.1e-06
1.1e-06
1.1e-06
1.1e-06
1.1e-06
1.1e-06
1.1e-06
1.1e-06
1.1e-06
1.1e-06
1.1e-06
1.1e-06
1.1e-06
1.1e-06
1.1e-06
1.1e-06
1.1e-06
1.1e-06
1.1e-06
1.1e-06
1.1e-06
1.1e-06
1.1e-06
1.1e-06
1.1e-06
1.1e-06
1.1e-06
1.1e-06
1.1e-06
1.1e-06
1.1e-06
1.1e-06
1.1e-06
1.1e-06
1.1e-06
1.1e-06
1.1e-06
1.1e-06
1.1e-06
1.1e-06
1.1e-06
1.1e-06
1.1e-06
1.1e-06
1.1e-06
1.1e-06
1.1e-06
1.1e-06
1.1e-06
1.1e-06
1.1e-06
1.1e-06
1.1e-06
1.1e-06
1.1e-06
1.1e-06
1.1e-06
1.1e-06
1.1e-06
1.1e-06
1.1e-06
1.1e-06
1.1e-06
1.1e-06
1.1e-06
1.1e-06
1.1e-06
1.1e-06
1.1e-06
1.1e-06
1.1e-06
1.1e-06
1.1e-06
1.1e-06
1.1e-06
1.1e-06
1.1e-06
1.1e-06
1.1e-06
1.1e-06
1.1e-06
1.1e-06
1.1e-06
1.1e-06
1.1e-06
1.1e-06
1.1e-06
1.1e-06
1.1e-06
1.1e-06
1.1e-06
1.1e-06
1.1e-06
1.1e-06
1.1e-06
1.1e-06
1.1e-06
1.1e-06
1.1e-06
1.1e-06
1.1e-06
1.1e-06
1.1e-06
1.1e-06
1.1e-06
1.1e-06
1.1e-06
1.1e-06
1.1e-06
1.1e-06
1.1e-06
1.1e-06
1.1e-06
1.1e-06
1.1e-06
1.1e-06
1.1e-06
1.1e-06
1.1e-06
1.1e-06
1.1e-06
1.1e-06
1.1e-06
1.1e-06
1.1e-06
1.1e-06
1.1e-06
1.1e-06
1.1e-06
1.1e-06
1.1e-06
1.1e-06
1.1e-06
1.1e-06
1.1e-06
1.1e-06
1.1e-06
1.1e-06
1.1e-06
1.1e-06
1.1e-06
1.1e-06
1.1e-06
1.1e-06
1.1e-06
1.1e-06
1.1e-06
1.1e-06
1.1e-06
1.1e-06
1.1e-06
1.1e-06
1.1e-06
1.1e-06
1.1e-06
1.1e-06
1.1e-06
1.1e-06
1.1e-06
1.1e-06
1.1e-06
1.1e-06
1.1e-06
1.1e-06
1.1e-06
1.1e-06
1.1e-06
1.1e-06
1.1e-06
1.1e-06
1.1e-06
1.1e-06
1.1e-06
1.1e-06
1.1e-06
1.1e-06
1.1e-06
1.1e-06
1.1e-06
1.1e-06
1.1e-06
1.1e-06
1.1e-06
1.1e-06
1.1e-06
1.1e-06
1.1e-06
1.1e-06
1.1e-06
1.1e-06
1.1e-06
1.1e-06
1.1e-06
1.1e-06
1.1e-06
1.1e-06
1.1e-06
1.1e-06
1.1e-06
1.1e-06
1.1e-06
1.1e-06
1.1e-06
1.1e-06
1.1e-06
1.1e-06
1.1e-06
1.1e-06
1.1e-06
1.1e-06
1.1e-06
1.1e-06
1.1e-06
1.1e-06
1.1e-06
1.1e-06
1.1e-06
1.1e-06
1.1e-06
1.1e-06
1.1e-06
1.1e-06
1.1e-06
1.1e-06
1.1e-06
1.1e-06
1.1e-06
1.1e-06
1.1e-06
1.1e-06
1.1e-06
1.1e-06
1.1e-06
1.1e-06
1.1e-06
1.1e-06
1.1e-06
1.1e-06
1.1e-06
1.1e-06
1.1e-06
1.1e-06
1.1e-06
1.1e-06
1.1e-06
1.1e-06
1.1e-06
1.1e-06
1.1e-06
1.1e-06
1.1e-06
1.1e-06
1.1e-06
1.1e-06
1.1e-06
1.1e-06
1.1e-06
1.1e-06
1.1e-06
1.1e-06
1.1e-06
1.1e-06
1.1e-06
1.1e-06
1.1e-06
1.1e-06
1.1e-06
1.1e-06
1.1e-06
1.1e-06
1.1e-06
1.1e-06
1.1e-06
1.1e-06
1.1e-06
1.1e-06
1.1e-06
1.1e-06
1.1e-06
1.1e-06
1.1e-06
1.1e-06
1.1e-06
1.1e-06
1.1e-06
1.1e-06
1.1e-06
1.1e-06
1.1e-06
1.1e-06
1.1e-06
1.1e-06
1.1e-06
1.1e-06
1.1e-06
1.1e-06
1.1e-06
1.1e-06
1.1e-06
1.1e-06
1.1e-06
1.1e-06
1.1e-06
1.1e-06
1.1e-06
1.1e-06
1.1e-06
1.1e-06
1.1e-06
1.1e-06
1.1e-06
1.1e-06
1.1e-06
1.1e-06
1.1e-06
1.1e-06
1.1e-06
1.1e-06
1.1e-06
1.1e-06
1.1e-06
1.1e-06
1.1e-06
1.1e-06
1.1e-06
1.1e-06
1.1e-06
1.1e-06
1.1e-06
1.1e-06
1.1e-06
1.1e-06
1.1e-06
1.1e-06
1.1e-06
1.1e-06
1.1e-06
1.1e-06
1.1e-06
1.1e-06
1.1e-06
1.1e-06
1.1e-06
1.1e-06
1.1e-06
1.1e-06
1.1e-06
1.1e-06
1.1e-06
1.1e-06
1.1e-06
1.1e-06
1.1e-06
1.1e-06
1.1e-06
1.1e-06
1.1e-06
1.1e-06
1.1e-06
1.1e-06
1.1e-06
1.1e-06
1.1e-06
1.1e-06
1.1e-06
1.1e-06
1.1e-06
1.1e-06
1.1e-06
1.1e-06
1.1e-06
1.1e-06
1.1e-06
1.1e-06
1.1e-06
1.1e-06
1.1e-06
1.1e-06
1.1e-06
1.1e-06
1.1e-06
1.1e-06
1.1e-06
1.1e-06
1.1e-06
1.1e-06
1.1e-06
1.1e-06
1.1e-06
1.1e-06
1.1e-06
1.1e-06
1.1e-06
1.1e-06
1.1e-06
1.1e-06
1.1e-06
1.1e-06
1.1e-06
1.1e-06
1.1e-06
1.1e-06
1.1e-06
1.1e-06
1.1e-06
1.1e-06
1.1e-06
1.1e-06
1.1e-06
1.1e-06
1.1e-06
1.1e-06
1.1e-06
1.1e-06
1.1e-06
1.1e-06
1.1e-06
1.1e-06
1.1e-06
1.1e-06
1.1e-06
1.1e-06
1.1e-06
1.1e-06
1.1e-06
1.1e-06
1.1e-06
1.1e-06
1.1e-06
1.1e-06
1.1e-06
1.1e-06
1.1e-06
1.1e-06
1.1e-06
1.1e-06
1.1e-06
1.1e-06
1.1e-06
1.1e-06
1.1e-06
1.1e-06
1.1e-06
1.1e-06
1.1e-06
1.1e-06
1.1e-06
1.1e-06
1.1e-06
1.1e-06
1.1e-06
1.1e-06
1.1e-06
1.1e-06
1.1e-06
1.1e-06
1.1e-06
1.1e-06
1.1e-06
1.1e-06
1.1e-06
1.1e-06
1.1e-06
1.1e-06
1.1e-06
1.1e-06
1.1e-06
1.1e-06
1.1e-06
1.1e-06
1.1e-06
1.1e-06
1.1e-06
1.1e-06
1.1e-06
1.1e-06
1.1e-06
1.1e-06
1.1e-06
1.1e-06
1.1e-06
1.1e-06
1.1e-06
1.1e-06
1.1e-06
1.1e-06
1.1e-06
1.1e-06
1.1e-06
1.1e-06
1.1e-06
1.1e-06
1.1e-06
1.1e-06
1.1e-06
1.1e-06
1.1e-06
1.1e-06
1.1e-06
1.1e-06
1.1e-06
1.1e-06
1.1e-06
1.1e-06
1.1e-06
1.1e-06
1.1e-06
1.1e-06
1.1e-06
1.1e-06
1.1e-06
1.1e-06
1.1e-06
1.1e-06
1.1e-06
1.1e-06
1.1e-06
1.1e-06
1.1e-06
1.1e-06
1.1e-06
1.1e-06
1.1e-06
1.1e-06
1.1e-06
1.1e-06
1.1e-06
1.1e-06
1.1e-06
1.1e-06
1.1e-06
1.1e-06
1.1e-06
1.1e-06
1.1e-06
1.1e-06
1.1e-06
1.1e-06
1.1e-06
1.1e-06
1.1e-06
1.1e-06
1.1e-06
1.1e-06
1.1e-06
1.1e-06
1.1e-06
1.1e-06
1.1e-06
1.1e-06
1.1e-06
1.1e-06
1.1e-06
1.1e-06
1.1e-06
1.1e-06
1.1e-06
1.1e-06
1.1e-06
1.1e-06
1.1e-06
1.1e-06
1.1e-06
1.1e-06
1.1e-06
1.1e-06
1.1e-06
1.1e-06
1.1e-06
1.1e-06
1.1e-06
1.1e-06
1.1e-06
1.1e-06
1.1e-06
1.1e-06
1.1e-06
1.1e-06
1.1e-06
1.1e-06
1.1e-06
1.1e-06
1.1e-06
1.1e-06
1.1e-06
1.1e-06
1.1e-06
1.1e-06
1.1e-06
1.1e-06
1.1e-06
1.1e-06
1.1e-06
1.1e-06
1.1e-06
1.1e-06
1.1e-06
1.1e-06
1.1e-06
1.1e-06
1.1e-06
1.1e-06
1.1e-06
1.1e-06
1.1e-06
1.1e-06
1.1e-06
1.1e-06
1.1e-06
1.1e-06
1.1e-06
1.1e-06
1.1e-06
1.1e-06
1.1e-06
1.1e-06
1.1e-06
1.1e-06
1.1e-06
1.1e-06
1.1e-06
1.1e-06
1.1e-06
1.1e-06
1.1e-06
1.1e-06
1.1e-06
1.1e-06
1.1e-06
1.1e-06
1.1e-06
1.1e-06
1.1e-06
1.1e-06
1.1e-06
1.1e-06
1.1e-06
1.1e-06
1.1e-06
1.1e-06
1.1e-06
1.1e-06
1.1e-06
1.1e-06
1.1e-06
1.1e-06
1.1e-06
1.1e-06
1.1e-06
1.1e-06
1.1e-06
1.1e-06
1.1e-06
1.1e-06
1.1e-06
1.1e-06
1.1e-06
1.1e-06
1.1e-06
1.1e-06
1.1e-06
1.1e-06
1.1e-06
1.1e-06
1.1e-06
1.1e-06
1.1e-06
1.1e-06
1.1e-06
1.1e-06
1.1e-06
1.1e-06
1.1e-06
1.1e-06
1.1e-06
1.1e-06
1.1e-06
1.1e-06
1.1e-06
1.1e-06
1.1e-06
1.1e-06
1.1e-06
1.1e-06
1.1e-06
1.1e-06
1.1e-06
1.1e-06
1.1e-06
1.1e-06
1.1e-06
1.1e-06
1.1e-06
1.1e-06
1.1e-06
1.1e-06
1.1e-06
1.1e-06
1.1e-06
1.1e-06
1.1e-06
1.1e-06
1.1e-06
1.1e-06
1.1e-06
1.1e-06
1.1e-06
1.1e-06
1.1e-06
1.1e-06
1.1e-06
1.1e-06
1.1e-06
1.1e-06
1.1e-06
1.1e-06
1.1e-06
1.1e-06
1.1e-06
1.1e-06
1.1e-06
1.1e-06
1.1e-06
1.1e-06
1.1e-06
1.1e-06
1.1e-06
1.1e-06
1.1e-06
1.1e-06
1.1e-06
1.1e-06
1.1e-06
1.1e-06
1.1e-06
1.1e-06
1.1e-06
1.1e-06
1.1e-06
1.1e-06
1.1e-06
1.1e-06
1.1e-06
1.1e-06
1.1e-06
1.1e-06
1.1e-06
1.1e-06
1.1e-06
1.1e-06
1.1e-06
1.1e-06
1.1e-06
1.1e-06
1.1e-06
1.1e-06
1.1e-06
1.1e-06
1.1e-06
1.1e-06
1.1e-06
1.1e-06
1.1e-06
1.1e-06
1.1e-06
1.1e-06
1.1e-06
1.1e-06
1.1e-06
1.1e-06
1.1e-06
1.1e-06
1.1e-06
1.1e-06
1.1e-06
1.1e-06
1.1e-06
1.1e-06
1.1e-06
1.1e-06
1.1e-06
1.1e-06
1.1e-06
1.1e-06
1.1e-06
1.1e-06
1.1e-06
1.1e-06
1.1e-06
1.1e-06
1.1e-06
1.1e-06
1.1e-06
1.1e-06
1.1e-06
1.1e-06
1.1e-06
1.1e-06
1.1e-06
1.1e-06
1.1e-06
1.1e-06
1.1e-06
1.1e-06
1.1e-06
1.1e-06
1.1e-06
1.1e-06
1.1e-06
1.1e-06
1.1e-06
1.1e-06
1.1e-06
1.1e-06
1.1e-06
1.1e-06
1.1e-06
1.1e-06
1.1e-06
1.1e-06
1.1e-06
1.1e-06
1.1e-06
1.1e-06
1.1e-06
1.1e-06
1.1e-06
1.1e-06
1.1e-06
1.1e-06
1.1e-06
1.1e-06
1.1e-06
1.1e-06
1.1e-06
1.1e-06
1.1e-06
1.1e-06
1.1e-06
1.1e-06
1.1e-06
1.1e-06
1.1e-06
1.1e-06
1.1e-06
1.1e-06
1.1e-06
1.1e-06
1.1e-06
1.1e-06
1.1e-06
1.1e-06
1.1e-06
1.1e-06
1.1e-06
1.1e-06
1.1e-06
1.1e-06
1.1e-06
1.1e-06
1.1e-06
1.1e-06
1.1e-06
1.1e-06
1.1e-06
1.1e-06
1.1e-06
1.1e-06
1.1e-06
1.1e-06
1.1e-06
1.1e-06
1.1e-06
1.1e-06
1.1e-06
1.1e-06
1.1e-06
1.1e-06
1.1e-06
1.1e-06
1.1e-06
1.1e-06
1.1e-06
1.1e-06
1.1e-06
1.1e-06
1.1e-06
1.1e-06
1.1e-06
1.1e-06
1.1e-06
1.1e-06
1.1e-06
1.1e-06
1.1e-06
1.1e-06
1.1e-06
1.1e-06
1.1e-06
1.1e-06
1.1e-06
1.1e-06
1.1e-06
1.1e-06
1.1e-06
1.1e-06
1.1e-06
1.1e-06
1.1e-06
1.1e-06
1.1e-06
1.1e-06
1.1e-06
1.1e-06
1.1e-06
1.1e-06
1.1e-06
1.1e-06
1.1e-06
1.1e-06
1.1e-06
1.1e-06
1.1e-06
1.1e-06
1.1e-06
1.1e-06
1.1e-06
1.1e-06
1.1e-06
1.1e-06
1.1e-06
1.1e-06
1.1e-06
1.1e-06
1.1e-06
1.1e-06
1.1e-06
1.1e-06
1.1e-06
1.1e-06
1.1e-06
1.1e-06
1.1e-06
1.1e-06
1.1e-06
1.1e-06
1.1e-06
1.1e-06
1.1e-06
1.1e-06
1.1e-06
1.1e-06
1.1e-06
1.1e-06
1.1e-06
1.1e-06
1.1e-06
1.1e-06
1.1e-06
1.1e-06
1.1e-06
1.1e-06
1.1e-06
1.1e-06
1.1e-06
1.1e-06
1.1e-06
1.1e-06
1.1e-06
1.1e-06
1.1e-06
1.1e-06
1.1e-06
1.1e-06
1.1e-06
1.1e-06
1.1e-06
1.1e-06
1.1e-06
1.1e-06
1.1e-06
1.1e-06
1.1e-06
1.1e-06
1.1e-06
1.1e-06
1.1e-06
1.1e-06
1.1e-06
1.1e-06
1.1e-06
1.1e-06
1.1e-06
1.1e-06
1.1e-06
1.1e-06
1.1e-06
1.1e-06
1.1e-06
1.1e-06
1.1e-06
1.1e-06
1.1e-06
1.1e-06
1.1e-06
1.1e-06
1.1e-06
1.1e-06
1.1e-06
1.1e-06
1.1e-06
1.1e-06
1.1e-06
1.1e-06
1.1e-06
1.1e-06
1.1e-06
1.1e-06
1.1e-06
1.1e-06
1.1e-06
1.1e-06
1.1e-06
1.1e-06
1.1e-06
1.1e-06
1.1e-06
1.1e-06
1.1e-06
1.1e-06
1.1e-06
1.1e-06
1.1e-06
1.1e-06
1.1e-06
1.1e-06
1.1e-06
1.1e-06
1.1e-06
1.1e-06
1.1e-06
1.1e-06
1.1e-06
1.1e-06
1.1e-06
1.1e-06
1.1e-06
1.1e-06
1.1e-06
1.1e-06
1.1e-06
1.1e-06
1.1e-06
1.1e-06
1.1e-06
1.1e-06
1.1e-06
1.1e-06
1.1e-06
1.1e-06
1.1e-06
1.1e-06
1.1e-06
1.1e-06
1.1e-06
1.1e-06
1.1e-06
1.1e-06
1.1e-06
1.1e-06
1.1e-06
1.1e-06
1.1e-06
1.1e-06
1.1e-06
1.1e-06
1.1e-06
1.1e-06
1.1e-06
1.1e-06
1.1e-06
1.1e-06
1.1e-06
1.1e-06
1.1e-06
1.1e-06
1.1e-06
1.1e-06
1.1e-06
1.1e-06
1.1e-06
1.1e-06
1.1e-06
1.1e-06
1.1e-06
1.1e-06
1.1e-06
1.1e-06
1.1e-06
1.1e-06
1.1e-06
1.1e-06
1.1e-06
1.1e-06
1.1e-06
1.1e-06
1.1e-06
1.1e-06
1.1e-06
1.1e-06
1.1e-06
1.1e-06
1.1e-06
1.1e-06
1.1e-06
1.1e-06
1.1e-06
1.1e-06
1.1e-06
1.1e-06
1.1e-06
1.1e-06
1.1e-06
1.1e-06
1.1e-06
1.1e-06
1.1e-06
1.1e-06
1.1e-06
1.1e-06
1.1e-06
1.1e-06
1.1e-06
1.1e-06
1.1e-06
1.1e-06
1.1e-06
1.1e-06
1.1e-06
1.1e-06
1.1e-06
1.1e-06
1.1e-06
1.1e-06
1.1e-06
1.1e-06
1.1e-06
1.1e-06
1.1e-06
1.1e-06
1.1e-06
1.1e-06
1.1e-06
1.1e-06
1.1e-06
1.1e-06
1.1e-06
1.1e-06
1.1e-06
1.1e-06
1.1e-06
1.1e-06
1.1e-06
1.1e-06
1.1e-06
1.1e-06
1.1e-06
1.1e-06
1.1e-06
1.1e-06
1.1e-06
1.1e-06
1.1e-06
1.1e-06
1.1e-06
1.1e-06
1.1e-06
1.1e-06
1.1e-06
1.1e-06
1.1e-06
1.1e-06
1.1e-06
1.1e-06
1.1e-06
1.1e-06
1.1e-06
1.1e-06
1.1e-06
1.1e-06
1.1e-06
1.1e-06
1.1e-06
1.1e-06
1.1e-06
1.1e-06
1.1e-06
1.1e-06
1.1e-06
1.1e-06
1.1e-06
1.1e-06
1.1e-06
1.1e-06
1.1e-06
1.1e-06
1.1e-06
1.1e-06
1.1e-06
1.1e-06
1.1e-06
1.1e-06
1.1e-06
1.1e-06
1.1e-06
1.1e-06
1.1e-06
1.1e-06
1.1e-06
1.1e-06
1.1e-06
1.1e-06
1.1e-06
1.1e-06
1.1e-06
1.1e-06
1.1e-06
1.1e-06
1.1e-06
1.1e-06
1.1e-06
1.1e-06
1.1e-06
1.1e-06
1.1e-06
1.1e-06
1.1e-06
1.1e-06
1.1e-06
1.1e-06
1.1e-06
1.1e-06
1.1e-06
1.1e-06
1.1e-06
1.1e-06
1.1e-06
1.1e-06
1.1e-06
1.1e-06
1.1e-06
1.1e-06
1.1e-06
1.1e-06
1.1e-06
1.1e-06
1.1e-06
1.1e-06
1.1e-06
1.1e-06
1.1e-06
1.1e-06
1.1e-06
1.1e-06
1.1e-06
1.1e-06
1.1e-06
1.1e-06
1.1e-06
1.1e-06
1.1e-06
1.1e-06
1.1e-06
1.1e-06
1.1e-06
1.1e-06
1.1e-06
1.1e-06
1.1e-06
1.1e-06
1.1e-06
1.1e-06
1.1e-06
1.1e-06
1.1e-06
1.1e-06
1.1e-06
1.1e-06
1.1e-06
1.1e-06
1.1e-06
1.1e-06
1.1e-06
1.1e-06
1.1e-06
1.1e-06
1.1e-06
1.1e-06
1.1e-06
1.1e-06
1.1e-06
1.1e-06
1.1e-06
1.1e-06
1.1e-06
1.1e-06
1.1e-06
1.1e-06
1.1e-06
1.1e-06
1.1e-06
1.1e-06
1.1e-06
1.1e-06
1.1e-06
1.1e-06
1.1e-06
1.1e-06
1.1e-06
1.1e-06
1.1e-06
1.1e-06
1.1e-06
1.1e-06
1.1e-06
1.1e-06
1.1e-06
1.1e-06
1.1e-06
1.1e-06
1.1e-06
1.1e-06
1.1e-06
1.1e-06
1.1e-06
1.1e-06
1.1e-06
1.1e-06
1.1e-06
1.1e-06
1.1e-06
1.1e-06
1.1e-06
1.1e-06
1.1e-06
1.1e-06
1.1e-06
1.1e-06
1.1e-06
1.1e-06
1.1e-06
1.1e-06
1.1e-06
1.1e-06
1.1e-06
1.1e-06
1.1e-06
1.1e-06
1.1e-06
1.1e-06
1.1e-06
1.1e-06
1.1e-06
1.1e-06
1.1e-06
1.1e-06
1.1e-06
1.1e-06
1.1e-06
1.1e-06
1.1e-06
1.1e-06
1.1e-06
1.1e-06
1.1e-06
1.1e-06
1.1e-06
1.1e-06
1.1e-06
1.1e-06
1.1e-06
1.1e-06
1.1e-06
1.1e-06
1.1e-06
1.1e-06
1.1e-06
1.1e-06
1.1e-06
1.1e-06
1.1e-06
1.1e-06
1.1e-06
1.1e-06
1.1e-06
1.1e-06
1.1e-06
1.1e-06
1.1e-06
1.1e-06
1.1e-06
1.1e-06
1.1e-06
1.1e-06
1.1e-06
1.1e-06
1.1e-06
1.1e-06
1.1e-06
1.1e-06
1.1e-06
1.1e-06
1.1e-06
1.1e-06
1.1e-06
1.1e-06
1.1e-06
1.1e-06
1.1e-06
1.1e-06
1.1e-06
1.1e-06
1.1e-06
1.1e-06
1.1e-06
1.1e-06
1.1e-06
1.1e-06
1.1e-06
1.1e-06
1.1e-06
1.1e-06
1.1e-06
1.1e-06
1.1e-06
1.1e-06
1.1e-06
1.1e-06
1.1e-06
1.1e-06
1.1e-06
1.1e-06
1.1e-06
1.1e-06
1.1e-06
1.1e-06
1.1e-06
1.1e-06
1.1e-06
1.1e-06
1.1e-06
1.1e-06
1.1e-06
1.1e-06
1.1e-06
1.1e-06
1.1e-06
1.1e-06
1.1e-06
1.1e-06
1.1e-06
1.1e-06
1.1e-06
1.1e-06
1.1e-06
1.1e-06
1.1e-06
1.1e-06
1.1e-06
1.1e-06
1.1e-06
1.1e-06
1.1e-06
1.1e-06
1.1e-06
1.1e-06
1.1e-06
1.1e-06
1.1e-06
1.1e-06
1.1e-06
1.1e-06
1.1e-06
1.1e-06
1.1e-06
1.1e-06
1.1e-06
1.1e-06
1.1e-06
1.1e-06
1.1e-06
1.1e-06
1.1e-06
1.1e-06
1.1e-06
1.1e-06
1.1e-06
1.1e-06
1.1e-06
1.1e-06
1.1e-06
1.1e-06
1.1e-06
1.1e-06
1.1e-06
1.1e-06
1.1e-06
1.1e-06
1.1e-06
1.1e-06
1.1e-06
1.1e-06
1.1e-06
1.1e-06
1.1e-06
1.1e-06
1.1e-06
1.1e-06
1.1e-06
1.1e-06
1.1e-06
1.1e-06
1.1e-06
1.1e-06
1.1e-06
1.1e-06
1.1e-06
1.1e-06
1.1e-06
1.1e-06
1.1e-06
1.1e-06
1.1e-06
1.1e-06
1.1e-06
1.1e-06
1.1e-06
1.1e-06
1.1e-06
1.1e-06
1.1e-06
1.1e-06
1.1e-06
1.1e-06
1.1e-06
1.1e-06
1.1e-06
1.1e-06
1.1e-06
1.1e-06
1.1e-06
1.1e-06
1.1e-06
1.1e-06
1.1e-06
1.1e-06
1.1e-06
1.1e-06
1.1e-06
1.1e-06
1.1e-06
1.1e-06
1.1e-06
1.1e-06
1.1e-06
1.1e-06
1.1e-06
1.1e-06
1.1e-06
1.1e-06
1.1e-06
1.1e-06
1.1e-06
1.1e-06
1.1e-06
1.1e-06
1.1e-06
1.1e-06
1.1e-06
1.1e-06
1.1e-06
1.1e-06
1.1e-06
1.1e-06
1.1e-06
1.1e-06
1.1e-06
1.1e-06
1.1e-06
1.1e-06
1.1e-06
1.1e-06
1.1e-06
1.1e-06
1.1e-06
1.1e-06
1.1e-06
1.1e-06
1.1e-06
1.1e-06
1.1e-06
1.1e-06
1.1e-06
1.1e-06
1.1e-06
1.1e-06
1.1e-06
1.1e-06
1.1e-06
1.1e-06
1.1e-06
1.1e-06
1.1e-06
1.1e-06
1.1e-06
1.1e-06
1.1e-06
1.1e-06
1.1e-06
1.1e-06
1.1e-06
1.1e-06
1.1e-06
1.1e-06
1.1e-06
1.1e-06
1.1e-06
1.1e-06
1.1e-06
1.1e-06
1.1e-06
1.1e-06
1.1e-06
1.1e-06
1.1e-06
1.1e-06
1.1e-06
1.1e-06
1.1e-06
1.1e-06
1.1e-06
1.1e-06
1.1e-06
1.1e-06
1.1e-06
1.1e-06
1.1e-06
1.1e-06
1.1e-06
1.1e-06
1.1e-06
1.1e-06
1.1e-06
1.1e-06
1.1e-06
1.1e-06
1.1e-06
1.1e-06
1.1e-06
1.1e-06
1.1e-06
1.1e-06
1.1e-06
1.1e-06
1.1e-06
1.1e-06
1.1e-06
1.1e-06
1.1e-06
1.1e-06
1.1e-06
1.1e-06
1.1e-06
1.1e-06
1.1e-06
1.1e-06
1.1e-06
1.1e-06
1.1e-06
1.1e-06
1.1e-06
1.1e-06
1.1e-06
1.1e-06
1.1e-06
1.1e-06
1.1e-06
1.1e-06
1.1e-06
1.1e-06
1.1e-06
1.1e-06
1.1e-06
1.1e-06
1.1e-06
1.1e-06
1.1e-06
1.1e-06
1.1e-06
1.1e-06
1.1e-06
1.1e-06
1.1e-06
1.1e-06
1.1e-06
1.1e-06
1.1e-06
1.1e-06
1.1e-06
1.1e-06
1.1e-06
1.1e-06
1.1e-06
1.1e-06
1.1e-06
1.1e-06
1.1e-06
1.1e-06
1.1e-06
1.1e-06
1.1e-06
1.1e-06
1.1e-06
1.1e-06
1.1e-06
1.1e-06
1.1e-06
1.1e-06
1.1e-06
1.1e-06
1.1e-06
1.1e-06
1.1e-06
1.1e-06
1.1e-06
1.1e-06
1.1e-06
1.1e-06
1.1e-06
1.1e-06
1.1e-06
1.1e-06
1.1e-06
1.1e-06
1.1e-06
1.1e-06
1.1e-06
1.1e-06
1.1e-06
1.1e-06
1.1e-06
1.1e-06
1.1e-06
1.1e-06
1.1e-06
1.1e-06
1.1e-06
1.1e-06
1.1e-06
1.1e-06
1.1e-06
1.1e-06
1.1e-06
1.1e-06
1.1e-06
1.1e-06
1.1e-06
1.1e-06
1.1e-06
1.1e-06
1.1e-06
1.1e-06
1.1e-06
1.1e-06
1.1e-06
1.1e-06
1.1e-06
1.1e-06
1.1e-06
1.1e-06
1.1e-06
1.1e-06
1.1e-06
1.1e-06
1.1e-06
1.1e-06
1.1e-06
1.1e-06
1.1e-06
1.1e-06
1.1e-06
1.1e-06
1.1e-06
1.1e-06
1.1e-06
1.1e-06
1.1e-06
1.1e-06
1.1e-06
1.1e-06
1.1e-06
1.1e-06
1.1e-06
1.1e-06
1.1e-06
1.1e-06
1.1e-06
1.1e-06
1.1e-06
1.1e-06
1.1e-06
1.1e-06
1.1e-06
1.1e-06
1.1e-06
1.1e-06
1.1e-06
1.1e-06
1.1e-06
1.1e-06
1.1e-06
1.1e-06
1.1e-06
1.1e-06
1.1e-06
1.1e-06
1.1e-06
1.1e-06
1.1e-06
1.1e-06
1.1e-06
1.1e-06
1.1e-06
1.1e-06
1.1e-06
1.1e-06
1.1e-06
1.1e-06
1.1e-06
1.1e-06
1.1e-06
1.1e-06
1.1e-06
1.1e-06
1.1e-06
1.1e-06
1.1e-06
1.1e-06
1.1e-06
1.1e-06
1.1e-06
1.1e-06
1.1e-06
1.1e-06
1.1e-06
1.1e-06
6.39954e-05
1.56759e-05
1.24432e-06
1.1e-06
1.1e-06
1.1e-06
1.1e-06
1.1e-06
1.1e-06
1.1e-06
1.1e-06
1.1e-06
1.1e-06
1.1e-06
1.1e-06
1.1e-06
1.1e-06
1.1e-06
1.1e-06
1.1e-06
1.1e-06
1.1e-06
1.1e-06
1.1e-06
1.1e-06
1.1e-06
1.1e-06
1.1e-06
1.1e-06
1.1e-06
1.1e-06
1.1e-06
1.1e-06
1.1e-06
1.1e-06
1.1e-06
1.1e-06
1.1e-06
1.1e-06
1.1e-06
1.1e-06
1.1e-06
1.1e-06
1.1e-06
1.1e-06
1.1e-06
1.1e-06
1.1e-06
1.1e-06
1.1e-06
1.1e-06
1.1e-06
1.1e-06
1.1e-06
1.1e-06
1.1e-06
1.1e-06
1.1e-06
1.1e-06
1.1e-06
1.1e-06
1.1e-06
1.1e-06
1.1e-06
1.1e-06
1.1e-06
1.1e-06
1.1e-06
1.1e-06
1.1e-06
1.1e-06
1.1e-06
1.1e-06
1.1e-06
1.1e-06
1.1e-06
1.1e-06
1.1e-06
1.1e-06
1.1e-06
1.1e-06
1.1e-06
1.1e-06
1.1e-06
1.1e-06
1.1e-06
1.1e-06
1.1e-06
1.1e-06
1.1e-06
1.1e-06
1.1e-06
1.1e-06
1.1e-06
1.1e-06
1.1e-06
1.1e-06
1.1e-06
1.1e-06
1.1e-06
1.1e-06
1.1e-06
1.1e-06
1.1e-06
1.1e-06
1.1e-06
1.1e-06
1.1e-06
1.1e-06
1.1e-06
1.1e-06
1.1e-06
1.1e-06
1.1e-06
1.1e-06
1.1e-06
1.1e-06
1.1e-06
1.1e-06
1.1e-06
1.1e-06
1.1e-06
1.1e-06
1.1e-06
1.1e-06
1.1e-06
1.1e-06
1.1e-06
1.1e-06
1.1e-06
1.1e-06
1.1e-06
1.1e-06
1.1e-06
1.1e-06
1.1e-06
1.1e-06
1.1e-06
1.1e-06
1.1e-06
1.1e-06
1.1e-06
1.1e-06
1.1e-06
1.1e-06
1.1e-06
1.1e-06
1.1e-06
1.1e-06
1.1e-06
1.1e-06
1.1e-06
1.1e-06
1.1e-06
1.1e-06
1.1e-06
1.1e-06
1.1e-06
1.1e-06
1.1e-06
1.1e-06
1.1e-06
1.1e-06
1.1e-06
1.1e-06
1.1e-06
1.1e-06
1.1e-06
1.1e-06
1.1e-06
1.1e-06
1.1e-06
1.1e-06
1.1e-06
1.1e-06
1.1e-06
1.1e-06
1.1e-06
1.1e-06
1.1e-06
0.208643
0.121711
0.0249461
1.32695e-06
1.46617e-06
1.1e-06
1.1e-06
1.1e-06
1.1e-06
1.1e-06
1.1e-06
1.1e-06
1.1e-06
1.1e-06
1.1e-06
1.1e-06
1.1e-06
1.1e-06
1.1e-06
1.1e-06
1.1e-06
1.1e-06
1.1e-06
1.1e-06
1.1e-06
1.1e-06
1.1e-06
1.1e-06
1.1e-06
1.1e-06
1.1e-06
1.1e-06
1.1e-06
1.1e-06
1.1e-06
1.1e-06
1.1e-06
1.1e-06
1.1e-06
1.1e-06
1.1e-06
1.1e-06
1.1e-06
1.1e-06
1.1e-06
1.1e-06
1.1e-06
1.1e-06
1.1e-06
1.1e-06
1.1e-06
1.1e-06
1.1e-06
1.1e-06
1.1e-06
1.1e-06
1.1e-06
1.1e-06
1.1e-06
1.1e-06
1.1e-06
1.1e-06
1.1e-06
1.1e-06
1.1e-06
1.1e-06
1.1e-06
1.1e-06
1.1e-06
1.1e-06
1.1e-06
1.1e-06
1.1e-06
1.1e-06
1.1e-06
1.1e-06
1.1e-06
1.1e-06
1.1e-06
1.1e-06
1.1e-06
1.1e-06
1.1e-06
1.1e-06
1.1e-06
1.1e-06
1.1e-06
1.1e-06
1.1e-06
1.1e-06
1.1e-06
1.1e-06
1.1e-06
1.1e-06
1.1e-06
1.1e-06
1.1e-06
1.1e-06
1.1e-06
1.1e-06
1.1e-06
1.1e-06
1.1e-06
1.1e-06
1.1e-06
1.1e-06
1.1e-06
1.1e-06
1.1e-06
1.1e-06
1.1e-06
1.1e-06
1.1e-06
1.1e-06
1.1e-06
1.1e-06
1.1e-06
1.1e-06
1.1e-06
1.1e-06
1.1e-06
1.1e-06
1.1e-06
1.1e-06
1.1e-06
1.1e-06
1.1e-06
1.1e-06
1.1e-06
1.1e-06
1.1e-06
1.1e-06
1.1e-06
1.1e-06
1.1e-06
1.1e-06
1.1e-06
1.1e-06
1.1e-06
1.1e-06
1.1e-06
1.1e-06
1.1e-06
1.1e-06
1.1e-06
1.1e-06
1.1e-06
1.1e-06
1.1e-06
1.1e-06
1.1e-06
1.1e-06
1.1e-06
1.1e-06
1.1e-06
1.1e-06
1.1e-06
1.1e-06
1.1e-06
1.1e-06
1.1e-06
1.1e-06
1.1e-06
1.1e-06
1.1e-06
1.1e-06
1.1e-06
1.1e-06
1.1e-06
1.1e-06
1.1e-06
1.1e-06
1.1e-06
1.1e-06
1.1e-06
1.1e-06
1.1e-06
1.1e-06
1.1e-06
1.1e-06
0.751675
0.736691
0.672264
0.314532
0.0319142
1.57452e-06
1.1e-06
1.1e-06
1.1e-06
1.1e-06
1.1e-06
1.1e-06
1.1e-06
1.1e-06
1.1e-06
1.1e-06
1.1e-06
1.1e-06
1.1e-06
1.1e-06
1.1e-06
1.1e-06
1.1e-06
1.1e-06
1.1e-06
1.1e-06
1.1e-06
1.1e-06
1.1e-06
1.1e-06
1.1e-06
1.1e-06
1.1e-06
1.1e-06
1.1e-06
1.1e-06
1.1e-06
1.1e-06
1.1e-06
1.1e-06
1.1e-06
1.1e-06
1.1e-06
1.1e-06
1.1e-06
1.1e-06
1.1e-06
1.1e-06
1.1e-06
1.1e-06
1.1e-06
1.1e-06
1.1e-06
1.1e-06
1.1e-06
1.1e-06
1.1e-06
1.1e-06
1.1e-06
1.1e-06
1.1e-06
1.1e-06
1.1e-06
1.1e-06
1.1e-06
1.1e-06
1.1e-06
1.1e-06
1.1e-06
1.1e-06
1.1e-06
1.1e-06
1.1e-06
1.1e-06
1.1e-06
1.1e-06
1.1e-06
1.1e-06
1.1e-06
1.1e-06
1.1e-06
1.1e-06
1.1e-06
1.1e-06
1.1e-06
1.1e-06
1.1e-06
1.1e-06
1.1e-06
1.1e-06
1.1e-06
1.1e-06
1.1e-06
1.1e-06
1.1e-06
1.1e-06
1.1e-06
1.1e-06
1.1e-06
1.1e-06
1.1e-06
1.1e-06
1.1e-06
1.1e-06
1.1e-06
1.1e-06
1.1e-06
1.1e-06
1.1e-06
1.1e-06
1.1e-06
1.1e-06
1.1e-06
1.1e-06
1.1e-06
1.1e-06
1.1e-06
1.1e-06
1.1e-06
1.1e-06
1.1e-06
1.1e-06
1.1e-06
1.1e-06
1.1e-06
1.1e-06
1.1e-06
1.1e-06
1.1e-06
1.1e-06
1.1e-06
1.1e-06
1.1e-06
1.1e-06
1.1e-06
1.1e-06
1.1e-06
1.1e-06
1.1e-06
1.1e-06
1.1e-06
1.1e-06
1.1e-06
1.1e-06
1.1e-06
1.1e-06
1.1e-06
1.1e-06
1.1e-06
1.1e-06
1.1e-06
1.1e-06
1.1e-06
1.1e-06
1.1e-06
1.1e-06
1.1e-06
1.1e-06
1.1e-06
1.1e-06
1.1e-06
1.1e-06
1.1e-06
1.1e-06
1.1e-06
1.1e-06
1.1e-06
1.1e-06
1.1e-06
1.1e-06
1.1e-06
1.1e-06
1.1e-06
1.1e-06
1.1e-06
1.1e-06
1.1e-06
1.1e-06
1.1e-06
1.1e-06
0.792407
0.79126
0.786871
0.772915
0.687435
0.111892
1.19831e-05
1.1e-06
1.1e-06
1.1e-06
1.1e-06
1.1e-06
1.1e-06
1.1e-06
1.1e-06
1.1e-06
1.1e-06
1.1e-06
1.1e-06
1.1e-06
1.1e-06
1.1e-06
1.1e-06
1.1e-06
1.1e-06
1.1e-06
1.1e-06
1.1e-06
1.1e-06
1.1e-06
1.1e-06
1.1e-06
1.1e-06
1.1e-06
1.1e-06
1.1e-06
1.1e-06
1.1e-06
1.1e-06
1.1e-06
1.1e-06
1.1e-06
1.1e-06
1.1e-06
1.1e-06
1.1e-06
1.1e-06
1.1e-06
1.1e-06
1.1e-06
1.1e-06
1.1e-06
1.1e-06
1.1e-06
1.1e-06
1.1e-06
1.1e-06
1.1e-06
1.1e-06
1.1e-06
1.1e-06
1.1e-06
1.1e-06
1.1e-06
1.1e-06
1.1e-06
1.1e-06
1.1e-06
1.1e-06
1.1e-06
1.1e-06
1.1e-06
1.1e-06
1.1e-06
1.1e-06
1.1e-06
1.1e-06
1.1e-06
1.1e-06
1.1e-06
1.1e-06
1.1e-06
1.1e-06
1.1e-06
1.1e-06
1.1e-06
1.1e-06
1.1e-06
1.1e-06
1.1e-06
1.1e-06
1.1e-06
1.1e-06
1.1e-06
1.1e-06
1.1e-06
1.1e-06
1.1e-06
1.1e-06
1.1e-06
1.1e-06
1.1e-06
1.1e-06
1.1e-06
1.1e-06
1.1e-06
1.1e-06
1.1e-06
1.1e-06
1.1e-06
1.1e-06
1.1e-06
1.1e-06
1.1e-06
1.1e-06
1.1e-06
1.1e-06
1.1e-06
1.1e-06
1.1e-06
1.1e-06
1.1e-06
1.1e-06
1.1e-06
1.1e-06
1.1e-06
1.1e-06
1.1e-06
1.1e-06
1.1e-06
1.1e-06
1.1e-06
1.1e-06
1.1e-06
1.1e-06
1.1e-06
1.1e-06
1.1e-06
1.1e-06
1.1e-06
1.1e-06
1.1e-06
1.1e-06
1.1e-06
1.1e-06
1.1e-06
1.1e-06
1.1e-06
1.1e-06
1.1e-06
1.1e-06
1.1e-06
1.1e-06
1.1e-06
1.1e-06
1.1e-06
1.1e-06
1.1e-06
1.1e-06
1.1e-06
1.1e-06
1.1e-06
1.1e-06
1.1e-06
1.1e-06
1.1e-06
1.1e-06
1.1e-06
1.1e-06
1.1e-06
1.1e-06
1.1e-06
1.1e-06
1.1e-06
1.1e-06
1.1e-06
1.1e-06
1.1e-06
1.1e-06
1.1e-06
0.798022
0.798714
0.79822
0.795338
0.785304
0.7247
0.097317
8.43493e-06
1.1e-06
1.1e-06
1.1e-06
1.1e-06
1.1e-06
1.1e-06
1.1e-06
1.1e-06
1.1e-06
1.1e-06
1.1e-06
1.1e-06
1.1e-06
1.1e-06
1.1e-06
1.1e-06
1.1e-06
1.1e-06
1.1e-06
1.1e-06
1.1e-06
1.1e-06
1.1e-06
1.1e-06
1.1e-06
1.1e-06
1.1e-06
1.1e-06
1.1e-06
1.1e-06
1.1e-06
1.1e-06
1.1e-06
1.1e-06
1.1e-06
1.1e-06
1.1e-06
1.1e-06
1.1e-06
1.1e-06
1.1e-06
1.1e-06
1.1e-06
1.1e-06
1.1e-06
1.1e-06
1.1e-06
1.1e-06
1.1e-06
1.1e-06
1.1e-06
1.1e-06
1.1e-06
1.1e-06
1.1e-06
1.1e-06
1.1e-06
1.1e-06
1.1e-06
1.1e-06
1.1e-06
1.1e-06
1.1e-06
1.1e-06
1.1e-06
1.1e-06
1.1e-06
1.1e-06
1.1e-06
1.1e-06
1.1e-06
1.1e-06
1.1e-06
1.1e-06
1.1e-06
1.1e-06
1.1e-06
1.1e-06
1.1e-06
1.1e-06
1.1e-06
1.1e-06
1.1e-06
1.1e-06
1.1e-06
1.1e-06
1.1e-06
1.1e-06
1.1e-06
1.1e-06
1.1e-06
1.1e-06
1.1e-06
1.1e-06
1.1e-06
1.1e-06
1.1e-06
1.1e-06
1.1e-06
1.1e-06
1.1e-06
1.1e-06
1.1e-06
1.1e-06
1.1e-06
1.1e-06
1.1e-06
1.1e-06
1.1e-06
1.1e-06
1.1e-06
1.1e-06
1.1e-06
1.1e-06
1.1e-06
1.1e-06
1.1e-06
1.1e-06
1.1e-06
1.1e-06
1.1e-06
1.1e-06
1.1e-06
1.1e-06
1.1e-06
1.1e-06
1.1e-06
1.1e-06
1.1e-06
1.1e-06
1.1e-06
1.1e-06
1.1e-06
1.1e-06
1.1e-06
1.1e-06
1.1e-06
1.1e-06
1.1e-06
1.1e-06
1.1e-06
1.1e-06
1.1e-06
1.1e-06
1.1e-06
1.1e-06
1.1e-06
1.1e-06
1.1e-06
1.1e-06
1.1e-06
1.1e-06
1.1e-06
1.1e-06
1.1e-06
1.1e-06
1.1e-06
1.1e-06
1.1e-06
1.1e-06
1.1e-06
1.1e-06
1.1e-06
1.1e-06
1.1e-06
1.1e-06
1.1e-06
1.1e-06
1.1e-06
1.1e-06
1.1e-06
1.1e-06
0.799792
0.801161
0.801541
0.800569
0.796918
0.784257
0.669667
0.0199176
1.13442e-06
1.1e-06
1.1e-06
1.1e-06
1.1e-06
1.1e-06
1.1e-06
1.1e-06
1.1e-06
1.1e-06
1.1e-06
1.1e-06
1.1e-06
1.1e-06
1.1e-06
1.1e-06
1.1e-06
1.1e-06
1.1e-06
1.1e-06
1.1e-06
1.1e-06
1.1e-06
1.1e-06
1.1e-06
1.1e-06
1.1e-06
1.1e-06
1.1e-06
1.1e-06
1.1e-06
1.1e-06
1.1e-06
1.1e-06
1.1e-06
1.1e-06
1.1e-06
1.1e-06
1.1e-06
1.1e-06
1.1e-06
1.1e-06
1.1e-06
1.1e-06
1.1e-06
1.1e-06
1.1e-06
1.1e-06
1.1e-06
1.1e-06
1.1e-06
1.1e-06
1.1e-06
1.1e-06
1.1e-06
1.1e-06
1.1e-06
1.1e-06
1.1e-06
1.1e-06
1.1e-06
1.1e-06
1.1e-06
1.1e-06
1.1e-06
1.1e-06
1.1e-06
1.1e-06
1.1e-06
1.1e-06
1.1e-06
1.1e-06
1.1e-06
1.1e-06
1.1e-06
1.1e-06
1.1e-06
1.1e-06
1.1e-06
1.1e-06
1.1e-06
1.1e-06
1.1e-06
1.1e-06
1.1e-06
1.1e-06
1.1e-06
1.1e-06
1.1e-06
1.1e-06
1.1e-06
1.1e-06
1.1e-06
1.1e-06
1.1e-06
1.1e-06
1.1e-06
1.1e-06
1.1e-06
1.1e-06
1.1e-06
1.1e-06
1.1e-06
1.1e-06
1.1e-06
1.1e-06
1.1e-06
1.1e-06
1.1e-06
1.1e-06
1.1e-06
1.1e-06
1.1e-06
1.1e-06
1.1e-06
1.1e-06
1.1e-06
1.1e-06
1.1e-06
1.1e-06
1.1e-06
1.1e-06
1.1e-06
1.1e-06
1.1e-06
1.1e-06
1.1e-06
1.1e-06
1.1e-06
1.1e-06
1.1e-06
1.1e-06
1.1e-06
1.1e-06
1.1e-06
1.1e-06
1.1e-06
1.1e-06
1.1e-06
1.1e-06
1.1e-06
1.1e-06
1.1e-06
1.1e-06
1.1e-06
1.1e-06
1.1e-06
1.1e-06
1.1e-06
1.1e-06
1.1e-06
1.1e-06
1.1e-06
1.1e-06
1.1e-06
1.1e-06
1.1e-06
1.1e-06
1.1e-06
1.1e-06
1.1e-06
1.1e-06
1.1e-06
1.1e-06
1.1e-06
1.1e-06
1.1e-06
1.1e-06
1.1e-06
1.1e-06
1.1e-06
1.1e-06
0.800929
0.802962
0.803819
0.803299
0.800967
0.794548
0.769647
0.263908
0.000112358
1.1e-06
1.1e-06
1.1e-06
1.1e-06
1.1e-06
1.1e-06
1.1e-06
1.1e-06
1.1e-06
1.1e-06
1.1e-06
1.1e-06
1.1e-06
1.1e-06
1.1e-06
1.1e-06
1.1e-06
1.1e-06
1.1e-06
1.1e-06
1.1e-06
1.1e-06
1.1e-06
1.1e-06
1.1e-06
1.1e-06
1.1e-06
1.1e-06
1.1e-06
1.1e-06
1.1e-06
1.1e-06
1.1e-06
1.1e-06
1.1e-06
1.1e-06
1.1e-06
1.1e-06
1.1e-06
1.1e-06
1.1e-06
1.1e-06
1.1e-06
1.1e-06
1.1e-06
1.1e-06
1.1e-06
1.1e-06
1.1e-06
1.1e-06
1.1e-06
1.1e-06
1.1e-06
1.1e-06
1.1e-06
1.1e-06
1.1e-06
1.1e-06
1.1e-06
1.1e-06
1.1e-06
1.1e-06
1.1e-06
1.1e-06
1.1e-06
1.1e-06
1.1e-06
1.1e-06
1.1e-06
1.1e-06
1.1e-06
1.1e-06
1.1e-06
1.1e-06
1.1e-06
1.1e-06
1.1e-06
1.1e-06
1.1e-06
1.1e-06
1.1e-06
1.1e-06
1.1e-06
1.1e-06
1.1e-06
1.1e-06
1.1e-06
1.1e-06
1.1e-06
1.1e-06
1.1e-06
1.1e-06
1.1e-06
1.1e-06
1.1e-06
1.1e-06
1.1e-06
1.1e-06
1.1e-06
1.1e-06
1.1e-06
1.1e-06
1.1e-06
1.1e-06
1.1e-06
1.1e-06
1.1e-06
1.1e-06
1.1e-06
1.1e-06
1.1e-06
1.1e-06
1.1e-06
1.1e-06
1.1e-06
1.1e-06
1.1e-06
1.1e-06
1.1e-06
1.1e-06
1.1e-06
1.1e-06
1.1e-06
1.1e-06
1.1e-06
1.1e-06
1.1e-06
1.1e-06
1.1e-06
1.1e-06
1.1e-06
1.1e-06
1.1e-06
1.1e-06
1.1e-06
1.1e-06
1.1e-06
1.1e-06
1.1e-06
1.1e-06
1.1e-06
1.1e-06
1.1e-06
1.1e-06
1.1e-06
1.1e-06
1.1e-06
1.1e-06
1.1e-06
1.1e-06
1.1e-06
1.1e-06
1.1e-06
1.1e-06
1.1e-06
1.1e-06
1.1e-06
1.1e-06
1.1e-06
1.1e-06
1.1e-06
1.1e-06
1.1e-06
1.1e-06
1.1e-06
1.1e-06
1.1e-06
1.1e-06
1.1e-06
1.1e-06
1.1e-06
0.801717
0.804687
0.805954
0.805521
0.803427
0.798668
0.785631
0.669611
0.0160301
1.10811e-06
1.1e-06
1.1e-06
1.1e-06
1.1e-06
1.1e-06
1.1e-06
1.1e-06
1.1e-06
1.1e-06
1.1e-06
1.1e-06
1.1e-06
1.1e-06
1.1e-06
1.1e-06
1.1e-06
1.1e-06
1.1e-06
1.1e-06
1.1e-06
1.1e-06
1.1e-06
1.1e-06
1.1e-06
1.1e-06
1.1e-06
1.1e-06
1.1e-06
1.1e-06
1.1e-06
1.1e-06
1.1e-06
1.1e-06
1.1e-06
1.1e-06
1.1e-06
1.1e-06
1.1e-06
1.1e-06
1.1e-06
1.1e-06
1.1e-06
1.1e-06
1.1e-06
1.1e-06
1.1e-06
1.1e-06
1.1e-06
1.1e-06
1.1e-06
1.1e-06
1.1e-06
1.1e-06
1.1e-06
1.1e-06
1.1e-06
1.1e-06
1.1e-06
1.1e-06
1.1e-06
1.1e-06
1.1e-06
1.1e-06
1.1e-06
1.1e-06
1.1e-06
1.1e-06
1.1e-06
1.1e-06
1.1e-06
1.1e-06
1.1e-06
1.1e-06
1.1e-06
1.1e-06
1.1e-06
1.1e-06
1.1e-06
1.1e-06
1.1e-06
1.1e-06
1.1e-06
1.1e-06
1.1e-06
1.1e-06
1.1e-06
1.1e-06
1.1e-06
1.1e-06
1.1e-06
1.1e-06
1.1e-06
1.1e-06
1.1e-06
1.1e-06
1.1e-06
1.1e-06
1.1e-06
1.1e-06
1.1e-06
1.1e-06
1.1e-06
1.1e-06
1.1e-06
1.1e-06
1.1e-06
1.1e-06
1.1e-06
1.1e-06
1.1e-06
1.1e-06
1.1e-06
1.1e-06
1.1e-06
1.1e-06
1.1e-06
1.1e-06
1.1e-06
1.1e-06
1.1e-06
1.1e-06
1.1e-06
1.1e-06
1.1e-06
1.1e-06
1.1e-06
1.1e-06
1.1e-06
1.1e-06
1.1e-06
1.1e-06
1.1e-06
1.1e-06
1.1e-06
1.1e-06
1.1e-06
1.1e-06
1.1e-06
1.1e-06
1.1e-06
1.1e-06
1.1e-06
1.1e-06
1.1e-06
1.1e-06
1.1e-06
1.1e-06
1.1e-06
1.1e-06
1.1e-06
1.1e-06
1.1e-06
1.1e-06
1.1e-06
1.1e-06
1.1e-06
1.1e-06
1.1e-06
1.1e-06
1.1e-06
1.1e-06
1.1e-06
1.1e-06
1.1e-06
1.1e-06
1.1e-06
1.1e-06
1.1e-06
1.1e-06
1.1e-06
0.802252
0.806863
0.808218
0.807481
0.805234
0.800982
0.791478
0.751357
0.122946
1.7324e-05
1.1e-06
1.1e-06
1.1e-06
1.1e-06
1.1e-06
1.1e-06
1.1e-06
1.1e-06
1.1e-06
1.1e-06
1.1e-06
1.1e-06
1.1e-06
1.1e-06
1.1e-06
1.1e-06
1.1e-06
1.1e-06
1.1e-06
1.1e-06
1.1e-06
1.1e-06
1.1e-06
1.1e-06
1.1e-06
1.1e-06
1.1e-06
1.1e-06
1.1e-06
1.1e-06
1.1e-06
1.1e-06
1.1e-06
1.1e-06
1.1e-06
1.1e-06
1.1e-06
1.1e-06
1.1e-06
1.1e-06
1.1e-06
1.1e-06
1.1e-06
1.1e-06
1.1e-06
1.1e-06
1.1e-06
1.1e-06
1.1e-06
1.1e-06
1.1e-06
1.1e-06
1.1e-06
1.1e-06
1.1e-06
1.1e-06
1.1e-06
1.1e-06
1.1e-06
1.1e-06
1.1e-06
1.1e-06
1.1e-06
1.1e-06
1.1e-06
1.1e-06
1.1e-06
1.1e-06
1.1e-06
1.1e-06
1.1e-06
1.1e-06
1.1e-06
1.1e-06
1.1e-06
1.1e-06
1.1e-06
1.1e-06
1.1e-06
1.1e-06
1.1e-06
1.1e-06
1.1e-06
1.1e-06
1.1e-06
1.1e-06
1.1e-06
1.1e-06
1.1e-06
1.1e-06
1.1e-06
1.1e-06
1.1e-06
1.1e-06
1.1e-06
1.1e-06
1.1e-06
1.1e-06
1.1e-06
1.1e-06
1.1e-06
1.1e-06
1.1e-06
1.1e-06
1.1e-06
1.1e-06
1.1e-06
1.1e-06
1.1e-06
1.1e-06
1.1e-06
1.1e-06
1.1e-06
1.1e-06
1.1e-06
1.1e-06
1.1e-06
1.1e-06
1.1e-06
1.1e-06
1.1e-06
1.1e-06
1.1e-06
1.1e-06
1.1e-06
1.1e-06
1.1e-06
1.1e-06
1.1e-06
1.1e-06
1.1e-06
1.1e-06
1.1e-06
1.1e-06
1.1e-06
1.1e-06
1.1e-06
1.1e-06
1.1e-06
1.1e-06
1.1e-06
1.1e-06
1.1e-06
1.1e-06
1.1e-06
1.1e-06
1.1e-06
1.1e-06
1.1e-06
1.1e-06
1.1e-06
1.1e-06
1.1e-06
1.1e-06
1.1e-06
1.1e-06
1.1e-06
1.1e-06
1.1e-06
1.1e-06
1.1e-06
1.1e-06
1.1e-06
1.1e-06
1.1e-06
1.1e-06
1.1e-06
1.1e-06
1.1e-06
1.1e-06
0.810791
0.81123
0.81062
0.809043
0.806501
0.802448
0.794499
0.769041
0.287044
0.000171438
1.1e-06
1.1e-06
1.1e-06
1.1e-06
1.1e-06
1.1e-06
1.1e-06
1.1e-06
1.1e-06
1.1e-06
1.1e-06
1.1e-06
1.1e-06
1.1e-06
1.1e-06
1.1e-06
1.1e-06
1.1e-06
1.1e-06
1.1e-06
1.1e-06
1.1e-06
1.1e-06
1.1e-06
1.1e-06
1.1e-06
1.1e-06
1.1e-06
1.1e-06
1.1e-06
1.1e-06
1.1e-06
1.1e-06
1.1e-06
1.1e-06
1.1e-06
1.1e-06
1.1e-06
1.1e-06
1.1e-06
1.1e-06
1.1e-06
1.1e-06
1.1e-06
1.1e-06
1.1e-06
1.1e-06
1.1e-06
1.1e-06
1.1e-06
1.1e-06
1.1e-06
1.1e-06
1.1e-06
1.1e-06
1.1e-06
1.1e-06
1.1e-06
1.1e-06
1.1e-06
1.1e-06
1.1e-06
1.1e-06
1.1e-06
1.1e-06
1.1e-06
1.1e-06
1.1e-06
1.1e-06
1.1e-06
1.1e-06
1.1e-06
1.1e-06
1.1e-06
1.1e-06
1.1e-06
1.1e-06
1.1e-06
1.1e-06
1.1e-06
1.1e-06
1.1e-06
1.1e-06
1.1e-06
1.1e-06
1.1e-06
1.1e-06
1.1e-06
1.1e-06
1.1e-06
1.1e-06
1.1e-06
1.1e-06
1.1e-06
1.1e-06
1.1e-06
1.1e-06
1.1e-06
1.1e-06
1.1e-06
1.1e-06
1.1e-06
1.1e-06
1.1e-06
1.1e-06
1.1e-06
1.1e-06
1.1e-06
1.1e-06
1.1e-06
1.1e-06
1.1e-06
1.1e-06
1.1e-06
1.1e-06
1.1e-06
1.1e-06
1.1e-06
1.1e-06
1.1e-06
1.1e-06
1.1e-06
1.1e-06
1.1e-06
1.1e-06
1.1e-06
1.1e-06
1.1e-06
1.1e-06
1.1e-06
1.1e-06
1.1e-06
1.1e-06
1.1e-06
1.1e-06
1.1e-06
1.1e-06
1.1e-06
1.1e-06
1.1e-06
1.1e-06
1.1e-06
1.1e-06
1.1e-06
1.1e-06
1.1e-06
1.1e-06
1.1e-06
1.1e-06
1.1e-06
1.1e-06
1.1e-06
1.1e-06
1.1e-06
1.1e-06
1.1e-06
1.1e-06
1.1e-06
1.1e-06
1.1e-06
1.1e-06
1.1e-06
1.1e-06
1.1e-06
1.1e-06
1.1e-06
1.1e-06
1.1e-06
1.1e-06
1.1e-06
0.813613
0.813089
0.811912
0.810054
0.807435
0.80359
0.796722
0.778618
0.53065
0.00231035
1.1e-06
1.1e-06
1.1e-06
1.1e-06
1.1e-06
1.1e-06
1.1e-06
1.1e-06
1.1e-06
1.1e-06
1.1e-06
1.1e-06
1.1e-06
1.1e-06
1.1e-06
1.1e-06
1.1e-06
1.1e-06
1.1e-06
1.1e-06
1.1e-06
1.1e-06
1.1e-06
1.1e-06
1.1e-06
1.1e-06
1.1e-06
1.1e-06
1.1e-06
1.1e-06
1.1e-06
1.1e-06
1.1e-06
1.1e-06
1.1e-06
1.1e-06
1.1e-06
1.1e-06
1.1e-06
1.1e-06
1.1e-06
1.1e-06
1.1e-06
1.1e-06
1.1e-06
1.1e-06
1.1e-06
1.1e-06
1.1e-06
1.1e-06
1.1e-06
1.1e-06
1.1e-06
1.1e-06
1.1e-06
1.1e-06
1.1e-06
1.1e-06
1.1e-06
1.1e-06
1.1e-06
1.1e-06
1.1e-06
1.1e-06
1.1e-06
1.1e-06
1.1e-06
1.1e-06
1.1e-06
1.1e-06
1.1e-06
1.1e-06
1.1e-06
1.1e-06
1.1e-06
1.1e-06
1.1e-06
1.1e-06
1.1e-06
1.1e-06
1.1e-06
1.1e-06
1.1e-06
1.1e-06
1.1e-06
1.1e-06
1.1e-06
1.1e-06
1.1e-06
1.1e-06
1.1e-06
1.1e-06
1.1e-06
1.1e-06
1.1e-06
1.1e-06
1.1e-06
1.1e-06
1.1e-06
1.1e-06
1.1e-06
1.1e-06
1.1e-06
1.1e-06
1.1e-06
1.1e-06
1.1e-06
1.1e-06
1.1e-06
1.1e-06
1.1e-06
1.1e-06
1.1e-06
1.1e-06
1.1e-06
1.1e-06
1.1e-06
1.1e-06
1.1e-06
1.1e-06
1.1e-06
1.1e-06
1.1e-06
1.1e-06
1.1e-06
1.1e-06
1.1e-06
1.1e-06
1.1e-06
1.1e-06
1.1e-06
1.1e-06
1.1e-06
1.1e-06
1.1e-06
1.1e-06
1.1e-06
1.1e-06
1.1e-06
1.1e-06
1.1e-06
1.1e-06
1.1e-06
1.1e-06
1.1e-06
1.1e-06
1.1e-06
1.1e-06
1.1e-06
1.1e-06
1.1e-06
1.1e-06
1.1e-06
1.1e-06
1.1e-06
1.1e-06
1.1e-06
1.1e-06
1.1e-06
1.1e-06
1.1e-06
1.1e-06
1.1e-06
1.1e-06
1.1e-06
1.1e-06
1.1e-06
1.1e-06
1.1e-06
1.1e-06
0.81539
0.814375
0.812883
0.81086
0.808206
0.80453
0.798431
0.784349
0.694787
0.0361707
1.73011e-06
1.1e-06
1.1e-06
1.1e-06
1.1e-06
1.1e-06
1.1e-06
1.1e-06
1.1e-06
1.1e-06
1.1e-06
1.1e-06
1.1e-06
1.1e-06
1.1e-06
1.1e-06
1.1e-06
1.1e-06
1.1e-06
1.1e-06
1.1e-06
1.1e-06
1.1e-06
1.1e-06
1.1e-06
1.1e-06
1.1e-06
1.1e-06
1.1e-06
1.1e-06
1.1e-06
1.1e-06
1.1e-06
1.1e-06
1.1e-06
1.1e-06
1.1e-06
1.1e-06
1.1e-06
1.1e-06
1.1e-06
1.1e-06
1.1e-06
1.1e-06
1.1e-06
1.1e-06
1.1e-06
1.1e-06
1.1e-06
1.1e-06
1.1e-06
1.1e-06
1.1e-06
1.1e-06
1.1e-06
1.1e-06
1.1e-06
1.1e-06
1.1e-06
1.1e-06
1.1e-06
1.1e-06
1.1e-06
1.1e-06
1.1e-06
1.1e-06
1.1e-06
1.1e-06
1.1e-06
1.1e-06
1.1e-06
1.1e-06
1.1e-06
1.1e-06
1.1e-06
1.1e-06
1.1e-06
1.1e-06
1.1e-06
1.1e-06
1.1e-06
1.1e-06
1.1e-06
1.1e-06
1.1e-06
1.1e-06
1.1e-06
1.1e-06
1.1e-06
1.1e-06
1.1e-06
1.1e-06
1.1e-06
1.1e-06
1.1e-06
1.1e-06
1.1e-06
1.1e-06
1.1e-06
1.1e-06
1.1e-06
1.1e-06
1.1e-06
1.1e-06
1.1e-06
1.1e-06
1.1e-06
1.1e-06
1.1e-06
1.1e-06
1.1e-06
1.1e-06
1.1e-06
1.1e-06
1.1e-06
1.1e-06
1.1e-06
1.1e-06
1.1e-06
1.1e-06
1.1e-06
1.1e-06
1.1e-06
1.1e-06
1.1e-06
1.1e-06
1.1e-06
1.1e-06
1.1e-06
1.1e-06
1.1e-06
1.1e-06
1.1e-06
1.1e-06
1.1e-06
1.1e-06
1.1e-06
1.1e-06
1.1e-06
1.1e-06
1.1e-06
1.1e-06
1.1e-06
1.1e-06
1.1e-06
1.1e-06
1.1e-06
1.1e-06
1.1e-06
1.1e-06
1.1e-06
1.1e-06
1.1e-06
1.1e-06
1.1e-06
1.1e-06
1.1e-06
1.1e-06
1.1e-06
1.1e-06
1.1e-06
1.1e-06
1.1e-06
1.1e-06
1.1e-06
1.1e-06
1.1e-06
1.1e-06
1.1e-06
1.1e-06
0.816716
0.815384
0.813679
0.811541
0.808869
0.805324
0.799782
0.788117
0.737748
0.12782
1.82869e-05
1.1e-06
1.1e-06
1.1e-06
1.1e-06
1.1e-06
1.1e-06
1.1e-06
1.1e-06
1.1e-06
1.1e-06
1.1e-06
1.1e-06
1.1e-06
1.1e-06
1.1e-06
1.1e-06
1.1e-06
1.1e-06
1.1e-06
1.1e-06
1.1e-06
1.1e-06
1.1e-06
1.1e-06
1.1e-06
1.1e-06
1.1e-06
1.1e-06
1.1e-06
1.1e-06
1.1e-06
1.1e-06
1.1e-06
1.1e-06
1.1e-06
1.1e-06
1.1e-06
1.1e-06
1.1e-06
1.1e-06
1.1e-06
1.1e-06
1.1e-06
1.1e-06
1.1e-06
1.1e-06
1.1e-06
1.1e-06
1.1e-06
1.1e-06
1.1e-06
1.1e-06
1.1e-06
1.1e-06
1.1e-06
1.1e-06
1.1e-06
1.1e-06
1.1e-06
1.1e-06
1.1e-06
1.1e-06
1.1e-06
1.1e-06
1.1e-06
1.1e-06
1.1e-06
1.1e-06
1.1e-06
1.1e-06
1.1e-06
1.1e-06
1.1e-06
1.1e-06
1.1e-06
1.1e-06
1.1e-06
1.1e-06
1.1e-06
1.1e-06
1.1e-06
1.1e-06
1.1e-06
1.1e-06
1.1e-06
1.1e-06
1.1e-06
1.1e-06
1.1e-06
1.1e-06
1.1e-06
1.1e-06
1.1e-06
1.1e-06
1.1e-06
1.1e-06
1.1e-06
1.1e-06
1.1e-06
1.1e-06
1.1e-06
1.1e-06
1.1e-06
1.1e-06
1.1e-06
1.1e-06
1.1e-06
1.1e-06
1.1e-06
1.1e-06
1.1e-06
1.1e-06
1.1e-06
1.1e-06
1.1e-06
1.1e-06
1.1e-06
1.1e-06
1.1e-06
1.1e-06
1.1e-06
1.1e-06
1.1e-06
1.1e-06
1.1e-06
1.1e-06
1.1e-06
1.1e-06
1.1e-06
1.1e-06
1.1e-06
1.1e-06
1.1e-06
1.1e-06
1.1e-06
1.1e-06
1.1e-06
1.1e-06
1.1e-06
1.1e-06
1.1e-06
1.1e-06
1.1e-06
1.1e-06
1.1e-06
1.1e-06
1.1e-06
1.1e-06
1.1e-06
1.1e-06
1.1e-06
1.1e-06
1.1e-06
1.1e-06
1.1e-06
1.1e-06
1.1e-06
1.1e-06
1.1e-06
1.1e-06
1.1e-06
1.1e-06
1.1e-06
1.1e-06
1.1e-06
1.1e-06
1.1e-06
1.1e-06
1.1e-06
0.817795
0.816235
0.814372
0.812145
0.809458
0.806015
0.800886
0.79087
0.756256
0.254606
0.000117571
1.1e-06
1.1e-06
1.1e-06
1.1e-06
1.1e-06
1.1e-06
1.1e-06
1.1e-06
1.1e-06
1.1e-06
1.1e-06
1.1e-06
1.1e-06
1.1e-06
1.1e-06
1.1e-06
1.1e-06
1.1e-06
1.1e-06
1.1e-06
1.1e-06
1.1e-06
1.1e-06
1.1e-06
1.1e-06
1.1e-06
1.1e-06
1.1e-06
1.1e-06
1.1e-06
1.1e-06
1.1e-06
1.1e-06
1.1e-06
1.1e-06
1.1e-06
1.1e-06
1.1e-06
1.1e-06
1.1e-06
1.1e-06
1.1e-06
1.1e-06
1.1e-06
1.1e-06
1.1e-06
1.1e-06
1.1e-06
1.1e-06
1.1e-06
1.1e-06
1.1e-06
1.1e-06
1.1e-06
1.1e-06
1.1e-06
1.1e-06
1.1e-06
1.1e-06
1.1e-06
1.1e-06
1.1e-06
1.1e-06
1.1e-06
1.1e-06
1.1e-06
1.1e-06
1.1e-06
1.1e-06
1.1e-06
1.1e-06
1.1e-06
1.1e-06
1.1e-06
1.1e-06
1.1e-06
1.1e-06
1.1e-06
1.1e-06
1.1e-06
1.1e-06
1.1e-06
1.1e-06
1.1e-06
1.1e-06
1.1e-06
1.1e-06
1.1e-06
1.1e-06
1.1e-06
1.1e-06
1.1e-06
1.1e-06
1.1e-06
1.1e-06
1.1e-06
1.1e-06
1.1e-06
1.1e-06
1.1e-06
1.1e-06
1.1e-06
1.1e-06
1.1e-06
1.1e-06
1.1e-06
1.1e-06
1.1e-06
1.1e-06
1.1e-06
1.1e-06
1.1e-06
1.1e-06
1.1e-06
1.1e-06
1.1e-06
1.1e-06
1.1e-06
1.1e-06
1.1e-06
1.1e-06
1.1e-06
1.1e-06
1.1e-06
1.1e-06
1.1e-06
1.1e-06
1.1e-06
1.1e-06
1.1e-06
1.1e-06
1.1e-06
1.1e-06
1.1e-06
1.1e-06
1.1e-06
1.1e-06
1.1e-06
1.1e-06
1.1e-06
1.1e-06
1.1e-06
1.1e-06
1.1e-06
1.1e-06
1.1e-06
1.1e-06
1.1e-06
1.1e-06
1.1e-06
1.1e-06
1.1e-06
1.1e-06
1.1e-06
1.1e-06
1.1e-06
1.1e-06
1.1e-06
1.1e-06
1.1e-06
1.1e-06
1.1e-06
1.1e-06
1.1e-06
1.1e-06
1.1e-06
1.1e-06
1.1e-06
1.1e-06
0.818726
0.816992
0.815002
0.812703
0.81
0.806634
0.80182
0.793004
0.767163
0.398858
0.000639512
1.1e-06
1.1e-06
1.1e-06
1.1e-06
1.1e-06
1.1e-06
1.1e-06
1.1e-06
1.1e-06
1.1e-06
1.1e-06
1.1e-06
1.1e-06
1.1e-06
1.1e-06
1.1e-06
1.1e-06
1.1e-06
1.1e-06
1.1e-06
1.1e-06
1.1e-06
1.1e-06
1.1e-06
1.1e-06
1.1e-06
1.1e-06
1.1e-06
1.1e-06
1.1e-06
1.1e-06
1.1e-06
1.1e-06
1.1e-06
1.1e-06
1.1e-06
1.1e-06
1.1e-06
1.1e-06
1.1e-06
1.1e-06
1.1e-06
1.1e-06
1.1e-06
1.1e-06
1.1e-06
1.1e-06
1.1e-06
1.1e-06
1.1e-06
1.1e-06
1.1e-06
1.1e-06
1.1e-06
1.1e-06
1.1e-06
1.1e-06
1.1e-06
1.1e-06
1.1e-06
1.1e-06
1.1e-06
1.1e-06
1.1e-06
1.1e-06
1.1e-06
1.1e-06
1.1e-06
1.1e-06
1.1e-06
1.1e-06
1.1e-06
1.1e-06
1.1e-06
1.1e-06
1.1e-06
1.1e-06
1.1e-06
1.1e-06
1.1e-06
1.1e-06
1.1e-06
1.1e-06
1.1e-06
1.1e-06
1.1e-06
1.1e-06
1.1e-06
1.1e-06
1.1e-06
1.1e-06
1.1e-06
1.1e-06
1.1e-06
1.1e-06
1.1e-06
1.1e-06
1.1e-06
1.1e-06
1.1e-06
1.1e-06
1.1e-06
1.1e-06
1.1e-06
1.1e-06
1.1e-06
1.1e-06
1.1e-06
1.1e-06
1.1e-06
1.1e-06
1.1e-06
1.1e-06
1.1e-06
1.1e-06
1.1e-06
1.1e-06
1.1e-06
1.1e-06
1.1e-06
1.1e-06
1.1e-06
1.1e-06
1.1e-06
1.1e-06
1.1e-06
1.1e-06
1.1e-06
1.1e-06
1.1e-06
1.1e-06
1.1e-06
1.1e-06
1.1e-06
1.1e-06
1.1e-06
1.1e-06
1.1e-06
1.1e-06
1.1e-06
1.1e-06
1.1e-06
1.1e-06
1.1e-06
1.1e-06
1.1e-06
1.1e-06
1.1e-06
1.1e-06
1.1e-06
1.1e-06
1.1e-06
1.1e-06
1.1e-06
1.1e-06
1.1e-06
1.1e-06
1.1e-06
1.1e-06
1.1e-06
1.1e-06
1.1e-06
1.1e-06
1.1e-06
1.1e-06
1.1e-06
1.1e-06
1.1e-06
1.1e-06
0.819563
0.81769
0.815596
0.813233
0.810512
0.807203
0.80263
0.794697
0.774209
0.544055
0.00445422
1.10001e-06
1.1e-06
1.1e-06
1.1e-06
1.1e-06
1.1e-06
1.1e-06
1.1e-06
1.1e-06
1.1e-06
1.1e-06
1.1e-06
1.1e-06
1.1e-06
1.1e-06
1.1e-06
1.1e-06
1.1e-06
1.1e-06
1.1e-06
1.1e-06
1.1e-06
1.1e-06
1.1e-06
1.1e-06
1.1e-06
1.1e-06
1.1e-06
1.1e-06
1.1e-06
1.1e-06
1.1e-06
1.1e-06
1.1e-06
1.1e-06
1.1e-06
1.1e-06
1.1e-06
1.1e-06
1.1e-06
1.1e-06
1.1e-06
1.1e-06
1.1e-06
1.1e-06
1.1e-06
1.1e-06
1.1e-06
1.1e-06
1.1e-06
1.1e-06
1.1e-06
1.1e-06
1.1e-06
1.1e-06
1.1e-06
1.1e-06
1.1e-06
1.1e-06
1.1e-06
1.1e-06
1.1e-06
1.1e-06
1.1e-06
1.1e-06
1.1e-06
1.1e-06
1.1e-06
1.1e-06
1.1e-06
1.1e-06
1.1e-06
1.1e-06
1.1e-06
1.1e-06
1.1e-06
1.1e-06
1.1e-06
1.1e-06
1.1e-06
1.1e-06
1.1e-06
1.1e-06
1.1e-06
1.1e-06
1.1e-06
1.1e-06
1.1e-06
1.1e-06
1.1e-06
1.1e-06
1.1e-06
1.1e-06
1.1e-06
1.1e-06
1.1e-06
1.1e-06
1.1e-06
1.1e-06
1.1e-06
1.1e-06
1.1e-06
1.1e-06
1.1e-06
1.1e-06
1.1e-06
1.1e-06
1.1e-06
1.1e-06
1.1e-06
1.1e-06
1.1e-06
1.1e-06
1.1e-06
1.1e-06
1.1e-06
1.1e-06
1.1e-06
1.1e-06
1.1e-06
1.1e-06
1.1e-06
1.1e-06
1.1e-06
1.1e-06
1.1e-06
1.1e-06
1.1e-06
1.1e-06
1.1e-06
1.1e-06
1.1e-06
1.1e-06
1.1e-06
1.1e-06
1.1e-06
1.1e-06
1.1e-06
1.1e-06
1.1e-06
1.1e-06
1.1e-06
1.1e-06
1.1e-06
1.1e-06
1.1e-06
1.1e-06
1.1e-06
1.1e-06
1.1e-06
1.1e-06
1.1e-06
1.1e-06
1.1e-06
1.1e-06
1.1e-06
1.1e-06
1.1e-06
1.1e-06
1.1e-06
1.1e-06
1.1e-06
1.1e-06
1.1e-06
1.1e-06
1.1e-06
1.1e-06
1.1e-06
1.1e-06
0.820338
0.818349
0.816167
0.813746
0.811006
0.807735
0.803339
0.796045
0.778822
0.646596
0.0236213
1.1783e-06
1.1e-06
1.1e-06
1.1e-06
1.1e-06
1.1e-06
1.1e-06
1.1e-06
1.1e-06
1.1e-06
1.1e-06
1.1e-06
1.1e-06
1.1e-06
1.1e-06
1.1e-06
1.1e-06
1.1e-06
1.1e-06
1.1e-06
1.1e-06
1.1e-06
1.1e-06
1.1e-06
1.1e-06
1.1e-06
1.1e-06
1.1e-06
1.1e-06
1.1e-06
1.1e-06
1.1e-06
1.1e-06
1.1e-06
1.1e-06
1.1e-06
1.1e-06
1.1e-06
1.1e-06
1.1e-06
1.1e-06
1.1e-06
1.1e-06
1.1e-06
1.1e-06
1.1e-06
1.1e-06
1.1e-06
1.1e-06
1.1e-06
1.1e-06
1.1e-06
1.1e-06
1.1e-06
1.1e-06
1.1e-06
1.1e-06
1.1e-06
1.1e-06
1.1e-06
1.1e-06
1.1e-06
1.1e-06
1.1e-06
1.1e-06
1.1e-06
1.1e-06
1.1e-06
1.1e-06
1.1e-06
1.1e-06
1.1e-06
1.1e-06
1.1e-06
1.1e-06
1.1e-06
1.1e-06
1.1e-06
1.1e-06
1.1e-06
1.1e-06
1.1e-06
1.1e-06
1.1e-06
1.1e-06
1.1e-06
1.1e-06
1.1e-06
1.1e-06
1.1e-06
1.1e-06
1.1e-06
1.1e-06
1.1e-06
1.1e-06
1.1e-06
1.1e-06
1.1e-06
1.1e-06
1.1e-06
1.1e-06
1.1e-06
1.1e-06
1.1e-06
1.1e-06
1.1e-06
1.1e-06
1.1e-06
1.1e-06
1.1e-06
1.1e-06
1.1e-06
1.1e-06
1.1e-06
1.1e-06
1.1e-06
1.1e-06
1.1e-06
1.1e-06
1.1e-06
1.1e-06
1.1e-06
1.1e-06
1.1e-06
1.1e-06
1.1e-06
1.1e-06
1.1e-06
1.1e-06
1.1e-06
1.1e-06
1.1e-06
1.1e-06
1.1e-06
1.1e-06
1.1e-06
1.1e-06
1.1e-06
1.1e-06
1.1e-06
1.1e-06
1.1e-06
1.1e-06
1.1e-06
1.1e-06
1.1e-06
1.1e-06
1.1e-06
1.1e-06
1.1e-06
1.1e-06
1.1e-06
1.1e-06
1.1e-06
1.1e-06
1.1e-06
1.1e-06
1.1e-06
1.1e-06
1.1e-06
1.1e-06
1.1e-06
1.1e-06
1.1e-06
1.1e-06
1.1e-06
1.1e-06
1.1e-06
1.1e-06
0.821068
0.818982
0.816722
0.814249
0.811484
0.808233
0.803962
0.79712
0.781936
0.69476
0.0658286
3.77887e-06
1.1e-06
1.1e-06
1.1e-06
1.1e-06
1.1e-06
1.1e-06
1.1e-06
1.1e-06
1.1e-06
1.1e-06
1.1e-06
1.1e-06
1.1e-06
1.1e-06
1.1e-06
1.1e-06
1.1e-06
1.1e-06
1.1e-06
1.1e-06
1.1e-06
1.1e-06
1.1e-06
1.1e-06
1.1e-06
1.1e-06
1.1e-06
1.1e-06
1.1e-06
1.1e-06
1.1e-06
1.1e-06
1.1e-06
1.1e-06
1.1e-06
1.1e-06
1.1e-06
1.1e-06
1.1e-06
1.1e-06
1.1e-06
1.1e-06
1.1e-06
1.1e-06
1.1e-06
1.1e-06
1.1e-06
1.1e-06
1.1e-06
1.1e-06
1.1e-06
1.1e-06
1.1e-06
1.1e-06
1.1e-06
1.1e-06
1.1e-06
1.1e-06
1.1e-06
1.1e-06
1.1e-06
1.1e-06
1.1e-06
1.1e-06
1.1e-06
1.1e-06
1.1e-06
1.1e-06
1.1e-06
1.1e-06
1.1e-06
1.1e-06
1.1e-06
1.1e-06
1.1e-06
1.1e-06
1.1e-06
1.1e-06
1.1e-06
1.1e-06
1.1e-06
1.1e-06
1.1e-06
1.1e-06
1.1e-06
1.1e-06
1.1e-06
1.1e-06
1.1e-06
1.1e-06
1.1e-06
1.1e-06
1.1e-06
1.1e-06
1.1e-06
1.1e-06
1.1e-06
1.1e-06
1.1e-06
1.1e-06
1.1e-06
1.1e-06
1.1e-06
1.1e-06
1.1e-06
1.1e-06
1.1e-06
1.1e-06
1.1e-06
1.1e-06
1.1e-06
1.1e-06
1.1e-06
1.1e-06
1.1e-06
1.1e-06
1.1e-06
1.1e-06
1.1e-06
1.1e-06
1.1e-06
1.1e-06
1.1e-06
1.1e-06
1.1e-06
1.1e-06
1.1e-06
1.1e-06
1.1e-06
1.1e-06
1.1e-06
1.1e-06
1.1e-06
1.1e-06
1.1e-06
1.1e-06
1.1e-06
1.1e-06
1.1e-06
1.1e-06
1.1e-06
1.1e-06
1.1e-06
1.1e-06
1.1e-06
1.1e-06
1.1e-06
1.1e-06
1.1e-06
1.1e-06
1.1e-06
1.1e-06
1.1e-06
1.1e-06
1.1e-06
1.1e-06
1.1e-06
1.1e-06
1.1e-06
1.1e-06
1.1e-06
1.1e-06
1.1e-06
1.1e-06
1.1e-06
1.1e-06
1.1e-06
1.1e-06
0.821766
0.819594
0.817264
0.814739
0.811946
0.8087
0.804509
0.79798
0.784145
0.718415
0.11977
1.43646e-05
1.1e-06
1.1e-06
1.1e-06
1.1e-06
1.1e-06
1.1e-06
1.1e-06
1.1e-06
1.1e-06
1.1e-06
1.1e-06
1.1e-06
1.1e-06
1.1e-06
1.1e-06
1.1e-06
1.1e-06
1.1e-06
1.1e-06
1.1e-06
1.1e-06
1.1e-06
1.1e-06
1.1e-06
1.1e-06
1.1e-06
1.1e-06
1.1e-06
1.1e-06
1.1e-06
1.1e-06
1.1e-06
1.1e-06
1.1e-06
1.1e-06
1.1e-06
1.1e-06
1.1e-06
1.1e-06
1.1e-06
1.1e-06
1.1e-06
1.1e-06
1.1e-06
1.1e-06
1.1e-06
1.1e-06
1.1e-06
1.1e-06
1.1e-06
1.1e-06
1.1e-06
1.1e-06
1.1e-06
1.1e-06
1.1e-06
1.1e-06
1.1e-06
1.1e-06
1.1e-06
1.1e-06
1.1e-06
1.1e-06
1.1e-06
1.1e-06
1.1e-06
1.1e-06
1.1e-06
1.1e-06
1.1e-06
1.1e-06
1.1e-06
1.1e-06
1.1e-06
1.1e-06
1.1e-06
1.1e-06
1.1e-06
1.1e-06
1.1e-06
1.1e-06
1.1e-06
1.1e-06
1.1e-06
1.1e-06
1.1e-06
1.1e-06
1.1e-06
1.1e-06
1.1e-06
1.1e-06
1.1e-06
1.1e-06
1.1e-06
1.1e-06
1.1e-06
1.1e-06
1.1e-06
1.1e-06
1.1e-06
1.1e-06
1.1e-06
1.1e-06
1.1e-06
1.1e-06
1.1e-06
1.1e-06
1.1e-06
1.1e-06
1.1e-06
1.1e-06
1.1e-06
1.1e-06
1.1e-06
1.1e-06
1.1e-06
1.1e-06
1.1e-06
1.1e-06
1.1e-06
1.1e-06
1.1e-06
1.1e-06
1.1e-06
1.1e-06
1.1e-06
1.1e-06
1.1e-06
1.1e-06
1.1e-06
1.1e-06
1.1e-06
1.1e-06
1.1e-06
1.1e-06
1.1e-06
1.1e-06
1.1e-06
1.1e-06
1.1e-06
1.1e-06
1.1e-06
1.1e-06
1.1e-06
1.1e-06
1.1e-06
1.1e-06
1.1e-06
1.1e-06
1.1e-06
1.1e-06
1.1e-06
1.1e-06
1.1e-06
1.1e-06
1.1e-06
1.1e-06
1.1e-06
1.1e-06
1.1e-06
1.1e-06
1.1e-06
1.1e-06
1.1e-06
1.1e-06
1.1e-06
1.1e-06
1.1e-06
0.822439
0.820186
0.817788
0.81521
0.812381
0.809124
0.804978
0.798661
0.785747
0.731692
0.169954
3.51128e-05
1.1e-06
1.1e-06
1.1e-06
1.1e-06
1.1e-06
1.1e-06
1.1e-06
1.1e-06
1.1e-06
1.1e-06
1.1e-06
1.1e-06
1.1e-06
1.1e-06
1.1e-06
1.1e-06
1.1e-06
1.1e-06
1.1e-06
1.1e-06
1.1e-06
1.1e-06
1.1e-06
1.1e-06
1.1e-06
1.1e-06
1.1e-06
1.1e-06
1.1e-06
1.1e-06
1.1e-06
1.1e-06
1.1e-06
1.1e-06
1.1e-06
1.1e-06
1.1e-06
1.1e-06
1.1e-06
1.1e-06
1.1e-06
1.1e-06
1.1e-06
1.1e-06
1.1e-06
1.1e-06
1.1e-06
1.1e-06
1.1e-06
1.1e-06
1.1e-06
1.1e-06
1.1e-06
1.1e-06
1.1e-06
1.1e-06
1.1e-06
1.1e-06
1.1e-06
1.1e-06
1.1e-06
1.1e-06
1.1e-06
1.1e-06
1.1e-06
1.1e-06
1.1e-06
1.1e-06
1.1e-06
1.1e-06
1.1e-06
1.1e-06
1.1e-06
1.1e-06
1.1e-06
1.1e-06
1.1e-06
1.1e-06
1.1e-06
1.1e-06
1.1e-06
1.1e-06
1.1e-06
1.1e-06
1.1e-06
1.1e-06
1.1e-06
1.1e-06
1.1e-06
1.1e-06
1.1e-06
1.1e-06
1.1e-06
1.1e-06
1.1e-06
1.1e-06
1.1e-06
1.1e-06
1.1e-06
1.1e-06
1.1e-06
1.1e-06
1.1e-06
1.1e-06
1.1e-06
1.1e-06
1.1e-06
1.1e-06
1.1e-06
1.1e-06
1.1e-06
1.1e-06
1.1e-06
1.1e-06
1.1e-06
1.1e-06
1.1e-06
1.1e-06
1.1e-06
1.1e-06
1.1e-06
1.1e-06
1.1e-06
1.1e-06
1.1e-06
1.1e-06
1.1e-06
1.1e-06
1.1e-06
1.1e-06
1.1e-06
1.1e-06
1.1e-06
1.1e-06
1.1e-06
1.1e-06
1.1e-06
1.1e-06
1.1e-06
1.1e-06
1.1e-06
1.1e-06
1.1e-06
1.1e-06
1.1e-06
1.1e-06
1.1e-06
1.1e-06
1.1e-06
1.1e-06
1.1e-06
1.1e-06
1.1e-06
1.1e-06
1.1e-06
1.1e-06
1.1e-06
1.1e-06
1.1e-06
1.1e-06
1.1e-06
1.1e-06
1.1e-06
1.1e-06
1.1e-06
1.1e-06
1.1e-06
1.1e-06
0.822937
0.820623
0.818175
0.815558
0.812701
0.809435
0.805316
0.799134
0.786807
0.739312
0.211811
6.43412e-05
1.1e-06
1.1e-06
1.1e-06
1.1e-06
1.1e-06
1.1e-06
1.1e-06
1.1e-06
1.1e-06
1.1e-06
1.1e-06
1.1e-06
1.1e-06
1.1e-06
1.1e-06
1.1e-06
1.1e-06
1.1e-06
1.1e-06
1.1e-06
1.1e-06
1.1e-06
1.1e-06
1.1e-06
1.1e-06
1.1e-06
1.1e-06
1.1e-06
1.1e-06
1.1e-06
1.1e-06
1.1e-06
1.1e-06
1.1e-06
1.1e-06
1.1e-06
1.1e-06
1.1e-06
1.1e-06
1.1e-06
1.1e-06
1.1e-06
1.1e-06
1.1e-06
1.1e-06
1.1e-06
1.1e-06
1.1e-06
1.1e-06
1.1e-06
1.1e-06
1.1e-06
1.1e-06
1.1e-06
1.1e-06
1.1e-06
1.1e-06
1.1e-06
1.1e-06
1.1e-06
1.1e-06
1.1e-06
1.1e-06
1.1e-06
1.1e-06
1.1e-06
1.1e-06
1.1e-06
1.1e-06
1.1e-06
1.1e-06
1.1e-06
1.1e-06
1.1e-06
1.1e-06
1.1e-06
1.1e-06
1.1e-06
1.1e-06
1.1e-06
1.1e-06
1.1e-06
1.1e-06
1.1e-06
1.1e-06
1.1e-06
1.1e-06
1.1e-06
1.1e-06
1.1e-06
1.1e-06
1.1e-06
1.1e-06
1.1e-06
1.1e-06
1.1e-06
1.1e-06
1.1e-06
1.1e-06
1.1e-06
1.1e-06
1.1e-06
1.1e-06
1.1e-06
1.1e-06
1.1e-06
1.1e-06
1.1e-06
1.1e-06
1.1e-06
1.1e-06
1.1e-06
1.1e-06
1.1e-06
1.1e-06
1.1e-06
1.1e-06
1.1e-06
1.1e-06
1.1e-06
1.1e-06
1.1e-06
1.1e-06
1.1e-06
1.1e-06
1.1e-06
1.1e-06
1.1e-06
1.1e-06
1.1e-06
1.1e-06
1.1e-06
1.1e-06
1.1e-06
1.1e-06
1.1e-06
1.1e-06
1.1e-06
1.1e-06
1.1e-06
1.1e-06
1.1e-06
1.1e-06
1.1e-06
1.1e-06
1.1e-06
1.1e-06
1.1e-06
1.1e-06
1.1e-06
1.1e-06
1.1e-06
1.1e-06
1.1e-06
1.1e-06
1.1e-06
1.1e-06
1.1e-06
1.1e-06
1.1e-06
1.1e-06
1.1e-06
1.1e-06
1.1e-06
1.1e-06
1.1e-06
1.1e-06
1.1e-06
0.823498
0.821118
0.818613
0.815947
0.813053
0.809761
0.805641
0.799532
0.787588
0.744177
0.24424
9.81616e-05
1.1e-06
1.1e-06
1.1e-06
1.1e-06
1.1e-06
1.1e-06
1.1e-06
1.1e-06
1.1e-06
1.1e-06
1.1e-06
1.1e-06
1.1e-06
1.1e-06
1.1e-06
1.1e-06
1.1e-06
1.1e-06
1.1e-06
1.1e-06
1.1e-06
1.1e-06
1.1e-06
1.1e-06
1.1e-06
1.1e-06
1.1e-06
1.1e-06
1.1e-06
1.1e-06
1.1e-06
1.1e-06
1.1e-06
1.1e-06
1.1e-06
1.1e-06
1.1e-06
1.1e-06
1.1e-06
1.1e-06
1.1e-06
1.1e-06
1.1e-06
1.1e-06
1.1e-06
1.1e-06
1.1e-06
1.1e-06
1.1e-06
1.1e-06
1.1e-06
1.1e-06
1.1e-06
1.1e-06
1.1e-06
1.1e-06
1.1e-06
1.1e-06
1.1e-06
1.1e-06
1.1e-06
1.1e-06
1.1e-06
1.1e-06
1.1e-06
1.1e-06
1.1e-06
1.1e-06
1.1e-06
1.1e-06
1.1e-06
1.1e-06
1.1e-06
1.1e-06
1.1e-06
1.1e-06
1.1e-06
1.1e-06
1.1e-06
1.1e-06
1.1e-06
1.1e-06
1.1e-06
1.1e-06
1.1e-06
1.1e-06
1.1e-06
1.1e-06
1.1e-06
1.1e-06
1.1e-06
1.1e-06
1.1e-06
1.1e-06
1.1e-06
1.1e-06
1.1e-06
1.1e-06
1.1e-06
1.1e-06
1.1e-06
1.1e-06
1.1e-06
1.1e-06
1.1e-06
1.1e-06
1.1e-06
1.1e-06
1.1e-06
1.1e-06
1.1e-06
1.1e-06
1.1e-06
1.1e-06
1.1e-06
1.1e-06
1.1e-06
1.1e-06
1.1e-06
1.1e-06
1.1e-06
1.1e-06
1.1e-06
1.1e-06
1.1e-06
1.1e-06
1.1e-06
1.1e-06
1.1e-06
1.1e-06
1.1e-06
1.1e-06
1.1e-06
1.1e-06
1.1e-06
1.1e-06
1.1e-06
1.1e-06
1.1e-06
1.1e-06
1.1e-06
1.1e-06
1.1e-06
1.1e-06
1.1e-06
1.1e-06
1.1e-06
1.1e-06
1.1e-06
1.1e-06
1.1e-06
1.1e-06
1.1e-06
1.1e-06
1.1e-06
1.1e-06
1.1e-06
1.1e-06
1.1e-06
1.1e-06
1.1e-06
1.1e-06
1.1e-06
1.1e-06
1.1e-06
1.1e-06
1.1e-06
1.1e-06
0.824105
0.821651
0.819078
0.816353
0.813405
0.810065
0.805902
0.799768
0.787894
0.745676
0.255057
0.000112491
1.1e-06
1.1e-06
1.1e-06
1.1e-06
1.1e-06
1.1e-06
1.1e-06
1.1e-06
1.1e-06
1.1e-06
1.1e-06
1.1e-06
1.1e-06
1.1e-06
1.1e-06
1.1e-06
1.1e-06
1.1e-06
1.1e-06
1.1e-06
1.1e-06
1.1e-06
1.1e-06
1.1e-06
1.1e-06
1.1e-06
1.1e-06
1.1e-06
1.1e-06
1.1e-06
1.1e-06
1.1e-06
1.1e-06
1.1e-06
1.1e-06
1.1e-06
1.1e-06
1.1e-06
1.1e-06
1.1e-06
1.1e-06
1.1e-06
1.1e-06
1.1e-06
1.1e-06
1.1e-06
1.1e-06
1.1e-06
1.1e-06
1.1e-06
1.1e-06
1.1e-06
1.1e-06
1.1e-06
1.1e-06
1.1e-06
1.1e-06
1.1e-06
1.1e-06
1.1e-06
1.1e-06
1.1e-06
1.1e-06
1.1e-06
1.1e-06
1.1e-06
1.1e-06
1.1e-06
1.1e-06
1.1e-06
1.1e-06
1.1e-06
1.1e-06
1.1e-06
1.1e-06
1.1e-06
1.1e-06
1.1e-06
1.1e-06
1.1e-06
1.1e-06
1.1e-06
1.1e-06
1.1e-06
1.1e-06
1.1e-06
1.1e-06
1.1e-06
1.1e-06
1.1e-06
1.1e-06
1.1e-06
1.1e-06
1.1e-06
1.1e-06
1.1e-06
1.1e-06
1.1e-06
1.1e-06
1.1e-06
1.1e-06
1.1e-06
1.1e-06
1.1e-06
1.1e-06
1.1e-06
1.1e-06
1.1e-06
1.1e-06
1.1e-06
1.1e-06
1.1e-06
1.1e-06
1.1e-06
1.1e-06
1.1e-06
1.1e-06
1.1e-06
1.1e-06
1.1e-06
1.1e-06
1.1e-06
1.1e-06
1.1e-06
1.1e-06
1.1e-06
1.1e-06
1.1e-06
1.1e-06
1.1e-06
1.1e-06
1.1e-06
1.1e-06
1.1e-06
1.1e-06
1.1e-06
1.1e-06
1.1e-06
1.1e-06
1.1e-06
1.1e-06
1.1e-06
1.1e-06
1.1e-06
1.1e-06
1.1e-06
1.1e-06
1.1e-06
1.1e-06
1.1e-06
1.1e-06
1.1e-06
1.1e-06
1.1e-06
1.1e-06
1.1e-06
1.1e-06
1.1e-06
1.1e-06
1.1e-06
1.1e-06
1.1e-06
1.1e-06
1.1e-06
1.1e-06
1.1e-06
1.1e-06
1.1e-06
0.824695
0.822156
0.819505
0.816706
0.813685
0.810261
0.805986
0.799653
0.787272
0.741122
0.224214
7.52171e-05
1.1e-06
1.1e-06
1.1e-06
1.1e-06
1.1e-06
1.1e-06
1.1e-06
1.1e-06
1.1e-06
1.1e-06
1.1e-06
1.1e-06
1.1e-06
1.1e-06
1.1e-06
1.1e-06
1.1e-06
1.1e-06
1.1e-06
1.1e-06
1.1e-06
1.1e-06
1.1e-06
1.1e-06
1.1e-06
1.1e-06
1.1e-06
1.1e-06
1.1e-06
1.1e-06
1.1e-06
1.1e-06
1.1e-06
1.1e-06
1.1e-06
1.1e-06
1.1e-06
1.1e-06
1.1e-06
1.1e-06
1.1e-06
1.1e-06
1.1e-06
1.1e-06
1.1e-06
1.1e-06
1.1e-06
1.1e-06
1.1e-06
1.1e-06
1.1e-06
1.1e-06
1.1e-06
1.1e-06
1.1e-06
1.1e-06
1.1e-06
1.1e-06
1.1e-06
1.1e-06
1.1e-06
1.1e-06
1.1e-06
1.1e-06
1.1e-06
1.1e-06
1.1e-06
1.1e-06
1.1e-06
1.1e-06
1.1e-06
1.1e-06
1.1e-06
1.1e-06
1.1e-06
1.1e-06
1.1e-06
1.1e-06
1.1e-06
1.1e-06
1.1e-06
1.1e-06
1.1e-06
1.1e-06
1.1e-06
1.1e-06
1.1e-06
1.1e-06
1.1e-06
1.1e-06
1.1e-06
1.1e-06
1.1e-06
1.1e-06
1.1e-06
1.1e-06
1.1e-06
1.1e-06
1.1e-06
1.1e-06
1.1e-06
1.1e-06
1.1e-06
1.1e-06
1.1e-06
1.1e-06
1.1e-06
1.1e-06
1.1e-06
1.1e-06
1.1e-06
1.1e-06
1.1e-06
1.1e-06
1.1e-06
1.1e-06
1.1e-06
1.1e-06
1.1e-06
1.1e-06
1.1e-06
1.1e-06
1.1e-06
1.1e-06
1.1e-06
1.1e-06
1.1e-06
1.1e-06
1.1e-06
1.1e-06
1.1e-06
1.1e-06
1.1e-06
1.1e-06
1.1e-06
1.1e-06
1.1e-06
1.1e-06
1.1e-06
1.1e-06
1.1e-06
1.1e-06
1.1e-06
1.1e-06
1.1e-06
1.1e-06
1.1e-06
1.1e-06
1.1e-06
1.1e-06
1.1e-06
1.1e-06
1.1e-06
1.1e-06
1.1e-06
1.1e-06
1.1e-06
1.1e-06
1.1e-06
1.1e-06
1.1e-06
1.1e-06
1.1e-06
1.1e-06
1.1e-06
1.1e-06
1.1e-06
1.1e-06
0.82515
0.822515
0.819769
0.816869
0.813731
0.810148
0.805607
0.798725
0.784679
0.721368
0.135544
1.87157e-05
1.1e-06
1.1e-06
1.1e-06
1.1e-06
1.1e-06
1.1e-06
1.1e-06
1.1e-06
1.1e-06
1.1e-06
1.1e-06
1.1e-06
1.1e-06
1.1e-06
1.1e-06
1.1e-06
1.1e-06
1.1e-06
1.1e-06
1.1e-06
1.1e-06
1.1e-06
1.1e-06
1.1e-06
1.1e-06
1.1e-06
1.1e-06
1.1e-06
1.1e-06
1.1e-06
1.1e-06
1.1e-06
1.1e-06
1.1e-06
1.1e-06
1.1e-06
1.1e-06
1.1e-06
1.1e-06
1.1e-06
1.1e-06
1.1e-06
1.1e-06
1.1e-06
1.1e-06
1.1e-06
1.1e-06
1.1e-06
1.1e-06
1.1e-06
1.1e-06
1.1e-06
1.1e-06
1.1e-06
1.1e-06
1.1e-06
1.1e-06
1.1e-06
1.1e-06
1.1e-06
1.1e-06
1.1e-06
1.1e-06
1.1e-06
1.1e-06
1.1e-06
1.1e-06
1.1e-06
1.1e-06
1.1e-06
1.1e-06
1.1e-06
1.1e-06
1.1e-06
1.1e-06
1.1e-06
1.1e-06
1.1e-06
1.1e-06
1.1e-06
1.1e-06
1.1e-06
1.1e-06
1.1e-06
1.1e-06
1.1e-06
1.1e-06
1.1e-06
1.1e-06
1.1e-06
1.1e-06
1.1e-06
1.1e-06
1.1e-06
1.1e-06
1.1e-06
1.1e-06
1.1e-06
1.1e-06
1.1e-06
1.1e-06
1.1e-06
1.1e-06
1.1e-06
1.1e-06
1.1e-06
1.1e-06
1.1e-06
1.1e-06
1.1e-06
1.1e-06
1.1e-06
1.1e-06
1.1e-06
1.1e-06
1.1e-06
1.1e-06
1.1e-06
1.1e-06
1.1e-06
1.1e-06
1.1e-06
1.1e-06
1.1e-06
1.1e-06
1.1e-06
1.1e-06
1.1e-06
1.1e-06
1.1e-06
1.1e-06
1.1e-06
1.1e-06
1.1e-06
1.1e-06
1.1e-06
1.1e-06
1.1e-06
1.1e-06
1.1e-06
1.1e-06
1.1e-06
1.1e-06
1.1e-06
1.1e-06
1.1e-06
1.1e-06
1.1e-06
1.1e-06
1.1e-06
1.1e-06
1.1e-06
1.1e-06
1.1e-06
1.1e-06
1.1e-06
1.1e-06
1.1e-06
1.1e-06
1.1e-06
1.1e-06
1.1e-06
1.1e-06
1.1e-06
1.1e-06
1.1e-06
1.1e-06
1.1e-06
0.824051
0.82141
0.818644
0.815707
0.81249
0.808731
0.803764
0.795699
0.776877
0.624004
0.0201979
1.12123e-06
1.1e-06
1.1e-06
1.1e-06
1.1e-06
1.1e-06
1.1e-06
1.1e-06
1.1e-06
1.1e-06
1.1e-06
1.1e-06
1.1e-06
1.1e-06
1.1e-06
1.1e-06
1.1e-06
1.1e-06
1.1e-06
1.1e-06
1.1e-06
1.1e-06
1.1e-06
1.1e-06
1.1e-06
1.1e-06
1.1e-06
1.1e-06
1.1e-06
1.1e-06
1.1e-06
1.1e-06
1.1e-06
1.1e-06
1.1e-06
1.1e-06
1.1e-06
1.1e-06
1.1e-06
1.1e-06
1.1e-06
1.1e-06
1.1e-06
1.1e-06
1.1e-06
1.1e-06
1.1e-06
1.1e-06
1.1e-06
1.1e-06
1.1e-06
1.1e-06
1.1e-06
1.1e-06
1.1e-06
1.1e-06
1.1e-06
1.1e-06
1.1e-06
1.1e-06
1.1e-06
1.1e-06
1.1e-06
1.1e-06
1.1e-06
1.1e-06
1.1e-06
1.1e-06
1.1e-06
1.1e-06
1.1e-06
1.1e-06
1.1e-06
1.1e-06
1.1e-06
1.1e-06
1.1e-06
1.1e-06
1.1e-06
1.1e-06
1.1e-06
1.1e-06
1.1e-06
1.1e-06
1.1e-06
1.1e-06
1.1e-06
1.1e-06
1.1e-06
1.1e-06
1.1e-06
1.1e-06
1.1e-06
1.1e-06
1.1e-06
1.1e-06
1.1e-06
1.1e-06
1.1e-06
1.1e-06
1.1e-06
1.1e-06
1.1e-06
1.1e-06
1.1e-06
1.1e-06
1.1e-06
1.1e-06
1.1e-06
1.1e-06
1.1e-06
1.1e-06
1.1e-06
1.1e-06
1.1e-06
1.1e-06
1.1e-06
1.1e-06
1.1e-06
1.1e-06
1.1e-06
1.1e-06
1.1e-06
1.1e-06
1.1e-06
1.1e-06
1.1e-06
1.1e-06
1.1e-06
1.1e-06
1.1e-06
1.1e-06
1.1e-06
1.1e-06
1.1e-06
1.1e-06
1.1e-06
1.1e-06
1.1e-06
1.1e-06
1.1e-06
1.1e-06
1.1e-06
1.1e-06
1.1e-06
1.1e-06
1.1e-06
1.1e-06
1.1e-06
1.1e-06
1.1e-06
1.1e-06
1.1e-06
1.1e-06
1.1e-06
1.1e-06
1.1e-06
1.1e-06
1.1e-06
1.1e-06
1.1e-06
1.1e-06
1.1e-06
1.1e-06
1.1e-06
1.1e-06
1.1e-06
1.1e-06
1.1e-06
0.821275
0.818674
0.815919
0.812945
0.809592
0.805449
0.799399
0.78775
0.74553
0.242558
9.39436e-05
1.1e-06
1.1e-06
1.1e-06
1.1e-06
1.1e-06
1.1e-06
1.1e-06
1.1e-06
1.1e-06
1.1e-06
1.1e-06
1.1e-06
1.1e-06
1.1e-06
1.1e-06
1.1e-06
1.1e-06
1.1e-06
1.1e-06
1.1e-06
1.1e-06
1.1e-06
1.1e-06
1.1e-06
1.1e-06
1.1e-06
1.1e-06
1.1e-06
1.1e-06
1.1e-06
1.1e-06
1.1e-06
1.1e-06
1.1e-06
1.1e-06
1.1e-06
1.1e-06
1.1e-06
1.1e-06
1.1e-06
1.1e-06
1.1e-06
1.1e-06
1.1e-06
1.1e-06
1.1e-06
1.1e-06
1.1e-06
1.1e-06
1.1e-06
1.1e-06
1.1e-06
1.1e-06
1.1e-06
1.1e-06
1.1e-06
1.1e-06
1.1e-06
1.1e-06
1.1e-06
1.1e-06
1.1e-06
1.1e-06
1.1e-06
1.1e-06
1.1e-06
1.1e-06
1.1e-06
1.1e-06
1.1e-06
1.1e-06
1.1e-06
1.1e-06
1.1e-06
1.1e-06
1.1e-06
1.1e-06
1.1e-06
1.1e-06
1.1e-06
1.1e-06
1.1e-06
1.1e-06
1.1e-06
1.1e-06
1.1e-06
1.1e-06
1.1e-06
1.1e-06
1.1e-06
1.1e-06
1.1e-06
1.1e-06
1.1e-06
1.1e-06
1.1e-06
1.1e-06
1.1e-06
1.1e-06
1.1e-06
1.1e-06
1.1e-06
1.1e-06
1.1e-06
1.1e-06
1.1e-06
1.1e-06
1.1e-06
1.1e-06
1.1e-06
1.1e-06
1.1e-06
1.1e-06
1.1e-06
1.1e-06
1.1e-06
1.1e-06
1.1e-06
1.1e-06
1.1e-06
1.1e-06
1.1e-06
1.1e-06
1.1e-06
1.1e-06
1.1e-06
1.1e-06
1.1e-06
1.1e-06
1.1e-06
1.1e-06
1.1e-06
1.1e-06
1.1e-06
1.1e-06
1.1e-06
1.1e-06
1.1e-06
1.1e-06
1.1e-06
1.1e-06
1.1e-06
1.1e-06
1.1e-06
1.1e-06
1.1e-06
1.1e-06
1.1e-06
1.1e-06
1.1e-06
1.1e-06
1.1e-06
1.1e-06
1.1e-06
1.1e-06
1.1e-06
1.1e-06
1.1e-06
1.1e-06
1.1e-06
1.1e-06
1.1e-06
1.1e-06
1.1e-06
1.1e-06
1.1e-06
1.1e-06
1.1e-06
1.1e-06
0.818763
0.816179
0.813399
0.81032
0.806671
0.801722
0.793266
0.771291
0.523583
0.00371934
1.1e-06
1.1e-06
1.1e-06
1.1e-06
1.1e-06
1.1e-06
1.1e-06
1.1e-06
1.1e-06
1.1e-06
1.1e-06
1.1e-06
1.1e-06
1.1e-06
1.1e-06
1.1e-06
1.1e-06
1.1e-06
1.1e-06
1.1e-06
1.1e-06
1.1e-06
1.1e-06
1.1e-06
1.1e-06
1.1e-06
1.1e-06
1.1e-06
1.1e-06
1.1e-06
1.1e-06
1.1e-06
1.1e-06
1.1e-06
1.1e-06
1.1e-06
1.1e-06
1.1e-06
1.1e-06
1.1e-06
1.1e-06
1.1e-06
1.1e-06
1.1e-06
1.1e-06
1.1e-06
1.1e-06
1.1e-06
1.1e-06
1.1e-06
1.1e-06
1.1e-06
1.1e-06
1.1e-06
1.1e-06
1.1e-06
1.1e-06
1.1e-06
1.1e-06
1.1e-06
1.1e-06
1.1e-06
1.1e-06
1.1e-06
1.1e-06
1.1e-06
1.1e-06
1.1e-06
1.1e-06
1.1e-06
1.1e-06
1.1e-06
1.1e-06
1.1e-06
1.1e-06
1.1e-06
1.1e-06
1.1e-06
1.1e-06
1.1e-06
1.1e-06
1.1e-06
1.1e-06
1.1e-06
1.1e-06
1.1e-06
1.1e-06
1.1e-06
1.1e-06
1.1e-06
1.1e-06
1.1e-06
1.1e-06
1.1e-06
1.1e-06
1.1e-06
1.1e-06
1.1e-06
1.1e-06
1.1e-06
1.1e-06
1.1e-06
1.1e-06
1.1e-06
1.1e-06
1.1e-06
1.1e-06
1.1e-06
1.1e-06
1.1e-06
1.1e-06
1.1e-06
1.1e-06
1.1e-06
1.1e-06
1.1e-06
1.1e-06
1.1e-06
1.1e-06
1.1e-06
1.1e-06
1.1e-06
1.1e-06
1.1e-06
1.1e-06
1.1e-06
1.1e-06
1.1e-06
1.1e-06
1.1e-06
1.1e-06
1.1e-06
1.1e-06
1.1e-06
1.1e-06
1.1e-06
1.1e-06
1.1e-06
1.1e-06
1.1e-06
1.1e-06
1.1e-06
1.1e-06
1.1e-06
1.1e-06
1.1e-06
1.1e-06
1.1e-06
1.1e-06
1.1e-06
1.1e-06
1.1e-06
1.1e-06
1.1e-06
1.1e-06
1.1e-06
1.1e-06
1.1e-06
1.1e-06
1.1e-06
1.1e-06
1.1e-06
1.1e-06
1.1e-06
1.1e-06
1.1e-06
1.1e-06
1.1e-06
1.1e-06
1.1e-06
0.816108
0.813522
0.810687
0.807437
0.803314
0.796983
0.78358
0.716839
0.110074
1.09821e-05
1.1e-06
1.1e-06
1.1e-06
1.1e-06
1.1e-06
1.1e-06
1.1e-06
1.1e-06
1.1e-06
1.1e-06
1.1e-06
1.1e-06
1.1e-06
1.1e-06
1.1e-06
1.1e-06
1.1e-06
1.1e-06
1.1e-06
1.1e-06
1.1e-06
1.1e-06
1.1e-06
1.1e-06
1.1e-06
1.1e-06
1.1e-06
1.1e-06
1.1e-06
1.1e-06
1.1e-06
1.1e-06
1.1e-06
1.1e-06
1.1e-06
1.1e-06
1.1e-06
1.1e-06
1.1e-06
1.1e-06
1.1e-06
1.1e-06
1.1e-06
1.1e-06
1.1e-06
1.1e-06
1.1e-06
1.1e-06
1.1e-06
1.1e-06
1.1e-06
1.1e-06
1.1e-06
1.1e-06
1.1e-06
1.1e-06
1.1e-06
1.1e-06
1.1e-06
1.1e-06
1.1e-06
1.1e-06
1.1e-06
1.1e-06
1.1e-06
1.1e-06
1.1e-06
1.1e-06
1.1e-06
1.1e-06
1.1e-06
1.1e-06
1.1e-06
1.1e-06
1.1e-06
1.1e-06
1.1e-06
1.1e-06
1.1e-06
1.1e-06
1.1e-06
1.1e-06
1.1e-06
1.1e-06
1.1e-06
1.1e-06
1.1e-06
1.1e-06
1.1e-06
1.1e-06
1.1e-06
1.1e-06
1.1e-06
1.1e-06
1.1e-06
1.1e-06
1.1e-06
1.1e-06
1.1e-06
1.1e-06
1.1e-06
1.1e-06
1.1e-06
1.1e-06
1.1e-06
1.1e-06
1.1e-06
1.1e-06
1.1e-06
1.1e-06
1.1e-06
1.1e-06
1.1e-06
1.1e-06
1.1e-06
1.1e-06
1.1e-06
1.1e-06
1.1e-06
1.1e-06
1.1e-06
1.1e-06
1.1e-06
1.1e-06
1.1e-06
1.1e-06
1.1e-06
1.1e-06
1.1e-06
1.1e-06
1.1e-06
1.1e-06
1.1e-06
1.1e-06
1.1e-06
1.1e-06
1.1e-06
1.1e-06
1.1e-06
1.1e-06
1.1e-06
1.1e-06
1.1e-06
1.1e-06
1.1e-06
1.1e-06
1.1e-06
1.1e-06
1.1e-06
1.1e-06
1.1e-06
1.1e-06
1.1e-06
1.1e-06
1.1e-06
1.1e-06
1.1e-06
1.1e-06
1.1e-06
1.1e-06
1.1e-06
1.1e-06
1.1e-06
1.1e-06
1.1e-06
1.1e-06
1.1e-06
1.1e-06
1.1e-06
1.1e-06
0.813439
0.810844
0.807932
0.804441
0.799594
0.790879
0.765158
0.416608
0.000739663
1.1e-06
1.1e-06
1.1e-06
1.1e-06
1.1e-06
1.1e-06
1.1e-06
1.1e-06
1.1e-06
1.1e-06
1.1e-06
1.1e-06
1.1e-06
1.1e-06
1.1e-06
1.1e-06
1.1e-06
1.1e-06
1.1e-06
1.1e-06
1.1e-06
1.1e-06
1.1e-06
1.1e-06
1.1e-06
1.1e-06
1.1e-06
1.1e-06
1.1e-06
1.1e-06
1.1e-06
1.1e-06
1.1e-06
1.1e-06
1.1e-06
1.1e-06
1.1e-06
1.1e-06
1.1e-06
1.1e-06
1.1e-06
1.1e-06
1.1e-06
1.1e-06
1.1e-06
1.1e-06
1.1e-06
1.1e-06
1.1e-06
1.1e-06
1.1e-06
1.1e-06
1.1e-06
1.1e-06
1.1e-06
1.1e-06
1.1e-06
1.1e-06
1.1e-06
1.1e-06
1.1e-06
1.1e-06
1.1e-06
1.1e-06
1.1e-06
1.1e-06
1.1e-06
1.1e-06
1.1e-06
1.1e-06
1.1e-06
1.1e-06
1.1e-06
1.1e-06
1.1e-06
1.1e-06
1.1e-06
1.1e-06
1.1e-06
1.1e-06
1.1e-06
1.1e-06
1.1e-06
1.1e-06
1.1e-06
1.1e-06
1.1e-06
1.1e-06
1.1e-06
1.1e-06
1.1e-06
1.1e-06
1.1e-06
1.1e-06
1.1e-06
1.1e-06
1.1e-06
1.1e-06
1.1e-06
1.1e-06
1.1e-06
1.1e-06
1.1e-06
1.1e-06
1.1e-06
1.1e-06
1.1e-06
1.1e-06
1.1e-06
1.1e-06
1.1e-06
1.1e-06
1.1e-06
1.1e-06
1.1e-06
1.1e-06
1.1e-06
1.1e-06
1.1e-06
1.1e-06
1.1e-06
1.1e-06
1.1e-06
1.1e-06
1.1e-06
1.1e-06
1.1e-06
1.1e-06
1.1e-06
1.1e-06
1.1e-06
1.1e-06
1.1e-06
1.1e-06
1.1e-06
1.1e-06
1.1e-06
1.1e-06
1.1e-06
1.1e-06
1.1e-06
1.1e-06
1.1e-06
1.1e-06
1.1e-06
1.1e-06
1.1e-06
1.1e-06
1.1e-06
1.1e-06
1.1e-06
1.1e-06
1.1e-06
1.1e-06
1.1e-06
1.1e-06
1.1e-06
1.1e-06
1.1e-06
1.1e-06
1.1e-06
1.1e-06
1.1e-06
1.1e-06
1.1e-06
1.1e-06
1.1e-06
1.1e-06
1.1e-06
1.1e-06
1.1e-06
0.810809
0.808203
0.805201
0.801389
0.79547
0.782509
0.712137
0.0900191
6.06748e-06
1.1e-06
1.1e-06
1.1e-06
1.1e-06
1.1e-06
1.1e-06
1.1e-06
1.1e-06
1.1e-06
1.1e-06
1.1e-06
1.1e-06
1.1e-06
1.1e-06
1.1e-06
1.1e-06
1.1e-06
1.1e-06
1.1e-06
1.1e-06
1.1e-06
1.1e-06
1.1e-06
1.1e-06
1.1e-06
1.1e-06
1.1e-06
1.1e-06
1.1e-06
1.1e-06
1.1e-06
1.1e-06
1.1e-06
1.1e-06
1.1e-06
1.1e-06
1.1e-06
1.1e-06
1.1e-06
1.1e-06
1.1e-06
1.1e-06
1.1e-06
1.1e-06
1.1e-06
1.1e-06
1.1e-06
1.1e-06
1.1e-06
1.1e-06
1.1e-06
1.1e-06
1.1e-06
1.1e-06
1.1e-06
1.1e-06
1.1e-06
1.1e-06
1.1e-06
1.1e-06
1.1e-06
1.1e-06
1.1e-06
1.1e-06
1.1e-06
1.1e-06
1.1e-06
1.1e-06
1.1e-06
1.1e-06
1.1e-06
1.1e-06
1.1e-06
1.1e-06
1.1e-06
1.1e-06
1.1e-06
1.1e-06
1.1e-06
1.1e-06
1.1e-06
1.1e-06
1.1e-06
1.1e-06
1.1e-06
1.1e-06
1.1e-06
1.1e-06
1.1e-06
1.1e-06
1.1e-06
1.1e-06
1.1e-06
1.1e-06
1.1e-06
1.1e-06
1.1e-06
1.1e-06
1.1e-06
1.1e-06
1.1e-06
1.1e-06
1.1e-06
1.1e-06
1.1e-06
1.1e-06
1.1e-06
1.1e-06
1.1e-06
1.1e-06
1.1e-06
1.1e-06
1.1e-06
1.1e-06
1.1e-06
1.1e-06
1.1e-06
1.1e-06
1.1e-06
1.1e-06
1.1e-06
1.1e-06
1.1e-06
1.1e-06
1.1e-06
1.1e-06
1.1e-06
1.1e-06
1.1e-06
1.1e-06
1.1e-06
1.1e-06
1.1e-06
1.1e-06
1.1e-06
1.1e-06
1.1e-06
1.1e-06
1.1e-06
1.1e-06
1.1e-06
1.1e-06
1.1e-06
1.1e-06
1.1e-06
1.1e-06
1.1e-06
1.1e-06
1.1e-06
1.1e-06
1.1e-06
1.1e-06
1.1e-06
1.1e-06
1.1e-06
1.1e-06
1.1e-06
1.1e-06
1.1e-06
1.1e-06
1.1e-06
1.1e-06
1.1e-06
1.1e-06
1.1e-06
1.1e-06
1.1e-06
1.1e-06
1.1e-06
1.1e-06
1.1e-06
0.808213
0.805606
0.802507
0.798296
0.790871
0.769828
0.490269
0.00187334
1.1e-06
1.1e-06
1.1e-06
1.1e-06
1.1e-06
1.1e-06
1.1e-06
1.1e-06
1.1e-06
1.1e-06
1.1e-06
1.1e-06
1.1e-06
1.1e-06
1.1e-06
1.1e-06
1.1e-06
1.1e-06
1.1e-06
1.1e-06
1.1e-06
1.1e-06
1.1e-06
1.1e-06
1.1e-06
1.1e-06
1.1e-06
1.1e-06
1.1e-06
1.1e-06
1.1e-06
1.1e-06
1.1e-06
1.1e-06
1.1e-06
1.1e-06
1.1e-06
1.1e-06
1.1e-06
1.1e-06
1.1e-06
1.1e-06
1.1e-06
1.1e-06
1.1e-06
1.1e-06
1.1e-06
1.1e-06
1.1e-06
1.1e-06
1.1e-06
1.1e-06
1.1e-06
1.1e-06
1.1e-06
1.1e-06
1.1e-06
1.1e-06
1.1e-06
1.1e-06
1.1e-06
1.1e-06
1.1e-06
1.1e-06
1.1e-06
1.1e-06
1.1e-06
1.1e-06
1.1e-06
1.1e-06
1.1e-06
1.1e-06
1.1e-06
1.1e-06
1.1e-06
1.1e-06
1.1e-06
1.1e-06
1.1e-06
1.1e-06
1.1e-06
1.1e-06
1.1e-06
1.1e-06
1.1e-06
1.1e-06
1.1e-06
1.1e-06
1.1e-06
1.1e-06
1.1e-06
1.1e-06
1.1e-06
1.1e-06
1.1e-06
1.1e-06
1.1e-06
1.1e-06
1.1e-06
1.1e-06
1.1e-06
1.1e-06
1.1e-06
1.1e-06
1.1e-06
1.1e-06
1.1e-06
1.1e-06
1.1e-06
1.1e-06
1.1e-06
1.1e-06
1.1e-06
1.1e-06
1.1e-06
1.1e-06
1.1e-06
1.1e-06
1.1e-06
1.1e-06
1.1e-06
1.1e-06
1.1e-06
1.1e-06
1.1e-06
1.1e-06
1.1e-06
1.1e-06
1.1e-06
1.1e-06
1.1e-06
1.1e-06
1.1e-06
1.1e-06
1.1e-06
1.1e-06
1.1e-06
1.1e-06
1.1e-06
1.1e-06
1.1e-06
1.1e-06
1.1e-06
1.1e-06
1.1e-06
1.1e-06
1.1e-06
1.1e-06
1.1e-06
1.1e-06
1.1e-06
1.1e-06
1.1e-06
1.1e-06
1.1e-06
1.1e-06
1.1e-06
1.1e-06
1.1e-06
1.1e-06
1.1e-06
1.1e-06
1.1e-06
1.1e-06
1.1e-06
1.1e-06
1.1e-06
1.1e-06
1.1e-06
1.1e-06
1.1e-06
1.1e-06
0.80562
0.803032
0.799846
0.795171
0.785654
0.746857
0.217238
6.06119e-05
1.1e-06
1.1e-06
1.1e-06
1.1e-06
1.1e-06
1.1e-06
1.1e-06
1.1e-06
1.1e-06
1.1e-06
1.1e-06
1.1e-06
1.1e-06
1.1e-06
1.1e-06
1.1e-06
1.1e-06
1.1e-06
1.1e-06
1.1e-06
1.1e-06
1.1e-06
1.1e-06
1.1e-06
1.1e-06
1.1e-06
1.1e-06
1.1e-06
1.1e-06
1.1e-06
1.1e-06
1.1e-06
1.1e-06
1.1e-06
1.1e-06
1.1e-06
1.1e-06
1.1e-06
1.1e-06
1.1e-06
1.1e-06
1.1e-06
1.1e-06
1.1e-06
1.1e-06
1.1e-06
1.1e-06
1.1e-06
1.1e-06
1.1e-06
1.1e-06
1.1e-06
1.1e-06
1.1e-06
1.1e-06
1.1e-06
1.1e-06
1.1e-06
1.1e-06
1.1e-06
1.1e-06
1.1e-06
1.1e-06
1.1e-06
1.1e-06
1.1e-06
1.1e-06
1.1e-06
1.1e-06
1.1e-06
1.1e-06
1.1e-06
1.1e-06
1.1e-06
1.1e-06
1.1e-06
1.1e-06
1.1e-06
1.1e-06
1.1e-06
1.1e-06
1.1e-06
1.1e-06
1.1e-06
1.1e-06
1.1e-06
1.1e-06
1.1e-06
1.1e-06
1.1e-06
1.1e-06
1.1e-06
1.1e-06
1.1e-06
1.1e-06
1.1e-06
1.1e-06
1.1e-06
1.1e-06
1.1e-06
1.1e-06
1.1e-06
1.1e-06
1.1e-06
1.1e-06
1.1e-06
1.1e-06
1.1e-06
1.1e-06
1.1e-06
1.1e-06
1.1e-06
1.1e-06
1.1e-06
1.1e-06
1.1e-06
1.1e-06
1.1e-06
1.1e-06
1.1e-06
1.1e-06
1.1e-06
1.1e-06
1.1e-06
1.1e-06
1.1e-06
1.1e-06
1.1e-06
1.1e-06
1.1e-06
1.1e-06
1.1e-06
1.1e-06
1.1e-06
1.1e-06
1.1e-06
1.1e-06
1.1e-06
1.1e-06
1.1e-06
1.1e-06
1.1e-06
1.1e-06
1.1e-06
1.1e-06
1.1e-06
1.1e-06
1.1e-06
1.1e-06
1.1e-06
1.1e-06
1.1e-06
1.1e-06
1.1e-06
1.1e-06
1.1e-06
1.1e-06
1.1e-06
1.1e-06
1.1e-06
1.1e-06
1.1e-06
1.1e-06
1.1e-06
1.1e-06
1.1e-06
1.1e-06
1.1e-06
1.1e-06
1.1e-06
1.1e-06
1.1e-06
0.802943
0.800409
0.797174
0.792034
0.779929
0.703451
0.0664299
3.83306e-06
1.1e-06
1.1e-06
1.1e-06
1.1e-06
1.1e-06
1.1e-06
1.1e-06
1.1e-06
1.1e-06
1.1e-06
1.1e-06
1.1e-06
1.1e-06
1.1e-06
1.1e-06
1.1e-06
1.1e-06
1.1e-06
1.1e-06
1.1e-06
1.1e-06
1.1e-06
1.1e-06
1.1e-06
1.1e-06
1.1e-06
1.1e-06
1.1e-06
1.1e-06
1.1e-06
1.1e-06
1.1e-06
1.1e-06
1.1e-06
1.1e-06
1.1e-06
1.1e-06
1.1e-06
1.1e-06
1.1e-06
1.1e-06
1.1e-06
1.1e-06
1.1e-06
1.1e-06
1.1e-06
1.1e-06
1.1e-06
1.1e-06
1.1e-06
1.1e-06
1.1e-06
1.1e-06
1.1e-06
1.1e-06
1.1e-06
1.1e-06
1.1e-06
1.1e-06
1.1e-06
1.1e-06
1.1e-06
1.1e-06
1.1e-06
1.1e-06
1.1e-06
1.1e-06
1.1e-06
1.1e-06
1.1e-06
1.1e-06
1.1e-06
1.1e-06
1.1e-06
1.1e-06
1.1e-06
1.1e-06
1.1e-06
1.1e-06
1.1e-06
1.1e-06
1.1e-06
1.1e-06
1.1e-06
1.1e-06
1.1e-06
1.1e-06
1.1e-06
1.1e-06
1.1e-06
1.1e-06
1.1e-06
1.1e-06
1.1e-06
1.1e-06
1.1e-06
1.1e-06
1.1e-06
1.1e-06
1.1e-06
1.1e-06
1.1e-06
1.1e-06
1.1e-06
1.1e-06
1.1e-06
1.1e-06
1.1e-06
1.1e-06
1.1e-06
1.1e-06
1.1e-06
1.1e-06
1.1e-06
1.1e-06
1.1e-06
1.1e-06
1.1e-06
1.1e-06
1.1e-06
1.1e-06
1.1e-06
1.1e-06
1.1e-06
1.1e-06
1.1e-06
1.1e-06
1.1e-06
1.1e-06
1.1e-06
1.1e-06
1.1e-06
1.1e-06
1.1e-06
1.1e-06
1.1e-06
1.1e-06
1.1e-06
1.1e-06
1.1e-06
1.1e-06
1.1e-06
1.1e-06
1.1e-06
1.1e-06
1.1e-06
1.1e-06
1.1e-06
1.1e-06
1.1e-06
1.1e-06
1.1e-06
1.1e-06
1.1e-06
1.1e-06
1.1e-06
1.1e-06
1.1e-06
1.1e-06
1.1e-06
1.1e-06
1.1e-06
1.1e-06
1.1e-06
1.1e-06
1.1e-06
1.1e-06
1.1e-06
1.1e-06
1.1e-06
1.1e-06
1.1e-06
0.800025
0.797596
0.794374
0.788812
0.773453
0.602225
0.00954205
1.1001e-06
1.1e-06
1.1e-06
1.1e-06
1.1e-06
1.1e-06
1.1e-06
1.1e-06
1.1e-06
1.1e-06
1.1e-06
1.1e-06
1.1e-06
1.1e-06
1.1e-06
1.1e-06
1.1e-06
1.1e-06
1.1e-06
1.1e-06
1.1e-06
1.1e-06
1.1e-06
1.1e-06
1.1e-06
1.1e-06
1.1e-06
1.1e-06
1.1e-06
1.1e-06
1.1e-06
1.1e-06
1.1e-06
1.1e-06
1.1e-06
1.1e-06
1.1e-06
1.1e-06
1.1e-06
1.1e-06
1.1e-06
1.1e-06
1.1e-06
1.1e-06
1.1e-06
1.1e-06
1.1e-06
1.1e-06
1.1e-06
1.1e-06
1.1e-06
1.1e-06
1.1e-06
1.1e-06
1.1e-06
1.1e-06
1.1e-06
1.1e-06
1.1e-06
1.1e-06
1.1e-06
1.1e-06
1.1e-06
1.1e-06
1.1e-06
1.1e-06
1.1e-06
1.1e-06
1.1e-06
1.1e-06
1.1e-06
1.1e-06
1.1e-06
1.1e-06
1.1e-06
1.1e-06
1.1e-06
1.1e-06
1.1e-06
1.1e-06
1.1e-06
1.1e-06
1.1e-06
1.1e-06
1.1e-06
1.1e-06
1.1e-06
1.1e-06
1.1e-06
1.1e-06
1.1e-06
1.1e-06
1.1e-06
1.1e-06
1.1e-06
1.1e-06
1.1e-06
1.1e-06
1.1e-06
1.1e-06
1.1e-06
1.1e-06
1.1e-06
1.1e-06
1.1e-06
1.1e-06
1.1e-06
1.1e-06
1.1e-06
1.1e-06
1.1e-06
1.1e-06
1.1e-06
1.1e-06
1.1e-06
1.1e-06
1.1e-06
1.1e-06
1.1e-06
1.1e-06
1.1e-06
1.1e-06
1.1e-06
1.1e-06
1.1e-06
1.1e-06
1.1e-06
1.1e-06
1.1e-06
1.1e-06
1.1e-06
1.1e-06
1.1e-06
1.1e-06
1.1e-06
1.1e-06
1.1e-06
1.1e-06
1.1e-06
1.1e-06
1.1e-06
1.1e-06
1.1e-06
1.1e-06
1.1e-06
1.1e-06
1.1e-06
1.1e-06
1.1e-06
1.1e-06
1.1e-06
1.1e-06
1.1e-06
1.1e-06
1.1e-06
1.1e-06
1.1e-06
1.1e-06
1.1e-06
1.1e-06
1.1e-06
1.1e-06
1.1e-06
1.1e-06
1.1e-06
1.1e-06
1.1e-06
1.1e-06
1.1e-06
1.1e-06
1.1e-06
1.1e-06
1.1e-06
0.796544
0.794301
0.7912
0.785343
0.765937
0.461899
0.00139879
1.1e-06
1.1e-06
1.1e-06
1.1e-06
1.1e-06
1.1e-06
1.1e-06
1.1e-06
1.1e-06
1.1e-06
1.1e-06
1.1e-06
1.1e-06
1.1e-06
1.1e-06
1.1e-06
1.1e-06
1.1e-06
1.1e-06
1.1e-06
1.1e-06
1.1e-06
1.1e-06
1.1e-06
1.1e-06
1.1e-06
1.1e-06
1.1e-06
1.1e-06
1.1e-06
1.1e-06
1.1e-06
1.1e-06
1.1e-06
1.1e-06
1.1e-06
1.1e-06
1.1e-06
1.1e-06
1.1e-06
1.1e-06
1.1e-06
1.1e-06
1.1e-06
1.1e-06
1.1e-06
1.1e-06
1.1e-06
1.1e-06
1.1e-06
1.1e-06
1.1e-06
1.1e-06
1.1e-06
1.1e-06
1.1e-06
1.1e-06
1.1e-06
1.1e-06
1.1e-06
1.1e-06
1.1e-06
1.1e-06
1.1e-06
1.1e-06
1.1e-06
1.1e-06
1.1e-06
1.1e-06
1.1e-06
1.1e-06
1.1e-06
1.1e-06
1.1e-06
1.1e-06
1.1e-06
1.1e-06
1.1e-06
1.1e-06
1.1e-06
1.1e-06
1.1e-06
1.1e-06
1.1e-06
1.1e-06
1.1e-06
1.1e-06
1.1e-06
1.1e-06
1.1e-06
1.1e-06
1.1e-06
1.1e-06
1.1e-06
1.1e-06
1.1e-06
1.1e-06
1.1e-06
1.1e-06
1.1e-06
1.1e-06
1.1e-06
1.1e-06
1.1e-06
1.1e-06
1.1e-06
1.1e-06
1.1e-06
1.1e-06
1.1e-06
1.1e-06
1.1e-06
1.1e-06
1.1e-06
1.1e-06
1.1e-06
1.1e-06
1.1e-06
1.1e-06
1.1e-06
1.1e-06
1.1e-06
1.1e-06
1.1e-06
1.1e-06
1.1e-06
1.1e-06
1.1e-06
1.1e-06
1.1e-06
1.1e-06
1.1e-06
1.1e-06
1.1e-06
1.1e-06
1.1e-06
1.1e-06
1.1e-06
1.1e-06
1.1e-06
1.1e-06
1.1e-06
1.1e-06
1.1e-06
1.1e-06
1.1e-06
1.1e-06
1.1e-06
1.1e-06
1.1e-06
1.1e-06
1.1e-06
1.1e-06
1.1e-06
1.1e-06
1.1e-06
1.1e-06
1.1e-06
1.1e-06
1.1e-06
1.1e-06
1.1e-06
1.1e-06
1.1e-06
1.1e-06
1.1e-06
1.1e-06
1.1e-06
1.1e-06
1.1e-06
1.1e-06
1.1e-06
1.1e-06
0.791526
0.78965
0.7869
0.78109
0.757592
0.361341
0.000380162
1.1e-06
1.1e-06
1.1e-06
1.1e-06
1.1e-06
1.1e-06
1.1e-06
1.1e-06
1.1e-06
1.1e-06
1.1e-06
1.1e-06
1.1e-06
1.1e-06
1.1e-06
1.1e-06
1.1e-06
1.1e-06
1.1e-06
1.1e-06
1.1e-06
1.1e-06
1.1e-06
1.1e-06
1.1e-06
1.1e-06
1.1e-06
1.1e-06
1.1e-06
1.1e-06
1.1e-06
1.1e-06
1.1e-06
1.1e-06
1.1e-06
1.1e-06
1.1e-06
1.1e-06
1.1e-06
1.1e-06
1.1e-06
1.1e-06
1.1e-06
1.1e-06
1.1e-06
1.1e-06
1.1e-06
1.1e-06
1.1e-06
1.1e-06
1.1e-06
1.1e-06
1.1e-06
1.1e-06
1.1e-06
1.1e-06
1.1e-06
1.1e-06
1.1e-06
1.1e-06
1.1e-06
1.1e-06
1.1e-06
1.1e-06
1.1e-06
1.1e-06
1.1e-06
1.1e-06
1.1e-06
1.1e-06
1.1e-06
1.1e-06
1.1e-06
1.1e-06
1.1e-06
1.1e-06
1.1e-06
1.1e-06
1.1e-06
1.1e-06
1.1e-06
1.1e-06
1.1e-06
1.1e-06
1.1e-06
1.1e-06
1.1e-06
1.1e-06
1.1e-06
1.1e-06
1.1e-06
1.1e-06
1.1e-06
1.1e-06
1.1e-06
1.1e-06
1.1e-06
1.1e-06
1.1e-06
1.1e-06
1.1e-06
1.1e-06
1.1e-06
1.1e-06
1.1e-06
1.1e-06
1.1e-06
1.1e-06
1.1e-06
1.1e-06
1.1e-06
1.1e-06
1.1e-06
1.1e-06
1.1e-06
1.1e-06
1.1e-06
1.1e-06
1.1e-06
1.1e-06
1.1e-06
1.1e-06
1.1e-06
1.1e-06
1.1e-06
1.1e-06
1.1e-06
1.1e-06
1.1e-06
1.1e-06
1.1e-06
1.1e-06
1.1e-06
1.1e-06
1.1e-06
1.1e-06
1.1e-06
1.1e-06
1.1e-06
1.1e-06
1.1e-06
1.1e-06
1.1e-06
1.1e-06
1.1e-06
1.1e-06
1.1e-06
1.1e-06
1.1e-06
1.1e-06
1.1e-06
1.1e-06
1.1e-06
1.1e-06
1.1e-06
1.1e-06
1.1e-06
1.1e-06
1.1e-06
1.1e-06
1.1e-06
1.1e-06
1.1e-06
1.1e-06
1.1e-06
1.1e-06
1.1e-06
1.1e-06
1.1e-06
1.1e-06
1.1e-06
1.1e-06
1.1e-06
0.771542
0.771464
0.770825
0.767364
0.739674
0.260198
0.000111575
1.1e-06
1.1e-06
1.1e-06
1.1e-06
1.1e-06
1.1e-06
1.1e-06
1.1e-06
1.1e-06
1.1e-06
1.1e-06
1.1e-06
1.1e-06
1.1e-06
1.1e-06
1.1e-06
1.1e-06
1.1e-06
1.1e-06
1.1e-06
1.1e-06
1.1e-06
1.1e-06
1.1e-06
1.1e-06
1.1e-06
1.1e-06
1.1e-06
1.1e-06
1.1e-06
1.1e-06
1.1e-06
1.1e-06
1.1e-06
1.1e-06
1.1e-06
1.1e-06
1.1e-06
1.1e-06
1.1e-06
1.1e-06
1.1e-06
1.1e-06
1.1e-06
1.1e-06
1.1e-06
1.1e-06
1.1e-06
1.1e-06
1.1e-06
1.1e-06
1.1e-06
1.1e-06
1.1e-06
1.1e-06
1.1e-06
1.1e-06
1.1e-06
1.1e-06
1.1e-06
1.1e-06
1.1e-06
1.1e-06
1.1e-06
1.1e-06
1.1e-06
1.1e-06
1.1e-06
1.1e-06
1.1e-06
1.1e-06
1.1e-06
1.1e-06
1.1e-06
1.1e-06
1.1e-06
1.1e-06
1.1e-06
1.1e-06
1.1e-06
1.1e-06
1.1e-06
1.1e-06
1.1e-06
1.1e-06
1.1e-06
1.1e-06
1.1e-06
1.1e-06
1.1e-06
1.1e-06
1.1e-06
1.1e-06
1.1e-06
1.1e-06
1.1e-06
1.1e-06
1.1e-06
1.1e-06
1.1e-06
1.1e-06
1.1e-06
1.1e-06
1.1e-06
1.1e-06
1.1e-06
1.1e-06
1.1e-06
1.1e-06
1.1e-06
1.1e-06
1.1e-06
1.1e-06
1.1e-06
1.1e-06
1.1e-06
1.1e-06
1.1e-06
1.1e-06
1.1e-06
1.1e-06
1.1e-06
1.1e-06
1.1e-06
1.1e-06
1.1e-06
1.1e-06
1.1e-06
1.1e-06
1.1e-06
1.1e-06
1.1e-06
1.1e-06
1.1e-06
1.1e-06
1.1e-06
1.1e-06
1.1e-06
1.1e-06
1.1e-06
1.1e-06
1.1e-06
1.1e-06
1.1e-06
1.1e-06
1.1e-06
1.1e-06
1.1e-06
1.1e-06
1.1e-06
1.1e-06
1.1e-06
1.1e-06
1.1e-06
1.1e-06
1.1e-06
1.1e-06
1.1e-06
1.1e-06
1.1e-06
1.1e-06
1.1e-06
1.1e-06
1.1e-06
1.1e-06
1.1e-06
1.1e-06
1.1e-06
1.1e-06
1.1e-06
1.1e-06
1.1e-06
1.1e-06
1.1e-06
1.1e-06
1.1e-06
1.1e-06
1.1e-06
1.1e-06
1.1e-06
1.1e-06
1.1e-06
1.1e-06
1.1e-06
1.1e-06
1.1e-06
1.1e-06
1.1e-06
1.1e-06
1.1e-06
1.1e-06
1.1e-06
1.1e-06
1.1e-06
1.1e-06
1.1e-06
1.1e-06
1.1e-06
1.1e-06
1.1e-06
1.1e-06
1.1e-06
1.1e-06
1.1e-06
1.1e-06
1.1e-06
1.1e-06
1.1e-06
1.1e-06
1.1e-06
1.1e-06
1.1e-06
1.1e-06
1.1e-06
1.1e-06
1.1e-06
1.1e-06
1.1e-06
1.1e-06
1.1e-06
1.1e-06
1.1e-06
1.1e-06
1.1e-06
1.1e-06
1.1e-06
1.1e-06
1.1e-06
1.1e-06
1.1e-06
1.1e-06
1.1e-06
1.1e-06
1.1e-06
1.1e-06
1.1e-06
1.1e-06
1.1e-06
1.1e-06
1.1e-06
1.1e-06
1.1e-06
1.1e-06
1.1e-06
1.1e-06
1.1e-06
1.1e-06
1.1e-06
1.1e-06
1.1e-06
1.1e-06
1.1e-06
1.1e-06
1.1e-06
1.1e-06
1.1e-06
1.1e-06
1.1e-06
1.1e-06
1.1e-06
1.1e-06
1.1e-06
1.1e-06
1.1e-06
1.1e-06
1.1e-06
1.1e-06
1.1e-06
1.1e-06
1.1e-06
1.1e-06
1.1e-06
1.1e-06
1.1e-06
1.1e-06
1.1e-06
1.1e-06
1.1e-06
1.1e-06
1.1e-06
1.1e-06
1.1e-06
1.1e-06
1.1e-06
1.1e-06
1.1e-06
1.1e-06
1.1e-06
1.1e-06
1.1e-06
1.1e-06
1.1e-06
1.1e-06
1.1e-06
1.1e-06
1.1e-06
1.1e-06
1.1e-06
1.1e-06
1.1e-06
1.1e-06
1.1e-06
1.1e-06
1.1e-06
1.1e-06
1.1e-06
1.1e-06
1.1e-06
1.1e-06
1.1e-06
1.1e-06
1.1e-06
1.1e-06
1.1e-06
1.1e-06
1.1e-06
1.1e-06
1.1e-06
1.1e-06
1.1e-06
1.1e-06
1.1e-06
1.1e-06
1.1e-06
1.1e-06
1.1e-06
1.1e-06
1.1e-06
1.1e-06
1.1e-06
1.1e-06
1.1e-06
1.1e-06
1.1e-06
1.1e-06
1.1e-06
1.1e-06
1.1e-06
1.1e-06
1.1e-06
1.1e-06
1.1e-06
1.1e-06
1.1e-06
1.1e-06
1.1e-06
1.1e-06
1.1e-06
1.1e-06
1.1e-06
1.1e-06
1.1e-06
1.1e-06
1.1e-06
1.1e-06
1.1e-06
1.1e-06
1.1e-06
1.1e-06
1.1e-06
1.1e-06
1.1e-06
1.1e-06
1.1e-06
1.1e-06
1.1e-06
1.1e-06
1.1e-06
1.1e-06
1.1e-06
1.1e-06
1.1e-06
1.1e-06
1.1e-06
1.1e-06
1.1e-06
1.1e-06
1.1e-06
1.1e-06
1.1e-06
1.1e-06
1.1e-06
1.1e-06
1.1e-06
1.1e-06
1.1e-06
1.1e-06
1.1e-06
1.1e-06
1.1e-06
1.1e-06
1.1e-06
1.1e-06
1.1e-06
1.1e-06
1.1e-06
1.1e-06
1.1e-06
1.1e-06
1.1e-06
1.1e-06
1.1e-06
1.1e-06
1.1e-06
1.1e-06
1.1e-06
1.1e-06
1.1e-06
1.1e-06
1.1e-06
1.1e-06
1.1e-06
1.1e-06
1.1e-06
1.1e-06
1.1e-06
1.1e-06
1.1e-06
1.1e-06
1.1e-06
1.1e-06
1.1e-06
1.1e-06
1.1e-06
1.1e-06
1.1e-06
1.1e-06
1.1e-06
1.1e-06
1.1e-06
1.1e-06
1.1e-06
1.1e-06
1.1e-06
1.1e-06
1.1e-06
1.1e-06
1.1e-06
1.1e-06
1.1e-06
1.1e-06
1.1e-06
1.1e-06
1.1e-06
1.1e-06
1.1e-06
1.1e-06
1.1e-06
1.1e-06
1.1e-06
1.1e-06
1.1e-06
1.1e-06
1.1e-06
1.1e-06
1.1e-06
1.1e-06
1.1e-06
1.1e-06
1.1e-06
1.1e-06
1.1e-06
1.1e-06
1.1e-06
1.1e-06
1.1e-06
1.1e-06
1.1e-06
1.1e-06
1.1e-06
1.1e-06
1.1e-06
1.1e-06
1.1e-06
1.1e-06
1.1e-06
1.1e-06
1.1e-06
1.1e-06
1.1e-06
1.1e-06
1.1e-06
1.1e-06
1.1e-06
1.1e-06
1.1e-06
1.1e-06
1.1e-06
1.1e-06
1.1e-06
1.1e-06
1.1e-06
1.1e-06
1.1e-06
1.1e-06
1.1e-06
1.1e-06
1.1e-06
1.1e-06
1.1e-06
1.1e-06
1.1e-06
1.1e-06
1.1e-06
1.1e-06
1.1e-06
1.1e-06
1.1e-06
1.1e-06
1.1e-06
1.1e-06
1.1e-06
1.1e-06
1.1e-06
1.1e-06
1.1e-06
1.1e-06
1.1e-06
1.1e-06
1.1e-06
1.1e-06
1.1e-06
1.1e-06
1.1e-06
1.1e-06
1.1e-06
1.1e-06
1.1e-06
1.1e-06
1.1e-06
1.1e-06
1.1e-06
1.1e-06
1.1e-06
1.1e-06
1.1e-06
1.1e-06
1.1e-06
1.1e-06
1.1e-06
1.1e-06
1.1e-06
1.1e-06
1.1e-06
1.1e-06
1.1e-06
1.1e-06
1.1e-06
1.1e-06
1.1e-06
1.1e-06
1.1e-06
1.1e-06
1.1e-06
1.1e-06
1.1e-06
1.1e-06
1.1e-06
1.1e-06
1.1e-06
1.1e-06
1.1e-06
1.1e-06
1.1e-06
1.1e-06
1.1e-06
1.1e-06
1.1e-06
1.1e-06
1.1e-06
1.1e-06
1.1e-06
1.1e-06
1.1e-06
1.1e-06
1.1e-06
1.1e-06
1.1e-06
1.1e-06
1.1e-06
1.1e-06
1.1e-06
1.1e-06
1.1e-06
1.1e-06
1.1e-06
1.1e-06
1.1e-06
1.1e-06
1.1e-06
1.1e-06
1.1e-06
1.1e-06
1.1e-06
1.1e-06
1.1e-06
1.1e-06
1.1e-06
1.1e-06
1.1e-06
1.1e-06
1.1e-06
1.1e-06
1.1e-06
1.1e-06
1.1e-06
1.1e-06
1.1e-06
1.1e-06
1.1e-06
1.1e-06
1.1e-06
1.1e-06
1.1e-06
1.1e-06
1.1e-06
1.1e-06
1.1e-06
1.1e-06
1.1e-06
1.1e-06
1.1e-06
1.1e-06
1.1e-06
1.1e-06
1.1e-06
1.1e-06
1.1e-06
1.1e-06
1.1e-06
1.1e-06
1.1e-06
1.1e-06
1.1e-06
1.1e-06
1.1e-06
1.1e-06
1.1e-06
1.1e-06
1.1e-06
1.1e-06
1.1e-06
1.1e-06
1.1e-06
1.1e-06
1.1e-06
1.1e-06
1.1e-06
1.1e-06
1.1e-06
1.1e-06
1.1e-06
1.1e-06
1.1e-06
1.1e-06
1.1e-06
1.1e-06
1.1e-06
1.1e-06
1.1e-06
1.1e-06
1.1e-06
1.1e-06
1.1e-06
1.1e-06
1.1e-06
1.1e-06
1.1e-06
1.1e-06
1.1e-06
1.1e-06
1.1e-06
1.1e-06
1.1e-06
1.1e-06
1.1e-06
1.1e-06
1.1e-06
1.1e-06
1.1e-06
1.1e-06
1.1e-06
1.1e-06
1.1e-06
1.1e-06
1.1e-06
1.1e-06
1.1e-06
1.1e-06
1.1e-06
1.1e-06
1.1e-06
1.1e-06
1.1e-06
1.1e-06
1.1e-06
1.1e-06
1.1e-06
1.1e-06
1.1e-06
1.1e-06
1.1e-06
1.1e-06
1.1e-06
1.1e-06
1.1e-06
1.1e-06
1.1e-06
1.1e-06
1.1e-06
1.1e-06
1.1e-06
1.1e-06
1.1e-06
1.1e-06
1.1e-06
1.1e-06
1.1e-06
1.1e-06
1.1e-06
1.1e-06
1.1e-06
1.1e-06
1.1e-06
1.1e-06
1.1e-06
1.1e-06
1.1e-06
1.1e-06
1.1e-06
1.1e-06
1.1e-06
1.1e-06
1.1e-06
1.1e-06
1.1e-06
1.1e-06
1.1e-06
1.1e-06
1.1e-06
1.1e-06
1.1e-06
1.1e-06
1.1e-06
1.1e-06
1.1e-06
1.1e-06
1.1e-06
1.1e-06
1.1e-06
1.1e-06
1.1e-06
1.1e-06
1.1e-06
1.1e-06
1.1e-06
1.1e-06
1.1e-06
1.1e-06
1.1e-06
1.1e-06
1.1e-06
1.1e-06
1.1e-06
1.1e-06
1.1e-06
1.1e-06
1.1e-06
1.1e-06
1.1e-06
1.1e-06
1.1e-06
1.1e-06
1.1e-06
1.1e-06
1.1e-06
1.1e-06
1.1e-06
1.1e-06
1.1e-06
1.1e-06
1.1e-06
1.1e-06
1.1e-06
1.1e-06
1.1e-06
1.1e-06
1.1e-06
1.1e-06
1.1e-06
1.1e-06
1.1e-06
1.1e-06
1.1e-06
1.1e-06
1.1e-06
1.1e-06
1.1e-06
1.1e-06
1.1e-06
1.1e-06
1.1e-06
1.1e-06
1.1e-06
1.1e-06
1.1e-06
1.1e-06
1.1e-06
1.1e-06
1.1e-06
1.1e-06
1.1e-06
1.1e-06
1.1e-06
1.1e-06
1.1e-06
1.1e-06
1.1e-06
1.1e-06
1.1e-06
1.1e-06
1.1e-06
1.1e-06
1.1e-06
1.1e-06
1.1e-06
1.1e-06
1.1e-06
1.1e-06
1.1e-06
1.1e-06
1.1e-06
1.1e-06
1.1e-06
1.1e-06
1.1e-06
1.1e-06
1.1e-06
1.1e-06
1.1e-06
1.1e-06
1.1e-06
1.1e-06
1.1e-06
1.1e-06
1.1e-06
1.1e-06
1.1e-06
1.1e-06
1.1e-06
1.1e-06
1.1e-06
1.1e-06
1.1e-06
1.1e-06
1.1e-06
1.1e-06
1.1e-06
1.1e-06
1.1e-06
1.1e-06
1.1e-06
1.1e-06
1.1e-06
1.1e-06
1.1e-06
1.1e-06
1.1e-06
1.1e-06
1.1e-06
1.1e-06
1.1e-06
1.1e-06
1.1e-06
1.1e-06
1.1e-06
1.1e-06
1.1e-06
1.1e-06
1.1e-06
1.1e-06
1.1e-06
1.1e-06
1.1e-06
1.1e-06
1.1e-06
1.1e-06
1.1e-06
1.1e-06
1.1e-06
1.1e-06
1.1e-06
1.1e-06
1.1e-06
1.1e-06
1.1e-06
1.1e-06
1.1e-06
1.1e-06
1.1e-06
1.1e-06
1.1e-06
1.1e-06
1.1e-06
1.1e-06
1.1e-06
1.1e-06
1.1e-06
1.1e-06
1.1e-06
1.1e-06
1.1e-06
1.1e-06
1.1e-06
1.1e-06
1.1e-06
1.1e-06
1.1e-06
1.1e-06
1.1e-06
1.1e-06
1.1e-06
1.1e-06
1.1e-06
1.1e-06
1.1e-06
1.1e-06
1.1e-06
1.1e-06
1.1e-06
1.1e-06
1.1e-06
1.1e-06
1.1e-06
1.1e-06
1.1e-06
1.1e-06
1.1e-06
1.1e-06
1.1e-06
1.1e-06
1.1e-06
1.1e-06
1.1e-06
1.1e-06
1.1e-06
1.1e-06
1.1e-06
1.1e-06
1.1e-06
1.1e-06
1.1e-06
1.1e-06
1.1e-06
1.1e-06
1.1e-06
1.1e-06
1.1e-06
1.1e-06
1.1e-06
1.1e-06
1.1e-06
1.1e-06
1.1e-06
1.1e-06
1.1e-06
1.1e-06
1.1e-06
1.1e-06
1.1e-06
1.1e-06
1.1e-06
1.1e-06
1.1e-06
1.1e-06
1.1e-06
1.1e-06
1.1e-06
1.1e-06
1.1e-06
1.1e-06
1.1e-06
1.1e-06
1.1e-06
1.1e-06
1.1e-06
1.1e-06
1.1e-06
1.1e-06
1.1e-06
1.1e-06
1.1e-06
1.1e-06
1.1e-06
1.1e-06
1.1e-06
1.1e-06
1.1e-06
1.1e-06
1.1e-06
1.1e-06
1.1e-06
1.1e-06
1.1e-06
1.1e-06
1.1e-06
1.1e-06
1.1e-06
1.1e-06
1.1e-06
1.1e-06
1.1e-06
1.1e-06
1.1e-06
1.1e-06
1.1e-06
1.1e-06
1.1e-06
1.1e-06
1.1e-06
1.1e-06
1.1e-06
1.1e-06
1.1e-06
1.1e-06
1.1e-06
1.1e-06
1.1e-06
1.1e-06
1.1e-06
1.1e-06
1.1e-06
1.1e-06
1.1e-06
1.1e-06
1.1e-06
1.1e-06
1.1e-06
1.1e-06
1.1e-06
1.1e-06
1.1e-06
1.1e-06
1.1e-06
1.1e-06
1.1e-06
1.1e-06
1.1e-06
1.1e-06
1.1e-06
1.1e-06
1.1e-06
1.1e-06
1.1e-06
1.1e-06
1.1e-06
1.1e-06
1.1e-06
1.1e-06
1.1e-06
1.1e-06
1.1e-06
1.1e-06
1.1e-06
1.1e-06
1.1e-06
1.1e-06
1.1e-06
1.1e-06
1.1e-06
1.1e-06
1.1e-06
1.1e-06
1.1e-06
1.1e-06
1.1e-06
1.1e-06
1.1e-06
1.1e-06
1.1e-06
1.1e-06
1.1e-06
1.1e-06
1.1e-06
1.1e-06
1.1e-06
1.1e-06
1.1e-06
1.1e-06
1.1e-06
1.1e-06
1.1e-06
1.1e-06
1.1e-06
1.1e-06
1.1e-06
1.1e-06
1.1e-06
1.1e-06
1.1e-06
1.1e-06
1.1e-06
1.1e-06
1.1e-06
1.1e-06
1.1e-06
1.1e-06
1.1e-06
1.1e-06
1.1e-06
1.1e-06
1.1e-06
1.1e-06
1.1e-06
1.1e-06
1.1e-06
1.1e-06
1.1e-06
1.1e-06
1.1e-06
1.1e-06
1.1e-06
1.1e-06
1.1e-06
1.1e-06
1.1e-06
1.1e-06
1.1e-06
1.1e-06
1.1e-06
1.1e-06
1.1e-06
1.1e-06
1.1e-06
1.1e-06
1.1e-06
1.1e-06
1.1e-06
1.1e-06
1.1e-06
1.1e-06
1.1e-06
1.1e-06
1.1e-06
1.1e-06
1.1e-06
1.1e-06
1.1e-06
1.1e-06
1.1e-06
1.1e-06
1.1e-06
1.1e-06
1.1e-06
1.1e-06
1.1e-06
1.1e-06
1.1e-06
1.1e-06
1.1e-06
1.1e-06
1.1e-06
1.1e-06
1.1e-06
1.1e-06
1.1e-06
1.1e-06
1.1e-06
1.1e-06
1.1e-06
1.1e-06
1.1e-06
1.1e-06
1.1e-06
1.1e-06
1.1e-06
1.1e-06
1.1e-06
1.1e-06
1.1e-06
1.1e-06
1.1e-06
1.1e-06
1.1e-06
1.1e-06
1.1e-06
1.1e-06
1.1e-06
1.1e-06
1.1e-06
1.1e-06
1.1e-06
1.1e-06
1.1e-06
1.1e-06
1.1e-06
1.1e-06
1.1e-06
1.1e-06
1.1e-06
1.1e-06
1.1e-06
1.1e-06
1.1e-06
1.1e-06
1.1e-06
1.1e-06
1.1e-06
1.1e-06
1.1e-06
1.1e-06
1.1e-06
1.1e-06
1.1e-06
1.1e-06
1.1e-06
1.1e-06
1.1e-06
1.1e-06
1.1e-06
1.1e-06
1.1e-06
1.1e-06
1.1e-06
1.1e-06
1.1e-06
1.1e-06
1.1e-06
1.1e-06
1.1e-06
1.1e-06
1.1e-06
1.1e-06
1.1e-06
1.1e-06
1.1e-06
1.1e-06
1.1e-06
1.1e-06
1.1e-06
1.1e-06
1.1e-06
1.1e-06
1.1e-06
1.1e-06
1.1e-06
1.1e-06
1.1e-06
1.1e-06
1.1e-06
1.1e-06
1.1e-06
1.1e-06
1.1e-06
1.1e-06
1.1e-06
1.1e-06
1.1e-06
1.1e-06
1.1e-06
1.1e-06
1.1e-06
1.1e-06
1.1e-06
1.1e-06
1.1e-06
1.1e-06
1.1e-06
1.1e-06
1.1e-06
1.1e-06
1.1e-06
1.1e-06
1.1e-06
1.1e-06
1.1e-06
1.1e-06
1.1e-06
1.1e-06
1.1e-06
1.1e-06
1.1e-06
1.1e-06
1.1e-06
1.1e-06
1.1e-06
1.1e-06
1.1e-06
1.1e-06
1.1e-06
1.1e-06
1.1e-06
1.1e-06
1.1e-06
1.1e-06
1.1e-06
1.1e-06
1.1e-06
1.1e-06
1.1e-06
1.1e-06
1.1e-06
1.1e-06
1.1e-06
1.1e-06
1.1e-06
1.1e-06
1.1e-06
1.1e-06
1.1e-06
1.1e-06
1.1e-06
1.1e-06
1.1e-06
1.1e-06
1.1e-06
1.1e-06
1.1e-06
1.1e-06
1.1e-06
1.1e-06
1.1e-06
1.1e-06
1.1e-06
1.1e-06
1.1e-06
1.1e-06
1.1e-06
1.1e-06
1.1e-06
1.1e-06
1.1e-06
1.1e-06
1.1e-06
1.1e-06
1.1e-06
1.1e-06
1.1e-06
1.1e-06
1.1e-06
1.1e-06
1.1e-06
1.1e-06
1.1e-06
1.1e-06
1.1e-06
1.1e-06
1.1e-06
1.1e-06
1.1e-06
1.1e-06
1.1e-06
1.1e-06
1.1e-06
1.1e-06
1.1e-06
1.1e-06
1.1e-06
1.1e-06
1.1e-06
1.1e-06
1.1e-06
1.1e-06
1.1e-06
1.1e-06
1.1e-06
1.1e-06
1.1e-06
1.1e-06
1.1e-06
1.1e-06
1.1e-06
1.1e-06
1.1e-06
1.1e-06
1.1e-06
1.1e-06
1.1e-06
1.1e-06
1.1e-06
1.1e-06
1.1e-06
1.1e-06
1.1e-06
1.1e-06
1.1e-06
1.1e-06
1.1e-06
1.1e-06
1.1e-06
1.1e-06
1.1e-06
1.1e-06
1.1e-06
1.1e-06
1.1e-06
1.1e-06
1.1e-06
1.1e-06
1.1e-06
1.1e-06
1.1e-06
1.1e-06
1.1e-06
1.1e-06
1.1e-06
1.1e-06
1.1e-06
1.1e-06
1.1e-06
1.1e-06
1.1e-06
1.1e-06
1.1e-06
1.1e-06
1.1e-06
1.1e-06
1.1e-06
1.1e-06
1.1e-06
1.1e-06
1.1e-06
1.1e-06
1.1e-06
1.1e-06
1.1e-06
1.1e-06
1.1e-06
1.1e-06
1.1e-06
1.1e-06
1.1e-06
1.1e-06
1.1e-06
1.1e-06
1.1e-06
1.1e-06
1.1e-06
1.1e-06
1.1e-06
1.1e-06
1.1e-06
1.1e-06
1.1e-06
1.1e-06
1.1e-06
1.1e-06
1.1e-06
1.1e-06
1.1e-06
1.1e-06
1.1e-06
1.1e-06
1.1e-06
1.1e-06
1.1e-06
1.1e-06
1.1e-06
1.1e-06
1.1e-06
1.1e-06
1.1e-06
1.1e-06
1.1e-06
1.1e-06
1.1e-06
1.1e-06
1.1e-06
1.1e-06
1.1e-06
1.1e-06
1.1e-06
1.1e-06
1.1e-06
1.1e-06
1.1e-06
1.1e-06
1.1e-06
1.1e-06
1.1e-06
1.1e-06
1.1e-06
1.1e-06
1.1e-06
1.1e-06
1.1e-06
1.1e-06
1.1e-06
1.1e-06
1.1e-06
1.1e-06
1.1e-06
1.1e-06
1.1e-06
1.1e-06
1.1e-06
1.1e-06
1.1e-06
1.1e-06
1.1e-06
1.1e-06
1.1e-06
1.1e-06
1.1e-06
1.1e-06
1.1e-06
1.1e-06
1.1e-06
1.1e-06
1.1e-06
1.1e-06
1.1e-06
1.1e-06
1.1e-06
1.1e-06
1.1e-06
1.1e-06
1.1e-06
1.1e-06
1.1e-06
1.1e-06
1.1e-06
1.1e-06
1.1e-06
1.1e-06
1.1e-06
1.1e-06
1.1e-06
1.1e-06
1.1e-06
1.1e-06
1.1e-06
1.1e-06
1.1e-06
1.1e-06
1.1e-06
1.1e-06
1.1e-06
1.1e-06
1.1e-06
1.1e-06
1.1e-06
1.1e-06
1.1e-06
1.1e-06
1.1e-06
1.1e-06
1.1e-06
1.1e-06
1.1e-06
1.1e-06
1.1e-06
1.1e-06
1.1e-06
1.1e-06
1.1e-06
1.1e-06
1.1e-06
1.1e-06
1.1e-06
1.1e-06
1.1e-06
1.1e-06
1.1e-06
1.1e-06
1.1e-06
1.1e-06
1.1e-06
1.1e-06
1.1e-06
1.1e-06
1.1e-06
1.1e-06
1.1e-06
1.1e-06
1.1e-06
1.1e-06
1.1e-06
1.1e-06
1.1e-06
1.1e-06
1.1e-06
1.1e-06
1.1e-06
1.1e-06
1.1e-06
1.1e-06
1.1e-06
1.1e-06
1.1e-06
1.1e-06
1.1e-06
1.1e-06
1.1e-06
1.1e-06
1.1e-06
1.1e-06
1.1e-06
)
;

boundaryField
{
    inlet
    {
        type            zeroGradient;
    }
    outlet
    {
        type            zeroGradient;
    }
    upperWall
    {
        type            zeroGradient;
    }
    lowerWall
    {
        type            zeroGradient;
    }
    frontAndBack
    {
        type            empty;
    }
}


// ************************************************************************* //
