/*--------------------------------*- C++ -*----------------------------------*\
  =========                 |
  \\      /  F ield         | OpenFOAM: The Open Source CFD Toolbox
   \\    /   O peration     | Website:  https://openfoam.org
    \\  /    A nd           | Version:  10
     \\/     M anipulation  |
\*---------------------------------------------------------------------------*/
FoamFile
{
    format      ascii;
    class       volScalarField;
    location    "14000";
    object      p;
}
// * * * * * * * * * * * * * * * * * * * * * * * * * * * * * * * * * * * * * //

dimensions      [1 -1 -2 0 0 0 0];

internalField   nonuniform List<scalar> 
6400
(
111.299
111.314
111.345
111.392
111.455
111.536
111.635
111.753
111.894
112.058
112.25
112.474
112.738
113.053
113.436
113.908
128.802
412.384
693.755
964.237
1215.69
1450.03
1678.5
1900.53
2121.76
2340.3
2555.95
2767.19
2974.42
3176.27
3373.6
3565.63
3696.94
3774.29
3846.87
3912.93
3970.25
4016.36
4048.81
4065.61
4065.61
4048.81
4016.36
3970.25
3912.93
3846.87
3774.29
3696.94
3565.63
3373.6
3176.27
2974.42
2767.19
2555.95
2340.3
2121.76
1900.53
1678.5
1450.03
1215.69
964.237
693.755
412.384
128.802
113.908
113.436
113.053
112.738
112.474
112.25
112.058
111.894
111.753
111.635
111.536
111.455
111.392
111.345
111.314
111.299
111.004
111.02
111.05
111.097
111.161
111.241
111.34
111.459
111.599
111.763
111.954
112.178
112.442
112.756
113.138
113.625
114.531
118.011
400.052
670.993
922.394
1156.25
1384.76
1606.55
1827.86
2046.41
2262.14
2473.37
2680.66
2882.47
3079.84
3272.08
3403.73
3481.36
3554.35
3620.91
3678.79
3725.45
3758.35
3775.39
3775.39
3758.35
3725.45
3678.79
3620.91
3554.35
3481.36
3403.73
3272.08
3079.84
2882.47
2680.66
2473.37
2262.14
2046.41
1827.86
1606.55
1384.76
1156.25
922.394
670.993
400.052
118.011
114.531
113.625
113.138
112.756
112.442
112.178
111.954
111.763
111.599
111.459
111.34
111.241
111.161
111.097
111.05
111.02
111.004
110.68
110.696
110.726
110.773
110.836
110.917
111.016
111.134
111.274
111.438
111.629
111.852
112.114
112.426
112.806
113.292
114.07
114.614
115.192
350.416
601.574
834.231
1062.88
1284.07
1505.62
1724.2
1940.1
2151.29
2358.74
2560.45
2757.9
2950.65
3083.04
3161.35
3235.26
3302.98
3362.17
3410.13
3444.1
3461.75
3461.75
3444.1
3410.13
3362.17
3302.98
3235.26
3161.35
3083.04
2950.65
2757.9
2560.45
2358.74
2151.29
1940.1
1724.2
1505.62
1284.07
1062.88
834.231
601.574
350.416
115.192
114.614
114.07
113.292
112.806
112.426
112.114
111.852
111.629
111.438
111.274
111.134
111.016
110.917
110.836
110.773
110.726
110.696
110.68
110.324
110.339
110.37
110.417
110.48
110.56
110.659
110.777
110.916
111.079
111.27
111.492
111.752
112.061
112.435
112.909
113.579
114.074
114.288
114.301
252.025
481.161
710.234
930.271
1152.32
1370.92
1587.15
1798.24
2006
2207.52
2405.09
2598.72
2732.36
2811.81
2887.34
2957.12
3018.64
3068.94
3104.85
3123.61
3123.61
3104.85
3068.94
3018.64
2957.12
2887.34
2811.81
2732.36
2598.72
2405.09
2207.52
2006
1798.24
1587.15
1370.92
1152.32
930.271
710.234
481.161
252.025
114.301
114.288
114.074
113.579
112.909
112.435
112.061
111.752
111.492
111.27
111.079
110.916
110.777
110.659
110.56
110.48
110.417
110.37
110.339
110.324
109.932
109.947
109.978
110.024
110.087
110.167
110.265
110.383
110.522
110.684
110.873
111.093
111.351
111.655
112.021
112.474
113.055
113.503
113.727
113.78
113.88
114.47
324.278
541.915
764.988
983.553
1200.4
1411.24
1619.57
1820.71
2018.41
2213.38
2348.85
2430.03
2508.05
2581.1
2646.38
2700.52
2739.67
2760.29
2760.29
2739.67
2700.52
2646.38
2581.1
2508.05
2430.03
2348.85
2213.38
2018.41
1820.71
1619.57
1411.24
1200.4
983.553
764.988
541.915
324.278
114.47
113.88
113.78
113.727
113.503
113.055
112.474
112.021
111.655
111.351
111.093
110.873
110.684
110.522
110.383
110.265
110.167
110.087
110.024
109.978
109.947
109.932
109.501
109.516
109.546
109.593
109.655
109.735
109.832
109.949
110.087
110.248
110.436
110.653
110.907
111.205
111.559
111.985
112.491
112.896
113.126
113.223
113.339
113.553
113.436
114.867
340.504
558.746
776.705
986.964
1196.38
1396.76
1594.55
1791.45
1929.28
2012.84
2094.52
2172.51
2243.54
2303.75
2348.16
2371.83
2371.83
2348.16
2303.75
2243.54
2172.51
2094.52
2012.84
1929.28
1791.45
1594.55
1396.76
1196.38
986.964
776.705
558.746
340.504
114.867
113.436
113.553
113.339
113.223
113.126
112.896
112.491
111.985
111.559
111.205
110.907
110.653
110.436
110.248
110.087
109.949
109.832
109.735
109.655
109.593
109.546
109.516
109.501
109.026
109.041
109.071
109.117
109.18
109.259
109.355
109.471
109.608
109.767
109.952
110.166
110.415
110.704
111.043
111.44
111.884
112.25
112.482
112.609
112.735
112.899
112.888
113.169
112.917
113.688
313.308
521.677
733.247
932.026
1129.75
1329.38
1469.88
1556.46
1643.21
1728.54
1808.16
1877.91
1930.97
1959.66
1959.66
1930.97
1877.91
1808.16
1728.54
1643.21
1556.46
1469.88
1329.38
1129.75
932.026
733.247
521.677
313.308
113.688
112.917
113.169
112.888
112.899
112.735
112.609
112.482
112.25
111.884
111.44
111.043
110.704
110.415
110.166
109.952
109.767
109.608
109.471
109.355
109.259
109.18
109.117
109.071
109.041
109.026
108.503
108.518
108.548
108.594
108.656
108.734
108.83
108.944
109.079
109.236
109.418
109.628
109.87
110.149
110.471
110.837
111.228
111.56
111.789
111.936
112.068
112.205
112.249
112.418
112.308
112.44
112.167
112.281
230.587
422.592
619.706
823.376
966.06
1055.97
1149.45
1245.87
1337.87
1422.83
1490.71
1527.95
1527.95
1490.71
1422.83
1337.87
1245.87
1149.45
1055.97
966.06
823.376
619.706
422.592
230.587
112.281
112.167
112.44
112.308
112.418
112.249
112.205
112.068
111.936
111.789
111.56
111.228
110.837
110.471
110.149
109.87
109.628
109.418
109.236
109.079
108.944
108.83
108.734
108.656
108.594
108.548
108.518
108.503
107.927
107.942
107.972
108.017
108.078
108.156
108.25
108.363
108.496
108.65
108.828
109.033
109.267
109.534
109.836
110.171
110.517
110.819
111.042
111.201
111.335
111.458
111.527
111.638
111.603
111.655
111.508
111.526
111.458
111.365
112.127
271.767
412.551
504.948
606.578
721.292
828.92
938.869
1034.22
1086.39
1086.39
1034.22
938.869
828.92
721.292
606.578
504.948
412.551
271.767
112.127
111.365
111.458
111.526
111.508
111.655
111.603
111.638
111.527
111.458
111.335
111.201
111.042
110.819
110.517
110.171
109.836
109.534
109.267
109.033
108.828
108.65
108.496
108.363
108.25
108.156
108.078
108.017
107.972
107.942
107.927
107.293
107.308
107.337
107.382
107.442
107.518
107.611
107.722
107.852
108.003
108.176
108.374
108.598
108.852
109.134
109.438
109.747
110.02
110.235
110.398
110.533
110.649
110.729
110.81
110.812
110.832
110.755
110.745
110.7
110.659
110.783
110.567
110.597
110.709
113.351
174.939
278.894
430.02
580.284
657.443
657.443
580.284
430.02
278.894
174.939
113.351
110.709
110.597
110.567
110.783
110.659
110.7
110.745
110.755
110.832
110.812
110.81
110.729
110.649
110.533
110.398
110.235
110.02
109.747
109.438
109.134
108.852
108.598
108.374
108.176
108.003
107.852
107.722
107.611
107.518
107.442
107.382
107.337
107.308
107.293
106.594
106.609
106.638
106.681
106.74
106.815
106.906
107.015
107.141
107.288
107.455
107.645
107.859
108.097
108.358
108.634
108.91
109.158
109.362
109.525
109.659
109.77
109.853
109.921
109.941
109.952
109.913
109.896
109.867
109.846
109.888
109.785
109.799
109.828
109.832
109.746
109.733
114.546
210.829
299.689
299.689
210.829
114.546
109.733
109.746
109.832
109.828
109.799
109.785
109.888
109.846
109.867
109.896
109.913
109.952
109.941
109.921
109.853
109.77
109.659
109.525
109.362
109.158
108.91
108.634
108.358
108.097
107.859
107.645
107.455
107.288
107.141
107.015
106.906
106.815
106.74
106.681
106.638
106.609
106.594
105.823
105.838
105.866
105.909
105.966
106.039
106.128
106.233
106.356
106.497
106.658
106.839
107.041
107.263
107.502
107.752
107.999
108.225
108.417
108.575
108.705
108.813
108.896
108.958
108.988
108.999
108.983
108.969
108.95
108.937
108.945
108.895
108.894
108.897
108.89
108.867
108.858
108.923
112.886
139.798
139.798
112.886
108.923
108.858
108.867
108.89
108.897
108.894
108.895
108.945
108.937
108.95
108.969
108.983
108.999
108.988
108.958
108.896
108.813
108.705
108.575
108.417
108.225
107.999
107.752
107.502
107.263
107.041
106.839
106.658
106.497
106.356
106.233
106.128
106.039
105.966
105.909
105.866
105.838
105.823
104.973
104.987
105.015
105.057
105.113
105.183
105.269
105.371
105.489
105.624
105.777
105.948
106.137
106.342
106.561
106.786
107.007
107.212
107.39
107.541
107.668
107.771
107.853
107.913
107.948
107.965
107.962
107.955
107.943
107.934
107.929
107.903
107.896
107.892
107.886
107.877
107.873
107.881
108.444
115.277
115.277
108.444
107.881
107.873
107.877
107.886
107.892
107.896
107.903
107.929
107.934
107.943
107.955
107.962
107.965
107.948
107.913
107.853
107.771
107.668
107.541
107.39
107.212
107.007
106.786
106.561
106.342
106.137
105.948
105.777
105.624
105.489
105.371
105.269
105.183
105.113
105.057
105.015
104.987
104.973
104.036
104.049
104.076
104.116
104.17
104.238
104.321
104.418
104.531
104.659
104.804
104.964
105.139
105.327
105.526
105.728
105.926
106.111
106.276
106.418
106.538
106.638
106.717
106.777
106.816
106.837
106.844
106.843
106.838
106.831
106.824
106.808
106.799
106.794
106.789
106.783
106.778
106.775
106.769
110.131
110.131
106.769
106.775
106.778
106.783
106.789
106.794
106.799
106.808
106.824
106.831
106.838
106.843
106.844
106.837
106.816
106.777
106.717
106.638
106.538
106.418
106.276
106.111
105.926
105.728
105.526
105.327
105.139
104.964
104.804
104.659
104.531
104.418
104.321
104.238
104.17
104.116
104.076
104.049
104.036
103.001
103.014
103.039
103.078
103.13
103.195
103.274
103.366
103.473
103.594
103.728
103.877
104.038
104.21
104.388
104.57
104.747
104.913
105.064
105.196
105.31
105.405
105.482
105.54
105.582
105.608
105.621
105.626
105.626
105.622
105.616
105.605
105.597
105.592
105.586
105.581
105.575
105.569
105.555
107.915
107.915
105.555
105.569
105.575
105.581
105.586
105.592
105.597
105.605
105.616
105.622
105.626
105.626
105.621
105.608
105.582
105.54
105.482
105.405
105.31
105.196
105.064
104.913
104.747
104.57
104.388
104.21
104.038
103.877
103.728
103.594
103.473
103.366
103.274
103.195
103.13
103.078
103.039
103.014
103.001
101.858
101.87
101.895
101.932
101.981
102.042
102.117
102.204
102.304
102.416
102.541
102.678
102.824
102.979
103.14
103.301
103.459
103.608
103.745
103.867
103.973
104.063
104.136
104.194
104.237
104.267
104.285
104.295
104.298
104.298
104.293
104.285
104.278
104.273
104.268
104.263
104.257
104.25
104.235
106.384
106.384
104.235
104.25
104.257
104.263
104.268
104.273
104.278
104.285
104.293
104.298
104.298
104.295
104.285
104.267
104.237
104.194
104.136
104.063
103.973
103.867
103.745
103.608
103.459
103.301
103.14
102.979
102.824
102.678
102.541
102.416
102.304
102.204
102.117
102.042
101.981
101.932
101.895
101.87
101.858
100.517
100.528
100.551
100.585
100.631
100.689
100.758
100.839
100.931
101.034
101.148
101.271
101.403
101.541
101.682
101.824
101.963
102.095
102.218
102.328
102.426
102.509
102.579
102.635
102.679
102.711
102.733
102.746
102.753
102.755
102.753
102.748
102.741
102.737
102.732
102.727
102.721
102.714
102.699
104.84
104.84
102.699
102.714
102.721
102.727
102.732
102.737
102.741
102.748
102.753
102.755
102.753
102.746
102.733
102.711
102.679
102.635
102.579
102.509
102.426
102.328
102.218
102.095
101.963
101.824
101.682
101.541
101.403
101.271
101.148
101.034
100.931
100.839
100.758
100.689
100.631
100.585
100.551
100.528
100.517
99.0251
99.0358
99.057
99.089
99.1315
99.1845
99.2481
99.3219
99.4057
99.4991
99.6013
99.7115
99.8283
99.9499
100.074
100.198
100.32
100.436
100.545
100.644
100.732
100.809
100.875
100.929
100.972
101.004
101.028
101.044
101.054
101.059
101.058
101.054
101.049
101.045
101.04
101.035
101.029
101.022
101.008
103.2
103.2
101.008
101.022
101.029
101.035
101.04
101.045
101.049
101.054
101.058
101.059
101.054
101.044
101.028
101.004
100.972
100.929
100.875
100.809
100.732
100.644
100.545
100.436
100.32
100.198
100.074
99.9499
99.8283
99.7115
99.6013
99.4991
99.4057
99.3219
99.2481
99.1845
99.1315
99.089
99.057
99.0358
99.0251
97.523
97.5329
97.5525
97.5818
97.6209
97.6696
97.7276
97.7948
97.8708
97.955
98.0468
98.1452
98.2489
98.3564
98.4659
98.5753
98.6824
98.7851
98.8816
98.9704
99.0504
99.121
99.1817
99.2327
99.2742
99.3069
99.3316
99.3491
99.3603
99.3662
99.3673
99.3642
99.3592
99.3555
99.351
99.3459
99.3401
99.3336
99.3191
101.575
101.575
99.3191
99.3336
99.3401
99.3459
99.351
99.3555
99.3592
99.3642
99.3673
99.3662
99.3603
99.3491
99.3316
99.3069
99.2742
99.2327
99.1817
99.121
99.0504
98.9704
98.8816
98.7851
98.6824
98.5753
98.4659
98.3564
98.2489
98.1452
98.0468
97.955
97.8708
97.7948
97.7276
97.6696
97.6209
97.5818
97.5525
97.5329
97.523
96.0111
96.0201
96.0381
96.065
96.1008
96.1452
96.198
96.2589
96.3276
96.4035
96.4857
96.5735
96.6657
96.761
96.8578
96.9543
97.049
97.1401
97.2261
97.3057
97.378
97.4424
97.4985
97.5462
97.5858
97.6175
97.642
97.6599
97.6719
97.6786
97.6805
97.6781
97.6734
97.6698
97.6655
97.6605
97.6547
97.6482
97.634
99.9612
99.9612
97.634
97.6482
97.6547
97.6605
97.6655
97.6698
97.6734
97.6781
97.6805
97.6786
97.6719
97.6599
97.642
97.6175
97.5858
97.5462
97.4985
97.4424
97.378
97.3057
97.2261
97.1401
97.049
96.9543
96.8578
96.761
96.6657
96.5735
96.4857
96.4035
96.3276
96.2589
96.198
96.1452
96.1008
96.065
96.0381
96.0201
96.0111
94.4902
94.4984
94.5149
94.5394
94.572
94.6123
94.6602
94.7154
94.7773
94.8454
94.9191
94.9975
95.0795
95.1641
95.2498
95.3353
95.4192
95.5002
95.5769
95.6483
95.7136
95.7721
95.8236
95.8679
95.9051
95.9354
95.9591
95.9768
95.9888
95.9957
95.998
95.9959
95.9914
95.9879
95.9837
95.9787
95.9729
95.9665
95.9524
98.3571
98.3571
95.9524
95.9665
95.9729
95.9787
95.9837
95.9879
95.9914
95.9959
95.998
95.9957
95.9888
95.9768
95.9591
95.9354
95.9051
95.8679
95.8236
95.7721
95.7136
95.6483
95.5769
95.5002
95.4192
95.3353
95.2498
95.1641
95.0795
94.9975
94.9191
94.8454
94.7773
94.7154
94.6602
94.6123
94.572
94.5394
94.5149
94.4984
94.4902
92.9611
92.9686
92.9835
93.0058
93.0354
93.0719
93.1153
93.165
93.2207
93.2819
93.3478
93.4177
93.4908
93.5659
93.642
93.7179
93.7925
93.8645
93.9329
93.997
94.0558
94.1089
94.156
94.1968
94.2313
94.2597
94.2822
94.2992
94.3108
94.3176
94.3198
94.3178
94.3133
94.3098
94.3056
94.3006
94.2948
94.2883
94.2746
96.7637
96.7637
94.2746
94.2883
94.2948
94.3006
94.3056
94.3098
94.3133
94.3178
94.3198
94.3176
94.3108
94.2992
94.2822
94.2597
94.2313
94.1968
94.156
94.1089
94.0558
93.997
93.9329
93.8645
93.7925
93.7179
93.642
93.5659
93.4908
93.4177
93.3478
93.2819
93.2207
93.165
93.1153
93.0719
93.0354
93.0058
92.9835
92.9686
92.9611
91.4244
91.4312
91.4448
91.465
91.4917
91.5248
91.5639
91.6086
91.6587
91.7135
91.7725
91.8349
91.9
91.9668
92.0344
92.1019
92.1682
92.2323
92.2935
92.3508
92.4038
92.4518
92.4946
92.5319
92.5637
92.59
92.611
92.6268
92.6377
92.644
92.6459
92.6437
92.6392
92.6356
92.6313
92.6263
92.6205
92.614
92.6004
95.1821
95.1821
92.6004
92.614
92.6205
92.6263
92.6313
92.6356
92.6392
92.6437
92.6459
92.644
92.6377
92.6268
92.611
92.59
92.5637
92.5319
92.4946
92.4518
92.4038
92.3508
92.2935
92.2323
92.1682
92.1019
92.0344
91.9668
91.9
91.8349
91.7725
91.7135
91.6587
91.6086
91.5639
91.5248
91.4917
91.465
91.4448
91.4312
91.4244
89.8809
89.8871
89.8994
89.9176
89.9418
89.9716
90.0068
90.047
90.0919
90.141
90.1937
90.2494
90.3074
90.3669
90.4271
90.487
90.546
90.6032
90.6578
90.7091
90.7567
90.8
90.8387
90.8726
90.9016
90.9256
90.9449
90.9594
90.9693
90.9748
90.9762
90.9736
90.9688
90.9652
90.9608
90.9557
90.9499
90.9433
90.9299
93.6134
93.6134
90.9299
90.9433
90.9499
90.9557
90.9608
90.9652
90.9688
90.9736
90.9762
90.9748
90.9693
90.9594
90.9449
90.9256
90.9016
90.8726
90.8387
90.8
90.7567
90.7091
90.6578
90.6032
90.546
90.487
90.4271
90.3669
90.3074
90.2494
90.1937
90.141
90.0919
90.047
90.0068
89.9716
89.9418
89.9176
89.8994
89.8871
89.8809
88.3313
88.3369
88.348
88.3644
88.3862
88.413
88.4446
88.4807
88.521
88.5649
88.612
88.6617
88.7134
88.7663
88.8198
88.8732
88.9257
88.9766
89.0253
89.0712
89.1138
89.1527
89.1875
89.2181
89.2443
89.2661
89.2835
89.2965
89.3052
89.3099
89.3105
89.3073
89.3023
89.2985
89.294
89.2888
89.2829
89.2763
89.2631
92.0593
92.0593
89.2631
89.2763
89.2829
89.2888
89.294
89.2985
89.3023
89.3073
89.3105
89.3099
89.3052
89.2965
89.2835
89.2661
89.2443
89.2181
89.1875
89.1527
89.1138
89.0712
89.0253
88.9766
88.9257
88.8732
88.8198
88.7663
88.7134
88.6617
88.612
88.5649
88.521
88.4807
88.4446
88.413
88.3862
88.3644
88.348
88.3369
88.3313
86.7762
86.7812
86.7911
86.806
86.8255
86.8496
86.878
86.9103
86.9464
86.9856
87.0277
87.072
87.118
87.1651
87.2127
87.2602
87.3069
87.3523
87.3957
87.4366
87.4747
87.5095
87.5407
87.5681
87.5915
87.611
87.6264
87.6378
87.6453
87.6488
87.6487
87.6448
87.6395
87.6355
87.6308
87.6254
87.6194
87.6127
87.5997
90.5213
90.5213
87.5997
87.6127
87.6194
87.6254
87.6308
87.6355
87.6395
87.6448
87.6487
87.6488
87.6453
87.6378
87.6264
87.611
87.5915
87.5681
87.5407
87.5095
87.4747
87.4366
87.3957
87.3523
87.3069
87.2602
87.2127
87.1651
87.118
87.072
87.0277
86.9856
86.9464
86.9103
86.878
86.8496
86.8255
86.806
86.7911
86.7812
86.7762
85.216
85.2205
85.2294
85.2428
85.2603
85.2819
85.3073
85.3363
85.3685
85.4036
85.4411
85.4806
85.5215
85.5635
85.6058
85.648
85.6896
85.7299
85.7685
85.8049
85.8388
85.8698
85.8976
85.922
85.9428
85.9599
85.9734
85.9831
85.9892
85.9916
85.9905
85.9859
85.9801
85.9759
85.971
85.9655
85.9594
85.9526
85.9397
89.0016
89.0016
85.9397
85.9526
85.9594
85.9655
85.971
85.9759
85.9801
85.9859
85.9905
85.9916
85.9892
85.9831
85.9734
85.9599
85.9428
85.922
85.8976
85.8698
85.8388
85.8049
85.7685
85.7299
85.6896
85.648
85.6058
85.5635
85.5215
85.4806
85.4411
85.4036
85.3685
85.3363
85.3073
85.2819
85.2603
85.2428
85.2294
85.2205
85.216
83.6513
83.6554
83.6634
83.6753
83.691
83.7104
83.7331
83.759
83.7878
83.8191
83.8525
83.8876
83.9241
83.9614
83.999
84.0365
84.0734
84.1092
84.1435
84.1758
84.2059
84.2333
84.2579
84.2794
84.2977
84.3126
84.3241
84.3321
84.3367
84.3379
84.3358
84.3303
84.3241
84.3196
84.3145
84.3088
84.3025
84.2956
84.2829
87.5031
87.5031
84.2829
84.2956
84.3025
84.3088
84.3145
84.3196
84.3241
84.3303
84.3358
84.3379
84.3367
84.3321
84.3241
84.3126
84.2977
84.2794
84.2579
84.2333
84.2059
84.1758
84.1435
84.1092
84.0734
84.0365
83.999
83.9614
83.9241
83.8876
83.8525
83.8191
83.7878
83.759
83.7331
83.7104
83.691
83.6753
83.6634
83.6554
83.6513
82.0826
82.0862
82.0934
82.1041
82.1182
82.1354
82.1558
82.1789
82.2045
82.2324
82.2622
82.2934
82.3258
82.3589
82.3924
82.4256
82.4583
82.49
82.5204
82.549
82.5755
82.5997
82.6213
82.6401
82.6559
82.6686
82.6782
82.6845
82.6877
82.6876
82.6843
82.678
82.6712
82.6664
82.6611
82.6552
82.6487
82.6416
82.629
86.0295
86.0295
82.629
82.6416
82.6487
82.6552
82.6611
82.6664
82.6712
82.678
82.6843
82.6876
82.6877
82.6845
82.6782
82.6686
82.6559
82.6401
82.6213
82.5997
82.5755
82.549
82.5204
82.49
82.4583
82.4256
82.3924
82.3589
82.3258
82.2934
82.2622
82.2324
82.2045
82.1789
82.1558
82.1354
82.1182
82.1041
82.0934
82.0862
82.0826
80.5103
80.5135
80.52
80.5295
80.5421
80.5575
80.5756
80.5962
80.6191
80.6439
80.6703
80.6981
80.7269
80.7562
80.7858
80.8153
80.8442
80.8722
80.899
80.9242
80.9475
80.9687
80.9875
81.0037
81.0172
81.0278
81.0355
81.0402
81.0418
81.0404
81.036
81.0287
81.0213
81.0162
81.0106
81.0044
80.9977
80.9904
80.9779
84.5855
84.5855
80.9779
80.9904
80.9977
81.0044
81.0106
81.0162
81.0213
81.0287
81.036
81.0404
81.0418
81.0402
81.0355
81.0278
81.0172
81.0037
80.9875
80.9687
80.9475
80.9242
80.899
80.8722
80.8442
80.8153
80.7858
80.7562
80.7269
80.6981
80.6703
80.6439
80.6191
80.5962
80.5756
80.5575
80.5421
80.5295
80.52
80.5135
80.5103
78.9348
78.9377
78.9434
78.9519
78.9631
78.9768
78.993
79.0113
79.0316
79.0537
79.0771
79.1018
79.1273
79.1533
79.1795
79.2055
79.231
79.2557
79.2792
79.3013
79.3217
79.3401
79.3563
79.3701
79.3814
79.39
79.3959
79.3989
79.399
79.3963
79.3907
79.3823
79.3742
79.3687
79.3627
79.3563
79.3493
79.3418
79.3293
83.1776
83.1776
79.3293
79.3418
79.3493
79.3563
79.3627
79.3687
79.3742
79.3823
79.3907
79.3963
79.399
79.3989
79.3959
79.39
79.3814
79.3701
79.3563
79.3401
79.3217
79.3013
79.2792
79.2557
79.231
79.2055
79.1795
79.1533
79.1273
79.1018
79.0771
79.0537
79.0316
79.0113
78.993
78.9768
78.9631
78.9519
78.9434
78.9377
78.9348
77.3564
77.3589
77.364
77.3716
77.3816
77.3938
77.4081
77.4244
77.4425
77.462
77.4828
77.5046
77.5272
77.5502
77.5733
77.5962
77.6186
77.6403
77.6609
77.6801
77.6978
77.7136
77.7274
77.739
77.7482
77.755
77.7591
77.7605
77.7591
77.755
77.7481
77.7386
77.7298
77.7239
77.7175
77.7106
77.7033
77.6956
77.6831
81.8147
81.8147
77.6831
77.6956
77.7033
77.7106
77.7175
77.7239
77.7298
77.7386
77.7481
77.755
77.7591
77.7605
77.7591
77.755
77.7482
77.739
77.7274
77.7136
77.6978
77.6801
77.6609
77.6403
77.6186
77.5962
77.5733
77.5502
77.5272
77.5046
77.4828
77.462
77.4425
77.4244
77.4081
77.3938
77.3816
77.3716
77.364
77.3589
77.3564
75.7754
75.7777
75.7822
75.7889
75.7978
75.8086
75.8214
75.8358
75.8518
75.8691
75.8875
75.9068
75.9267
75.9469
75.9672
75.9874
76.007
76.0259
76.0438
76.0605
76.0757
76.0892
76.1008
76.1103
76.1176
76.1225
76.1249
76.1248
76.122
76.1165
76.1083
76.0975
76.0879
76.0814
76.0746
76.0673
76.0595
76.0514
76.0388
80.5108
80.5108
76.0388
76.0514
76.0595
76.0673
76.0746
76.0814
76.0879
76.0975
76.1083
76.1165
76.122
76.1248
76.1249
76.1225
76.1176
76.1103
76.1008
76.0892
76.0757
76.0605
76.0438
76.0259
76.007
75.9874
75.9672
75.9469
75.9267
75.9068
75.8875
75.8691
75.8518
75.8358
75.8214
75.8086
75.7978
75.7889
75.7822
75.7777
75.7754
74.1921
74.1941
74.1982
74.2041
74.212
74.2216
74.2329
74.2456
74.2598
74.2751
74.2913
74.3083
74.3258
74.3436
74.3614
74.379
74.3961
74.4126
74.4281
74.4424
74.4553
74.4667
74.4762
74.4838
74.4893
74.4925
74.4934
74.4917
74.4875
74.4806
74.4711
74.459
74.4484
74.4414
74.4339
74.426
74.4178
74.4092
74.3964
79.2839
79.2839
74.3964
74.4092
74.4178
74.426
74.4339
74.4414
74.4484
74.459
74.4711
74.4806
74.4875
74.4917
74.4934
74.4925
74.4893
74.4838
74.4762
74.4667
74.4553
74.4424
74.4281
74.4126
74.3961
74.379
74.3614
74.3436
74.3258
74.3083
74.2913
74.2751
74.2598
74.2456
74.2329
74.2216
74.212
74.2041
74.1982
74.1941
74.1921
72.6068
72.6086
72.6122
72.6175
72.6244
72.6329
72.6429
72.6541
72.6666
72.6801
72.6944
72.7093
72.7246
72.7402
72.7558
72.7711
72.786
72.8002
72.8135
72.8257
72.8366
72.8459
72.8536
72.8595
72.8633
72.865
72.8643
72.8613
72.8557
72.8474
72.8365
72.8229
72.8112
72.8035
72.7954
72.7868
72.7778
72.7685
72.7555
78.1589
78.1589
72.7555
72.7685
72.7778
72.7868
72.7954
72.8035
72.8112
72.8229
72.8365
72.8474
72.8557
72.8613
72.8643
72.865
72.8633
72.8595
72.8536
72.8459
72.8366
72.8257
72.8135
72.8002
72.786
72.7711
72.7558
72.7402
72.7246
72.7093
72.6944
72.6801
72.6666
72.6541
72.6429
72.6329
72.6244
72.6175
72.6122
72.6086
72.6068
71.0198
71.0213
71.0245
71.0291
71.0353
71.0428
71.0515
71.0615
71.0724
71.0842
71.0968
71.1099
71.1233
71.1369
71.1504
71.1637
71.1765
71.1887
71.2
71.2103
71.2193
71.2269
71.2329
71.2371
71.2395
71.2397
71.2377
71.2333
71.2265
71.2169
71.2047
71.1895
71.1766
71.1681
71.159
71.1495
71.1396
71.1294
71.1158
77.1632
77.1632
71.1158
71.1294
71.1396
71.1495
71.159
71.1681
71.1766
71.1895
71.2047
71.2169
71.2265
71.2333
71.2377
71.2397
71.2395
71.2371
71.2329
71.2269
71.2193
71.2103
71.2
71.1887
71.1765
71.1637
71.1504
71.1369
71.1233
71.1099
71.0968
71.0842
71.0724
71.0615
71.0515
71.0428
71.0353
71.0291
71.0245
71.0213
71.0198
69.4311
69.4325
69.4353
69.4394
69.4447
69.4513
69.459
69.4678
69.4774
69.4877
69.4987
69.5101
69.5218
69.5336
69.5453
69.5567
69.5677
69.578
69.5876
69.5961
69.6035
69.6095
69.6139
69.6167
69.6177
69.6166
69.6134
69.6079
69.5999
69.5892
69.5756
69.559
69.5446
69.5352
69.5251
69.5144
69.5032
69.4916
69.4771
76.2925
76.2925
69.4771
69.4916
69.5032
69.5144
69.5251
69.5352
69.5446
69.559
69.5756
69.5892
69.5999
69.6079
69.6134
69.6166
69.6177
69.6167
69.6139
69.6095
69.6035
69.5961
69.5876
69.578
69.5677
69.5567
69.5453
69.5336
69.5218
69.5101
69.4987
69.4877
69.4774
69.4678
69.459
69.4513
69.4447
69.4394
69.4353
69.4325
69.4311
67.841
67.8423
67.8447
67.8483
67.853
67.8588
67.8655
67.8732
67.8816
67.8906
67.9001
67.91
67.9202
67.9303
67.9404
67.9502
67.9595
67.9682
67.9761
67.9831
67.989
67.9935
67.9966
67.9982
67.9979
67.9958
67.9915
67.985
67.976
67.9643
67.9496
67.9316
67.9159
67.9054
67.8941
67.882
67.8691
67.8554
67.8395
75.3185
75.3185
67.8395
67.8554
67.8691
67.882
67.8941
67.9054
67.9159
67.9316
67.9496
67.9643
67.976
67.985
67.9915
67.9958
67.9979
67.9982
67.9966
67.9935
67.989
67.9831
67.9761
67.9682
67.9595
67.9502
67.9404
67.9303
67.9202
67.91
67.9001
67.8906
67.8816
67.8732
67.8655
67.8588
67.853
67.8483
67.8447
67.8423
67.841
66.2498
66.2508
66.253
66.2561
66.2602
66.2653
66.2712
66.2778
66.2851
66.2929
66.3012
66.3098
66.3185
66.3272
66.3358
66.3441
66.3519
66.3592
66.3657
66.3712
66.3757
66.379
66.381
66.3814
66.3801
66.377
66.3719
66.3646
66.3548
66.3424
66.327
66.308
66.2912
66.2798
66.2674
66.2538
66.2388
66.2224
66.2041
73.0165
73.0165
66.2041
66.2224
66.2388
66.2538
66.2674
66.2798
66.2912
66.308
66.327
66.3424
66.3548
66.3646
66.3719
66.377
66.3801
66.3814
66.381
66.379
66.3757
66.3712
66.3657
66.3592
66.3519
66.3441
66.3358
66.3272
66.3185
66.3098
66.3012
66.2929
66.2851
66.2778
66.2712
66.2653
66.2602
66.2561
66.253
66.2508
66.2498
64.6574
64.6584
64.6602
64.663
64.6665
64.6709
64.676
64.6818
64.6881
64.6949
64.702
64.7094
64.7168
64.7242
64.7315
64.7385
64.745
64.7509
64.7561
64.7604
64.7637
64.7659
64.7668
64.7662
64.7641
64.7602
64.7544
64.7465
64.7363
64.7236
64.7079
64.6886
64.6715
64.6598
64.6468
64.6323
64.6158
64.597
64.577
66.1882
66.1882
64.577
64.597
64.6158
64.6323
64.6468
64.6598
64.6715
64.6886
64.7079
64.7236
64.7363
64.7465
64.7544
64.7602
64.7641
64.7662
64.7668
64.7659
64.7637
64.7604
64.7561
64.7509
64.745
64.7385
64.7315
64.7242
64.7168
64.7094
64.702
64.6949
64.6881
64.6818
64.676
64.6709
64.6665
64.663
64.6602
64.6584
64.6574
63.0642
63.065
63.0666
63.0689
63.0721
63.0758
63.0803
63.0852
63.0907
63.0965
63.1026
63.1088
63.1152
63.1214
63.1275
63.1333
63.1386
63.1433
63.1474
63.1506
63.1529
63.1541
63.154
63.1527
63.1498
63.1453
63.139
63.1308
63.1204
63.1077
63.0923
63.0737
63.0574
63.0464
63.0342
63.0205
63.0048
62.9862
62.9688
62.9654
62.9654
62.9688
62.9862
63.0048
63.0205
63.0342
63.0464
63.0574
63.0737
63.0923
63.1077
63.1204
63.1308
63.139
63.1453
63.1498
63.1527
63.154
63.1541
63.1529
63.1506
63.1474
63.1433
63.1386
63.1333
63.1275
63.1214
63.1152
63.1088
63.1026
63.0965
63.0907
63.0852
63.0803
63.0758
63.0721
63.0689
63.0666
63.065
63.0642
61.4703
61.471
61.4724
61.4744
61.4771
61.4804
61.4841
61.4884
61.4931
61.498
61.5032
61.5085
61.5138
61.519
61.524
61.5287
61.533
61.5367
61.5398
61.542
61.5434
61.5437
61.5429
61.5408
61.5374
61.5324
61.5258
61.5174
61.5071
61.4948
61.4801
61.463
61.4486
61.4393
61.4294
61.4192
61.4089
61.3991
61.3908
61.3881
61.3881
61.3908
61.3991
61.4089
61.4192
61.4294
61.4393
61.4486
61.463
61.4801
61.4948
61.5071
61.5174
61.5258
61.5324
61.5374
61.5408
61.5429
61.5437
61.5434
61.542
61.5398
61.5367
61.533
61.5287
61.524
61.519
61.5138
61.5085
61.5032
61.498
61.4931
61.4884
61.4841
61.4804
61.4771
61.4744
61.4724
61.471
61.4703
59.8757
59.8763
59.8775
59.8793
59.8816
59.8843
59.8876
59.8912
59.8951
59.8993
59.9037
59.9081
59.9125
59.9168
59.9209
59.9246
59.928
59.9308
59.9329
59.9343
59.9349
59.9345
59.933
59.9304
59.9264
59.9211
59.9144
59.906
59.8959
59.8841
59.8704
59.8549
59.8425
59.8346
59.8266
59.8185
59.8105
59.803
59.7961
59.7934
59.7934
59.7961
59.803
59.8105
59.8185
59.8266
59.8346
59.8425
59.8549
59.8704
59.8841
59.8959
59.906
59.9144
59.9211
59.9264
59.9304
59.933
59.9345
59.9349
59.9343
59.9329
59.9308
59.928
59.9246
59.9209
59.9168
59.9125
59.9081
59.9037
59.8993
59.8951
59.8912
59.8876
59.8843
59.8816
59.8793
59.8775
59.8763
59.8757
58.2806
58.2811
58.2821
58.2836
58.2855
58.2879
58.2906
58.2937
58.297
58.3005
58.3041
58.3077
58.3113
58.3148
58.3181
58.321
58.3235
58.3255
58.3268
58.3275
58.3274
58.3263
58.3243
58.3212
58.3169
58.3114
58.3045
58.2962
58.2865
58.2753
58.2626
58.2486
58.2376
58.2308
58.2238
58.2169
58.2101
58.2035
58.197
58.1944
58.1944
58.197
58.2035
58.2101
58.2169
58.2238
58.2308
58.2376
58.2486
58.2626
58.2753
58.2865
58.2962
58.3045
58.3114
58.3169
58.3212
58.3243
58.3263
58.3274
58.3275
58.3268
58.3255
58.3235
58.321
58.3181
58.3148
58.3113
58.3077
58.3041
58.3005
58.297
58.2937
58.2906
58.2879
58.2855
58.2836
58.2821
58.2811
58.2806
56.6849
56.6853
56.6862
56.6874
56.6891
56.691
56.6933
56.6959
56.6986
56.7015
56.7045
56.7074
56.7103
56.713
56.7155
56.7177
56.7195
56.7208
56.7215
56.7215
56.7207
56.7192
56.7167
56.7132
56.7086
56.7029
56.6961
56.6879
56.6786
56.668
56.6562
56.6433
56.6334
56.6273
56.621
56.6148
56.6086
56.6025
56.5964
56.5938
56.5938
56.5964
56.6025
56.6086
56.6148
56.621
56.6273
56.6334
56.6433
56.6562
56.668
56.6786
56.6879
56.6961
56.7029
56.7086
56.7132
56.7167
56.7192
56.7207
56.7215
56.7215
56.7208
56.7195
56.7177
56.7155
56.713
56.7103
56.7074
56.7045
56.7015
56.6986
56.6959
56.6933
56.691
56.6891
56.6874
56.6862
56.6853
56.6849
55.0888
55.0891
55.0898
55.0909
55.0923
55.0939
55.0958
55.0979
55.1001
55.1025
55.1048
55.1072
55.1094
55.1115
55.1134
55.1149
55.116
55.1166
55.1167
55.1162
55.1149
55.1129
55.11
55.1062
55.1015
55.0957
55.0888
55.0809
55.0719
55.0618
55.0507
55.0388
55.0297
55.0241
55.0183
55.0125
55.0067
55.001
54.9951
54.9926
54.9926
54.9951
55.001
55.0067
55.0125
55.0183
55.0241
55.0297
55.0388
55.0507
55.0618
55.0719
55.0809
55.0888
55.0957
55.1015
55.1062
55.11
55.1129
55.1149
55.1162
55.1167
55.1166
55.116
55.1149
55.1134
55.1115
55.1094
55.1072
55.1048
55.1025
55.1001
55.0979
55.0958
55.0939
55.0923
55.0909
55.0898
55.0891
55.0888
53.4923
53.4926
53.4932
53.4941
53.4952
53.4965
53.498
53.4997
53.5015
53.5034
53.5052
53.507
53.5087
53.5102
53.5115
53.5124
53.513
53.5131
53.5127
53.5116
53.5099
53.5075
53.5043
53.5003
53.4954
53.4895
53.4827
53.475
53.4663
53.4566
53.4462
53.435
53.4265
53.4212
53.4158
53.4103
53.4049
53.3993
53.3937
53.3913
53.3913
53.3937
53.3993
53.4049
53.4103
53.4158
53.4212
53.4265
53.435
53.4462
53.4566
53.4663
53.475
53.4827
53.4895
53.4954
53.5003
53.5043
53.5075
53.5099
53.5116
53.5127
53.5131
53.513
53.5124
53.5115
53.5102
53.5087
53.507
53.5052
53.5034
53.5015
53.4997
53.498
53.4965
53.4952
53.4941
53.4932
53.4926
53.4923
51.8956
51.8958
51.8963
51.897
51.8979
51.8989
51.9001
51.9015
51.9029
51.9043
51.9057
51.907
51.9082
51.9092
51.91
51.9104
51.9104
51.9101
51.9092
51.9077
51.9056
51.9029
51.8994
51.8952
51.8901
51.8843
51.8775
51.87
51.8615
51.8523
51.8424
51.8318
51.8237
51.8187
51.8135
51.8084
51.8031
51.7978
51.7924
51.79
51.79
51.7924
51.7978
51.8031
51.8084
51.8135
51.8187
51.8237
51.8318
51.8424
51.8523
51.8615
51.87
51.8775
51.8843
51.8901
51.8952
51.8994
51.9029
51.9056
51.9077
51.9092
51.9101
51.9104
51.9104
51.91
51.9092
51.9082
51.907
51.9057
51.9043
51.9029
51.9015
51.9001
51.8989
51.8979
51.897
51.8963
51.8958
51.8956
50.2986
50.2987
50.2991
50.2997
50.3004
50.3012
50.3021
50.3031
50.3042
50.3052
50.3062
50.3071
50.3079
50.3084
50.3087
50.3087
50.3083
50.3075
50.3062
50.3044
50.302
50.299
50.2953
50.2909
50.2858
50.2799
50.2732
50.2658
50.2576
50.2487
50.2392
50.2291
50.2214
50.2165
50.2116
50.2067
50.2016
50.1965
50.1913
50.189
50.189
50.1913
50.1965
50.2016
50.2067
50.2116
50.2165
50.2214
50.2291
50.2392
50.2487
50.2576
50.2658
50.2732
50.2799
50.2858
50.2909
50.2953
50.299
50.302
50.3044
50.3062
50.3075
50.3083
50.3087
50.3087
50.3084
50.3079
50.3071
50.3062
50.3052
50.3042
50.3031
50.3021
50.3012
50.3004
50.2997
50.2991
50.2987
50.2986
48.7014
48.7015
48.7018
48.7022
48.7027
48.7034
48.7041
48.7048
48.7055
48.7062
48.7069
48.7074
48.7077
48.7079
48.7078
48.7074
48.7066
48.7055
48.7038
48.7017
48.699
48.6958
48.6919
48.6874
48.6822
48.6763
48.6697
48.6624
48.6544
48.6458
48.6366
48.6269
48.6195
48.6148
48.6101
48.6053
48.6005
48.5955
48.5905
48.5882
48.5882
48.5905
48.5955
48.6005
48.6053
48.6101
48.6148
48.6195
48.6269
48.6366
48.6458
48.6544
48.6624
48.6697
48.6763
48.6822
48.6874
48.6919
48.6958
48.699
48.7017
48.7038
48.7055
48.7066
48.7074
48.7078
48.7079
48.7077
48.7074
48.7069
48.7062
48.7055
48.7048
48.7041
48.7034
48.7027
48.7022
48.7018
48.7015
48.7014
47.104
47.1041
47.1043
47.1046
47.105
47.1055
47.1059
47.1064
47.1069
47.1073
47.1076
47.1078
47.1078
47.1076
47.1072
47.1064
47.1053
47.1039
47.1019
47.0995
47.0966
47.0932
47.0892
47.0845
47.0792
47.0733
47.0668
47.0596
47.0519
47.0435
47.0346
47.0251
47.018
47.0135
47.009
47.0043
46.9996
46.9948
46.99
46.9877
46.9877
46.99
46.9948
46.9996
47.0043
47.009
47.0135
47.018
47.0251
47.0346
47.0435
47.0519
47.0596
47.0668
47.0733
47.0792
47.0845
47.0892
47.0932
47.0966
47.0995
47.1019
47.1039
47.1053
47.1064
47.1072
47.1076
47.1078
47.1078
47.1076
47.1073
47.1069
47.1064
47.1059
47.1055
47.105
47.1046
47.1043
47.1041
47.104
45.5066
45.5067
45.5068
45.507
45.5072
45.5075
45.5078
45.5081
45.5083
45.5084
45.5085
45.5084
45.5081
45.5076
45.5069
45.5058
45.5045
45.5027
45.5005
45.4979
45.4948
45.4912
45.487
45.4823
45.477
45.4711
45.4646
45.4575
45.4499
45.4417
45.433
45.4239
45.417
45.4126
45.4082
45.4037
45.3991
45.3945
45.3898
45.3876
45.3876
45.3898
45.3945
45.3991
45.4037
45.4082
45.4126
45.417
45.4239
45.433
45.4417
45.4499
45.4575
45.4646
45.4711
45.477
45.4823
45.487
45.4912
45.4948
45.4979
45.5005
45.5027
45.5045
45.5058
45.5069
45.5076
45.5081
45.5084
45.5085
45.5084
45.5083
45.5081
45.5078
45.5075
45.5072
45.507
45.5068
45.5067
45.5066
43.9091
43.9091
43.9092
43.9093
43.9094
43.9096
43.9097
43.9098
43.9098
43.9097
43.9095
43.9091
43.9086
43.9079
43.9069
43.9056
43.9039
43.9019
43.8996
43.8967
43.8935
43.8897
43.8854
43.8806
43.8753
43.8694
43.8629
43.856
43.8485
43.8405
43.832
43.8231
43.8163
43.8121
43.8078
43.8034
43.799
43.7945
43.7899
43.7878
43.7878
43.7899
43.7945
43.799
43.8034
43.8078
43.8121
43.8163
43.8231
43.832
43.8405
43.8485
43.856
43.8629
43.8694
43.8753
43.8806
43.8854
43.8897
43.8935
43.8967
43.8996
43.9019
43.9039
43.9056
43.9069
43.9079
43.9086
43.9091
43.9095
43.9097
43.9098
43.9098
43.9097
43.9096
43.9094
43.9093
43.9092
43.9091
43.9091
42.3115
42.3116
42.3116
42.3116
42.3116
42.3116
42.3116
42.3115
42.3113
42.3111
42.3107
42.3101
42.3093
42.3084
42.3071
42.3056
42.3038
42.3016
42.299
42.296
42.2926
42.2887
42.2844
42.2795
42.2741
42.2682
42.2618
42.2549
42.2475
42.2397
42.2314
42.2226
42.2161
42.2119
42.2078
42.2035
42.1992
42.1948
42.1903
42.1882
42.1882
42.1903
42.1948
42.1992
42.2035
42.2078
42.2119
42.2161
42.2226
42.2314
42.2397
42.2475
42.2549
42.2618
42.2682
42.2741
42.2795
42.2844
42.2887
42.2926
42.296
42.299
42.3016
42.3038
42.3056
42.3071
42.3084
42.3093
42.3101
42.3107
42.3111
42.3113
42.3115
42.3116
42.3116
42.3116
42.3116
42.3116
42.3116
42.3115
40.714
40.714
40.7139
40.7139
40.7138
40.7137
40.7136
40.7133
40.713
40.7126
40.712
40.7112
40.7103
40.7091
40.7077
40.706
40.704
40.7016
40.6989
40.6958
40.6922
40.6882
40.6838
40.6789
40.6735
40.6676
40.6612
40.6544
40.6471
40.6393
40.6312
40.6226
40.6162
40.6122
40.6081
40.6039
40.5997
40.5954
40.5911
40.589
40.589
40.5911
40.5954
40.5997
40.6039
40.6081
40.6122
40.6162
40.6226
40.6312
40.6393
40.6471
40.6544
40.6612
40.6676
40.6735
40.6789
40.6838
40.6882
40.6922
40.6958
40.6989
40.7016
40.704
40.706
40.7077
40.7091
40.7103
40.7112
40.712
40.7126
40.713
40.7133
40.7136
40.7137
40.7138
40.7139
40.7139
40.714
40.714
39.1164
39.1164
39.1163
39.1162
39.1161
39.1159
39.1156
39.1153
39.1148
39.1142
39.1135
39.1126
39.1115
39.1101
39.1085
39.1067
39.1045
39.102
39.0992
39.0959
39.0923
39.0882
39.0837
39.0787
39.0733
39.0674
39.0611
39.0543
39.0471
39.0394
39.0314
39.0229
39.0166
39.0127
39.0087
39.0046
39.0005
38.9963
38.9921
38.9901
38.9901
38.9921
38.9963
39.0005
39.0046
39.0087
39.0127
39.0166
39.0229
39.0314
39.0394
39.0471
39.0543
39.0611
39.0674
39.0733
39.0787
39.0837
39.0882
39.0923
39.0959
39.0992
39.102
39.1045
39.1067
39.1085
39.1101
39.1115
39.1126
39.1135
39.1142
39.1148
39.1153
39.1156
39.1159
39.1161
39.1162
39.1163
39.1164
39.1164
37.5189
37.5188
37.5188
37.5186
37.5184
37.5181
37.5178
37.5173
37.5167
37.516
37.5151
37.5141
37.5129
37.5114
37.5097
37.5077
37.5054
37.5028
37.4998
37.4965
37.4928
37.4886
37.4841
37.4791
37.4736
37.4677
37.4614
37.4546
37.4475
37.4399
37.4319
37.4236
37.4174
37.4135
37.4096
37.4056
37.4016
37.3975
37.3933
37.3914
37.3914
37.3933
37.3975
37.4016
37.4056
37.4096
37.4135
37.4174
37.4236
37.4319
37.4399
37.4475
37.4546
37.4614
37.4677
37.4736
37.4791
37.4841
37.4886
37.4928
37.4965
37.4998
37.5028
37.5054
37.5077
37.5097
37.5114
37.5129
37.5141
37.5151
37.516
37.5167
37.5173
37.5178
37.5181
37.5184
37.5186
37.5188
37.5188
37.5189
35.9214
35.9214
35.9212
35.921
35.9208
35.9204
35.92
35.9194
35.9188
35.918
35.917
35.9158
35.9145
35.9129
35.9111
35.909
35.9066
35.9039
35.9008
35.8974
35.8936
35.8895
35.8849
35.8798
35.8744
35.8685
35.8622
35.8554
35.8483
35.8407
35.8328
35.8246
35.8184
35.8146
35.8107
35.8068
35.8029
35.7989
35.7948
35.7929
35.7929
35.7948
35.7989
35.8029
35.8068
35.8107
35.8146
35.8184
35.8246
35.8328
35.8407
35.8483
35.8554
35.8622
35.8685
35.8744
35.8798
35.8849
35.8895
35.8936
35.8974
35.9008
35.9039
35.9066
35.909
35.9111
35.9129
35.9145
35.9158
35.917
35.918
35.9188
35.9194
35.92
35.9204
35.9208
35.921
35.9212
35.9214
35.9214
34.324
34.3239
34.3238
34.3235
34.3232
34.3228
34.3223
34.3217
34.321
34.3201
34.319
34.3178
34.3163
34.3147
34.3127
34.3106
34.3081
34.3053
34.3022
34.2988
34.2949
34.2907
34.2861
34.281
34.2756
34.2697
34.2634
34.2566
34.2495
34.2419
34.234
34.2258
34.2197
34.2159
34.2121
34.2082
34.2043
34.2004
34.1965
34.1946
34.1946
34.1965
34.2004
34.2043
34.2082
34.2121
34.2159
34.2197
34.2258
34.234
34.2419
34.2495
34.2566
34.2634
34.2697
34.2756
34.281
34.2861
34.2907
34.2949
34.2988
34.3022
34.3053
34.3081
34.3106
34.3127
34.3147
34.3163
34.3178
34.319
34.3201
34.321
34.3217
34.3223
34.3228
34.3232
34.3235
34.3238
34.3239
34.324
32.7266
32.7266
32.7264
32.7261
32.7258
32.7254
32.7248
32.7241
32.7233
32.7223
32.7212
32.7199
32.7184
32.7167
32.7147
32.7124
32.7099
32.7071
32.7039
32.7005
32.6966
32.6924
32.6877
32.6827
32.6772
32.6713
32.665
32.6582
32.651
32.6435
32.6355
32.6273
32.6212
32.6175
32.6136
32.6098
32.606
32.6021
32.5982
32.5964
32.5964
32.5982
32.6021
32.606
32.6098
32.6136
32.6175
32.6212
32.6273
32.6355
32.6435
32.651
32.6582
32.665
32.6713
32.6772
32.6827
32.6877
32.6924
32.6966
32.7005
32.7039
32.7071
32.7099
32.7124
32.7147
32.7167
32.7184
32.7199
32.7212
32.7223
32.7233
32.7241
32.7248
32.7254
32.7258
32.7261
32.7264
32.7266
32.7266
31.1294
31.1293
31.1291
31.1288
31.1285
31.128
31.1274
31.1267
31.1258
31.1248
31.1236
31.1222
31.1207
31.1189
31.1169
31.1146
31.112
31.1092
31.106
31.1025
31.0987
31.0944
31.0898
31.0847
31.0793
31.0733
31.067
31.0602
31.053
31.0454
31.0374
31.0291
31.0229
31.0191
31.0153
31.0115
31.0076
31.0038
31
30.9983
30.9983
31
31.0038
31.0076
31.0115
31.0153
31.0191
31.0229
31.0291
31.0374
31.0454
31.053
31.0602
31.067
31.0733
31.0793
31.0847
31.0898
31.0944
31.0987
31.1025
31.106
31.1092
31.112
31.1146
31.1169
31.1189
31.1207
31.1222
31.1236
31.1248
31.1258
31.1267
31.1274
31.128
31.1285
31.1288
31.1291
31.1293
31.1294
29.5322
29.5321
29.5319
29.5316
29.5312
29.5307
29.5301
29.5293
29.5284
29.5274
29.5262
29.5248
29.5232
29.5214
29.5193
29.517
29.5145
29.5116
29.5084
29.5049
29.5011
29.4969
29.4922
29.4872
29.4817
29.4758
29.4695
29.4626
29.4553
29.4476
29.4395
29.431
29.4247
29.4209
29.417
29.4131
29.4093
29.4055
29.4017
29.4
29.4
29.4017
29.4055
29.4093
29.4131
29.417
29.4209
29.4247
29.431
29.4395
29.4476
29.4553
29.4626
29.4695
29.4758
29.4817
29.4872
29.4922
29.4969
29.5011
29.5049
29.5084
29.5116
29.5145
29.517
29.5193
29.5214
29.5232
29.5248
29.5262
29.5274
29.5284
29.5293
29.5301
29.5307
29.5312
29.5316
29.5319
29.5321
29.5322
27.9351
27.935
27.9348
27.9345
27.9341
27.9336
27.9329
27.9322
27.9312
27.9302
27.9289
27.9275
27.9259
27.9241
27.922
27.9197
27.9172
27.9143
27.9112
27.9077
27.9039
27.8997
27.8951
27.8901
27.8847
27.8788
27.8724
27.8655
27.8582
27.8503
27.8419
27.8332
27.8267
27.8226
27.8186
27.8146
27.8107
27.8069
27.8031
27.8015
27.8015
27.8031
27.8069
27.8107
27.8146
27.8186
27.8226
27.8267
27.8332
27.8419
27.8503
27.8582
27.8655
27.8724
27.8788
27.8847
27.8901
27.8951
27.8997
27.9039
27.9077
27.9112
27.9143
27.9172
27.9197
27.922
27.9241
27.9259
27.9275
27.9289
27.9302
27.9312
27.9322
27.9329
27.9336
27.9341
27.9345
27.9348
27.935
27.9351
26.3381
26.338
26.3378
26.3375
26.3371
26.3365
26.3359
26.3351
26.3342
26.3331
26.3319
26.3305
26.3288
26.327
26.325
26.3227
26.3202
26.3174
26.3143
26.3108
26.3071
26.3029
26.2984
26.2935
26.2881
26.2822
26.2759
26.2689
26.2615
26.2534
26.2447
26.2356
26.2287
26.2244
26.2201
26.2159
26.2118
26.2078
26.204
26.2024
26.2024
26.204
26.2078
26.2118
26.2159
26.2201
26.2244
26.2287
26.2356
26.2447
26.2534
26.2615
26.2689
26.2759
26.2822
26.2881
26.2935
26.2984
26.3029
26.3071
26.3108
26.3143
26.3174
26.3202
26.3227
26.325
26.327
26.3288
26.3305
26.3319
26.3331
26.3342
26.3351
26.3359
26.3365
26.3371
26.3375
26.3378
26.338
26.3381
24.7412
24.7411
24.7409
24.7406
24.7402
24.7396
24.739
24.7382
24.7373
24.7362
24.735
24.7336
24.732
24.7302
24.7282
24.7259
24.7235
24.7207
24.7177
24.7143
24.7106
24.7065
24.7021
24.6973
24.692
24.6862
24.6798
24.6729
24.6654
24.6571
24.6481
24.6383
24.6308
24.6261
24.6213
24.6166
24.612
24.6077
24.6038
24.6023
24.6023
24.6038
24.6077
24.612
24.6166
24.6213
24.6261
24.6308
24.6383
24.6481
24.6571
24.6654
24.6729
24.6798
24.6862
24.692
24.6973
24.7021
24.7065
24.7106
24.7143
24.7177
24.7207
24.7235
24.7259
24.7282
24.7302
24.732
24.7336
24.735
24.7362
24.7373
24.7382
24.739
24.7396
24.7402
24.7406
24.7409
24.7411
24.7412
23.1444
23.1443
23.1441
23.1438
23.1434
23.1429
23.1422
23.1414
23.1405
23.1395
23.1383
23.1369
23.1353
23.1336
23.1316
23.1294
23.127
23.1243
23.1214
23.1181
23.1145
23.1106
23.1062
23.1015
23.0963
23.0906
23.0844
23.0775
23.07
23.0616
23.0522
23.0418
23.0334
23.028
23.0224
23.0167
23.0111
23.0058
23.0013
22.9999
22.9999
23.0013
23.0058
23.0111
23.0167
23.0224
23.028
23.0334
23.0418
23.0522
23.0616
23.07
23.0775
23.0844
23.0906
23.0963
23.1015
23.1062
23.1106
23.1145
23.1181
23.1214
23.1243
23.127
23.1294
23.1316
23.1336
23.1353
23.1369
23.1383
23.1395
23.1405
23.1414
23.1422
23.1429
23.1434
23.1438
23.1441
23.1443
23.1444
21.5477
21.5476
21.5474
21.5471
21.5467
21.5462
21.5456
21.5448
21.5439
21.5429
21.5417
21.5404
21.5389
21.5372
21.5353
21.5332
21.5308
21.5282
21.5254
21.5222
21.5187
21.5149
21.5108
21.5062
21.5012
21.4957
21.4896
21.4829
21.4754
21.467
21.4575
21.4465
21.437
21.4308
21.4239
21.4164
21.4085
21.4004
21.3934
21.3924
21.3924
21.3934
21.4004
21.4085
21.4164
21.4239
21.4308
21.437
21.4465
21.4575
21.467
21.4754
21.4829
21.4896
21.4957
21.5012
21.5062
21.5108
21.5149
21.5187
21.5222
21.5254
21.5282
21.5308
21.5332
21.5353
21.5372
21.5389
21.5404
21.5417
21.5429
21.5439
21.5448
21.5456
21.5462
21.5467
21.5471
21.5474
21.5476
21.5477
19.9512
19.9511
19.9509
19.9506
19.9502
19.9497
19.9491
19.9483
19.9475
19.9465
19.9453
19.944
19.9426
19.941
19.9391
19.9371
19.9349
19.9324
19.9296
19.9266
19.9233
19.9197
19.9157
19.9113
19.9065
19.9012
19.8954
19.889
19.8817
19.8736
19.8642
19.8532
19.8433
19.8364
19.8284
19.8187
19.8065
19.79
19.7662
19.7359
19.7359
19.7662
19.79
19.8065
19.8187
19.8284
19.8364
19.8433
19.8532
19.8642
19.8736
19.8817
19.889
19.8954
19.9012
19.9065
19.9113
19.9157
19.9197
19.9233
19.9266
19.9296
19.9324
19.9349
19.9371
19.9391
19.941
19.9426
19.944
19.9453
19.9465
19.9475
19.9483
19.9491
19.9497
19.9502
19.9506
19.9509
19.9511
19.9512
18.3547
18.3546
18.3544
18.3541
18.3537
18.3532
18.3526
18.3519
18.3511
18.3502
18.3491
18.3479
18.3465
18.3449
18.3432
18.3413
18.3392
18.3368
18.3342
18.3314
18.3282
18.3248
18.321
18.3169
18.3124
18.3074
18.3019
18.2958
18.289
18.2814
18.2726
18.2625
18.2537
18.2477
18.2411
18.2338
18.2258
18.2172
18.2088
18.2026
18.2026
18.2088
18.2172
18.2258
18.2338
18.2411
18.2477
18.2537
18.2625
18.2726
18.2814
18.289
18.2958
18.3019
18.3074
18.3124
18.3169
18.321
18.3248
18.3282
18.3314
18.3342
18.3368
18.3392
18.3413
18.3432
18.3449
18.3465
18.3479
18.3491
18.3502
18.3511
18.3519
18.3526
18.3532
18.3537
18.3541
18.3544
18.3546
18.3547
16.7583
16.7582
16.758
16.7577
16.7574
16.7569
16.7564
16.7557
16.7549
16.754
16.753
16.7518
16.7505
16.7491
16.7475
16.7457
16.7437
16.7415
16.739
16.7364
16.7335
16.7302
16.7267
16.7229
16.7187
16.714
16.7089
16.7033
16.6971
16.6902
16.6825
16.6738
16.6667
16.6622
16.6575
16.6527
16.648
16.6436
16.6401
16.6381
16.6381
16.6401
16.6436
16.648
16.6527
16.6575
16.6622
16.6667
16.6738
16.6825
16.6902
16.6971
16.7033
16.7089
16.714
16.7187
16.7229
16.7267
16.7302
16.7335
16.7364
16.739
16.7415
16.7437
16.7457
16.7475
16.7491
16.7505
16.7518
16.753
16.754
16.7549
16.7557
16.7564
16.7569
16.7574
16.7577
16.758
16.7582
16.7583
15.1619
15.1619
15.1617
15.1615
15.1611
15.1607
15.1602
15.1596
15.1588
15.158
15.157
15.156
15.1548
15.1534
15.1519
15.1502
15.1484
15.1464
15.1441
15.1416
15.1389
15.136
15.1328
15.1292
15.1254
15.1211
15.1165
15.1115
15.1059
15.0999
15.0933
15.0862
15.0808
15.0775
15.0742
15.0711
15.0683
15.0658
15.064
15.0631
15.0631
15.064
15.0658
15.0683
15.0711
15.0742
15.0775
15.0808
15.0862
15.0933
15.0999
15.1059
15.1115
15.1165
15.1211
15.1254
15.1292
15.1328
15.136
15.1389
15.1416
15.1441
15.1464
15.1484
15.1502
15.1519
15.1534
15.1548
15.156
15.157
15.158
15.1588
15.1596
15.1602
15.1607
15.1611
15.1615
15.1617
15.1619
15.1619
13.5657
13.5656
13.5655
13.5653
13.565
13.5646
13.5641
13.5635
13.5629
13.5621
13.5612
13.5602
13.5591
13.5579
13.5565
13.555
13.5533
13.5514
13.5494
13.5472
13.5447
13.542
13.5391
13.5359
13.5324
13.5286
13.5245
13.5201
13.5153
13.5101
13.5047
13.499
13.495
13.4926
13.4903
13.4882
13.4863
13.4848
13.4838
13.4832
13.4832
13.4838
13.4848
13.4863
13.4882
13.4903
13.4926
13.495
13.499
13.5047
13.5101
13.5153
13.5201
13.5245
13.5286
13.5324
13.5359
13.5391
13.542
13.5447
13.5472
13.5494
13.5514
13.5533
13.555
13.5565
13.5579
13.5591
13.5602
13.5612
13.5621
13.5629
13.5635
13.5641
13.5646
13.565
13.5653
13.5655
13.5656
13.5657
11.9696
11.9695
11.9694
11.9692
11.9689
11.9685
11.9681
11.9676
11.967
11.9663
11.9655
11.9646
11.9636
11.9625
11.9613
11.9599
11.9584
11.9567
11.9549
11.9529
11.9507
11.9483
11.9457
11.9428
11.9398
11.9364
11.9329
11.929
11.9249
11.9206
11.9162
11.9118
11.9088
11.907
11.9053
11.9039
11.9026
11.9017
11.901
11.9006
11.9006
11.901
11.9017
11.9026
11.9039
11.9053
11.907
11.9088
11.9118
11.9162
11.9206
11.9249
11.929
11.9329
11.9364
11.9398
11.9428
11.9457
11.9483
11.9507
11.9529
11.9549
11.9567
11.9584
11.9599
11.9613
11.9625
11.9636
11.9646
11.9655
11.9663
11.967
11.9676
11.9681
11.9685
11.9689
11.9692
11.9694
11.9695
11.9696
10.3735
10.3734
10.3733
10.3731
10.3729
10.3726
10.3722
10.3717
10.3712
10.3706
10.3699
10.3691
10.3682
10.3672
10.3662
10.365
10.3636
10.3622
10.3605
10.3588
10.3569
10.3548
10.3525
10.35
10.3474
10.3445
10.3415
10.3382
10.3348
10.3313
10.3278
10.3243
10.322
10.3207
10.3195
10.3185
10.3176
10.3169
10.3165
10.3162
10.3162
10.3165
10.3169
10.3176
10.3185
10.3195
10.3207
10.322
10.3243
10.3278
10.3313
10.3348
10.3382
10.3415
10.3445
10.3474
10.35
10.3525
10.3548
10.3569
10.3588
10.3605
10.3622
10.3636
10.365
10.3662
10.3672
10.3682
10.3691
10.3699
10.3706
10.3712
10.3717
10.3722
10.3726
10.3729
10.3731
10.3733
10.3734
10.3735
8.77745
8.7774
8.7773
8.77714
8.77693
8.77666
8.77633
8.77594
8.77549
8.77496
8.77437
8.7737
8.77294
8.7721
8.77117
8.77013
8.76899
8.76774
8.76636
8.76486
8.76322
8.76144
8.75951
8.75743
8.75519
8.75279
8.75025
8.74758
8.74481
8.74199
8.7392
8.73655
8.73484
8.73387
8.733
8.73224
8.73161
8.73113
8.7308
8.73063
8.73063
8.7308
8.73113
8.73161
8.73224
8.733
8.73387
8.73484
8.73655
8.7392
8.74199
8.74481
8.74758
8.75025
8.75279
8.75519
8.75743
8.75951
8.76144
8.76322
8.76486
8.76636
8.76774
8.76899
8.77013
8.77117
8.7721
8.77294
8.7737
8.77437
8.77496
8.77549
8.77594
8.77633
8.77666
8.77693
8.77714
8.7773
8.7774
8.77745
7.18148
7.18144
7.18135
7.18122
7.18104
7.18082
7.18055
7.18022
7.17985
7.17942
7.17892
7.17837
7.17774
7.17704
7.17627
7.17542
7.17447
7.17344
7.17231
7.17107
7.16972
7.16826
7.16668
7.16497
7.16315
7.16121
7.15917
7.15704
7.15485
7.15265
7.15051
7.14851
7.14724
7.14653
7.14589
7.14534
7.14489
7.14454
7.1443
7.14418
7.14418
7.1443
7.14454
7.14489
7.14534
7.14589
7.14653
7.14724
7.14851
7.15051
7.15265
7.15485
7.15704
7.15917
7.16121
7.16315
7.16497
7.16668
7.16826
7.16972
7.17107
7.17231
7.17344
7.17447
7.17542
7.17627
7.17704
7.17774
7.17837
7.17892
7.17942
7.17985
7.18022
7.18055
7.18082
7.18104
7.18122
7.18135
7.18144
7.18148
5.58555
5.58552
5.58545
5.58535
5.58521
5.58503
5.58482
5.58456
5.58427
5.58393
5.58354
5.5831
5.58261
5.58207
5.58146
5.58079
5.58005
5.57924
5.57835
5.57739
5.57633
5.57519
5.57396
5.57264
5.57123
5.56974
5.56817
5.56655
5.5649
5.56326
5.56168
5.56021
5.5593
5.55879
5.55834
5.55795
5.55763
5.55738
5.55721
5.55713
5.55713
5.55721
5.55738
5.55763
5.55795
5.55834
5.55879
5.5593
5.56021
5.56168
5.56326
5.5649
5.56655
5.56817
5.56974
5.57123
5.57264
5.57396
5.57519
5.57633
5.57739
5.57835
5.57924
5.58005
5.58079
5.58146
5.58207
5.58261
5.5831
5.58354
5.58393
5.58427
5.58456
5.58482
5.58503
5.58521
5.58535
5.58545
5.58552
5.58555
3.98965
3.98963
3.98958
3.98951
3.98941
3.98928
3.98913
3.98894
3.98873
3.98849
3.98821
3.98789
3.98754
3.98715
3.98671
3.98623
3.9857
3.98512
3.98448
3.98379
3.98303
3.98222
3.98134
3.9804
3.9794
3.97834
3.97724
3.9761
3.97495
3.97381
3.97272
3.97172
3.97111
3.97076
3.97046
3.9702
3.96998
3.96982
3.96971
3.96966
3.96966
3.96971
3.96982
3.96998
3.9702
3.97046
3.97076
3.97111
3.97172
3.97272
3.97381
3.97495
3.9761
3.97724
3.97834
3.9794
3.9804
3.98134
3.98222
3.98303
3.98379
3.98448
3.98512
3.9857
3.98623
3.98671
3.98715
3.98754
3.98789
3.98821
3.98849
3.98873
3.98894
3.98913
3.98928
3.98941
3.98951
3.98958
3.98963
3.98965
2.39378
2.39377
2.39374
2.39369
2.39363
2.39356
2.39346
2.39335
2.39323
2.39308
2.39291
2.39272
2.39251
2.39227
2.39201
2.39172
2.3914
2.39105
2.39067
2.39025
2.3898
2.38931
2.38878
2.38822
2.38762
2.38699
2.38633
2.38565
2.38497
2.38431
2.38367
2.38309
2.38273
2.38254
2.38236
2.38221
2.38209
2.382
2.38193
2.3819
2.3819
2.38193
2.382
2.38209
2.38221
2.38236
2.38254
2.38273
2.38309
2.38367
2.38431
2.38497
2.38565
2.38633
2.38699
2.38762
2.38822
2.38878
2.38931
2.3898
2.39025
2.39067
2.39105
2.3914
2.39172
2.39201
2.39227
2.39251
2.39272
2.39291
2.39308
2.39323
2.39335
2.39346
2.39356
2.39363
2.39369
2.39374
2.39377
2.39378
0.797926
0.797921
0.797911
0.797896
0.797876
0.79785
0.797819
0.797783
0.79774
0.79769
0.797634
0.797571
0.7975
0.797421
0.797333
0.797236
0.797129
0.797013
0.796885
0.796746
0.796594
0.796431
0.796256
0.796068
0.795869
0.795659
0.795441
0.795218
0.794993
0.794772
0.794563
0.794373
0.794257
0.794192
0.794134
0.794085
0.794046
0.794015
0.793995
0.793984
0.793984
0.793995
0.794015
0.794046
0.794085
0.794134
0.794192
0.794257
0.794373
0.794563
0.794772
0.794993
0.795218
0.795441
0.795659
0.795869
0.796068
0.796256
0.796431
0.796594
0.796746
0.796885
0.797013
0.797129
0.797236
0.797333
0.797421
0.7975
0.797571
0.797634
0.79769
0.79774
0.797783
0.797819
0.79785
0.797876
0.797896
0.797911
0.797921
0.797926
)
;

boundaryField
{
    top
    {
        type            fixedValue;
        value           uniform 0;
    }
    inlet
    {
        type            darcyGradPressure;
        gradient        nonuniform List<scalar> 
80
(
9.81
9.81
9.81
9.81
9.81
9.81
9.81
9.81
9.81
9.81
9.81
9.81
9.81
9.81
9.81
9.81
2392.25
9799.47
9806.76
9808.23
9808.82
9809.12
9809.31
9809.43
9809.52
9809.58
9809.63
9809.66
9809.69
9809.72
9809.74
9809.75
9809.77
9809.77
9809.78
9809.78
9809.78
9809.78
9809.79
9809.79
9809.79
9809.79
9809.78
9809.78
9809.78
9809.78
9809.77
9809.77
9809.75
9809.74
9809.72
9809.69
9809.66
9809.63
9809.58
9809.52
9809.43
9809.31
9809.12
9808.82
9808.23
9806.76
9799.47
2392.25
9.81
9.81
9.81
9.81
9.81
9.81
9.81
9.81
9.81
9.81
9.81
9.81
9.81
9.81
9.81
9.81
)
;
        value           nonuniform List<scalar> 
80
(
111.439
111.454
111.485
111.532
111.596
111.676
111.775
111.894
112.034
112.198
112.39
112.614
112.878
113.193
113.576
114.048
162.993
552.442
833.917
1104.42
1355.88
1590.23
1818.7
2040.73
2261.96
2480.5
2696.15
2907.39
3114.62
3316.47
3513.8
3705.83
3837.15
3914.49
3987.08
4053.14
4110.46
4156.57
4189.02
4205.81
4205.81
4189.02
4156.57
4110.46
4053.14
3987.08
3914.49
3837.15
3705.83
3513.8
3316.47
3114.62
2907.39
2696.15
2480.5
2261.96
2040.73
1818.7
1590.23
1355.88
1104.42
833.917
552.442
162.993
114.048
113.576
113.193
112.878
112.614
112.39
112.198
112.034
111.894
111.775
111.676
111.596
111.532
111.485
111.454
111.439
)
;
    }
    axis
    {
        type            darcyGradPressure;
        gradient        uniform -0;
        value           nonuniform List<scalar> 
160
(
111.299
111.004
110.68
110.324
109.932
109.501
109.026
108.503
107.927
107.293
106.594
105.823
104.973
104.036
103.001
101.858
100.517
99.0251
97.523
96.0111
94.4902
92.9611
91.4244
89.8809
88.3313
86.7762
85.216
83.6513
82.0826
80.5103
78.9348
77.3564
75.7754
74.1921
72.6068
71.0198
69.4311
67.841
66.2498
64.6574
63.0642
61.4703
59.8757
58.2806
56.6849
55.0888
53.4923
51.8956
50.2986
48.7014
47.104
45.5066
43.9091
42.3115
40.714
39.1164
37.5189
35.9214
34.324
32.7266
31.1294
29.5322
27.9351
26.3381
24.7412
23.1444
21.5477
19.9512
18.3547
16.7583
15.1619
13.5657
11.9696
10.3735
8.77745
7.18148
5.58555
3.98965
2.39378
0.797926
111.299
111.004
110.68
110.324
109.932
109.501
109.026
108.503
107.927
107.293
106.594
105.823
104.973
104.036
103.001
101.858
100.517
99.0251
97.523
96.0111
94.4902
92.9611
91.4244
89.8809
88.3313
86.7762
85.216
83.6513
82.0826
80.5103
78.9348
77.3564
75.7754
74.1921
72.6068
71.0198
69.4311
67.841
66.2498
64.6574
63.0642
61.4703
59.8757
58.2806
56.6849
55.0888
53.4923
51.8956
50.2986
48.7014
47.104
45.5066
43.9091
42.3115
40.714
39.1164
37.5189
35.9214
34.324
32.7266
31.1294
29.5322
27.9351
26.3381
24.7412
23.1444
21.5477
19.9512
18.3547
16.7583
15.1619
13.5657
11.9696
10.3735
8.77745
7.18148
5.58555
3.98965
2.39378
0.797926
)
;
    }
    frontAndBack
    {
        type            empty;
    }
}


// ************************************************************************* //
