/*--------------------------------*- C++ -*----------------------------------*\
  =========                 |
  \\      /  F ield         | OpenFOAM: The Open Source CFD Toolbox
   \\    /   O peration     | Website:  https://openfoam.org
    \\  /    A nd           | Version:  10
     \\/     M anipulation  |
\*---------------------------------------------------------------------------*/
FoamFile
{
    format      ascii;
    class       volVectorField;
    location    "0.056";
    object      U;
}
// * * * * * * * * * * * * * * * * * * * * * * * * * * * * * * * * * * * * * //

dimensions      [0 1 -1 0 0 0 0];

internalField   nonuniform List<vector> 
4000
(
(5.00002 -7.3441e-05 0)
(5.0001 -0.000220053 0)
(5.00034 -0.000367596 0)
(5.00073 -0.000516063 0)
(5.00128 -0.000663727 0)
(5.00197 -0.000812946 0)
(5.00281 -0.000961413 0)
(5.00379 -0.0011121 0)
(5.00493 -0.00126205 0)
(5.00622 -0.00141488 0)
(5.00767 -0.00156698 0)
(5.00926 -0.00172268 0)
(5.01101 -0.00187776 0)
(5.01292 -0.00203727 0)
(5.01499 -0.00219632 0)
(5.01721 -0.00236072 0)
(5.0196 -0.00252493 0)
(5.02216 -0.00269552 0)
(5.02489 -0.00286626 0)
(5.02778 -0.00304453 0)
(5.03086 -0.00322338 0)
(5.03412 -0.00341098 0)
(5.03757 -0.00359968 0)
(5.04121 -0.00379845 0)
(5.04505 -0.00399888 0)
(5.04909 -0.00421076 0)
(5.05334 -0.00442494 0)
(5.05782 -0.004652 0)
(5.06252 -0.00488207 0)
(5.06746 -0.0051265 0)
(5.07264 -0.00537469 0)
(5.07808 -0.00563879 0)
(5.08378 -0.00590746 0)
(5.08976 -0.00619361 0)
(5.09603 -0.00648519 0)
(5.10259 -0.00679589 0)
(5.10947 -0.0071129 0)
(5.11667 -0.0074507 0)
(5.12422 -0.00779572 0)
(5.13211 -0.00816324 0)
(5.14038 -0.00853889 0)
(5.14903 -0.00893875 0)
(5.15809 -0.00934767 0)
(5.16756 -0.00978251 0)
(5.17747 -0.0102273 0)
(5.18784 -0.0106997 0)
(5.19869 -0.0111829 0)
(5.21003 -0.0116953 0)
(5.22189 -0.0122192 0)
(5.23428 -0.0127738 0)
(5.24723 -0.0133406 0)
(5.26076 -0.0139394 0)
(5.2749 -0.0145507 0)
(5.28966 -0.0151951 0)
(5.30508 -0.0158519 0)
(5.32116 -0.0165425 0)
(5.33794 -0.0172451 0)
(5.35543 -0.0179815 0)
(5.37367 -0.0187289 0)
(5.39267 -0.0195093 0)
(5.41246 -0.0202988 0)
(5.43305 -0.0211197 0)
(5.45446 -0.0219466 0)
(5.47672 -0.022802 0)
(5.49983 -0.023659 0)
(5.52381 -0.02454 0)
(5.54868 -0.0254167 0)
(5.57443 -0.0263112 0)
(5.60107 -0.0271935 0)
(5.6286 -0.0280856 0)
(5.65703 -0.0289557 0)
(5.68632 -0.0298257 0)
(5.71647 -0.0306619 0)
(5.74746 -0.0314864 0)
(5.77926 -0.0322641 0)
(5.81183 -0.0330171 0)
(5.84513 -0.0337093 0)
(5.87911 -0.0343635 0)
(5.91372 -0.034943 0)
(5.94888 -0.0354716 0)
(5.98454 -0.0359131 0)
(6.02061 -0.0362928 0)
(6.05702 -0.0365752 0)
(6.09368 -0.0367878 0)
(6.13051 -0.0368967 0)
(6.16741 -0.0369317 0)
(6.20429 -0.0368607 0)
(6.24106 -0.0367161 0)
(6.27763 -0.0364678 0)
(6.31392 -0.0361502 0)
(6.34983 -0.0357351 0)
(6.3853 -0.035259 0)
(6.42023 -0.0346951 0)
(6.45457 -0.0340809 0)
(6.48826 -0.033391 0)
(6.52122 -0.0326635 0)
(6.55342 -0.0318737 0)
(6.58481 -0.0310597 0)
(6.61535 -0.0301969 0)
(6.64501 -0.0293233 0)
(6.67377 -0.0284138 0)
(6.70162 -0.0275058 0)
(6.72853 -0.0265739 0)
(6.75451 -0.0256541 0)
(6.77956 -0.0247206 0)
(6.80367 -0.0238082 0)
(6.82686 -0.0228904 0)
(6.84913 -0.0220011 0)
(6.87051 -0.021113 0)
(6.89102 -0.0202589 0)
(6.91066 -0.0194112 0)
(6.92948 -0.0186016 0)
(6.94748 -0.0178023 0)
(6.96471 -0.0170441 0)
(6.98119 -0.0162989 0)
(6.99694 -0.0155969 0)
(7.012 -0.0149098 0)
(7.02639 -0.0142672 0)
(7.04016 -0.0136407 0)
(7.05332 -0.0130593 0)
(7.06592 -0.0124943 0)
(7.07797 -0.0119746 0)
(7.08952 -0.011471 0)
(7.10058 -0.0110122 0)
(7.11119 -0.0105687 0)
(7.12138 -0.0101691 0)
(7.13118 -0.00978333 0)
(7.14061 -0.00944007 0)
(7.1497 -0.00910865 0)
(7.15847 -0.00881797 0)
(7.16695 -0.00853655 0)
(7.17517 -0.00829369 0)
(7.18314 -0.00805694 0)
(7.19089 -0.00785617 0)
(7.19843 -0.00765783 0)
(7.20579 -0.00749257 0)
(7.21298 -0.00732567 0)
(7.22002 -0.00718882 0)
(7.22691 -0.00704614 0)
(7.23368 -0.0069307 0)
(7.24032 -0.00680559 0)
(7.24686 -0.00670562 0)
(7.25329 -0.0065931 0)
(7.25962 -0.00650487 0)
(7.26586 -0.00640282 0)
(7.27201 -0.00632602 0)
(7.27809 -0.00623623 0)
(7.28409 -0.00617483 0)
(7.29003 -0.00610363 0)
(7.29592 -0.00606616 0)
(7.30177 -0.0060243 0)
(7.3076 -0.00602337 0)
(7.31343 -0.00602511 0)
(7.31929 -0.00607609 0)
(7.32521 -0.00613737 0)
(7.33121 -0.00625622 0)
(7.33734 -0.00639214 0)
(7.34363 -0.00659249 0)
(7.35014 -0.00681403 0)
(7.35689 -0.00710377 0)
(7.36395 -0.0074141 0)
(7.37133 -0.00779161 0)
(7.37911 -0.00818244 0)
(7.38728 -0.0086332 0)
(7.39593 -0.00908175 0)
(7.40501 -0.00957591 0)
(7.41461 -0.0100434 0)
(7.42464 -0.0105353 0)
(7.43518 -0.0109678 0)
(7.44611 -0.0113983 0)
(7.45748 -0.0117305 0)
(7.46911 -0.0120321 0)
(7.48105 -0.012194 0)
(7.49305 -0.0122989 0)
(7.50517 -0.0122255 0)
(7.5171 -0.0120753 0)
(7.52888 -0.0117155 0)
(7.54019 -0.0112698 0)
(7.55104 -0.0105945 0)
(7.56111 -0.00983836 0)
(7.57041 -0.00884704 0)
(7.57862 -0.00779482 0)
(7.58578 -0.00651614 0)
(7.59157 -0.00520784 0)
(7.59605 -0.00369209 0)
(7.59895 -0.0021863 0)
(7.60036 -0.000499961 0)
(7.60005 0.00113023 0)
(7.59814 0.00290574 0)
(7.59445 0.00457587 0)
(7.58914 0.00635407 0)
(7.58209 0.00797879 0)
(7.57346 0.00967522 0)
(7.56317 0.0111747 0)
(7.55139 0.0127145 0)
(7.53817 0.0140254 0)
(7.52336 0.0153334 0)
(7.50687 0.0164664 0)
(7.49505 0.0173546 0)
(7.46701 0.0186352 0)
(5.00002 -0.000220443 0)
(5.0001 -0.000660317 0)
(5.00034 -0.00110368 0)
(5.00073 -0.00154823 0)
(5.00127 -0.00199204 0)
(5.00196 -0.00243848 0)
(5.00279 -0.0028849 0)
(5.00377 -0.00333527 0)
(5.00491 -0.00378613 0)
(5.00619 -0.00424233 0)
(5.00763 -0.00469965 0)
(5.00922 -0.00516391 0)
(5.01096 -0.0056302 0)
(5.01286 -0.00610533 0)
(5.01492 -0.00658364 0)
(5.01713 -0.00707298 0)
(5.01951 -0.00756694 0)
(5.02205 -0.0080744 0)
(5.02476 -0.0085882 0)
(5.02764 -0.00911827 0)
(5.0307 -0.00965663 0)
(5.03394 -0.0102143 0)
(5.03736 -0.0107824 0)
(5.04098 -0.0113731 0)
(5.04479 -0.0119767 0)
(5.04881 -0.0126062 0)
(5.05303 -0.0132512 0)
(5.05747 -0.0139258 0)
(5.06214 -0.0146186 0)
(5.06704 -0.0153449 0)
(5.07218 -0.0160923 0)
(5.07758 -0.0168772 0)
(5.08324 -0.0176863 0)
(5.08917 -0.0185369 0)
(5.09539 -0.019415 0)
(5.1019 -0.0203388 0)
(5.10872 -0.0212936 0)
(5.11587 -0.0222984 0)
(5.12335 -0.0233375 0)
(5.13119 -0.0244311 0)
(5.13939 -0.0255625 0)
(5.14798 -0.0267529 0)
(5.15696 -0.0279845 0)
(5.16636 -0.0292796 0)
(5.1762 -0.0306193 0)
(5.18649 -0.0320267 0)
(5.19726 -0.0334821 0)
(5.20852 -0.0350095 0)
(5.22029 -0.0365877 0)
(5.2326 -0.0382418 0)
(5.24547 -0.0399493 0)
(5.25891 -0.0417359 0)
(5.27296 -0.0435779 0)
(5.28763 -0.0455014 0)
(5.30295 -0.0474813 0)
(5.31894 -0.049544 0)
(5.33563 -0.0516627 0)
(5.35304 -0.0538638 0)
(5.37119 -0.0561187 0)
(5.39011 -0.0584535 0)
(5.40982 -0.060837 0)
(5.43033 -0.0632951 0)
(5.45168 -0.0657938 0)
(5.47387 -0.0683579 0)
(5.49694 -0.0709504 0)
(5.52088 -0.0735945 0)
(5.54572 -0.0762497 0)
(5.57147 -0.0789377 0)
(5.59812 -0.081614 0)
(5.62568 -0.0842982 0)
(5.65415 -0.086942 0)
(5.68351 -0.0895628 0)
(5.71376 -0.0921088 0)
(5.74487 -0.0945956 0)
(5.77682 -0.0969682 0)
(5.80956 -0.0992414 0)
(5.84306 -0.101358 0)
(5.87727 -0.103334 0)
(5.91213 -0.105111 0)
(5.94758 -0.106707 0)
(5.98354 -0.108066 0)
(6.01993 -0.109209 0)
(6.05668 -0.110085 0)
(6.09369 -0.11072 0)
(6.13088 -0.111067 0)
(6.16814 -0.11116 0)
(6.20538 -0.11096 0)
(6.24251 -0.110506 0)
(6.27944 -0.109766 0)
(6.31606 -0.108787 0)
(6.3523 -0.10754 0)
(6.38806 -0.10608 0)
(6.42328 -0.104382 0)
(6.45788 -0.102503 0)
(6.49179 -0.100425 0)
(6.52496 -0.0982035 0)
(6.55733 -0.0958224 0)
(6.58887 -0.09334 0)
(6.61953 -0.0907386 0)
(6.64929 -0.0880764 0)
(6.67812 -0.0853346 0)
(6.70602 -0.0825696 0)
(6.73296 -0.0797611 0)
(6.75895 -0.0769628 0)
(6.78398 -0.0741523 0)
(6.80806 -0.0713803 0)
(6.8312 -0.0686219 0)
(6.85342 -0.065925 0)
(6.87474 -0.0632621 0)
(6.89516 -0.0606782 0)
(6.91472 -0.0581437 0)
(6.93344 -0.0557008 0)
(6.95135 -0.0533183 0)
(6.96847 -0.0510359 0)
(6.98483 -0.0488211 0)
(7.00047 -0.0467119 0)
(7.01541 -0.0446743 0)
(7.02969 -0.042745 0)
(7.04333 -0.0408892 0)
(7.05637 -0.0391425 0)
(7.06885 -0.0374692 0)
(7.08078 -0.0359042 0)
(7.0922 -0.0344112 0)
(7.10315 -0.0330245 0)
(7.11364 -0.0317071 0)
(7.12372 -0.0304932 0)
(7.13341 -0.0293448 0)
(7.14273 -0.028296 0)
(7.15172 -0.0273079 0)
(7.16039 -0.0264146 0)
(7.16878 -0.0255757 0)
(7.17691 -0.0248256 0)
(7.1848 -0.0241221 0)
(7.19247 -0.0234998 0)
(7.19995 -0.0229149 0)
(7.20725 -0.0224022 0)
(7.21439 -0.0219162 0)
(7.22138 -0.0214925 0)
(7.22824 -0.0210841 0)
(7.23498 -0.020728 0)
(7.2416 -0.0203768 0)
(7.24812 -0.0200696 0)
(7.25454 -0.0197593 0)
(7.26086 -0.0194884 0)
(7.26709 -0.0192109 0)
(7.27322 -0.0189737 0)
(7.27928 -0.0187326 0)
(7.28525 -0.0185396 0)
(7.29116 -0.0183526 0)
(7.297 -0.0182284 0)
(7.30279 -0.0181271 0)
(7.30854 -0.0181096 0)
(7.31428 -0.0181369 0)
(7.32003 -0.018273 0)
(7.32582 -0.0184782 0)
(7.33168 -0.0188179 0)
(7.33766 -0.0192489 0)
(7.34379 -0.0198362 0)
(7.35013 -0.0205298 0)
(7.35671 -0.0213923 0)
(7.36361 -0.022363 0)
(7.37085 -0.0235 0)
(7.3785 -0.0247282 0)
(7.38659 -0.0260997 0)
(7.39518 -0.0275215 0)
(7.40426 -0.0290398 0)
(7.41391 -0.0305414 0)
(7.42407 -0.0320685 0)
(7.4348 -0.0334874 0)
(7.446 -0.034841 0)
(7.45772 -0.0359769 0)
(7.46979 -0.0369462 0)
(7.48223 -0.037582 0)
(7.49484 -0.0379531 0)
(7.5076 -0.0378842 0)
(7.52027 -0.037471 0)
(7.53281 -0.0365351 0)
(7.54493 -0.0352079 0)
(7.55661 -0.0333127 0)
(7.56753 -0.0310225 0)
(7.57766 -0.0281644 0)
(7.5867 -0.0249548 0)
(7.59464 -0.0212201 0)
(7.60119 -0.0172124 0)
(7.60636 -0.0127533 0)
(7.6099 -0.00812494 0)
(7.61187 -0.00314305 0)
(7.61206 0.00187814 0)
(7.61055 0.00713263 0)
(7.60722 0.0122869 0)
(7.60217 0.017549 0)
(7.59532 0.0225731 0)
(7.58682 0.0275844 0)
(7.57661 0.0322321 0)
(7.56486 0.0367616 0)
(7.55159 0.0408291 0)
(7.53681 0.0446658 0)
(7.5201 0.0480939 0)
(7.50823 0.0507985 0)
(7.4801 0.0545991 0)
(5.00002 -0.000367185 0)
(5.0001 -0.00110016 0)
(5.00033 -0.00183902 0)
(5.00072 -0.00257811 0)
(5.00126 -0.0033177 0)
(5.00195 -0.00405935 0)
(5.00278 -0.00480318 0)
(5.00375 -0.00555047 0)
(5.00488 -0.00630132 0)
(5.00616 -0.00705731 0)
(5.00758 -0.00781857 0)
(5.00916 -0.00858705 0)
(5.01089 -0.00936296 0)
(5.01277 -0.0101486 0)
(5.01481 -0.0109443 0)
(5.017 -0.0117528 0)
(5.01936 -0.0125744 0)
(5.02187 -0.0134122 0)
(5.02455 -0.0142668 0)
(5.0274 -0.0151415 0)
(5.03043 -0.0160368 0)
(5.03363 -0.0169567 0)
(5.03701 -0.0179015 0)
(5.04058 -0.0188755 0)
(5.04434 -0.0198793 0)
(5.0483 -0.0209173 0)
(5.05246 -0.02199 0)
(5.05684 -0.0231023 0)
(5.06144 -0.0242547 0)
(5.06627 -0.0254524 0)
(5.07134 -0.0266958 0)
(5.07665 -0.0279903 0)
(5.08223 -0.0293366 0)
(5.08807 -0.0307401 0)
(5.09419 -0.0322015 0)
(5.1006 -0.0337266 0)
(5.10732 -0.0353158 0)
(5.11435 -0.0369754 0)
(5.12172 -0.0387055 0)
(5.12943 -0.0405128 0)
(5.13751 -0.0423972 0)
(5.14596 -0.0443654 0)
(5.15481 -0.0464175 0)
(5.16407 -0.0485601 0)
(5.17376 -0.0507931 0)
(5.1839 -0.0531234 0)
(5.19451 -0.0555503 0)
(5.20561 -0.0580808 0)
(5.21721 -0.0607139 0)
(5.22935 -0.0634565 0)
(5.24205 -0.066307 0)
(5.25531 -0.0692719 0)
(5.26918 -0.0723491 0)
(5.28367 -0.0755444 0)
(5.29881 -0.0788548 0)
(5.31462 -0.0822853 0)
(5.33113 -0.0858313 0)
(5.34836 -0.0894969 0)
(5.36634 -0.0932756 0)
(5.38508 -0.0971695 0)
(5.40463 -0.10117 0)
(5.42499 -0.105277 0)
(5.44621 -0.109478 0)
(5.46828 -0.113771 0)
(5.49124 -0.118139 0)
(5.51511 -0.122576 0)
(5.53989 -0.127061 0)
(5.56561 -0.131583 0)
(5.59227 -0.136117 0)
(5.61988 -0.140644 0)
(5.64844 -0.145136 0)
(5.67794 -0.14957 0)
(5.70837 -0.15391 0)
(5.73972 -0.158129 0)
(5.77196 -0.162188 0)
(5.80505 -0.166055 0)
(5.83896 -0.169688 0)
(5.87363 -0.173057 0)
(5.90901 -0.176118 0)
(5.94502 -0.178842 0)
(5.9816 -0.181192 0)
(6.01865 -0.183143 0)
(6.0561 -0.184665 0)
(6.09383 -0.185742 0)
(6.13175 -0.186356 0)
(6.16976 -0.186501 0)
(6.20774 -0.186172 0)
(6.24561 -0.185377 0)
(6.28325 -0.18412 0)
(6.32056 -0.182423 0)
(6.35745 -0.1803 0)
(6.39383 -0.177782 0)
(6.42961 -0.174892 0)
(6.46473 -0.171667 0)
(6.49911 -0.168135 0)
(6.53269 -0.164334 0)
(6.56542 -0.160296 0)
(6.59726 -0.15606 0)
(6.62817 -0.151657 0)
(6.65813 -0.147124 0)
(6.68711 -0.14249 0)
(6.7151 -0.137791 0)
(6.74209 -0.13305 0)
(6.76808 -0.128301 0)
(6.79308 -0.123562 0)
(6.8171 -0.118865 0)
(6.84015 -0.114222 0)
(6.86224 -0.109658 0)
(6.8834 -0.105185 0)
(6.90366 -0.100823 0)
(6.92303 -0.0965766 0)
(6.94154 -0.0924631 0)
(6.95924 -0.088484 0)
(6.97613 -0.0846524 0)
(6.99227 -0.0809665 0)
(7.00767 -0.0774361 0)
(7.02238 -0.074057 0)
(7.03642 -0.0708367 0)
(7.04982 -0.0677686 0)
(7.06263 -0.0648589 0)
(7.07486 -0.0620994 0)
(7.08656 -0.0594952 0)
(7.09775 -0.057037 0)
(7.10847 -0.0547295 0)
(7.11874 -0.0525625 0)
(7.1286 -0.0505403 0)
(7.13807 -0.0486523 0)
(7.14718 -0.0469023 0)
(7.15597 -0.045279 0)
(7.16444 -0.0437857 0)
(7.17265 -0.0424099 0)
(7.1806 -0.0411541 0)
(7.18832 -0.0400043 0)
(7.19583 -0.0389618 0)
(7.20317 -0.0380111 0)
(7.21033 -0.0371517 0)
(7.21736 -0.036367 0)
(7.22424 -0.0356552 0)
(7.23101 -0.0349993 0)
(7.23767 -0.0343971 0)
(7.24423 -0.0338328 0)
(7.25069 -0.0333053 0)
(7.25706 -0.0328019 0)
(7.26334 -0.0323244 0)
(7.26952 -0.0318651 0)
(7.27561 -0.0314307 0)
(7.28161 -0.0310199 0)
(7.28752 -0.0306457 0)
(7.29333 -0.0303132 0)
(7.29906 -0.0300424 0)
(7.30471 -0.0298438 0)
(7.3103 -0.0297439 0)
(7.31584 -0.0297564 0)
(7.32135 -0.0299128 0)
(7.32687 -0.0302265 0)
(7.33243 -0.0307314 0)
(7.33809 -0.0314363 0)
(7.34387 -0.032374 0)
(7.34984 -0.0335429 0)
(7.35605 -0.0349707 0)
(7.36258 -0.0366397 0)
(7.36947 -0.0385672 0)
(7.37681 -0.040714 0)
(7.38462 -0.0430817 0)
(7.39301 -0.0456062 0)
(7.40198 -0.0482692 0)
(7.41161 -0.0509808 0)
(7.42186 -0.0537013 0)
(7.43282 -0.0563187 0)
(7.44439 -0.0587748 0)
(7.45661 -0.0609437 0)
(7.46933 -0.0627566 0)
(7.48257 -0.064087 0)
(7.49611 -0.0648677 0)
(7.50992 -0.0649873 0)
(7.52373 -0.0643941 0)
(7.53749 -0.0630063 0)
(7.55088 -0.060801 0)
(7.56385 -0.0577365 0)
(7.57604 -0.0538281 0)
(7.58741 -0.0490788 0)
(7.59762 -0.0435428 0)
(7.60663 -0.0372593 0)
(7.61414 -0.0303111 0)
(7.62014 -0.0227657 0)
(7.62434 -0.0147211 0)
(7.6268 -0.00627048 0)
(7.62731 0.00245979 0)
(7.62595 0.0113722 0)
(7.62258 0.0203315 0)
(7.61731 0.0292416 0)
(7.61008 0.0379683 0)
(7.60103 0.0464257 0)
(7.59012 0.0544894 0)
(7.57754 0.0620905 0)
(7.56332 0.069127 0)
(7.54755 0.0755282 0)
(7.52962 0.0813382 0)
(7.51686 0.0859317 0)
(7.48686 0.0922428 0)
(5.00002 -0.000513037 0)
(5.0001 -0.00153762 0)
(5.00033 -0.00256969 0)
(5.00072 -0.00360162 0)
(5.00125 -0.0046343 0)
(5.00193 -0.00566914 0)
(5.00276 -0.00670694 0)
(5.00373 -0.00774864 0)
(5.00484 -0.00879521 0)
(5.00611 -0.00984787 0)
(5.00752 -0.0109079 0)
(5.00908 -0.0119768 0)
(5.01079 -0.0130561 0)
(5.01265 -0.0141478 0)
(5.01466 -0.0152538 0)
(5.01682 -0.0163762 0)
(5.01914 -0.0175173 0)
(5.02162 -0.0186797 0)
(5.02426 -0.0198658 0)
(5.02706 -0.0210786 0)
(5.03003 -0.0223208 0)
(5.03317 -0.0235957 0)
(5.03649 -0.0249063 0)
(5.03999 -0.026256 0)
(5.04368 -0.0276481 0)
(5.04755 -0.0290864 0)
(5.05163 -0.0305742 0)
(5.05592 -0.0321156 0)
(5.06042 -0.0337143 0)
(5.06514 -0.0353743 0)
(5.07009 -0.0370997 0)
(5.07528 -0.0388947 0)
(5.08073 -0.0407633 0)
(5.08643 -0.0427102 0)
(5.09241 -0.0447395 0)
(5.09867 -0.0468559 0)
(5.10523 -0.0490636 0)
(5.1121 -0.0513677 0)
(5.11929 -0.0537724 0)
(5.12682 -0.0562827 0)
(5.13471 -0.058903 0)
(5.14296 -0.0616385 0)
(5.1516 -0.0644935 0)
(5.16065 -0.0674732 0)
(5.17012 -0.0705819 0)
(5.18003 -0.0738247 0)
(5.1904 -0.0772058 0)
(5.20125 -0.0807301 0)
(5.21261 -0.0844016 0)
(5.22449 -0.0882249 0)
(5.23692 -0.0922034 0)
(5.24992 -0.0963414 0)
(5.26352 -0.100641 0)
(5.27773 -0.105107 0)
(5.29259 -0.10974 0)
(5.30812 -0.114541 0)
(5.32435 -0.119512 0)
(5.3413 -0.124653 0)
(5.35901 -0.129961 0)
(5.37749 -0.135434 0)
(5.39679 -0.141068 0)
(5.41691 -0.146856 0)
(5.4379 -0.152789 0)
(5.45978 -0.158858 0)
(5.48257 -0.165048 0)
(5.5063 -0.171343 0)
(5.53098 -0.177722 0)
(5.55664 -0.184164 0)
(5.5833 -0.190639 0)
(5.61096 -0.197118 0)
(5.63963 -0.203564 0)
(5.66932 -0.209938 0)
(5.70002 -0.216196 0)
(5.73171 -0.22229 0)
(5.76438 -0.228171 0)
(5.798 -0.233784 0)
(5.83252 -0.239073 0)
(5.86789 -0.243984 0)
(5.90406 -0.24846 0)
(5.94095 -0.252448 0)
(5.97849 -0.255896 0)
(6.01656 -0.258761 0)
(6.05508 -0.261001 0)
(6.09393 -0.262587 0)
(6.13301 -0.263495 0)
(6.17218 -0.263711 0)
(6.21133 -0.263233 0)
(6.25034 -0.262066 0)
(6.28909 -0.260225 0)
(6.32746 -0.257735 0)
(6.36536 -0.254629 0)
(6.40269 -0.250945 0)
(6.43934 -0.246728 0)
(6.47525 -0.242025 0)
(6.51033 -0.236889 0)
(6.54453 -0.231372 0)
(6.5778 -0.225527 0)
(6.61008 -0.219408 0)
(6.64136 -0.213064 0)
(6.6716 -0.206546 0)
(6.70078 -0.199901 0)
(6.72891 -0.193172 0)
(6.75597 -0.1864 0)
(6.78196 -0.179624 0)
(6.80691 -0.172877 0)
(6.83081 -0.166193 0)
(6.8537 -0.159598 0)
(6.8756 -0.153119 0)
(6.89652 -0.146777 0)
(6.9165 -0.140593 0)
(6.93558 -0.134582 0)
(6.95377 -0.128761 0)
(6.97113 -0.123139 0)
(6.98767 -0.117726 0)
(7.00344 -0.112528 0)
(7.01848 -0.107551 0)
(7.03281 -0.102797 0)
(7.04647 -0.0982689 0)
(7.05951 -0.0939644 0)
(7.07194 -0.0898846 0)
(7.08381 -0.0860248 0)
(7.09515 -0.0823845 0)
(7.10599 -0.0789574 0)
(7.11636 -0.0757424 0)
(7.12629 -0.0727321 0)
(7.13582 -0.0699251 0)
(7.14497 -0.0673131 0)
(7.15377 -0.0648947 0)
(7.16225 -0.0626608 0)
(7.17044 -0.0606094 0)
(7.17836 -0.0587301 0)
(7.18604 -0.0570196 0)
(7.19352 -0.0554657 0)
(7.2008 -0.0540626 0)
(7.20792 -0.0527958 0)
(7.21489 -0.0516562 0)
(7.22174 -0.0506272 0)
(7.22848 -0.0496965 0)
(7.23513 -0.0488465 0)
(7.24169 -0.0480627 0)
(7.24817 -0.0473292 0)
(7.25457 -0.046632 0)
(7.26089 -0.04596 0)
(7.26713 -0.0453029 0)
(7.27328 -0.0446582 0)
(7.27932 -0.0440227 0)
(7.28526 -0.0434048 0)
(7.29108 -0.0428113 0)
(7.29679 -0.042262 0)
(7.30236 -0.0417747 0)
(7.30782 -0.0413792 0)
(7.31315 -0.041104 0)
(7.31838 -0.0409853 0)
(7.32354 -0.0410602 0)
(7.32864 -0.0413657 0)
(7.33372 -0.0419443 0)
(7.33884 -0.0428269 0)
(7.34405 -0.0440561 0)
(7.34942 -0.0456484 0)
(7.35501 -0.0476395 0)
(7.36092 -0.0500225 0)
(7.36721 -0.0528177 0)
(7.37399 -0.0559858 0)
(7.38132 -0.0595224 0)
(7.38933 -0.0633496 0)
(7.39804 -0.0674297 0)
(7.40758 -0.0716439 0)
(7.41793 -0.075917 0)
(7.42918 -0.0800948 0)
(7.44128 -0.0840669 0)
(7.45426 -0.0876569 0)
(7.468 -0.0907304 0)
(7.48248 -0.0931121 0)
(7.49749 -0.0946636 0)
(7.51297 -0.095237 0)
(7.52862 -0.0947134 0)
(7.54434 -0.092998 0)
(7.55978 -0.0900136 0)
(7.57482 -0.0857371 0)
(7.58907 -0.0801479 0)
(7.60242 -0.0732998 0)
(7.6145 -0.0652276 0)
(7.62523 -0.0560494 0)
(7.63425 -0.0458387 0)
(7.64155 -0.0347592 0)
(7.64679 -0.0228965 0)
(7.65003 -0.0104639 0)
(7.65103 0.00241089 0)
(7.64987 0.0155133 0)
(7.64641 0.0287074 0)
(7.64077 0.0417785 0)
(7.63288 0.0545966 0)
(7.62292 0.0669604 0)
(7.61087 0.0787579 0)
(7.59693 0.0898112 0)
(7.58115 0.100042 0)
(7.56371 0.10928 0)
(7.54385 0.117627 0)
(7.52961 0.124203 0)
(7.49656 0.133111 0)
(5.00002 -0.000657856 0)
(5.0001 -0.0019721 0)
(5.00033 -0.00329496 0)
(5.00071 -0.00461729 0)
(5.00125 -0.00594014 0)
(5.00192 -0.0072651 0)
(5.00274 -0.00859316 0)
(5.0037 -0.00992532 0)
(5.0048 -0.0112629 0)
(5.00605 -0.0126072 0)
(5.00745 -0.01396 0)
(5.00898 -0.0153231 0)
(5.01067 -0.0166987 0)
(5.0125 -0.0180891 0)
(5.01448 -0.0194967 0)
(5.0166 -0.0209244 0)
(5.01888 -0.0223751 0)
(5.0213 -0.0238521 0)
(5.02389 -0.0253586 0)
(5.02663 -0.0268984 0)
(5.02953 -0.0284751 0)
(5.03259 -0.0300927 0)
(5.03583 -0.0317554 0)
(5.03923 -0.0334673 0)
(5.04282 -0.0352331 0)
(5.04659 -0.0370572 0)
(5.05056 -0.0389446 0)
(5.05472 -0.0409 0)
(5.05908 -0.0429285 0)
(5.06366 -0.0450353 0)
(5.06846 -0.0472258 0)
(5.0735 -0.0495052 0)
(5.07877 -0.0518792 0)
(5.08429 -0.0543533 0)
(5.09008 -0.0569333 0)
(5.09614 -0.0596251 0)
(5.10249 -0.0624344 0)
(5.10913 -0.0653673 0)
(5.1161 -0.0684298 0)
(5.12338 -0.071628 0)
(5.13102 -0.0749681 0)
(5.13901 -0.0784561 0)
(5.14737 -0.0820984 0)
(5.15613 -0.0859011 0)
(5.16531 -0.0898704 0)
(5.17491 -0.0940126 0)
(5.18497 -0.0983337 0)
(5.19549 -0.10284 0)
(5.20651 -0.107537 0)
(5.21805 -0.11243 0)
(5.23012 -0.117526 0)
(5.24276 -0.122829 0)
(5.25598 -0.128344 0)
(5.26982 -0.134075 0)
(5.2843 -0.140026 0)
(5.29944 -0.146201 0)
(5.31529 -0.1526 0)
(5.33186 -0.159225 0)
(5.34919 -0.166075 0)
(5.3673 -0.173149 0)
(5.38623 -0.180441 0)
(5.40602 -0.187947 0)
(5.42668 -0.195656 0)
(5.44826 -0.203557 0)
(5.47079 -0.211634 0)
(5.4943 -0.219868 0)
(5.51881 -0.228235 0)
(5.54436 -0.236706 0)
(5.57097 -0.245247 0)
(5.59866 -0.253818 0)
(5.62745 -0.262374 0)
(5.65735 -0.270861 0)
(5.68837 -0.279223 0)
(5.7205 -0.287393 0)
(5.75373 -0.295304 0)
(5.78804 -0.302879 0)
(5.82338 -0.310042 0)
(5.85971 -0.31671 0)
(5.89696 -0.322806 0)
(5.93506 -0.32825 0)
(5.97392 -0.332968 0)
(6.01342 -0.336893 0)
(6.05345 -0.33997 0)
(6.09388 -0.342149 0)
(6.13458 -0.3434 0)
(6.17539 -0.343703 0)
(6.21618 -0.343054 0)
(6.2568 -0.341461 0)
(6.29711 -0.33895 0)
(6.33699 -0.335555 0)
(6.3763 -0.331324 0)
(6.41493 -0.326311 0)
(6.45278 -0.320581 0)
(6.48976 -0.314203 0)
(6.5258 -0.307251 0)
(6.56083 -0.299798 0)
(6.59479 -0.291921 0)
(6.62766 -0.283694 0)
(6.65939 -0.275191 0)
(6.68997 -0.266478 0)
(6.7194 -0.257622 0)
(6.74766 -0.248681 0)
(6.77477 -0.239712 0)
(6.80074 -0.230765 0)
(6.82558 -0.221883 0)
(6.84931 -0.213107 0)
(6.87197 -0.204471 0)
(6.89358 -0.196007 0)
(6.91417 -0.187741 0)
(6.93378 -0.179696 0)
(6.95245 -0.171891 0)
(6.97021 -0.164343 0)
(6.98711 -0.157063 0)
(7.00318 -0.150063 0)
(7.01846 -0.143348 0)
(7.03299 -0.136926 0)
(7.04682 -0.130797 0)
(7.05998 -0.124964 0)
(7.0725 -0.119425 0)
(7.08444 -0.114179 0)
(7.09581 -0.10922 0)
(7.10666 -0.104547 0)
(7.11702 -0.10015 0)
(7.12692 -0.0960294 0)
(7.1364 -0.0921743 0)
(7.14547 -0.0885828 0)
(7.15418 -0.0852453 0)
(7.16256 -0.0821595 0)
(7.17062 -0.0793151 0)
(7.17841 -0.0767097 0)
(7.18594 -0.0743314 0)
(7.19326 -0.0721763 0)
(7.20038 -0.07023 0)
(7.20733 -0.0684852 0)
(7.21416 -0.0669239 0)
(7.22086 -0.0655338 0)
(7.22748 -0.0642926 0)
(7.23402 -0.0631826 0)
(7.24051 -0.0621785 0)
(7.24695 -0.061258 0)
(7.25335 -0.0603964 0)
(7.2597 -0.0595703 0)
(7.266 -0.0587609 0)
(7.27223 -0.057949 0)
(7.27838 -0.0571277 0)
(7.28443 -0.0562878 0)
(7.29036 -0.0554385 0)
(7.29614 -0.0545853 0)
(7.30175 -0.0537556 0)
(7.30718 -0.0529714 0)
(7.31242 -0.0522766 0)
(7.31746 -0.0517097 0)
(7.32231 -0.0513261 0)
(7.32698 -0.0511787 0)
(7.33151 -0.0513272 0)
(7.33593 -0.0518346 0)
(7.34029 -0.0527555 0)
(7.34467 -0.0541563 0)
(7.34913 -0.0560747 0)
(7.35377 -0.0585711 0)
(7.35871 -0.0616523 0)
(7.36404 -0.0653595 0)
(7.36991 -0.0696542 0)
(7.37643 -0.0745431 0)
(7.38374 -0.0799296 0)
(7.39194 -0.0857704 0)
(7.4012 -0.0919045 0)
(7.41153 -0.0982282 0)
(7.42309 -0.104521 0)
(7.43583 -0.110619 0)
(7.44984 -0.11626 0)
(7.46497 -0.121239 0)
(7.48123 -0.125286 0)
(7.49836 -0.128184 0)
(7.51628 -0.129705 0)
(7.53462 -0.12966 0)
(7.55325 -0.127902 0)
(7.57171 -0.12431 0)
(7.58982 -0.118849 0)
(7.60711 -0.111488 0)
(7.62339 -0.102312 0)
(7.63821 -0.091376 0)
(7.65144 -0.0788638 0)
(7.66267 -0.0648825 0)
(7.67183 -0.0496733 0)
(7.67857 -0.0333638 0)
(7.6829 -0.0162592 0)
(7.68458 0.00145338 0)
(7.68369 0.0194664 0)
(7.68007 0.0375892 0)
(7.67387 0.0555161 0)
(7.66502 0.0730669 0)
(7.65374 0.0899559 0)
(7.64002 0.106029 0)
(7.62411 0.121033 0)
(7.60608 0.13486 0)
(7.58623 0.147275 0)
(7.56359 0.1584 0)
(7.54723 0.167111 0)
(7.50989 0.178649 0)
(5.00002 -0.000801708 0)
(5.0001 -0.00240379 0)
(5.00033 -0.00401512 0)
(5.00071 -0.00562525 0)
(5.00124 -0.00723528 0)
(5.00191 -0.00884684 0)
(5.00272 -0.010461 0)
(5.00367 -0.0120788 0)
(5.00476 -0.0137016 0)
(5.006 -0.0153312 0)
(5.00737 -0.0169695 0)
(5.00889 -0.0186186 0)
(5.01054 -0.0202813 0)
(5.01234 -0.0219603 0)
(5.01428 -0.0236587 0)
(5.01636 -0.02538 0)
(5.01858 -0.0271279 0)
(5.02095 -0.0289062 0)
(5.02346 -0.0307191 0)
(5.02613 -0.0325712 0)
(5.02894 -0.034467 0)
(5.03191 -0.0364113 0)
(5.03505 -0.0384093 0)
(5.03834 -0.0404662 0)
(5.04181 -0.0425875 0)
(5.04545 -0.0447787 0)
(5.04927 -0.0470458 0)
(5.05327 -0.0493947 0)
(5.05748 -0.0518316 0)
(5.06188 -0.0543627 0)
(5.06649 -0.0569947 0)
(5.07132 -0.0597342 0)
(5.07638 -0.0625879 0)
(5.08168 -0.0655628 0)
(5.08723 -0.0686661 0)
(5.09304 -0.0719049 0)
(5.09912 -0.0752866 0)
(5.10549 -0.0788185 0)
(5.11216 -0.0825083 0)
(5.11914 -0.0863636 0)
(5.12646 -0.0903921 0)
(5.13412 -0.0946015 0)
(5.14214 -0.0989998 0)
(5.15054 -0.103595 0)
(5.15934 -0.108394 0)
(5.16856 -0.113406 0)
(5.17821 -0.118638 0)
(5.18833 -0.124098 0)
(5.19892 -0.129794 0)
(5.21002 -0.135733 0)
(5.22164 -0.141923 0)
(5.23382 -0.148371 0)
(5.24657 -0.155083 0)
(5.25993 -0.162067 0)
(5.27392 -0.169326 0)
(5.28857 -0.176868 0)
(5.30391 -0.184695 0)
(5.31998 -0.19281 0)
(5.33681 -0.201216 0)
(5.35443 -0.209911 0)
(5.37288 -0.218894 0)
(5.3922 -0.228159 0)
(5.41242 -0.237698 0)
(5.43358 -0.247501 0)
(5.45573 -0.257551 0)
(5.4789 -0.267827 0)
(5.50314 -0.278304 0)
(5.52848 -0.288949 0)
(5.55497 -0.299722 0)
(5.58263 -0.310576 0)
(5.6115 -0.321455 0)
(5.64161 -0.332294 0)
(5.67298 -0.34302 0)
(5.70561 -0.353547 0)
(5.7395 -0.363786 0)
(5.77465 -0.373634 0)
(5.81102 -0.382987 0)
(5.84857 -0.39173 0)
(5.88723 -0.399753 0)
(5.92691 -0.40694 0)
(5.96752 -0.413189 0)
(6.00892 -0.418397 0)
(6.05097 -0.422483 0)
(6.09352 -0.425377 0)
(6.13638 -0.427035 0)
(6.1794 -0.427428 0)
(6.22238 -0.426557 0)
(6.26515 -0.424438 0)
(6.30755 -0.42111 0)
(6.3494 -0.416627 0)
(6.39058 -0.41106 0)
(6.43094 -0.404487 0)
(6.47036 -0.397 0)
(6.50875 -0.388692 0)
(6.54602 -0.379664 0)
(6.58211 -0.370014 0)
(6.61697 -0.359843 0)
(6.65056 -0.349248 0)
(6.68285 -0.338325 0)
(6.71384 -0.327163 0)
(6.74353 -0.315847 0)
(6.77193 -0.304457 0)
(6.79905 -0.293062 0)
(6.82493 -0.281728 0)
(6.84958 -0.270513 0)
(6.87305 -0.259466 0)
(6.89536 -0.248631 0)
(6.91657 -0.238045 0)
(6.93671 -0.227739 0)
(6.95582 -0.21774 0)
(6.97394 -0.208066 0)
(6.99114 -0.198736 0)
(7.00744 -0.189761 0)
(7.02289 -0.181153 0)
(7.03755 -0.172914 0)
(7.05145 -0.16505 0)
(7.06464 -0.157561 0)
(7.07716 -0.150447 0)
(7.08905 -0.143702 0)
(7.10035 -0.137324 0)
(7.11111 -0.131305 0)
(7.12134 -0.12564 0)
(7.13111 -0.120318 0)
(7.14042 -0.115335 0)
(7.14932 -0.11068 0)
(7.15783 -0.10635 0)
(7.16599 -0.102334 0)
(7.17382 -0.0986297 0)
(7.18135 -0.0952266 0)
(7.18862 -0.0921236 0)
(7.19566 -0.0893077 0)
(7.2025 -0.086776 0)
(7.20916 -0.0845114 0)
(7.21568 -0.0825061 0)
(7.22211 -0.0807363 0)
(7.22845 -0.0791861 0)
(7.23475 -0.0778243 0)
(7.24102 -0.0766254 0)
(7.2473 -0.0755522 0)
(7.25358 -0.0745713 0)
(7.25987 -0.0736446 0)
(7.26617 -0.0727361 0)
(7.27247 -0.0718146 0)
(7.27873 -0.0708498 0)
(7.28494 -0.0698272 0)
(7.29104 -0.0687305 0)
(7.297 -0.0675693 0)
(7.30279 -0.0663482 0)
(7.30835 -0.0651037 0)
(7.31365 -0.0638644 0)
(7.31867 -0.0626913 0)
(7.32338 -0.0616364 0)
(7.32777 -0.0607792 0)
(7.33185 -0.0601927 0)
(7.33564 -0.0599659 0)
(7.33918 -0.0601887 0)
(7.34252 -0.0609476 0)
(7.34573 -0.0623429 0)
(7.34891 -0.0644433 0)
(7.35217 -0.0673474 0)
(7.35566 -0.0710872 0)
(7.35952 -0.0757412 0)
(7.36394 -0.0812824 0)
(7.36908 -0.0877442 0)
(7.37518 -0.0950183 0)
(7.38238 -0.103066 0)
(7.39093 -0.11168 0)
(7.40094 -0.120727 0)
(7.41261 -0.129902 0)
(7.42596 -0.138973 0)
(7.44113 -0.14756 0)
(7.45798 -0.155353 0)
(7.47653 -0.161948 0)
(7.4965 -0.167009 0)
(7.51775 -0.170183 0)
(7.53983 -0.171179 0)
(7.5625 -0.169768 0)
(7.58519 -0.16577 0)
(7.60762 -0.15913 0)
(7.62916 -0.149813 0)
(7.64955 -0.137949 0)
(7.6682 -0.123634 0)
(7.68491 -0.107141 0)
(7.6992 -0.0886396 0)
(7.71095 -0.0684671 0)
(7.71976 -0.0468249 0)
(7.72559 -0.0241073 0)
(7.72821 -0.000596944 0)
(7.72767 0.0232895 0)
(7.72383 0.0472864 0)
(7.71685 0.070984 0)
(7.70669 0.0941333 0)
(7.69359 0.116353 0)
(7.67758 0.137428 0)
(7.65898 0.157023 0)
(7.63787 0.174983 0)
(7.61473 0.191001 0)
(7.58829 0.205204 0)
(7.56903 0.216244 0)
(7.52578 0.230455 0)
(5.00002 -0.000944888 0)
(5.0001 -0.00283355 0)
(5.00033 -0.00473149 0)
(5.00071 -0.00662715 0)
(5.00124 -0.00852149 0)
(5.0019 -0.010416 0)
(5.00271 -0.0123118 0)
(5.00365 -0.0142097 0)
(5.00473 -0.0161113 0)
(5.00595 -0.0180184 0)
(5.00731 -0.0199333 0)
(5.0088 -0.0218585 0)
(5.01043 -0.023797 0)
(5.01219 -0.0257522 0)
(5.01408 -0.0277277 0)
(5.01611 -0.0297277 0)
(5.01827 -0.0317566 0)
(5.02057 -0.0338192 0)
(5.02301 -0.0359206 0)
(5.02559 -0.0380661 0)
(5.02831 -0.0402615 0)
(5.03117 -0.0425127 0)
(5.03418 -0.0448258 0)
(5.03735 -0.0472073 0)
(5.04067 -0.0496638 0)
(5.04416 -0.052202 0)
(5.04781 -0.0548291 0)
(5.05164 -0.057552 0)
(5.05564 -0.0603784 0)
(5.05984 -0.0633155 0)
(5.06423 -0.0663712 0)
(5.06882 -0.0695531 0)
(5.07363 -0.0728695 0)
(5.07866 -0.0763283 0)
(5.08393 -0.0799379 0)
(5.08944 -0.0837067 0)
(5.09521 -0.0876434 0)
(5.10125 -0.0917567 0)
(5.10757 -0.0960554 0)
(5.11419 -0.100549 0)
(5.12113 -0.105246 0)
(5.12839 -0.110155 0)
(5.136 -0.115288 0)
(5.14397 -0.120652 0)
(5.15232 -0.126257 0)
(5.16107 -0.132113 0)
(5.17024 -0.13823 0)
(5.17985 -0.144617 0)
(5.18993 -0.151285 0)
(5.20049 -0.158242 0)
(5.21157 -0.165499 0)
(5.22317 -0.173064 0)
(5.23535 -0.180947 0)
(5.24811 -0.189158 0)
(5.26149 -0.197704 0)
(5.27552 -0.206593 0)
(5.29024 -0.215833 0)
(5.30568 -0.225429 0)
(5.32187 -0.235387 0)
(5.33885 -0.24571 0)
(5.35667 -0.256399 0)
(5.37537 -0.267452 0)
(5.39499 -0.278865 0)
(5.41557 -0.29063 0)
(5.43718 -0.302732 0)
(5.45987 -0.315153 0)
(5.48368 -0.327868 0)
(5.50867 -0.340844 0)
(5.53489 -0.354037 0)
(5.56241 -0.367395 0)
(5.59127 -0.380854 0)
(5.62152 -0.394337 0)
(5.6532 -0.407755 0)
(5.68634 -0.421001 0)
(5.72097 -0.433959 0)
(5.75709 -0.446496 0)
(5.79469 -0.458468 0)
(5.83372 -0.469722 0)
(5.87414 -0.4801 0)
(5.91583 -0.489441 0)
(5.9587 -0.497594 0)
(6.00257 -0.504412 0)
(6.04728 -0.509773 0)
(6.09262 -0.513574 0)
(6.13836 -0.515748 0)
(6.18429 -0.516252 0)
(6.23016 -0.515089 0)
(6.27575 -0.512285 0)
(6.32086 -0.507904 0)
(6.36528 -0.502031 0)
(6.40884 -0.494775 0)
(6.4514 -0.486256 0)
(6.49281 -0.476607 0)
(6.53296 -0.465963 0)
(6.57178 -0.454461 0)
(6.60919 -0.442234 0)
(6.64514 -0.429415 0)
(6.67961 -0.416125 0)
(6.71258 -0.402483 0)
(6.74404 -0.388598 0)
(6.77401 -0.374573 0)
(6.80251 -0.360501 0)
(6.82958 -0.346467 0)
(6.85525 -0.33255 0)
(6.87957 -0.318817 0)
(6.90258 -0.305328 0)
(6.92435 -0.292135 0)
(6.94492 -0.279283 0)
(6.96435 -0.266806 0)
(6.98269 -0.254736 0)
(7.00001 -0.243092 0)
(7.01636 -0.231896 0)
(7.03178 -0.221155 0)
(7.04635 -0.21088 0)
(7.0601 -0.201072 0)
(7.07309 -0.191733 0)
(7.08536 -0.182859 0)
(7.09698 -0.174447 0)
(7.10797 -0.166486 0)
(7.11839 -0.158971 0)
(7.12827 -0.151888 0)
(7.13766 -0.145229 0)
(7.14659 -0.13898 0)
(7.15508 -0.133133 0)
(7.16318 -0.127674 0)
(7.1709 -0.122598 0)
(7.17829 -0.117893 0)
(7.18536 -0.11356 0)
(7.19215 -0.109589 0)
(7.19868 -0.105986 0)
(7.205 -0.10274 0)
(7.21114 -0.0998548 0)
(7.21713 -0.0973167 0)
(7.22302 -0.0951217 0)
(7.22886 -0.0932431 0)
(7.23467 -0.0916624 0)
(7.2405 -0.0903366 0)
(7.24639 -0.0892281 0)
(7.25236 -0.0882789 0)
(7.25842 -0.0874347 0)
(7.26459 -0.0866315 0)
(7.27085 -0.0858088 0)
(7.27718 -0.0849114 0)
(7.28353 -0.0838875 0)
(7.28986 -0.0827068 0)
(7.29611 -0.0813411 0)
(7.3022 -0.0797975 0)
(7.30806 -0.0780808 0)
(7.31363 -0.0762392 0)
(7.31884 -0.0743128 0)
(7.32363 -0.0723865 0)
(7.32797 -0.0705327 0)
(7.33182 -0.068864 0)
(7.33517 -0.067481 0)
(7.33801 -0.0665135 0)
(7.3404 -0.066087 0)
(7.34236 -0.0663348 0)
(7.34399 -0.0674018 0)
(7.34537 -0.0694074 0)
(7.34668 -0.0725034 0)
(7.34805 -0.076771 0)
(7.34971 -0.0823451 0)
(7.35188 -0.0892353 0)
(7.35484 -0.0975224 0)
(7.35887 -0.107105 0)
(7.36427 -0.117962 0)
(7.37138 -0.129846 0)
(7.38043 -0.14259 0)
(7.39175 -0.155784 0)
(7.40544 -0.1691 0)
(7.42175 -0.181994 0)
(7.44058 -0.194 0)
(7.46198 -0.20451 0)
(7.48561 -0.212999 0)
(7.51129 -0.21892 0)
(7.53842 -0.221817 0)
(7.56663 -0.221339 0)
(7.59515 -0.217216 0)
(7.62352 -0.209378 0)
(7.65092 -0.197795 0)
(7.67692 -0.182678 0)
(7.7008 -0.164202 0)
(7.72223 -0.142768 0)
(7.74065 -0.118647 0)
(7.75588 -0.0923028 0)
(7.76749 -0.064036 0)
(7.77532 -0.0343404 0)
(7.77917 -0.00364932 0)
(7.77909 0.0274827 0)
(7.77494 0.0586954 0)
(7.76692 0.0894523 0)
(7.755 0.11942 0)
(7.73948 0.148099 0)
(7.72043 0.175199 0)
(7.69825 0.200277 0)
(7.67306 0.223114 0)
(7.64555 0.243313 0)
(7.61413 0.260987 0)
(7.59103 0.274574 0)
(7.54022 0.291425 0)
(5.00002 -0.00108807 0)
(5.0001 -0.00326337 0)
(5.00033 -0.00544724 0)
(5.00071 -0.00762714 0)
(5.00124 -0.00980365 0)
(5.00191 -0.0119779 0)
(5.00271 -0.0141508 0)
(5.00365 -0.016323 0)
(5.00473 -0.0184962 0)
(5.00594 -0.0206722 0)
(5.00728 -0.0228537 0)
(5.00875 -0.0250436 0)
(5.01034 -0.0272453 0)
(5.01207 -0.0294627 0)
(5.01392 -0.0317001 0)
(5.01589 -0.0339622 0)
(5.018 -0.0362541 0)
(5.02022 -0.0385811 0)
(5.02257 -0.0409493 0)
(5.02505 -0.0433645 0)
(5.02766 -0.0458335 0)
(5.0304 -0.0483629 0)
(5.03328 -0.05096 0)
(5.03629 -0.0536321 0)
(5.03945 -0.0563871 0)
(5.04275 -0.0592329 0)
(5.04621 -0.0621779 0)
(5.04982 -0.0652306 0)
(5.0536 -0.0683998 0)
(5.05755 -0.0716945 0)
(5.06168 -0.0751239 0)
(5.066 -0.0786974 0)
(5.07052 -0.0824245 0)
(5.07524 -0.0863149 0)
(5.08017 -0.0903786 0)
(5.08534 -0.0946255 0)
(5.09074 -0.0990659 0)
(5.09639 -0.10371 0)
(5.10232 -0.108568 0)
(5.10851 -0.113651 0)
(5.11501 -0.11897 0)
(5.12181 -0.124535 0)
(5.12893 -0.130357 0)
(5.1364 -0.136448 0)
(5.14423 -0.142818 0)
(5.15244 -0.14948 0)
(5.16105 -0.156445 0)
(5.17008 -0.163723 0)
(5.17955 -0.171328 0)
(5.18948 -0.179271 0)
(5.19991 -0.187563 0)
(5.21085 -0.196218 0)
(5.22233 -0.205246 0)
(5.23439 -0.21466 0)
(5.24704 -0.224472 0)
(5.26033 -0.234693 0)
(5.27428 -0.245334 0)
(5.28894 -0.256406 0)
(5.30435 -0.267918 0)
(5.32053 -0.279879 0)
(5.33755 -0.292295 0)
(5.35545 -0.305171 0)
(5.37428 -0.318508 0)
(5.3941 -0.332303 0)
(5.41497 -0.346551 0)
(5.43695 -0.361237 0)
(5.46012 -0.376341 0)
(5.48454 -0.391834 0)
(5.5103 -0.407675 0)
(5.53747 -0.42381 0)
(5.56614 -0.440172 0)
(5.59638 -0.456674 0)
(5.62826 -0.473212 0)
(5.66186 -0.489658 0)
(5.69723 -0.505866 0)
(5.7344 -0.521663 0)
(5.77339 -0.536858 0)
(5.81418 -0.551239 0)
(5.85673 -0.564583 0)
(5.90093 -0.576658 0)
(5.94666 -0.587241 0)
(5.99372 -0.596121 0)
(6.04189 -0.603121 0)
(6.0909 -0.608092 0)
(6.14046 -0.61094 0)
(6.19025 -0.611612 0)
(6.23997 -0.610109 0)
(6.28931 -0.606474 0)
(6.33798 -0.600798 0)
(6.38573 -0.593203 0)
(6.43234 -0.583846 0)
(6.47761 -0.572899 0)
(6.52141 -0.560555 0)
(6.56359 -0.547003 0)
(6.60409 -0.532439 0)
(6.64283 -0.517046 0)
(6.67978 -0.501003 0)
(6.71494 -0.484471 0)
(6.7483 -0.467601 0)
(6.77988 -0.45053 0)
(6.80972 -0.43338 0)
(6.83788 -0.41626 0)
(6.86439 -0.399268 0)
(6.88933 -0.382489 0)
(6.91276 -0.366 0)
(6.93476 -0.349866 0)
(6.9554 -0.334141 0)
(6.97476 -0.318876 0)
(6.99291 -0.304106 0)
(7.00993 -0.289866 0)
(7.02589 -0.276176 0)
(7.04085 -0.263056 0)
(7.0549 -0.250514 0)
(7.06809 -0.238557 0)
(7.08048 -0.227182 0)
(7.09213 -0.216388 0)
(7.1031 -0.206164 0)
(7.11344 -0.196501 0)
(7.1232 -0.187382 0)
(7.13243 -0.178796 0)
(7.14116 -0.17072 0)
(7.14944 -0.163142 0)
(7.1573 -0.156039 0)
(7.16477 -0.149399 0)
(7.17187 -0.143203 0)
(7.17864 -0.137443 0)
(7.18509 -0.132103 0)
(7.19124 -0.127185 0)
(7.19712 -0.122679 0)
(7.20275 -0.118597 0)
(7.20818 -0.114932 0)
(7.21342 -0.111702 0)
(7.21855 -0.1089 0)
(7.22361 -0.106537 0)
(7.22866 -0.104592 0)
(7.23376 -0.103053 0)
(7.23899 -0.101874 0)
(7.24438 -0.101007 0)
(7.25001 -0.100371 0)
(7.25588 -0.0998841 0)
(7.26203 -0.0994407 0)
(7.26842 -0.0989385 0)
(7.27502 -0.0982781 0)
(7.28176 -0.0973662 0)
(7.28857 -0.0961403 0)
(7.29532 -0.0945453 0)
(7.30192 -0.0925793 0)
(7.30825 -0.0902414 0)
(7.31418 -0.0875959 0)
(7.31962 -0.0846956 0)
(7.32446 -0.0816606 0)
(7.32864 -0.0785883 0)
(7.33208 -0.075639 0)
(7.33477 -0.0729471 0)
(7.33665 -0.0706998 0)
(7.33778 -0.0690672 0)
(7.33815 -0.0682496 0)
(7.33787 -0.0684511 0)
(7.33702 -0.0698682 0)
(7.3358 -0.0727315 0)
(7.33436 -0.0772056 0)
(7.33301 -0.083519 0)
(7.33203 -0.0917562 0)
(7.33181 -0.102088 0)
(7.33278 -0.114454 0)
(7.33539 -0.128883 0)
(7.34017 -0.145097 0)
(7.34754 -0.162904 0)
(7.35805 -0.181764 0)
(7.37199 -0.201217 0)
(7.38975 -0.220489 0)
(7.41135 -0.238874 0)
(7.43693 -0.25545 0)
(7.46608 -0.269378 0)
(7.49855 -0.27979 0)
(7.5335 -0.285952 0)
(7.57033 -0.287321 0)
(7.6079 -0.283501 0)
(7.64545 -0.274417 0)
(7.68181 -0.260081 0)
(7.71628 -0.240857 0)
(7.74789 -0.217081 0)
(7.77612 -0.189367 0)
(7.80031 -0.158157 0)
(7.82019 -0.124073 0)
(7.83534 -0.0875373 0)
(7.84552 -0.0491504 0)
(7.85059 -0.00955662 0)
(7.85062 0.030517 0)
(7.84549 0.0706062 0)
(7.83546 0.110023 0)
(7.82056 0.14834 0)
(7.80113 0.184912 0)
(7.77733 0.219356 0)
(7.74966 0.251082 0)
(7.71828 0.279785 0)
(7.68421 0.304925 0)
(7.64537 0.326598 0)
(7.61651 0.34295 0)
(7.55461 0.36245 0)
(5.00002 -0.00123244 0)
(5.0001 -0.00369681 0)
(5.00034 -0.00616815 0)
(5.00073 -0.00863294 0)
(5.00126 -0.011091 0)
(5.00194 -0.0135429 0)
(5.00275 -0.0159889 0)
(5.00369 -0.0184294 0)
(5.00477 -0.020866 0)
(5.00597 -0.0233006 0)
(5.0073 -0.0257361 0)
(5.00875 -0.028176 0)
(5.01033 -0.0306246 0)
(5.01202 -0.0330864 0)
(5.01383 -0.0355672 0)
(5.01575 -0.0380726 0)
(5.01779 -0.0406091 0)
(5.01994 -0.0431831 0)
(5.0222 -0.0458019 0)
(5.02458 -0.0484725 0)
(5.02708 -0.0512027 0)
(5.02969 -0.054 0)
(5.03242 -0.0568728 0)
(5.03528 -0.0598291 0)
(5.03826 -0.0628777 0)
(5.04137 -0.0660271 0)
(5.04461 -0.0692868 0)
(5.048 -0.0726658 0)
(5.05153 -0.0761741 0)
(5.05521 -0.0798214 0)
(5.05905 -0.083618 0)
(5.06306 -0.0875744 0)
(5.06725 -0.0917013 0)
(5.07161 -0.0960096 0)
(5.07618 -0.100511 0)
(5.08095 -0.105216 0)
(5.08593 -0.110137 0)
(5.09115 -0.115285 0)
(5.09661 -0.120673 0)
(5.10232 -0.126313 0)
(5.1083 -0.132217 0)
(5.11457 -0.138397 0)
(5.12114 -0.144867 0)
(5.12803 -0.15164 0)
(5.13526 -0.158728 0)
(5.14284 -0.166145 0)
(5.1508 -0.173904 0)
(5.15915 -0.182019 0)
(5.16791 -0.190504 0)
(5.17712 -0.199374 0)
(5.18679 -0.208642 0)
(5.19695 -0.218325 0)
(5.20763 -0.228437 0)
(5.21885 -0.238993 0)
(5.23064 -0.250009 0)
(5.24304 -0.261502 0)
(5.25609 -0.273487 0)
(5.26981 -0.285981 0)
(5.28425 -0.298998 0)
(5.29946 -0.312556 0)
(5.31548 -0.326668 0)
(5.33237 -0.341348 0)
(5.35019 -0.356607 0)
(5.36899 -0.372453 0)
(5.38886 -0.388889 0)
(5.40987 -0.405915 0)
(5.43211 -0.423522 0)
(5.45567 -0.441691 0)
(5.48066 -0.460391 0)
(5.50718 -0.479577 0)
(5.53536 -0.499184 0)
(5.56532 -0.519124 0)
(5.59717 -0.539285 0)
(5.63104 -0.559522 0)
(5.66705 -0.579658 0)
(5.70527 -0.599476 0)
(5.74579 -0.618727 0)
(5.78863 -0.63712 0)
(5.83377 -0.654338 0)
(5.88111 -0.670038 0)
(5.9305 -0.683877 0)
(5.98169 -0.69552 0)
(6.03437 -0.704685 0)
(6.08816 -0.711151 0)
(6.14266 -0.714789 0)
(6.19741 -0.715548 0)
(6.25199 -0.713463 0)
(6.30596 -0.708617 0)
(6.35893 -0.701159 0)
(6.41055 -0.691268 0)
(6.46053 -0.679165 0)
(6.50862 -0.665089 0)
(6.55466 -0.6493 0)
(6.59854 -0.632057 0)
(6.64019 -0.613624 0)
(6.6796 -0.594252 0)
(6.71679 -0.57418 0)
(6.75181 -0.553627 0)
(6.78473 -0.532794 0)
(6.81563 -0.511855 0)
(6.8446 -0.490967 0)
(6.87173 -0.47026 0)
(6.89712 -0.449849 0)
(6.92087 -0.429827 0)
(6.94308 -0.410274 0)
(6.96384 -0.391254 0)
(6.98324 -0.37282 0)
(7.00137 -0.355014 0)
(7.01833 -0.33787 0)
(7.03419 -0.321413 0)
(7.04903 -0.305659 0)
(7.06294 -0.290621 0)
(7.07598 -0.276303 0)
(7.08822 -0.262705 0)
(7.09973 -0.249821 0)
(7.11057 -0.237641 0)
(7.12079 -0.226149 0)
(7.13046 -0.215327 0)
(7.13961 -0.205149 0)
(7.1483 -0.195594 0)
(7.15656 -0.18663 0)
(7.16442 -0.178231 0)
(7.17192 -0.170365 0)
(7.17909 -0.163013 0)
(7.18593 -0.156148 0)
(7.19247 -0.149762 0)
(7.19871 -0.143844 0)
(7.20468 -0.138398 0)
(7.21037 -0.133424 0)
(7.21581 -0.12894 0)
(7.22103 -0.124953 0)
(7.22605 -0.121491 0)
(7.23094 -0.11856 0)
(7.23576 -0.116186 0)
(7.2406 -0.114358 0)
(7.24555 -0.113078 0)
(7.25073 -0.112292 0)
(7.25623 -0.111953 0)
(7.26216 -0.111951 0)
(7.26858 -0.112172 0)
(7.27554 -0.112458 0)
(7.28301 -0.112648 0)
(7.29094 -0.112572 0)
(7.29922 -0.112071 0)
(7.30773 -0.111023 0)
(7.31625 -0.109327 0)
(7.32463 -0.106956 0)
(7.33265 -0.103898 0)
(7.34012 -0.100232 0)
(7.34687 -0.0960254 0)
(7.35274 -0.09144 0)
(7.35762 -0.0866038 0)
(7.36139 -0.0817309 0)
(7.36399 -0.0769949 0)
(7.36535 -0.0726501 0)
(7.36548 -0.0689192 0)
(7.36437 -0.0660882 0)
(7.36212 -0.0644373 0)
(7.35878 -0.0642761 0)
(7.35458 -0.065949 0)
(7.3497 -0.0697631 0)
(7.34454 -0.0761003 0)
(7.33946 -0.0852068 0)
(7.33504 -0.0974245 0)
(7.3319 -0.11282 0)
(7.33077 -0.13155 0)
(7.33248 -0.15336 0)
(7.33784 -0.178067 0)
(7.34771 -0.20499 0)
(7.36274 -0.233497 0)
(7.38364 -0.262488 0)
(7.41065 -0.290893 0)
(7.44408 -0.317273 0)
(7.4835 -0.340217 0)
(7.52849 -0.35824 0)
(7.57777 -0.370065 0)
(7.63015 -0.374779 0)
(7.68378 -0.371792 0)
(7.73722 -0.361053 0)
(7.78867 -0.342714 0)
(7.83695 -0.317417 0)
(7.88066 -0.285822 0)
(7.91906 -0.248926 0)
(7.95129 -0.20753 0)
(7.97709 -0.162561 0)
(7.99609 -0.114696 0)
(8.00824 -0.0646957 0)
(8.0135 -0.0134168 0)
(8.01204 0.0382446 0)
(8.0038 0.0897063 0)
(7.98911 0.140142 0)
(7.96807 0.189005 0)
(7.9411 0.235495 0)
(7.90845 0.279096 0)
(7.87075 0.319037 0)
(7.82825 0.354874 0)
(7.78245 0.385855 0)
(7.73047 0.411994 0)
(7.69127 0.431119 0)
(7.61012 0.452306 0)
(5.00002 -0.00137995 0)
(5.00011 -0.00413956 0)
(5.00035 -0.00690339 0)
(5.00076 -0.0096568 0)
(5.00131 -0.0123985 0)
(5.002 -0.0151281 0)
(5.00283 -0.0178452 0)
(5.00378 -0.0205499 0)
(5.00487 -0.0232434 0)
(5.00609 -0.0259275 0)
(5.00742 -0.0286049 0)
(5.00886 -0.031279 0)
(5.01042 -0.033954 0)
(5.01208 -0.0366348 0)
(5.01385 -0.0393274 0)
(5.01572 -0.042038 0)
(5.01768 -0.0447739 0)
(5.01975 -0.0475428 0)
(5.02191 -0.0503532 0)
(5.02417 -0.0532137 0)
(5.02654 -0.0561338 0)
(5.029 -0.0591228 0)
(5.03156 -0.0621909 0)
(5.03423 -0.065348 0)
(5.03701 -0.0686047 0)
(5.03989 -0.0719714 0)
(5.0429 -0.0754591 0)
(5.04602 -0.0790786 0)
(5.04927 -0.0828414 0)
(5.05266 -0.0867586 0)
(5.05618 -0.0908423 0)
(5.05984 -0.095104 0)
(5.06366 -0.0995562 0)
(5.06764 -0.104211 0)
(5.0718 -0.109081 0)
(5.07613 -0.11418 0)
(5.08066 -0.11952 0)
(5.08539 -0.125114 0)
(5.09035 -0.130976 0)
(5.09553 -0.13712 0)
(5.10095 -0.14356 0)
(5.10663 -0.15031 0)
(5.11259 -0.157384 0)
(5.11884 -0.164796 0)
(5.1254 -0.172562 0)
(5.13229 -0.180696 0)
(5.13952 -0.189213 0)
(5.14711 -0.198131 0)
(5.1551 -0.207463 0)
(5.16349 -0.217227 0)
(5.17231 -0.227439 0)
(5.18159 -0.238118 0)
(5.19135 -0.24928 0)
(5.20162 -0.260946 0)
(5.21243 -0.273135 0)
(5.22381 -0.285867 0)
(5.2358 -0.299164 0)
(5.24843 -0.313048 0)
(5.26174 -0.327543 0)
(5.27577 -0.342672 0)
(5.29059 -0.35846 0)
(5.30623 -0.374933 0)
(5.32277 -0.392114 0)
(5.34028 -0.410028 0)
(5.35884 -0.428695 0)
(5.37854 -0.448133 0)
(5.39948 -0.468353 0)
(5.42179 -0.489359 0)
(5.44559 -0.511143 0)
(5.47102 -0.53368 0)
(5.49827 -0.556925 0)
(5.5275 -0.580803 0)
(5.5589 -0.605207 0)
(5.59267 -0.629984 0)
(5.629 -0.654935 0)
(5.66808 -0.679794 0)
(5.71007 -0.704241 0)
(5.75506 -0.727881 0)
(5.80312 -0.750268 0)
(5.85417 -0.770899 0)
(5.90805 -0.78925 0)
(5.96442 -0.804794 0)
(6.02282 -0.817055 0)
(6.08262 -0.825641 0)
(6.14315 -0.830314 0)
(6.20373 -0.830986 0)
(6.26372 -0.827727 0)
(6.32258 -0.820715 0)
(6.37984 -0.810234 0)
(6.43515 -0.796622 0)
(6.48825 -0.78027 0)
(6.53898 -0.761574 0)
(6.58727 -0.740941 0)
(6.63311 -0.718749 0)
(6.67653 -0.695366 0)
(6.7176 -0.671116 0)
(6.75642 -0.646302 0)
(6.79309 -0.621182 0)
(6.82773 -0.59599 0)
(6.86044 -0.570918 0)
(6.89132 -0.546136 0)
(6.92048 -0.521778 0)
(6.948 -0.497959 0)
(6.97397 -0.474768 0)
(6.99847 -0.452275 0)
(7.02158 -0.430536 0)
(7.04335 -0.409589 0)
(7.06388 -0.389465 0)
(7.0832 -0.370181 0)
(7.10141 -0.351752 0)
(7.11855 -0.334181 0)
(7.1347 -0.31747 0)
(7.14992 -0.301613 0)
(7.16427 -0.286603 0)
(7.17782 -0.272426 0)
(7.19062 -0.259068 0)
(7.20275 -0.246504 0)
(7.21426 -0.234714 0)
(7.2252 -0.223663 0)
(7.23563 -0.21332 0)
(7.24559 -0.20364 0)
(7.25512 -0.194582 0)
(7.26424 -0.186092 0)
(7.27298 -0.178129 0)
(7.28132 -0.170651 0)
(7.28928 -0.163637 0)
(7.29685 -0.157075 0)
(7.30403 -0.150981 0)
(7.31082 -0.145377 0)
(7.31724 -0.140313 0)
(7.32332 -0.135835 0)
(7.32909 -0.132016 0)
(7.33463 -0.128903 0)
(7.34003 -0.126566 0)
(7.34543 -0.125019 0)
(7.35096 -0.124284 0)
(7.35682 -0.124299 0)
(7.36318 -0.124991 0)
(7.37022 -0.126189 0)
(7.37808 -0.127713 0)
(7.38686 -0.129306 0)
(7.39654 -0.130716 0)
(7.4071 -0.131661 0)
(7.41832 -0.131887 0)
(7.43001 -0.131182 0)
(7.44183 -0.129389 0)
(7.45347 -0.126454 0)
(7.46459 -0.122371 0)
(7.47489 -0.117249 0)
(7.48407 -0.111205 0)
(7.49192 -0.104458 0)
(7.49825 -0.0971866 0)
(7.5029 -0.0896625 0)
(7.50577 -0.082099 0)
(7.50673 -0.0748185 0)
(7.50578 -0.0680974 0)
(7.50282 -0.0623144 0)
(7.49795 -0.0578233 0)
(7.49115 -0.0550744 0)
(7.48269 -0.0545729 0)
(7.4727 -0.0568637 0)
(7.4617 -0.0625683 0)
(7.4501 -0.0722045 0)
(7.43875 -0.086407 0)
(7.42853 -0.105518 0)
(7.42065 -0.129968 0)
(7.41642 -0.15965 0)
(7.41721 -0.194442 0)
(7.42446 -0.233516 0)
(7.43934 -0.27603 0)
(7.46316 -0.320466 0)
(7.49671 -0.365201 0)
(7.54076 -0.407897 0)
(7.59486 -0.446004 0)
(7.65803 -0.47675 0)
(7.72791 -0.497735 0)
(7.80201 -0.507345 0)
(7.87715 -0.504813 0)
(7.95083 -0.490361 0)
(8.02049 -0.46467 0)
(8.08452 -0.429023 0)
(8.14138 -0.384738 0)
(8.19034 -0.333441 0)
(8.23065 -0.276597 0)
(8.26222 -0.215677 0)
(8.28488 -0.151806 0)
(8.29874 -0.0858579 0)
(8.30391 -0.0187871 0)
(8.30067 0.048445 0)
(8.28893 0.115141 0)
(8.26901 0.180391 0)
(8.24091 0.24348 0)
(8.20507 0.303455 0)
(8.16166 0.359575 0)
(8.11138 0.410847 0)
(8.05437 0.456541 0)
(7.9928 0.49564 0)
(7.92232 0.527719 0)
(7.86841 0.550779 0)
(7.75807 0.571855 0)
(5.00002 -0.00153375 0)
(5.00012 -0.00460084 0)
(5.00038 -0.00766775 0)
(5.00081 -0.010718 0)
(5.00139 -0.013748 0)
(5.00211 -0.016756 0)
(5.00297 -0.019741 0)
(5.00396 -0.0227031 0)
(5.00508 -0.0256446 0)
(5.00632 -0.0285686 0)
(5.00767 -0.0314796 0)
(5.00913 -0.0343829 0)
(5.0107 -0.0372846 0)
(5.01235 -0.0401908 0)
(5.01411 -0.0431086 0)
(5.01595 -0.0460449 0)
(5.01787 -0.0490076 0)
(5.01988 -0.0520045 0)
(5.02197 -0.0550442 0)
(5.02413 -0.0581354 0)
(5.02638 -0.0612878 0)
(5.0287 -0.064511 0)
(5.03111 -0.0678155 0)
(5.03359 -0.0712119 0)
(5.03616 -0.0747113 0)
(5.03882 -0.0783251 0)
(5.04157 -0.0820653 0)
(5.04441 -0.0859437 0)
(5.04736 -0.089973 0)
(5.05041 -0.0941656 0)
(5.05357 -0.0985346 0)
(5.05686 -0.103093 0)
(5.06027 -0.107855 0)
(5.06381 -0.112834 0)
(5.0675 -0.118043 0)
(5.07135 -0.123498 0)
(5.07536 -0.129213 0)
(5.07954 -0.135203 0)
(5.08392 -0.141482 0)
(5.08849 -0.148067 0)
(5.09328 -0.154973 0)
(5.0983 -0.162216 0)
(5.10357 -0.169812 0)
(5.1091 -0.177777 0)
(5.1149 -0.186128 0)
(5.121 -0.194883 0)
(5.12741 -0.204058 0)
(5.13416 -0.213671 0)
(5.14126 -0.22374 0)
(5.14873 -0.234285 0)
(5.1566 -0.245323 0)
(5.16489 -0.256877 0)
(5.17362 -0.268967 0)
(5.18283 -0.281616 0)
(5.19252 -0.294846 0)
(5.20275 -0.308685 0)
(5.21353 -0.323158 0)
(5.2249 -0.338297 0)
(5.2369 -0.354131 0)
(5.24957 -0.370695 0)
(5.26296 -0.388026 0)
(5.27712 -0.406163 0)
(5.29212 -0.425148 0)
(5.30803 -0.445024 0)
(5.32493 -0.465838 0)
(5.34292 -0.487634 0)
(5.36212 -0.510457 0)
(5.38265 -0.534346 0)
(5.40469 -0.559332 0)
(5.42839 -0.585433 0)
(5.45399 -0.612647 0)
(5.48172 -0.640941 0)
(5.51184 -0.67024 0)
(5.54465 -0.70041 0)
(5.58047 -0.731246 0)
(5.61961 -0.76244 0)
(5.66236 -0.793574 0)
(5.70898 -0.82409 0)
(5.75964 -0.853303 0)
(5.81434 -0.880405 0)
(5.87297 -0.904552 0)
(5.93517 -0.924918 0)
(6.00029 -0.940796 0)
(6.06747 -0.951617 0)
(6.13569 -0.957049 0)
(6.20404 -0.956994 0)
(6.2718 -0.951622 0)
(6.33848 -0.941303 0)
(6.40374 -0.926602 0)
(6.46742 -0.90817 0)
(6.52939 -0.886697 0)
(6.58959 -0.862819 0)
(6.64796 -0.837124 0)
(6.70444 -0.810101 0)
(6.75894 -0.782173 0)
(6.8114 -0.753678 0)
(6.86172 -0.724901 0)
(6.90983 -0.696066 0)
(6.95568 -0.667368 0)
(6.99923 -0.638961 0)
(7.04046 -0.610982 0)
(7.07936 -0.583543 0)
(7.11597 -0.55674 0)
(7.15033 -0.530653 0)
(7.18248 -0.505349 0)
(7.2125 -0.480884 0)
(7.24047 -0.457301 0)
(7.26649 -0.434635 0)
(7.29064 -0.412909 0)
(7.31303 -0.392144 0)
(7.33376 -0.372345 0)
(7.35294 -0.353522 0)
(7.37068 -0.335667 0)
(7.38708 -0.318782 0)
(7.40225 -0.302848 0)
(7.4163 -0.287859 0)
(7.42933 -0.273785 0)
(7.44145 -0.260611 0)
(7.45275 -0.248294 0)
(7.46333 -0.236802 0)
(7.47328 -0.226076 0)
(7.48267 -0.216062 0)
(7.49156 -0.20668 0)
(7.49997 -0.197865 0)
(7.50789 -0.189544 0)
(7.51531 -0.181672 0)
(7.52218 -0.17421 0)
(7.52847 -0.167162 0)
(7.53413 -0.160549 0)
(7.53915 -0.154454 0)
(7.54353 -0.148968 0)
(7.54732 -0.144249 0)
(7.55061 -0.140439 0)
(7.55354 -0.137728 0)
(7.55632 -0.136238 0)
(7.55921 -0.136091 0)
(7.56252 -0.137262 0)
(7.56659 -0.13967 0)
(7.57172 -0.143034 0)
(7.57815 -0.147013 0)
(7.58606 -0.151123 0)
(7.59545 -0.154889 0)
(7.60628 -0.157789 0)
(7.61825 -0.159368 0)
(7.63103 -0.159249 0)
(7.64411 -0.157196 0)
(7.65699 -0.153137 0)
(7.66914 -0.147135 0)
(7.68014 -0.139396 0)
(7.68961 -0.13017 0)
(7.69729 -0.119779 0)
(7.70295 -0.108504 0)
(7.70645 -0.0966725 0)
(7.70763 -0.0845517 0)
(7.70632 -0.0724985 0)
(7.70243 -0.0608279 0)
(7.69577 -0.0499715 0)
(7.6863 -0.0403638 0)
(7.67383 -0.0326213 0)
(7.65848 -0.0274284 0)
(7.64018 -0.025586 0)
(7.61929 -0.0280472 0)
(7.59617 -0.0359013 0)
(7.57179 -0.0503735 0)
(7.54719 -0.072422 0)
(7.5241 -0.10294 0)
(7.50437 -0.142057 0)
(7.48992 -0.18976 0)
(7.48279 -0.245136 0)
(7.48518 -0.307223 0)
(7.49969 -0.374272 0)
(7.52814 -0.444045 0)
(7.57165 -0.512672 0)
(7.62924 -0.575047 0)
(7.6988 -0.625467 0)
(7.77639 -0.659272 0)
(7.85797 -0.674059 0)
(7.93921 -0.66959 0)
(8.01704 -0.647385 0)
(8.08891 -0.609644 0)
(8.15368 -0.559036 0)
(8.21046 -0.498024 0)
(8.25933 -0.429012 0)
(8.30028 -0.354012 0)
(8.3338 -0.274754 0)
(8.35998 -0.192555 0)
(8.37866 -0.108307 0)
(8.38969 -0.0230176 0)
(8.39339 0.0624042 0)
(8.38931 0.147214 0)
(8.37739 0.230525 0)
(8.35716 0.311462 0)
(8.32853 0.388938 0)
(8.29109 0.461913 0)
(8.24505 0.529091 0)
(8.18991 0.58925 0)
(8.12789 0.641062 0)
(8.0529 0.682879 0)
(7.99531 0.714118 0)
(7.86919 0.735094 0)
(5.00002 -0.0016986 0)
(5.00013 -0.00509526 0)
(5.00042 -0.00848565 0)
(5.00089 -0.0118506 0)
(5.00153 -0.0151835 0)
(5.00231 -0.018479 0)
(5.00323 -0.0217334 0)
(5.00428 -0.024944 0)
(5.00545 -0.0281105 0)
(5.00672 -0.0312347 0)
(5.0081 -0.0343208 0)
(5.00956 -0.0373748 0)
(5.01112 -0.0404049 0)
(5.01275 -0.0434198 0)
(5.01446 -0.0464299 0)
(5.01625 -0.0494455 0)
(5.0181 -0.052478 0)
(5.02001 -0.0555385 0)
(5.022 -0.0586389 0)
(5.02404 -0.0617904 0)
(5.02614 -0.0650054 0)
(5.0283 -0.0682956 0)
(5.03053 -0.0716736 0)
(5.03281 -0.0751517 0)
(5.03517 -0.0787429 0)
(5.03758 -0.0824601 0)
(5.04006 -0.086317 0)
(5.04262 -0.090327 0)
(5.04525 -0.0945042 0)
(5.04796 -0.0988626 0)
(5.05076 -0.103417 0)
(5.05365 -0.108182 0)
(5.05664 -0.113172 0)
(5.05974 -0.118402 0)
(5.06296 -0.123889 0)
(5.0663 -0.129647 0)
(5.06977 -0.135692 0)
(5.07339 -0.142041 0)
(5.07716 -0.14871 0)
(5.08111 -0.155714 0)
(5.08524 -0.163072 0)
(5.08956 -0.170799 0)
(5.0941 -0.178914 0)
(5.09886 -0.187433 0)
(5.10386 -0.196374 0)
(5.10912 -0.205755 0)
(5.11467 -0.215594 0)
(5.12051 -0.225911 0)
(5.12666 -0.236725 0)
(5.13315 -0.248055 0)
(5.13999 -0.259922 0)
(5.14721 -0.272349 0)
(5.15483 -0.285358 0)
(5.16287 -0.298975 0)
(5.17135 -0.313225 0)
(5.1803 -0.32814 0)
(5.18975 -0.343748 0)
(5.19972 -0.360088 0)
(5.21025 -0.377197 0)
(5.22137 -0.395119 0)
(5.23311 -0.413903 0)
(5.24552 -0.433603 0)
(5.25865 -0.454278 0)
(5.27256 -0.475996 0)
(5.28732 -0.49883 0)
(5.30302 -0.52286 0)
(5.31977 -0.54817 0)
(5.33768 -0.57485 0)
(5.35694 -0.602987 0)
(5.37772 -0.632668 0)
(5.40028 -0.663964 0)
(5.42491 -0.696925 0)
(5.45198 -0.731567 0)
(5.48192 -0.767837 0)
(5.51527 -0.805608 0)
(5.55261 -0.844616 0)
(5.59461 -0.88444 0)
(5.64194 -0.924411 0)
(5.6952 -0.963591 0)
(5.75483 -1.00068 0)
(5.82079 -1.03407 0)
(5.89258 -1.06194 0)
(5.96943 -1.08284 0)
(6.05058 -1.09615 0)
(6.13533 -1.10211 0)
(6.22308 -1.10136 0)
(6.31318 -1.09468 0)
(6.40479 -1.08283 0)
(6.49691 -1.06656 0)
(6.58845 -1.04655 0)
(6.67836 -1.02338 0)
(6.76566 -0.997542 0)
(6.84945 -0.969491 0)
(6.92902 -0.93961 0)
(7.0038 -0.908264 0)
(7.0734 -0.875786 0)
(7.13759 -0.842491 0)
(7.19627 -0.808676 0)
(7.24947 -0.774615 0)
(7.29731 -0.740568 0)
(7.34 -0.706764 0)
(7.37779 -0.673416 0)
(7.41098 -0.640701 0)
(7.43991 -0.608784 0)
(7.4649 -0.577787 0)
(7.48629 -0.547825 0)
(7.50442 -0.518976 0)
(7.51959 -0.491311 0)
(7.53212 -0.464867 0)
(7.54228 -0.439686 0)
(7.55035 -0.415772 0)
(7.55656 -0.393144 0)
(7.56115 -0.371785 0)
(7.56431 -0.351697 0)
(7.56625 -0.332848 0)
(7.56713 -0.315232 0)
(7.56711 -0.298803 0)
(7.56636 -0.283543 0)
(7.56501 -0.269387 0)
(7.5632 -0.256289 0)
(7.56106 -0.244144 0)
(7.55869 -0.232851 0)
(7.55617 -0.22226 0)
(7.55353 -0.212254 0)
(7.55076 -0.202721 0)
(7.54781 -0.193603 0)
(7.5446 -0.184847 0)
(7.54103 -0.176448 0)
(7.53695 -0.168414 0)
(7.53225 -0.160822 0)
(7.52679 -0.153789 0)
(7.52051 -0.147532 0)
(7.51338 -0.14231 0)
(7.50549 -0.138484 0)
(7.49703 -0.136375 0)
(7.48838 -0.136322 0)
(7.48004 -0.13846 0)
(7.4726 -0.14281 0)
(7.4667 -0.149042 0)
(7.4628 -0.156627 0)
(7.46127 -0.164767 0)
(7.46218 -0.172608 0)
(7.4655 -0.179175 0)
(7.47085 -0.183596 0)
(7.47772 -0.185167 0)
(7.48534 -0.183511 0)
(7.49302 -0.178558 0)
(7.50002 -0.170557 0)
(7.50588 -0.159938 0)
(7.5102 -0.147245 0)
(7.51284 -0.132984 0)
(7.51368 -0.117591 0)
(7.51266 -0.101362 0)
(7.50968 -0.0845468 0)
(7.50457 -0.0674652 0)
(7.49715 -0.0504723 0)
(7.48707 -0.0338849 0)
(7.47397 -0.0180441 0)
(7.45722 -0.00351306 0)
(7.43643 0.00891157 0)
(7.4109 0.0181177 0)
(7.38034 0.0227099 0)
(7.34415 0.0210728 0)
(7.30282 0.0113832 0)
(7.25724 -0.00839227 0)
(7.20926 -0.0403166 0)
(7.1602 -0.0852577 0)
(7.11188 -0.143305 0)
(7.06853 -0.214301 0)
(7.03462 -0.297871 0)
(7.01235 -0.39277 0)
(7.00188 -0.496694 0)
(7.00488 -0.602138 0)
(7.02339 -0.697252 0)
(7.05866 -0.770954 0)
(7.10799 -0.816405 0)
(7.16635 -0.832289 0)
(7.22752 -0.821075 0)
(7.28705 -0.787338 0)
(7.34187 -0.735653 0)
(7.39105 -0.67044 0)
(7.43432 -0.595307 0)
(7.47258 -0.513351 0)
(7.50658 -0.426785 0)
(7.53778 -0.337111 0)
(7.56677 -0.245046 0)
(7.59463 -0.150995 0)
(7.62027 -0.0552499 0)
(7.64458 0.0413084 0)
(7.66682 0.138346 0)
(7.68645 0.235284 0)
(7.70217 0.331384 0)
(7.71301 0.425575 0)
(7.71733 0.516656 0)
(7.7141 0.602993 0)
(7.70136 0.682753 0)
(7.67974 0.754143 0)
(7.64268 0.81372 0)
(7.61522 0.862035 0)
(7.52749 0.895596 0)
(5.00002 -0.00188187 0)
(5.00015 -0.00564304 0)
(5.00049 -0.00938656 0)
(5.00103 -0.0130891 0)
(5.00174 -0.0167421 0)
(5.00262 -0.0203428 0)
(5.00366 -0.0238921 0)
(5.00483 -0.0273924 0)
(5.00612 -0.0308465 0)
(5.00753 -0.0342577 0)
(5.00902 -0.03763 0)
(5.0106 -0.0409686 0)
(5.01225 -0.0442796 0)
(5.01395 -0.0475702 0)
(5.01571 -0.0508488 0)
(5.01751 -0.0541244 0)
(5.01936 -0.0574075 0)
(5.02124 -0.0607085 0)
(5.02315 -0.0640392 0)
(5.0251 -0.0674109 0)
(5.02708 -0.0708362 0)
(5.02908 -0.074327 0)
(5.03112 -0.0778964 0)
(5.03319 -0.0815574 0)
(5.0353 -0.0853237 0)
(5.03744 -0.0892089 0)
(5.03962 -0.0932278 0)
(5.04184 -0.097395 0)
(5.0441 -0.101726 0)
(5.04642 -0.106237 0)
(5.04879 -0.110943 0)
(5.05122 -0.115862 0)
(5.05371 -0.12101 0)
(5.05629 -0.126404 0)
(5.05895 -0.132064 0)
(5.0617 -0.138005 0)
(5.06455 -0.144247 0)
(5.06751 -0.150809 0)
(5.0706 -0.157708 0)
(5.07383 -0.164964 0)
(5.07721 -0.172596 0)
(5.08074 -0.180624 0)
(5.08446 -0.189066 0)
(5.08837 -0.197944 0)
(5.09248 -0.207275 0)
(5.09682 -0.21708 0)
(5.10141 -0.22738 0)
(5.10625 -0.238194 0)
(5.11136 -0.249544 0)
(5.11677 -0.261452 0)
(5.12249 -0.273938 0)
(5.12853 -0.287027 0)
(5.13492 -0.300742 0)
(5.14166 -0.31511 0)
(5.14879 -0.330157 0)
(5.1563 -0.345916 0)
(5.16422 -0.362419 0)
(5.17255 -0.379706 0)
(5.18133 -0.397817 0)
(5.19055 -0.416803 0)
(5.20024 -0.436717 0)
(5.21041 -0.457626 0)
(5.2211 -0.4796 0)
(5.23233 -0.502729 0)
(5.24415 -0.527106 0)
(5.25663 -0.55285 0)
(5.26984 -0.580088 0)
(5.28391 -0.608969 0)
(5.29901 -0.63966 0)
(5.31534 -0.672346 0)
(5.33322 -0.707223 0)
(5.35303 -0.744498 0)
(5.37533 -0.784365 0)
(5.40078 -0.826984 0)
(5.43028 -0.872451 0)
(5.46493 -0.920725 0)
(5.50613 -0.971598 0)
(5.55547 -1.0245 0)
(5.61492 -1.07859 0)
(5.68633 -1.13223 0)
(5.77076 -1.18279 0)
(5.8687 -1.22731 0)
(5.97944 -1.26321 0)
(6.10099 -1.28951 0)
(6.23083 -1.30681 0)
(6.36595 -1.31574 0)
(6.50266 -1.31653 0)
(6.63667 -1.30919 0)
(6.76388 -1.29391 0)
(6.88099 -1.27107 0)
(6.98571 -1.24136 0)
(7.07673 -1.20564 0)
(7.15353 -1.16498 0)
(7.21627 -1.12047 0)
(7.26559 -1.07316 0)
(7.30244 -1.02403 0)
(7.32793 -0.973937 0)
(7.34327 -0.923606 0)
(7.34967 -0.873657 0)
(7.34832 -0.824575 0)
(7.34033 -0.776764 0)
(7.32675 -0.730518 0)
(7.30851 -0.686075 0)
(7.28648 -0.643583 0)
(7.26141 -0.603158 0)
(7.23395 -0.564846 0)
(7.20468 -0.52868 0)
(7.1741 -0.494635 0)
(7.14262 -0.462693 0)
(7.11059 -0.432788 0)
(7.07832 -0.404872 0)
(7.04605 -0.378862 0)
(7.01396 -0.354698 0)
(6.98223 -0.332291 0)
(6.95098 -0.311587 0)
(6.92032 -0.292504 0)
(6.89033 -0.275 0)
(6.8611 -0.25901 0)
(6.83271 -0.244498 0)
(6.80525 -0.231398 0)
(6.77885 -0.219595 0)
(6.75359 -0.208861 0)
(6.72951 -0.198886 0)
(6.7065 -0.189416 0)
(6.68444 -0.180217 0)
(6.66316 -0.171167 0)
(6.64252 -0.162168 0)
(6.62236 -0.153224 0)
(6.60249 -0.144337 0)
(6.58265 -0.135587 0)
(6.56252 -0.127076 0)
(6.54178 -0.119061 0)
(6.52006 -0.111914 0)
(6.49716 -0.106219 0)
(6.47299 -0.102653 0)
(6.44777 -0.101955 0)
(6.42202 -0.104669 0)
(6.39659 -0.110966 0)
(6.37265 -0.120445 0)
(6.35118 -0.132346 0)
(6.33298 -0.145747 0)
(6.31842 -0.159582 0)
(6.30773 -0.172236 0)
(6.30049 -0.18198 0)
(6.29601 -0.187357 0)
(6.29322 -0.187659 0)
(6.29115 -0.182803 0)
(6.28887 -0.173417 0)
(6.28582 -0.160371 0)
(6.28175 -0.144764 0)
(6.27677 -0.127416 0)
(6.27106 -0.109033 0)
(6.26487 -0.0898178 0)
(6.25828 -0.0699483 0)
(6.25131 -0.0494044 0)
(6.24369 -0.0282643 0)
(6.23457 -0.00644151 0)
(6.2236 0.0158382 0)
(6.20979 0.0382365 0)
(6.192 0.0601463 0)
(6.16815 0.0810023 0)
(6.13648 0.0997595 0)
(6.09536 0.113763 0)
(6.04471 0.118198 0)
(5.98428 0.108817 0)
(5.91277 0.0852519 0)
(5.82742 0.0489425 0)
(5.73499 -0.00487669 0)
(5.65178 -0.0855968 0)
(5.57266 -0.189743 0)
(5.47874 -0.308783 0)
(5.37129 -0.434292 0)
(5.28412 -0.559091 0)
(5.24651 -0.67853 0)
(5.26266 -0.782593 0)
(5.31994 -0.856332 0)
(5.40102 -0.891451 0)
(5.48962 -0.888774 0)
(5.57485 -0.855241 0)
(5.65053 -0.798626 0)
(5.71502 -0.726597 0)
(5.76847 -0.644988 0)
(5.81302 -0.558315 0)
(5.85073 -0.469276 0)
(5.88427 -0.379441 0)
(5.91572 -0.28932 0)
(5.94749 -0.198998 0)
(5.98186 -0.108059 0)
(6.01999 -0.0162012 0)
(6.06248 0.0770071 0)
(6.10958 0.172116 0)
(6.15991 0.269241 0)
(6.2125 0.367855 0)
(6.26512 0.467283 0)
(6.31589 0.565999 0)
(6.36182 0.662057 0)
(6.40061 0.753269 0)
(6.42826 0.835154 0)
(6.45208 0.905921 0)
(6.45129 0.973857 0)
(5.00003 -0.00209784 0)
(5.0002 -0.00628809 0)
(5.00062 -0.010445 0)
(5.00126 -0.0145264 0)
(5.0021 -0.0185026 0)
(5.00309 -0.022356 0)
(5.00421 -0.0260818 0)
(5.00545 -0.0296835 0)
(5.00681 -0.0331708 0)
(5.00825 -0.0365568 0)
(5.00977 -0.0398575 0)
(5.01137 -0.0430892 0)
(5.01302 -0.0462687 0)
(5.01473 -0.0494117 0)
(5.01648 -0.0525344 0)
(5.01825 -0.0556522 0)
(5.02006 -0.0587809 0)
(5.02189 -0.0619356 0)
(5.02374 -0.0651321 0)
(5.0256 -0.0683849 0)
(5.02747 -0.0717096 0)
(5.02935 -0.0751202 0)
(5.03125 -0.0786319 0)
(5.03315 -0.0822587 0)
(5.03506 -0.0860155 0)
(5.03698 -0.0899166 0)
(5.03892 -0.0939771 0)
(5.04086 -0.0982117 0)
(5.04282 -0.102636 0)
(5.0448 -0.107266 0)
(5.0468 -0.112117 0)
(5.04882 -0.117206 0)
(5.05088 -0.122551 0)
(5.05297 -0.128168 0)
(5.05511 -0.134075 0)
(5.0573 -0.140291 0)
(5.05955 -0.146834 0)
(5.06187 -0.153724 0)
(5.06428 -0.160978 0)
(5.06677 -0.168618 0)
(5.06937 -0.176662 0)
(5.07208 -0.18513 0)
(5.07491 -0.194041 0)
(5.07789 -0.203416 0)
(5.08103 -0.213275 0)
(5.08433 -0.223637 0)
(5.08781 -0.234521 0)
(5.09149 -0.245948 0)
(5.09538 -0.257937 0)
(5.09948 -0.270509 0)
(5.10383 -0.283682 0)
(5.10842 -0.297479 0)
(5.11326 -0.31192 0)
(5.11837 -0.327029 0)
(5.12376 -0.34283 0)
(5.12942 -0.359351 0)
(5.13537 -0.376621 0)
(5.14161 -0.394678 0)
(5.14815 -0.41356 0)
(5.155 -0.43332 0)
(5.16218 -0.454011 0)
(5.1697 -0.47571 0)
(5.17759 -0.498498 0)
(5.18589 -0.522487 0)
(5.19467 -0.547803 0)
(5.204 -0.574613 0)
(5.21402 -0.603112 0)
(5.22487 -0.633552 0)
(5.23679 -0.666232 0)
(5.25009 -0.701529 0)
(5.26518 -0.739888 0)
(5.28263 -0.781844 0)
(5.3032 -0.82801 0)
(5.32788 -0.879064 0)
(5.35802 -0.935683 0)
(5.39525 -0.998453 0)
(5.44184 -1.06757 0)
(5.4999 -1.14265 0)
(5.57367 -1.22228 0)
(5.66418 -1.30268 0)
(5.77944 -1.38004 0)
(5.92427 -1.45452 0)
(6.09322 -1.52286 0)
(6.2717 -1.58 0)
(6.44383 -1.62017 0)
(6.59748 -1.63858 0)
(6.72445 -1.63312 0)
(6.81995 -1.60518 0)
(6.88246 -1.55802 0)
(6.9131 -1.496 0)
(6.91468 -1.42327 0)
(6.89087 -1.34388 0)
(6.84565 -1.26101 0)
(6.78302 -1.17742 0)
(6.70675 -1.09493 0)
(6.62016 -1.01508 0)
(6.52617 -0.938646 0)
(6.42718 -0.866371 0)
(6.32522 -0.798375 0)
(6.2219 -0.73497 0)
(6.11855 -0.675933 0)
(6.0162 -0.621362 0)
(5.91568 -0.570875 0)
(5.81757 -0.524486 0)
(5.72239 -0.481744 0)
(5.63042 -0.442641 0)
(5.54193 -0.406708 0)
(5.45701 -0.373945 0)
(5.37578 -0.343885 0)
(5.29817 -0.316552 0)
(5.22422 -0.291496 0)
(5.15377 -0.268775 0)
(5.08679 -0.247961 0)
(5.02306 -0.229152 0)
(4.96252 -0.211946 0)
(4.90491 -0.196485 0)
(4.85014 -0.182421 0)
(4.79798 -0.169938 0)
(4.74833 -0.15884 0)
(4.70113 -0.149377 0)
(4.65653 -0.141529 0)
(4.61481 -0.135063 0)
(4.57604 -0.129298 0)
(4.53998 -0.123889 0)
(4.50636 -0.118422 0)
(4.47483 -0.112684 0)
(4.44509 -0.106424 0)
(4.41686 -0.0996374 0)
(4.3899 -0.0922325 0)
(4.36392 -0.0842489 0)
(4.33853 -0.0756134 0)
(4.31308 -0.0665667 0)
(4.2867 -0.0574353 0)
(4.25843 -0.0490576 0)
(4.22751 -0.0424433 0)
(4.19355 -0.0388988 0)
(4.15697 -0.0400682 0)
(4.11911 -0.0478797 0)
(4.08257 -0.0629638 0)
(4.04912 -0.0828053 0)
(4.01885 -0.104771 0)
(3.99258 -0.126702 0)
(3.97285 -0.14613 0)
(3.96075 -0.160939 0)
(3.95574 -0.169811 0)
(3.95592 -0.172102 0)
(3.95903 -0.167866 0)
(3.96292 -0.157979 0)
(3.96606 -0.143914 0)
(3.96759 -0.127214 0)
(3.96734 -0.109215 0)
(3.96579 -0.0907963 0)
(3.96381 -0.0721678 0)
(3.9619 -0.0531796 0)
(3.9602 -0.0334875 0)
(3.95874 -0.0127982 0)
(3.95753 0.00900664 0)
(3.95669 0.0320333 0)
(3.95537 0.0571494 0)
(3.95237 0.0857035 0)
(3.94512 0.117971 0)
(3.93081 0.151471 0)
(3.90532 0.181562 0)
(3.86347 0.205935 0)
(3.79655 0.227243 0)
(3.70089 0.242353 0)
(3.59137 0.224387 0)
(3.50186 0.138905 0)
(3.4217 0.0188041 0)
(3.22705 -0.0206016 0)
(2.92908 0.0199233 0)
(2.7569 -0.0324961 0)
(2.76552 -0.272417 0)
(2.90155 -0.589458 0)
(3.09323 -0.867612 0)
(3.29504 -1.05255 0)
(3.48489 -1.13904 0)
(3.65268 -1.14528 0)
(3.79379 -1.0949 0)
(3.90824 -1.009 0)
(3.99906 -0.903889 0)
(4.06895 -0.791494 0)
(4.12249 -0.679167 0)
(4.16308 -0.571212 0)
(4.1954 -0.468882 0)
(4.22219 -0.37267 0)
(4.24679 -0.281926 0)
(4.27082 -0.195893 0)
(4.29693 -0.112522 0)
(4.32643 -0.0296363 0)
(4.3615 0.0549709 0)
(4.40147 0.142897 0)
(4.44706 0.234469 0)
(4.49715 0.330009 0)
(4.55139 0.428941 0)
(4.60807 0.530326 0)
(4.66337 0.632608 0)
(4.71931 0.731377 0)
(4.76381 0.820004 0)
(4.82779 0.934719 0)
(5.00003 -0.00236195 0)
(5.00026 -0.00707584 0)
(5.00082 -0.0117468 0)
(5.00171 -0.0163486 0)
(5.00289 -0.0208692 0)
(5.00427 -0.0253011 0)
(5.00582 -0.0296343 0)
(5.00747 -0.0338563 0)
(5.00921 -0.0379589 0)
(5.01099 -0.0419414 0)
(5.01281 -0.0458096 0)
(5.01464 -0.0495726 0)
(5.01648 -0.0532417 0)
(5.01831 -0.0568288 0)
(5.02013 -0.0603473 0)
(5.02194 -0.063811 0)
(5.02373 -0.0672352 0)
(5.02548 -0.0706351 0)
(5.02722 -0.0740273 0)
(5.02893 -0.077428 0)
(5.03061 -0.080855 0)
(5.03225 -0.0843252 0)
(5.03388 -0.0878571 0)
(5.03547 -0.0914683 0)
(5.03703 -0.0951777 0)
(5.03857 -0.0990034 0)
(5.04009 -0.102965 0)
(5.04158 -0.10708 0)
(5.04305 -0.11137 0)
(5.04449 -0.115852 0)
(5.04592 -0.120548 0)
(5.04734 -0.125478 0)
(5.04874 -0.130661 0)
(5.05014 -0.13612 0)
(5.05154 -0.141874 0)
(5.05294 -0.147947 0)
(5.05435 -0.154359 0)
(5.05578 -0.161132 0)
(5.05724 -0.16829 0)
(5.05873 -0.175853 0)
(5.06027 -0.183845 0)
(5.06187 -0.192287 0)
(5.06353 -0.2012 0)
(5.06528 -0.210608 0)
(5.06713 -0.22053 0)
(5.06909 -0.230988 0)
(5.07118 -0.242001 0)
(5.07341 -0.253589 0)
(5.07582 -0.265771 0)
(5.07841 -0.278567 0)
(5.08122 -0.291995 0)
(5.08427 -0.306074 0)
(5.08758 -0.320822 0)
(5.0912 -0.336264 0)
(5.09515 -0.35242 0)
(5.09947 -0.36932 0)
(5.10422 -0.386994 0)
(5.10944 -0.405483 0)
(5.11519 -0.424833 0)
(5.12153 -0.445108 0)
(5.12854 -0.466378 0)
(5.13629 -0.488744 0)
(5.14488 -0.512318 0)
(5.15441 -0.537253 0)
(5.16498 -0.563728 0)
(5.1767 -0.59198 0)
(5.18969 -0.622287 0)
(5.20406 -0.655018 0)
(5.21995 -0.690616 0)
(5.23749 -0.729665 0)
(5.25687 -0.772893 0)
(5.27828 -0.821254 0)
(5.30207 -0.875958 0)
(5.32882 -0.938586 0)
(5.35943 -1.01108 0)
(5.39569 -1.09604 0)
(5.44004 -1.19573 0)
(5.49697 -1.31389 0)
(5.57218 -1.44845 0)
(5.66661 -1.59959 0)
(5.80259 -1.75913 0)
(5.94919 -1.88831 0)
(6.07489 -1.96534 0)
(6.15455 -1.98811 0)
(6.17665 -1.95946 0)
(6.1419 -1.88546 0)
(6.05518 -1.77724 0)
(5.92386 -1.647 0)
(5.75739 -1.50595 0)
(5.56597 -1.36247 0)
(5.35851 -1.22284 0)
(5.14266 -1.09081 0)
(4.92423 -0.968821 0)
(4.70806 -0.857698 0)
(4.49737 -0.757765 0)
(4.2948 -0.668468 0)
(4.10163 -0.589281 0)
(3.91899 -0.519193 0)
(3.74696 -0.457478 0)
(3.58587 -0.403092 0)
(3.43513 -0.355371 0)
(3.29473 -0.313389 0)
(3.16378 -0.27662 0)
(3.04218 -0.244285 0)
(2.9289 -0.215994 0)
(2.82391 -0.191102 0)
(2.72612 -0.169339 0)
(2.63559 -0.150171 0)
(2.55118 -0.133421 0)
(2.47311 -0.118645 0)
(2.4002 -0.105739 0)
(2.3328 -0.0943311 0)
(2.26967 -0.0843748 0)
(2.21134 -0.0755541 0)
(2.15651 -0.0678678 0)
(2.10576 -0.0610578 0)
(2.0579 -0.0551076 0)
(2.01315 -0.0499116 0)
(1.97044 -0.0454548 0)
(1.93019 -0.0419876 0)
(1.89124 -0.0396559 0)
(1.85725 -0.038341 0)
(1.82931 -0.037409 0)
(1.80632 -0.036702 0)
(1.78781 -0.0359355 0)
(1.7732 -0.0348791 0)
(1.76157 -0.033187 0)
(1.7519 -0.0307803 0)
(1.74339 -0.0274371 0)
(1.7356 -0.0228694 0)
(1.72768 -0.0164171 0)
(1.71861 -0.00726068 0)
(1.70635 0.00464341 0)
(1.68869 0.0177165 0)
(1.66328 0.0292544 0)
(1.63018 0.0352409 0)
(1.59257 0.0328015 0)
(1.53889 0.0246504 0)
(1.47251 0.0168351 0)
(1.42208 0.012971 0)
(1.3979 0.00451678 0)
(1.39879 -0.0213154 0)
(1.42936 -0.0648575 0)
(1.48389 -0.112039 0)
(1.55181 -0.150635 0)
(1.62322 -0.174782 0)
(1.69159 -0.183621 0)
(1.75293 -0.179542 0)
(1.80564 -0.166137 0)
(1.84887 -0.147178 0)
(1.88359 -0.126804 0)
(1.91085 -0.107758 0)
(1.9315 -0.0896135 0)
(1.94589 -0.0702524 0)
(1.95456 -0.0496751 0)
(1.95801 -0.0292606 0)
(1.95801 -0.0087375 0)
(1.95645 0.0137505 0)
(1.95355 0.0407622 0)
(1.94876 0.0751049 0)
(1.94092 0.118585 0)
(1.92762 0.173555 0)
(1.90195 0.24719 0)
(1.85673 0.347245 0)
(1.7818 0.455715 0)
(1.67631 0.52172 0)
(1.53774 0.531049 0)
(1.29921 0.590669 0)
(0.931046 0.848491 0)
(0.195614 1.1939 0)
(0.402455 0.870651 0)
(0.698831 -0.108854 0)
(1.00452 -0.961629 0)
(1.34527 -1.48211 0)
(1.65504 -1.72289 0)
(1.90905 -1.77553 0)
(2.10046 -1.71427 0)
(2.24001 -1.59064 0)
(2.33918 -1.43841 0)
(2.41339 -1.27662 0)
(2.47049 -1.11427 0)
(2.51885 -0.958763 0)
(2.55856 -0.811973 0)
(2.59236 -0.678344 0)
(2.6196 -0.55592 0)
(2.64278 -0.446277 0)
(2.66275 -0.345552 0)
(2.68053 -0.254922 0)
(2.69932 -0.170024 0)
(2.71472 -0.0898762 0)
(2.73017 -0.00881671 0)
(2.74448 0.0721299 0)
(2.76086 0.155997 0)
(2.77701 0.241354 0)
(2.79592 0.330753 0)
(2.81835 0.424556 0)
(2.83841 0.521011 0)
(2.87104 0.622687 0)
(2.89259 0.715287 0)
(2.95702 0.864238 0)
(5.00005 -0.00273309 0)
(5.00034 -0.00813601 0)
(5.00098 -0.0132857 0)
(5.00192 -0.0180317 0)
(5.0031 -0.0223725 0)
(5.00447 -0.0263894 0)
(5.00602 -0.0301581 0)
(5.00772 -0.0337264 0)
(5.00955 -0.0371315 0)
(5.01145 -0.0404097 0)
(5.01341 -0.0435955 0)
(5.01539 -0.0467187 0)
(5.01738 -0.0498047 0)
(5.01936 -0.0528749 0)
(5.02132 -0.0559485 0)
(5.02325 -0.0590418 0)
(5.02514 -0.0621698 0)
(5.02698 -0.0653456 0)
(5.02876 -0.0685815 0)
(5.03047 -0.0718892 0)
(5.03212 -0.0752806 0)
(5.0337 -0.078767 0)
(5.0352 -0.0823611 0)
(5.03663 -0.0860751 0)
(5.03798 -0.0899229 0)
(5.03925 -0.093918 0)
(5.04044 -0.0980754 0)
(5.04156 -0.10241 0)
(5.0426 -0.106939 0)
(5.04357 -0.111677 0)
(5.04448 -0.116644 0)
(5.04532 -0.121856 0)
(5.04612 -0.127334 0)
(5.04686 -0.133096 0)
(5.04756 -0.139163 0)
(5.04824 -0.145557 0)
(5.04891 -0.152298 0)
(5.04959 -0.159408 0)
(5.05029 -0.166912 0)
(5.05103 -0.17483 0)
(5.05185 -0.183188 0)
(5.05277 -0.192008 0)
(5.05382 -0.201314 0)
(5.05505 -0.211131 0)
(5.05649 -0.221484 0)
(5.0582 -0.232396 0)
(5.06022 -0.243894 0)
(5.06262 -0.256003 0)
(5.06547 -0.26875 0)
(5.06882 -0.282164 0)
(5.07277 -0.296274 0)
(5.07738 -0.311113 0)
(5.08276 -0.326715 0)
(5.08898 -0.343119 0)
(5.09615 -0.360367 0)
(5.10434 -0.37851 0)
(5.11366 -0.397598 0)
(5.12417 -0.417698 0)
(5.13596 -0.438873 0)
(5.14906 -0.461211 0)
(5.16351 -0.484792 0)
(5.17932 -0.509727 0)
(5.19643 -0.536118 0)
(5.21475 -0.564107 0)
(5.23412 -0.593823 0)
(5.25432 -0.625446 0)
(5.27501 -0.659147 0)
(5.29574 -0.695163 0)
(5.3159 -0.733739 0)
(5.3347 -0.775229 0)
(5.35113 -0.820055 0)
(5.3639 -0.868891 0)
(5.37141 -0.922692 0)
(5.37176 -0.983096 0)
(5.36247 -1.05255 0)
(5.34242 -1.13553 0)
(5.30755 -1.23734 0)
(5.26988 -1.37203 0)
(5.21158 -1.53988 0)
(5.2209 -1.80135 0)
(5.19001 -2.07978 0)
(5.09674 -2.17552 0)
(4.89059 -2.10015 0)
(4.57827 -1.92796 0)
(4.22081 -1.70723 0)
(3.85785 -1.47035 0)
(3.50308 -1.24014 0)
(3.16393 -1.02943 0)
(2.84618 -0.844415 0)
(2.55369 -0.687027 0)
(2.28778 -0.556793 0)
(2.04846 -0.451211 0)
(1.83437 -0.367234 0)
(1.64414 -0.300944 0)
(1.47555 -0.249171 0)
(1.32689 -0.208302 0)
(1.19565 -0.176169 0)
(1.08022 -0.14999 0)
(0.978168 -0.128829 0)
(0.888307 -0.110655 0)
(0.808431 -0.0955793 0)
(0.737883 -0.0819871 0)
(0.6747 -0.0707183 0)
(0.618722 -0.0602036 0)
(0.568141 -0.0517516 0)
(0.523215 -0.0435989 0)
(0.48219 -0.0374134 0)
(0.445683 -0.0311359 0)
(0.411937 -0.026778 0)
(0.381877 -0.0219498 0)
(0.353697 -0.019028 0)
(0.328593 -0.015271 0)
(0.304667 -0.0134653 0)
(0.283417 -0.0104939 0)
(0.262711 -0.00958519 0)
(0.244802 -0.00729448 0)
(0.22663 -0.0070825 0)
(0.210666 -0.0060492 0)
(0.195097 -0.00629782 0)
(0.188673 -0.00603672 0)
(0.185801 -0.0212537 0)
(0.207339 -0.0399166 0)
(0.243546 -0.0583047 0)
(0.282936 -0.0729835 0)
(0.322278 -0.0834255 0)
(0.360297 -0.0886765 0)
(0.394348 -0.0898834 0)
(0.422537 -0.0871743 0)
(0.44356 -0.0819492 0)
(0.456262 -0.0744492 0)
(0.462333 -0.0657335 0)
(0.465326 -0.0531529 0)
(0.456788 -0.0299072 0)
(0.427763 0.0103541 0)
(0.372009 0.0639933 0)
(0.290927 0.134162 0)
(0.183197 0.231468 0)
(0.0600011 0.329436 0)
(-0.108591 0.273615 0)
(-0.155198 0.0922886 0)
(-0.101695 -0.128927 0)
(0.0690262 -0.316454 0)
(0.231596 -0.440928 0)
(0.382092 -0.505457 0)
(0.520531 -0.523899 0)
(0.630788 -0.508342 0)
(0.717833 -0.470384 0)
(0.792747 -0.41783 0)
(0.855884 -0.359753 0)
(0.911807 -0.301844 0)
(0.963468 -0.24749 0)
(1.0061 -0.195324 0)
(1.03552 -0.144224 0)
(1.05638 -0.0937886 0)
(1.07284 -0.0445607 0)
(1.07682 0.00331798 0)
(1.06431 0.0513987 0)
(1.04252 0.0993691 0)
(1.01378 0.14961 0)
(0.980937 0.203964 0)
(0.944797 0.267751 0)
(0.903677 0.34631 0)
(0.85093 0.448113 0)
(0.779753 0.56201 0)
(0.672287 0.679408 0)
(0.51365 0.804315 0)
(0.280315 0.992517 0)
(0.0346308 1.25068 0)
(0.19774 1.21405 0)
(-0.539673 0.523097 0)
(-0.249491 -0.3492 0)
(-0.285189 -1.21149 0)
(-0.319321 -1.88888 0)
(-0.15241 -2.2669 0)
(0.117901 -2.35741 0)
(0.362581 -2.25519 0)
(0.587743 -2.05804 0)
(0.756699 -1.82202 0)
(0.86964 -1.59729 0)
(0.936328 -1.38867 0)
(0.996007 -1.20044 0)
(1.04006 -1.02104 0)
(1.07194 -0.861365 0)
(1.09578 -0.714261 0)
(1.10921 -0.586179 0)
(1.12154 -0.467821 0)
(1.12449 -0.363526 0)
(1.12728 -0.265699 0)
(1.12695 -0.178819 0)
(1.13307 -0.0909799 0)
(1.13119 -0.00279202 0)
(1.12793 0.0877449 0)
(1.11614 0.175451 0)
(1.09546 0.26266 0)
(1.0683 0.349035 0)
(1.03009 0.437305 0)
(0.989392 0.519747 0)
(0.977753 0.601949 0)
(0.946594 0.656085 0)
(0.99168 0.77439 0)
(5.0001 -0.00320626 0)
(5.00098 -0.0100831 0)
(5.00286 -0.0171933 0)
(5.00536 -0.0241062 0)
(5.00798 -0.0306178 0)
(5.0105 -0.0366856 0)
(5.01291 -0.0423046 0)
(5.01524 -0.0474808 0)
(5.01751 -0.0522418 0)
(5.01967 -0.0566269 0)
(5.02172 -0.0606802 0)
(5.02367 -0.0644417 0)
(5.02553 -0.0679531 0)
(5.02732 -0.0712521 0)
(5.02903 -0.0743795 0)
(5.03067 -0.0773699 0)
(5.03226 -0.0802602 0)
(5.03381 -0.0830794 0)
(5.03532 -0.0858601 0)
(5.03679 -0.0886265 0)
(5.03825 -0.0914079 0)
(5.03969 -0.0942251 0)
(5.04113 -0.0971055 0)
(5.04257 -0.100068 0)
(5.04402 -0.103141 0)
(5.0455 -0.10634 0)
(5.04701 -0.109694 0)
(5.04857 -0.113221 0)
(5.0502 -0.116949 0)
(5.0519 -0.120897 0)
(5.0537 -0.125094 0)
(5.05561 -0.12956 0)
(5.05766 -0.134327 0)
(5.05987 -0.139417 0)
(5.06227 -0.144865 0)
(5.06489 -0.150694 0)
(5.06776 -0.156942 0)
(5.07093 -0.163635 0)
(5.07442 -0.170815 0)
(5.07829 -0.178509 0)
(5.08258 -0.186764 0)
(5.08735 -0.195608 0)
(5.09264 -0.205092 0)
(5.09852 -0.215246 0)
(5.10504 -0.226123 0)
(5.11225 -0.237755 0)
(5.12022 -0.250195 0)
(5.12899 -0.263475 0)
(5.13861 -0.277647 0)
(5.14912 -0.292742 0)
(5.16054 -0.308806 0)
(5.17289 -0.325866 0)
(5.18615 -0.34396 0)
(5.20028 -0.363105 0)
(5.21522 -0.383328 0)
(5.23086 -0.404634 0)
(5.24704 -0.427031 0)
(5.26358 -0.450508 0)
(5.28021 -0.475051 0)
(5.29663 -0.500632 0)
(5.31245 -0.527211 0)
(5.32721 -0.554736 0)
(5.34037 -0.583142 0)
(5.35131 -0.612354 0)
(5.35933 -0.642276 0)
(5.3636 -0.672805 0)
(5.36321 -0.703804 0)
(5.3571 -0.735128 0)
(5.34406 -0.766567 0)
(5.32266 -0.797881 0)
(5.29116 -0.828664 0)
(5.24732 -0.85837 0)
(5.18809 -0.886133 0)
(5.10941 -0.911244 0)
(5.0047 -0.933405 0)
(4.86744 -0.953917 0)
(4.67783 -0.975149 0)
(4.44374 -1.00794 0)
(4.04787 -1.04731 0)
(3.82374 -1.2272 0)
(2.69469 -1.0183 0)
(2.13755 -0.762554 0)
(1.6476 -0.574746 0)
(1.16497 -0.47714 0)
(0.82357 -0.4295 0)
(0.588166 -0.399514 0)
(0.417469 -0.370852 0)
(0.298846 -0.337896 0)
(0.217848 -0.301893 0)
(0.162897 -0.266018 0)
(0.125978 -0.232035 0)
(0.101018 -0.201056 0)
(0.0838054 -0.173269 0)
(0.0713478 -0.1489 0)
(0.0617429 -0.127637 0)
(0.0537261 -0.109386 0)
(0.0466348 -0.0936538 0)
(0.0400789 -0.0802583 0)
(0.0339584 -0.0687145 0)
(0.0282301 -0.0588814 0)
(0.0229603 -0.0503659 0)
(0.0181686 -0.0431052 0)
(0.0139041 -0.0367961 0)
(0.0101505 -0.0314288 0)
(0.00690476 -0.0267588 0)
(0.00411774 -0.0228043 0)
(0.00175476 -0.0193628 0)
(-0.000243284 -0.0164692 0)
(-0.00192087 -0.0139534 0)
(-0.00333045 -0.0118562 0)
(-0.00451166 -0.0100332 0)
(-0.00550359 -0.00852965 0)
(-0.00633826 -0.00722418 0)
(-0.00704232 -0.00617243 0)
(-0.00766236 -0.00527805 0)
(-0.00820551 -0.0045981 0)
(-0.00890955 -0.00404518 0)
(-0.00945119 -0.00376125 0)
(-0.0123582 -0.00353035 0)
(-0.00895674 -0.00930528 0)
(-0.0192576 -0.093646 0)
(-0.0113522 -0.147029 0)
(0.00093565 -0.1757 0)
(0.0166942 -0.192091 0)
(0.0364419 -0.196806 0)
(0.0555389 -0.192199 0)
(0.0747324 -0.179538 0)
(0.0869438 -0.162213 0)
(0.0943221 -0.143105 0)
(0.0850095 -0.126594 0)
(0.0869347 -0.109497 0)
(0.065848 -0.0459644 0)
(-0.00507317 0.0650701 0)
(-0.0756994 0.180651 0)
(-0.135203 0.287408 0)
(-0.174314 0.376616 0)
(-0.183798 0.418425 0)
(-0.169813 0.361137 0)
(-0.20055 0.164108 0)
(-0.154053 -0.102331 0)
(-0.170759 -0.346181 0)
(-0.204866 -0.532492 0)
(-0.228666 -0.643687 0)
(-0.222029 -0.700879 0)
(-0.183034 -0.713445 0)
(-0.111951 -0.694906 0)
(-0.017303 -0.651771 0)
(0.0678681 -0.581279 0)
(0.152643 -0.505464 0)
(0.217789 -0.421042 0)
(0.28901 -0.326798 0)
(0.341285 -0.222283 0)
(0.371315 -0.138338 0)
(0.382688 -0.0685503 0)
(0.405798 0.020745 0)
(0.406458 0.105097 0)
(0.398855 0.161463 0)
(0.39021 0.193171 0)
(0.374927 0.209197 0)
(0.349535 0.220886 0)
(0.315722 0.251141 0)
(0.284116 0.31566 0)
(0.24443 0.439328 0)
(0.188666 0.619127 0)
(0.11675 0.873021 0)
(0.0351987 1.17596 0)
(-0.00984556 1.44873 0)
(0.0550908 1.56642 0)
(0.0868657 1.42525 0)
(-0.603932 1.28317 0)
(0.09555 0.412576 0)
(0.0880582 -0.838785 0)
(-0.279428 -1.75413 0)
(-0.595356 -2.24275 0)
(-0.808329 -2.45786 0)
(-0.875985 -2.4833 0)
(-0.812839 -2.39012 0)
(-0.686621 -2.21263 0)
(-0.427332 -1.99962 0)
(-0.204383 -1.74521 0)
(-0.0121963 -1.48579 0)
(0.0468465 -1.2324 0)
(0.194531 -1.03632 0)
(0.171479 -0.845856 0)
(0.280801 -0.708324 0)
(0.212378 -0.560986 0)
(0.31772 -0.45881 0)
(0.203903 -0.34132 0)
(0.345958 -0.273975 0)
(0.199908 -0.171599 0)
(0.297806 -0.0771054 0)
(0.157055 0.0363152 0)
(0.247203 0.147486 0)
(0.115845 0.263321 0)
(0.145523 0.39731 0)
(-0.0272918 0.542078 0)
(-0.0445255 0.736906 0)
(-0.31341 0.890141 0)
(-0.473853 0.991293 0)
(-0.996393 1.12471 0)
(4.99956 -0.00358765 0)
(4.99846 -0.00943178 0)
(4.9991 -0.0137424 0)
(5.00144 -0.0173181 0)
(5.0047 -0.0207513 0)
(5.00846 -0.0241703 0)
(5.01265 -0.027539 0)
(5.01721 -0.0308701 0)
(5.02206 -0.0342045 0)
(5.02713 -0.0375794 0)
(5.03241 -0.0409976 0)
(5.03789 -0.0444621 0)
(5.04355 -0.0479617 0)
(5.0494 -0.0515024 0)
(5.05543 -0.0550766 0)
(5.06163 -0.0586968 0)
(5.068 -0.0623579 0)
(5.07454 -0.0660775 0)
(5.08126 -0.0698524 0)
(5.08815 -0.0737051 0)
(5.09521 -0.0776335 0)
(5.10243 -0.0816655 0)
(5.10982 -0.0857998 0)
(5.11736 -0.0900698 0)
(5.12505 -0.094475 0)
(5.13289 -0.0990543 0)
(5.14086 -0.103808 0)
(5.14897 -0.10878 0)
(5.1572 -0.113971 0)
(5.16554 -0.119432 0)
(5.17398 -0.125163 0)
(5.18252 -0.13122 0)
(5.19115 -0.137603 0)
(5.19984 -0.144375 0)
(5.20858 -0.151536 0)
(5.21735 -0.159152 0)
(5.22613 -0.167222 0)
(5.2349 -0.175817 0)
(5.24361 -0.184934 0)
(5.25224 -0.194648 0)
(5.26073 -0.204948 0)
(5.26904 -0.215914 0)
(5.27709 -0.227525 0)
(5.2848 -0.239859 0)
(5.29208 -0.252886 0)
(5.29883 -0.266678 0)
(5.30491 -0.281187 0)
(5.31017 -0.296478 0)
(5.31444 -0.31248 0)
(5.31751 -0.329243 0)
(5.31915 -0.346669 0)
(5.31911 -0.364789 0)
(5.31707 -0.383471 0)
(5.31272 -0.402723 0)
(5.30568 -0.422376 0)
(5.29555 -0.442412 0)
(5.28188 -0.462624 0)
(5.2642 -0.482968 0)
(5.24199 -0.503202 0)
(5.21469 -0.523259 0)
(5.18174 -0.542866 0)
(5.14251 -0.561939 0)
(5.09639 -0.58018 0)
(5.04271 -0.597494 0)
(4.98082 -0.613561 0)
(4.91004 -0.628268 0)
(4.82971 -0.641268 0)
(4.73917 -0.652404 0)
(4.63781 -0.661255 0)
(4.52511 -0.667572 0)
(4.40078 -0.670808 0)
(4.26479 -0.670019 0)
(4.11677 -0.662893 0)
(3.95544 -0.646041 0)
(3.77707 -0.61509 0)
(3.57813 -0.56487 0)
(3.34505 -0.489868 0)
(3.08695 -0.375842 0)
(2.71696 -0.221035 0)
(2.50161 0.0387252 0)
(1.60456 0.196423 0)
(1.4187 0.102877 0)
(1.25291 -0.113827 0)
(1.05006 -0.294464 0)
(0.89628 -0.402189 0)
(0.763948 -0.44915 0)
(0.642073 -0.452574 0)
(0.535497 -0.429402 0)
(0.444496 -0.392168 0)
(0.367969 -0.34909 0)
(0.304503 -0.305323 0)
(0.252279 -0.263942 0)
(0.209444 -0.226486 0)
(0.174298 -0.193594 0)
(0.145351 -0.16522 0)
(0.121367 -0.141068 0)
(0.101343 -0.120587 0)
(0.084498 -0.103285 0)
(0.0702248 -0.0885932 0)
(0.0580669 -0.0761145 0)
(0.0476701 -0.0654126 0)
(0.0387645 -0.0562455 0)
(0.0311305 -0.0483092 0)
(0.0245929 -0.0414787 0)
(0.0189998 -0.0355357 0)
(0.0142253 -0.0304244 0)
(0.0101557 -0.025974 0)
(0.00669463 -0.0221665 0)
(0.00375561 -0.0188575 0)
(0.00126136 -0.0160497 0)
(-0.000852733 -0.0136167 0)
(-0.00265042 -0.0115745 0)
(-0.00418009 -0.00981293 0)
(-0.00549694 -0.00835795 0)
(-0.00664856 -0.0071131 0)
(-0.00765054 -0.00610815 0)
(-0.00873469 -0.00524665 0)
(-0.00941865 -0.00454715 0)
(-0.0117412 -0.00387699 0)
(-0.0075449 -0.00644112 0)
(-0.0284358 -0.062661 0)
(-0.0664126 -0.116081 0)
(-0.102675 -0.149443 0)
(-0.135206 -0.169443 0)
(-0.162872 -0.173532 0)
(-0.18656 -0.161223 0)
(-0.207442 -0.132531 0)
(-0.228204 -0.0902586 0)
(-0.25027 -0.0371848 0)
(-0.275103 0.0233521 0)
(-0.302856 0.0910498 0)
(-0.330189 0.166984 0)
(-0.343942 0.244663 0)
(-0.33776 0.310377 0)
(-0.3102 0.355698 0)
(-0.260301 0.374747 0)
(-0.191309 0.357278 0)
(-0.119414 0.292002 0)
(-0.0715293 0.162059 0)
(-0.0582776 -0.0134199 0)
(-0.119013 -0.221057 0)
(-0.23431 -0.40303 0)
(-0.366833 -0.529125 0)
(-0.497807 -0.610636 0)
(-0.616231 -0.658345 0)
(-0.712726 -0.679551 0)
(-0.769387 -0.680847 0)
(-0.781373 -0.667257 0)
(-0.750504 -0.640827 0)
(-0.69739 -0.598693 0)
(-0.630258 -0.542086 0)
(-0.566388 -0.460298 0)
(-0.500755 -0.362779 0)
(-0.45819 -0.260929 0)
(-0.416702 -0.140215 0)
(-0.421312 -0.0443411 0)
(-0.422748 0.0379189 0)
(-0.426466 0.106998 0)
(-0.430881 0.174954 0)
(-0.434321 0.244261 0)
(-0.435994 0.326418 0)
(-0.429818 0.443852 0)
(-0.41467 0.607238 0)
(-0.384237 0.808732 0)
(-0.324533 1.03044 0)
(-0.249707 1.24004 0)
(-0.0804063 1.43869 0)
(0.138083 1.61789 0)
(0.218084 1.61223 0)
(0.340121 1.27315 0)
(0.353288 0.783754 0)
(0.449615 0.0600783 0)
(0.212174 -0.961796 0)
(-0.29148 -1.66034 0)
(-0.94643 -1.99075 0)
(-1.43705 -2.10604 0)
(-1.81059 -2.10133 0)
(-2.08507 -2.00592 0)
(-2.2438 -1.83199 0)
(-2.3201 -1.61145 0)
(-2.33603 -1.36889 0)
(-2.30351 -1.12886 0)
(-2.25801 -0.901012 0)
(-2.21131 -0.696304 0)
(-2.1776 -0.515662 0)
(-2.15329 -0.362283 0)
(-2.14091 -0.230339 0)
(-2.13469 -0.118809 0)
(-2.13233 -0.0183607 0)
(-2.13713 0.0754159 0)
(-2.14403 0.171483 0)
(-2.15562 0.274187 0)
(-2.17007 0.390289 0)
(-2.195 0.523313 0)
(-2.22229 0.678901 0)
(-2.25531 0.855962 0)
(-2.26599 1.05113 0)
(-2.23401 1.23893 0)
(-2.13277 1.39623 0)
(-2.20234 1.53272 0)
(5.00478 -0.0132381 0)
(5.0214 -0.0341395 0)
(5.04053 -0.0486097 0)
(5.05942 -0.0591601 0)
(5.07829 -0.0676719 0)
(5.09761 -0.0747168 0)
(5.11718 -0.080494 0)
(5.13653 -0.0852531 0)
(5.15536 -0.0893008 0)
(5.17352 -0.0928418 0)
(5.19092 -0.096037 0)
(5.20749 -0.0989665 0)
(5.22314 -0.101726 0)
(5.23781 -0.104354 0)
(5.25145 -0.106921 0)
(5.26402 -0.109437 0)
(5.27547 -0.111959 0)
(5.2858 -0.114482 0)
(5.29497 -0.117056 0)
(5.30296 -0.119665 0)
(5.30976 -0.12236 0)
(5.31534 -0.125118 0)
(5.31969 -0.12799 0)
(5.32277 -0.130952 0)
(5.32457 -0.134056 0)
(5.32506 -0.137273 0)
(5.3242 -0.140663 0)
(5.32197 -0.144193 0)
(5.31831 -0.147926 0)
(5.3132 -0.151827 0)
(5.30656 -0.155965 0)
(5.29835 -0.160301 0)
(5.28851 -0.164908 0)
(5.27696 -0.169744 0)
(5.26361 -0.174886 0)
(5.24838 -0.180286 0)
(5.23118 -0.186024 0)
(5.21188 -0.192049 0)
(5.19038 -0.198437 0)
(5.16653 -0.205131 0)
(5.14019 -0.212208 0)
(5.11122 -0.219597 0)
(5.07943 -0.227373 0)
(5.04467 -0.235452 0)
(5.00671 -0.243899 0)
(4.96538 -0.252614 0)
(4.92043 -0.261652 0)
(4.87168 -0.270891 0)
(4.81885 -0.28037 0)
(4.76175 -0.289945 0)
(4.70008 -0.299633 0)
(4.63364 -0.309267 0)
(4.56214 -0.318839 0)
(4.48539 -0.328157 0)
(4.4031 -0.337189 0)
(4.31511 -0.345721 0)
(4.22114 -0.353695 0)
(4.12109 -0.360883 0)
(4.01471 -0.367204 0)
(3.90198 -0.372427 0)
(3.78269 -0.376452 0)
(3.65691 -0.379056 0)
(3.52451 -0.380126 0)
(3.38567 -0.379461 0)
(3.24033 -0.376934 0)
(3.08881 -0.372376 0)
(2.93116 -0.365645 0)
(2.76783 -0.356593 0)
(2.59891 -0.34507 0)
(2.42518 -0.331049 0)
(2.24691 -0.314739 0)
(2.06653 -0.296304 0)
(1.88919 -0.275197 0)
(1.72046 -0.248756 0)
(1.56138 -0.211157 0)
(1.41429 -0.153988 0)
(1.26786 -0.0646922 0)
(1.14165 0.0838023 0)
(0.979846 0.295263 0)
(1.06847 0.759916 0)
(0.674917 0.539 0)
(0.834523 0.288234 0)
(0.865604 0.091135 0)
(0.819896 -0.0229627 0)
(0.760902 -0.0896935 0)
(0.686912 -0.129726 0)
(0.606941 -0.150251 0)
(0.52938 -0.156935 0)
(0.457396 -0.154461 0)
(0.392512 -0.146158 0)
(0.335263 -0.134596 0)
(0.285451 -0.121504 0)
(0.2425 -0.108136 0)
(0.205669 -0.0952076 0)
(0.174173 -0.0832146 0)
(0.14726 -0.0723269 0)
(0.124249 -0.062657 0)
(0.104552 -0.0541305 0)
(0.087666 -0.0467075 0)
(0.0731743 -0.0402384 0)
(0.0607274 -0.0346501 0)
(0.0500357 -0.0297943 0)
(0.0408543 -0.0256109 0)
(0.0329768 -0.0219753 0)
(0.0262248 -0.0188491 0)
(0.0204462 -0.0161313 0)
(0.015507 -0.0138018 0)
(0.0112916 -0.0117767 0)
(0.00769902 -0.0100497 0)
(0.00463945 -0.00854805 0)
(0.00203811 -0.00727493 0)
(-0.000178009 -0.00616418 0)
(-0.00206477 -0.00522541 0)
(-0.00367893 -0.00439431 0)
(-0.00507367 -0.00368062 0)
(-0.00626051 -0.00301484 0)
(-0.0074587 -0.00239587 0)
(-0.00823826 -0.00172928 0)
(-0.0103969 -0.00104039 0)
(-0.00676456 -0.00133851 0)
(-0.0266456 -0.0017067 0)
(-0.0637485 -0.0393112 0)
(-0.108755 -0.0706113 0)
(-0.157033 -0.0956572 0)
(-0.20488 -0.110598 0)
(-0.249052 -0.112271 0)
(-0.286568 -0.0998919 0)
(-0.316649 -0.0744055 0)
(-0.339304 -0.0389375 0)
(-0.354722 0.00311927 0)
(-0.361442 0.0490941 0)
(-0.354473 0.0945414 0)
(-0.331234 0.134147 0)
(-0.290668 0.162948 0)
(-0.234014 0.17651 0)
(-0.165931 0.177311 0)
(-0.0920998 0.16379 0)
(-0.0219206 0.149824 0)
(0.0373863 0.142598 0)
(0.0290712 0.152365 0)
(0.0656469 0.0858122 0)
(0.0236519 -0.0664407 0)
(-0.102027 -0.191019 0)
(-0.262247 -0.280682 0)
(-0.445478 -0.351957 0)
(-0.650843 -0.407858 0)
(-0.851906 -0.448573 0)
(-1.03065 -0.473398 0)
(-1.17912 -0.484548 0)
(-1.29516 -0.479757 0)
(-1.37412 -0.458305 0)
(-1.41627 -0.420703 0)
(-1.42585 -0.370738 0)
(-1.41236 -0.309999 0)
(-1.38157 -0.241554 0)
(-1.3445 -0.171619 0)
(-1.31055 -0.10377 0)
(-1.27083 -0.0342573 0)
(-1.2288 0.0381738 0)
(-1.18147 0.119223 0)
(-1.12491 0.210964 0)
(-1.0513 0.317974 0)
(-0.953633 0.436917 0)
(-0.830514 0.562773 0)
(-0.671279 0.695979 0)
(-0.508956 0.820318 0)
(-0.239976 1.00911 0)
(0.0703728 1.12692 0)
(0.397379 0.979467 0)
(0.600081 0.642162 0)
(0.751326 0.291211 0)
(0.748817 0.210117 0)
(0.597072 0.235798 0)
(0.550843 -0.17257 0)
(0.0698046 -0.805828 0)
(-0.516952 -1.23828 0)
(-1.17552 -1.46604 0)
(-1.84633 -1.55015 0)
(-2.34452 -1.54156 0)
(-2.74114 -1.45877 0)
(-3.04513 -1.32656 0)
(-3.26908 -1.16615 0)
(-3.42488 -0.996449 0)
(-3.52817 -0.825587 0)
(-3.5926 -0.663294 0)
(-3.63071 -0.509777 0)
(-3.65274 -0.369214 0)
(-3.66569 -0.2373 0)
(-3.67421 -0.115316 0)
(-3.67992 0.00392379 0)
(-3.67909 0.119733 0)
(-3.66339 0.239313 0)
(-3.63198 0.364854 0)
(-3.58077 0.504157 0)
(-3.50835 0.655762 0)
(-3.40975 0.82191 0)
(-3.28831 0.993271 0)
(-3.12429 1.17028 0)
(-2.88957 1.37193 0)
(-2.73654 1.61545 0)
(4.98714 -0.0113702 0)
(4.97043 -0.0303582 0)
(4.94901 -0.0448614 0)
(4.91791 -0.0562971 0)
(4.8806 -0.0657828 0)
(4.8404 -0.0736591 0)
(4.79817 -0.0800753 0)
(4.75385 -0.0852136 0)
(4.7076 -0.0893237 0)
(4.65978 -0.0925746 0)
(4.61074 -0.0951355 0)
(4.56068 -0.0970943 0)
(4.50975 -0.0985791 0)
(4.45804 -0.0996402 0)
(4.40563 -0.100385 0)
(4.35257 -0.100834 0)
(4.29892 -0.101081 0)
(4.2447 -0.101124 0)
(4.18993 -0.10105 0)
(4.13462 -0.100836 0)
(4.07878 -0.10057 0)
(4.02238 -0.100213 0)
(3.96541 -0.099854 0)
(3.90784 -0.0994392 0)
(3.84964 -0.0990626 0)
(3.79077 -0.0986573 0)
(3.73117 -0.0983239 0)
(3.67081 -0.0979812 0)
(3.60962 -0.0977388 0)
(3.54755 -0.0975008 0)
(3.48451 -0.0973867 0)
(3.42046 -0.0972849 0)
(3.35529 -0.0973261 0)
(3.28895 -0.0973816 0)
(3.22131 -0.0975939 0)
(3.15233 -0.0978151 0)
(3.08187 -0.0982008 0)
(3.00987 -0.0985812 0)
(2.9362 -0.0991256 0)
(2.8608 -0.0996392 0)
(2.78352 -0.100306 0)
(2.70433 -0.100903 0)
(2.62309 -0.10163 0)
(2.53976 -0.102231 0)
(2.45421 -0.102923 0)
(2.36645 -0.103414 0)
(2.27637 -0.103941 0)
(2.184 -0.104169 0)
(2.08926 -0.104359 0)
(1.99225 -0.104133 0)
(1.89293 -0.103779 0)
(1.79149 -0.102869 0)
(1.6879 -0.101727 0)
(1.58248 -0.0998761 0)
(1.47524 -0.0976837 0)
(1.36663 -0.0946229 0)
(1.25671 -0.0911153 0)
(1.14607 -0.0865854 0)
(1.03482 -0.081521 0)
(0.923707 -0.0753006 0)
(0.812861 -0.0684913 0)
(0.70321 -0.0604277 0)
(0.594875 -0.0517648 0)
(0.48897 -0.0417988 0)
(0.385556 -0.0312763 0)
(0.285918 -0.0194605 0)
(0.190005 -0.00719111 0)
(0.0991661 0.00631584 0)
(0.0143071 0.0198036 0)
(-0.0601211 0.0322722 0)
(-0.129265 0.0361883 0)
(-0.195487 0.0316293 0)
(-0.26012 0.031407 0)
(-0.322156 0.0567034 0)
(-0.378323 0.120537 0)
(-0.416041 0.221146 0)
(-0.408031 0.345727 0)
(-0.336022 0.500934 0)
(-0.153006 0.712669 0)
(0.237078 1.01913 0)
(0.375346 0.319199 0)
(0.643583 0.091521 0)
(0.688187 0.0154234 0)
(0.683168 -0.0190994 0)
(0.659697 -0.0412272 0)
(0.61668 -0.055381 0)
(0.563093 -0.0623727 0)
(0.505666 -0.0639479 0)
(0.448151 -0.0620265 0)
(0.393147 -0.0579529 0)
(0.342158 -0.0528246 0)
(0.295935 -0.0472633 0)
(0.254677 -0.0417805 0)
(0.218287 -0.036573 0)
(0.18644 -0.031844 0)
(0.158738 -0.0275857 0)
(0.134722 -0.0238611 0)
(0.113964 -0.0205821 0)
(0.09604 -0.0177623 0)
(0.0805867 -0.0152956 0)
(0.0672657 -0.0131884 0)
(0.0557977 -0.0113417 0)
(0.0459259 -0.0097688 0)
(0.0374412 -0.00838386 0)
(0.0301509 -0.00720874 0)
(0.0238983 -0.0061687 0)
(0.018539 -0.00529219 0)
(0.0139533 -0.00451213 0)
(0.0100348 -0.00386168 0)
(0.00668942 -0.00327797 0)
(0.00384094 -0.00279794 0)
(0.00141471 -0.00236035 0)
(-0.000640368 -0.00200416 0)
(-0.00237879 -0.00166626 0)
(-0.00383686 -0.00138531 0)
(-0.00500822 -0.00108955 0)
(-0.00607597 -0.000811117 0)
(-0.00656525 -0.000455105 0)
(-0.00780438 -6.23014e-05 0)
(-0.00496825 0.000748545 0)
(-0.00782476 0.0105134 0)
(-0.00797853 0.00569233 0)
(-0.0205741 -0.00232084 0)
(-0.0441298 -0.013288 0)
(-0.0761967 -0.0255831 0)
(-0.113684 -0.0365289 0)
(-0.150626 -0.0442253 0)
(-0.182346 -0.0470826 0)
(-0.203974 -0.044838 0)
(-0.212731 -0.0370938 0)
(-0.20758 -0.0248824 0)
(-0.188598 -0.00932029 0)
(-0.15795 0.0077871 0)
(-0.117516 0.0260642 0)
(-0.0715035 0.0439385 0)
(-0.0228052 0.0643995 0)
(0.0264738 0.08399 0)
(0.0695953 0.101531 0)
(0.105687 0.110741 0)
(0.134844 0.113726 0)
(0.152669 0.110096 0)
(0.147853 0.096435 0)
(0.107054 0.0590851 0)
(0.0561978 -0.00209575 0)
(0.111751 -0.0756792 0)
(0.0431566 -0.10522 0)
(-0.116025 -0.118739 0)
(-0.294566 -0.132185 0)
(-0.495551 -0.144345 0)
(-0.711761 -0.146426 0)
(-0.927377 -0.140656 0)
(-1.13384 -0.124741 0)
(-1.31258 -0.105741 0)
(-1.45825 -0.0842877 0)
(-1.55905 -0.0654831 0)
(-1.61521 -0.0499799 0)
(-1.63042 -0.0418553 0)
(-1.61379 -0.0352566 0)
(-1.57202 -0.026494 0)
(-1.50609 -0.0109538 0)
(-1.4178 0.0133717 0)
(-1.30474 0.0475773 0)
(-1.16287 0.0924144 0)
(-1.00014 0.146972 0)
(-0.806358 0.224874 0)
(-0.599441 0.30108 0)
(-0.367636 0.402901 0)
(0.0129151 0.439165 0)
(0.359977 0.381548 0)
(0.612783 0.270309 0)
(0.763907 0.137928 0)
(0.848855 -0.00864673 0)
(0.869488 -0.101681 0)
(0.797996 -0.0769666 0)
(0.682409 0.010259 0)
(0.566811 0.0313919 0)
(0.492426 -0.152948 0)
(-0.0549777 -0.450332 0)
(-0.552605 -0.590071 0)
(-1.06352 -0.633143 0)
(-1.57 -0.613611 0)
(-2.05218 -0.555788 0)
(-2.48442 -0.480394 0)
(-2.8632 -0.395341 0)
(-3.17819 -0.311479 0)
(-3.43349 -0.229069 0)
(-3.62674 -0.153039 0)
(-3.76481 -0.0802213 0)
(-3.84717 -0.0128451 0)
(-3.88058 0.0536328 0)
(-3.86569 0.118334 0)
(-3.80931 0.187418 0)
(-3.70582 0.261035 0)
(-3.55455 0.345656 0)
(-3.34845 0.439901 0)
(-3.08957 0.54981 0)
(-2.76512 0.671795 0)
(-2.31066 0.818454 0)
(-1.61634 1.00979 0)
(-1.34529 1.23777 0)
)
;

boundaryField
{
    Inlet
    {
        type            fixedValue;
        value           uniform (5 0 0);
    }
    Outlet
    {
        type            zeroGradient;
    }
    Wall
    {
        type            noSlip;
    }
    symmetry
    {
        type            symmetry;
    }
    Frontback
    {
        type            empty;
    }
}


// ************************************************************************* //
