/*--------------------------------*- C++ -*----------------------------------*\
  =========                 |
  \\      /  F ield         | OpenFOAM: The Open Source CFD Toolbox
   \\    /   O peration     | Website:  https://openfoam.org
    \\  /    A nd           | Version:  10
     \\/     M anipulation  |
\*---------------------------------------------------------------------------*/
FoamFile
{
    format      ascii;
    class       volVectorField;
    location    "10750";
    object      Ub;
}
// * * * * * * * * * * * * * * * * * * * * * * * * * * * * * * * * * * * * * //

dimensions      [0 1 -1 0 0 0 0];

internalField   nonuniform List<vector> 
3200
(
(-5.17341e-21 -9.87891e-16 0)
(-1.54664e-20 -9.87891e-16 0)
(-2.56879e-20 -9.87891e-16 0)
(-3.59088e-20 -9.87891e-16 0)
(-4.61979e-20 -9.87891e-16 0)
(-5.66243e-20 -9.8789e-16 0)
(-6.72593e-20 -9.8789e-16 0)
(-7.81786e-20 -9.8789e-16 0)
(-8.94647e-20 -9.87889e-16 0)
(-1.0121e-19 -9.87889e-16 0)
(-1.13519e-19 -9.87888e-16 0)
(-1.26515e-19 -9.87887e-16 0)
(-1.40344e-19 -9.87886e-16 0)
(-1.55183e-19 -9.87885e-16 0)
(-1.7125e-19 -9.87883e-16 0)
(-1.88817e-19 -9.87881e-16 0)
(-2.08238e-19 -9.87879e-16 0)
(-2.29968e-19 -9.87876e-16 0)
(-2.54619e-19 -9.87873e-16 0)
(-2.83024e-19 -9.87868e-16 0)
(-3.16346e-19 -9.87861e-16 0)
(-3.56249e-19 -9.87853e-16 0)
(-4.05178e-19 -9.87841e-16 0)
(-4.66815e-19 -9.87824e-16 0)
(-5.46852e-19 -9.87798e-16 0)
(-6.54301e-19 -9.87759e-16 0)
(-8.03751e-19 -9.87698e-16 0)
(-1.01929e-18 -9.876e-16 0)
(-6.9802e-16 -9.87438e-16 0)
(-8.8108e-06 -4.41257e-13 0)
(-7.4138e-05 -6.96152e-05 0)
(-0.000133354 -1.29277e-05 0)
(-0.000137305 -6.46641e-06 0)
(-0.000139391 -4.08606e-06 0)
(-0.000140853 -2.83765e-06 0)
(-0.000141983 -2.07294e-06 0)
(-0.000142897 -1.55267e-06 0)
(-0.000143277 -2.21063e-06 0)
(-0.0001202 -6.69989e-05 0)
(-6.47662e-05 -9.46706e-05 0)
(-5.09351e-21 -9.87876e-16 0)
(-1.52255e-20 -9.87876e-16 0)
(-2.52811e-20 -9.87876e-16 0)
(-3.5326e-20 -9.87875e-16 0)
(-4.54236e-20 -9.87875e-16 0)
(-5.56366e-20 -9.87874e-16 0)
(-6.60289e-20 -9.87873e-16 0)
(-7.66672e-20 -9.87872e-16 0)
(-8.76224e-20 -9.8787e-16 0)
(-9.89719e-20 -9.87868e-16 0)
(-1.10801e-19 -9.87866e-16 0)
(-1.23207e-19 -9.87864e-16 0)
(-1.36298e-19 -9.87861e-16 0)
(-1.50201e-19 -9.87857e-16 0)
(-1.65062e-19 -9.87853e-16 0)
(-1.81051e-19 -9.87848e-16 0)
(-1.98362e-19 -9.87842e-16 0)
(-2.17219e-19 -9.87834e-16 0)
(-2.3787e-19 -9.87825e-16 0)
(-2.60572e-19 -9.87813e-16 0)
(-2.85555e-19 -9.87797e-16 0)
(-3.12939e-19 -9.87777e-16 0)
(-3.42563e-19 -9.8775e-16 0)
(-3.73628e-19 -9.87714e-16 0)
(-4.03996e-19 -9.87665e-16 0)
(-4.28817e-19 -9.87596e-16 0)
(-4.37868e-19 -9.875e-16 0)
(-4.10453e-19 -9.87362e-16 0)
(-3.0571e-19 -9.87163e-16 0)
(-4.73551e-20 -9.86867e-16 0)
(1.88213e-19 -9.65021e-16 0)
(1.80581e-19 -9.14536e-16 0)
(6.30831e-20 -8.6844e-16 0)
(-4.26913e-20 -8.25105e-16 0)
(-1.49475e-19 -7.83859e-16 0)
(-2.79414e-19 -7.44343e-16 0)
(-5.54043e-09 -7.18004e-16 0)
(-1.49988e-05 -1.05327e-06 0)
(-5.49994e-05 -6.70454e-05 0)
(-4.62398e-05 -0.00028749 0)
(-4.93926e-21 -9.87862e-16 0)
(-1.47607e-20 -9.87861e-16 0)
(-2.4497e-20 -9.87861e-16 0)
(-3.42043e-20 -9.8786e-16 0)
(-4.39362e-20 -9.87859e-16 0)
(-5.37442e-20 -9.87858e-16 0)
(-6.36794e-20 -9.87856e-16 0)
(-7.37926e-20 -9.87854e-16 0)
(-8.41357e-20 -9.87852e-16 0)
(-9.47617e-20 -9.87849e-16 0)
(-1.05725e-19 -9.87846e-16 0)
(-1.17081e-19 -9.87843e-16 0)
(-1.28886e-19 -9.87838e-16 0)
(-1.41196e-19 -9.87833e-16 0)
(-1.54061e-19 -9.87827e-16 0)
(-1.67521e-19 -9.8782e-16 0)
(-1.81597e-19 -9.87811e-16 0)
(-1.96274e-19 -9.878e-16 0)
(-2.11477e-19 -9.87788e-16 0)
(-2.27027e-19 -9.87773e-16 0)
(-2.42585e-19 -9.87754e-16 0)
(-2.57559e-19 -9.87732e-16 0)
(-2.7097e-19 -9.87704e-16 0)
(-2.81282e-19 -9.87671e-16 0)
(-2.86189e-19 -9.87631e-16 0)
(-2.82438e-19 -9.87584e-16 0)
(-2.65833e-19 -9.8753e-16 0)
(-2.31863e-19 -9.87475e-16 0)
(-1.77889e-19 -9.87426e-16 0)
(-1.08919e-19 -9.87405e-16 0)
(-5.06871e-20 -9.87452e-16 0)
(-2.65568e-20 -9.87516e-16 0)
(-2.91123e-20 -9.87552e-16 0)
(-4.16205e-20 -9.87563e-16 0)
(-5.28798e-20 -9.87554e-16 0)
(-5.20532e-20 -9.87522e-16 0)
(-2.42824e-20 -9.87466e-16 0)
(-4.13403e-11 -9.91462e-16 0)
(-1.61789e-06 -1.07969e-06 0)
(-9.7656e-07 -0.000394237 0)
(-4.72092e-21 -9.87848e-16 0)
(-1.41033e-20 -9.87847e-16 0)
(-2.33895e-20 -9.87847e-16 0)
(-3.26239e-20 -9.87846e-16 0)
(-4.1847e-20 -9.87844e-16 0)
(-5.10969e-20 -9.87843e-16 0)
(-6.04087e-20 -9.87841e-16 0)
(-6.98155e-20 -9.87838e-16 0)
(-7.9347e-20 -9.87835e-16 0)
(-8.90301e-20 -9.87832e-16 0)
(-9.88869e-20 -9.87828e-16 0)
(-1.08933e-19 -9.87823e-16 0)
(-1.19176e-19 -9.87818e-16 0)
(-1.29611e-19 -9.87812e-16 0)
(-1.40212e-19 -9.87805e-16 0)
(-1.5093e-19 -9.87796e-16 0)
(-1.61678e-19 -9.87787e-16 0)
(-1.72316e-19 -9.87776e-16 0)
(-1.82635e-19 -9.87763e-16 0)
(-1.9233e-19 -9.87747e-16 0)
(-2.00975e-19 -9.8773e-16 0)
(-2.07991e-19 -9.8771e-16 0)
(-2.12625e-19 -9.87688e-16 0)
(-2.13948e-19 -9.87663e-16 0)
(-2.10895e-19 -9.87635e-16 0)
(-2.02399e-19 -9.87607e-16 0)
(-1.87648e-19 -9.87579e-16 0)
(-1.66545e-19 -9.87554e-16 0)
(-1.4033e-19 -9.87536e-16 0)
(-1.12185e-19 -9.87528e-16 0)
(-8.70222e-20 -9.87532e-16 0)
(-6.84938e-20 -9.87542e-16 0)
(-5.63975e-20 -9.8755e-16 0)
(-4.81415e-20 -9.87554e-16 0)
(-4.08e-20 -9.87553e-16 0)
(-3.20097e-20 -9.87549e-16 0)
(-2.08294e-20 -9.87545e-16 0)
(-1.65631e-12 -9.89851e-16 0)
(-3.00199e-07 -4.3295e-07 0)
(2.88372e-07 -0.000404793 0)
(-4.45189e-21 -9.87835e-16 0)
(-1.3294e-20 -9.87834e-16 0)
(-2.2029e-20 -9.87833e-16 0)
(-3.0688e-20 -9.87832e-16 0)
(-3.92981e-20 -9.87831e-16 0)
(-4.78831e-20 -9.87829e-16 0)
(-5.6463e-20 -9.87826e-16 0)
(-6.50533e-20 -9.87824e-16 0)
(-7.36644e-20 -9.8782e-16 0)
(-8.23004e-20 -9.87816e-16 0)
(-9.09577e-20 -9.87812e-16 0)
(-9.96227e-20 -9.87807e-16 0)
(-1.08269e-19 -9.87801e-16 0)
(-1.16854e-19 -9.87795e-16 0)
(-1.25314e-19 -9.87787e-16 0)
(-1.3356e-19 -9.87779e-16 0)
(-1.41467e-19 -9.87769e-16 0)
(-1.48874e-19 -9.87758e-16 0)
(-1.55569e-19 -9.87746e-16 0)
(-1.6129e-19 -9.87733e-16 0)
(-1.65719e-19 -9.87718e-16 0)
(-1.68484e-19 -9.87702e-16 0)
(-1.69182e-19 -9.87685e-16 0)
(-1.67405e-19 -9.87667e-16 0)
(-1.62803e-19 -9.87648e-16 0)
(-1.55163e-19 -9.8763e-16 0)
(-1.44518e-19 -9.87613e-16 0)
(-1.31256e-19 -9.87599e-16 0)
(-1.16186e-19 -9.87588e-16 0)
(-1.00482e-19 -9.87581e-16 0)
(-8.54123e-20 -9.87577e-16 0)
(-7.1868e-20 -9.87576e-16 0)
(-6.00472e-20 -9.87576e-16 0)
(-4.95987e-20 -9.87576e-16 0)
(-3.9963e-20 -9.87576e-16 0)
(-3.06656e-20 -9.87575e-16 0)
(-2.15361e-20 -9.87575e-16 0)
(-3.21993e-12 -9.90267e-16 0)
(-1.15285e-07 -4.28553e-07 0)
(5.46221e-07 -0.000410536 0)
(-4.147e-21 -9.87822e-16 0)
(-1.23779e-20 -9.87822e-16 0)
(-2.04924e-20 -9.87821e-16 0)
(-2.85086e-20 -9.8782e-16 0)
(-3.64415e-20 -9.87818e-16 0)
(-4.43018e-20 -9.87816e-16 0)
(-5.20963e-20 -9.87813e-16 0)
(-5.98264e-20 -9.8781e-16 0)
(-6.74876e-20 -9.87807e-16 0)
(-7.50682e-20 -9.87803e-16 0)
(-8.25478e-20 -9.87798e-16 0)
(-8.9896e-20 -9.87793e-16 0)
(-9.70699e-20 -9.87787e-16 0)
(-1.04012e-19 -9.87781e-16 0)
(-1.10648e-19 -9.87773e-16 0)
(-1.16885e-19 -9.87765e-16 0)
(-1.22607e-19 -9.87756e-16 0)
(-1.27675e-19 -9.87747e-16 0)
(-1.31931e-19 -9.87736e-16 0)
(-1.35193e-19 -9.87725e-16 0)
(-1.37267e-19 -9.87713e-16 0)
(-1.37958e-19 -9.877e-16 0)
(-1.37082e-19 -9.87687e-16 0)
(-1.34497e-19 -9.87674e-16 0)
(-1.30125e-19 -9.87661e-16 0)
(-1.23988e-19 -9.87648e-16 0)
(-1.16232e-19 -9.87637e-16 0)
(-1.07137e-19 -9.87627e-16 0)
(-9.71039e-20 -9.87619e-16 0)
(-8.65995e-20 -9.87612e-16 0)
(-7.60696e-20 -9.87608e-16 0)
(-6.58442e-20 -9.87605e-16 0)
(-5.60865e-20 -9.87602e-16 0)
(-4.68136e-20 -9.87601e-16 0)
(-3.79607e-20 -9.87599e-16 0)
(-2.94476e-20 -9.87599e-16 0)
(-2.12492e-20 -9.87598e-16 0)
(-3.94724e-12 -9.90662e-16 0)
(-1.04419e-07 -4.6449e-07 0)
(5.39826e-07 -0.000415796 0)
(-3.82085e-21 -9.87811e-16 0)
(-1.13991e-20 -9.8781e-16 0)
(-1.88544e-20 -9.87809e-16 0)
(-2.61938e-20 -9.87808e-16 0)
(-3.34215e-20 -9.87806e-16 0)
(-4.0538e-20 -9.87804e-16 0)
(-4.75397e-20 -9.87801e-16 0)
(-5.44183e-20 -9.87798e-16 0)
(-6.11593e-20 -9.87795e-16 0)
(-6.77421e-20 -9.87791e-16 0)
(-7.41381e-20 -9.87786e-16 0)
(-8.03103e-20 -9.87781e-16 0)
(-8.62121e-20 -9.87776e-16 0)
(-9.17863e-20 -9.8777e-16 0)
(-9.69646e-20 -9.87763e-16 0)
(-1.01667e-19 -9.87755e-16 0)
(-1.05803e-19 -9.87748e-16 0)
(-1.09272e-19 -9.87739e-16 0)
(-1.11966e-19 -9.8773e-16 0)
(-1.13777e-19 -9.87721e-16 0)
(-1.14598e-19 -9.87711e-16 0)
(-1.14337e-19 -9.87701e-16 0)
(-1.12924e-19 -9.87691e-16 0)
(-1.10323e-19 -9.87681e-16 0)
(-1.06543e-19 -9.87671e-16 0)
(-1.01647e-19 -9.87662e-16 0)
(-9.57536e-20 -9.87654e-16 0)
(-8.9032e-20 -9.87647e-16 0)
(-8.16876e-20 -9.8764e-16 0)
(-7.39381e-20 -9.87635e-16 0)
(-6.59858e-20 -9.8763e-16 0)
(-5.79938e-20 -9.87627e-16 0)
(-5.00737e-20 -9.87624e-16 0)
(-4.22885e-20 -9.87622e-16 0)
(-3.46658e-20 -9.87621e-16 0)
(-2.7213e-20 -9.8762e-16 0)
(-1.99552e-20 -9.87619e-16 0)
(-4.33049e-12 -9.91027e-16 0)
(-1.0872e-07 -5.07474e-07 0)
(5.2905e-07 -0.000420911 0)
(-3.48655e-21 -9.878e-16 0)
(-1.0397e-20 -9.878e-16 0)
(-1.71814e-20 -9.87799e-16 0)
(-2.3838e-20 -9.87797e-16 0)
(-3.03623e-20 -9.87796e-16 0)
(-3.67476e-20 -9.87793e-16 0)
(-4.29832e-20 -9.87791e-16 0)
(-4.90546e-20 -9.87788e-16 0)
(-5.49424e-20 -9.87784e-16 0)
(-6.0622e-20 -9.87781e-16 0)
(-6.60632e-20 -9.87776e-16 0)
(-7.12292e-20 -9.87772e-16 0)
(-7.60772e-20 -9.87766e-16 0)
(-8.05576e-20 -9.87761e-16 0)
(-8.46148e-20 -9.87755e-16 0)
(-8.81878e-20 -9.87748e-16 0)
(-9.12114e-20 -9.87741e-16 0)
(-9.36187e-20 -9.87734e-16 0)
(-9.53434e-20 -9.87727e-16 0)
(-9.63238e-20 -9.87719e-16 0)
(-9.65073e-20 -9.87711e-16 0)
(-9.58548e-20 -9.87703e-16 0)
(-9.43461e-20 -9.87695e-16 0)
(-9.19843e-20 -9.87687e-16 0)
(-8.87988e-20 -9.8768e-16 0)
(-8.48464e-20 -9.87673e-16 0)
(-8.02093e-20 -9.87667e-16 0)
(-7.49903e-20 -9.87661e-16 0)
(-6.93042e-20 -9.87656e-16 0)
(-6.32687e-20 -9.87652e-16 0)
(-5.69939e-20 -9.87648e-16 0)
(-5.05751e-20 -9.87645e-16 0)
(-4.40882e-20 -9.87643e-16 0)
(-3.759e-20 -9.87641e-16 0)
(-3.11205e-20 -9.87639e-16 0)
(-2.47073e-20 -9.87638e-16 0)
(-1.83964e-20 -9.87638e-16 0)
(-4.67245e-12 -9.91372e-16 0)
(-1.1506e-07 -5.51607e-07 0)
(5.21463e-07 -0.000425987 0)
(-3.15493e-21 -9.8779e-16 0)
(-9.40409e-21 -9.8779e-16 0)
(-1.55277e-20 -9.87789e-16 0)
(-2.15171e-20 -9.87788e-16 0)
(-2.73622e-20 -9.87786e-16 0)
(-3.30509e-20 -9.87784e-16 0)
(-3.85688e-20 -9.87782e-16 0)
(-4.38982e-20 -9.87779e-16 0)
(-4.90182e-20 -9.87775e-16 0)
(-5.39042e-20 -9.87772e-16 0)
(-5.85276e-20 -9.87768e-16 0)
(-6.28561e-20 -9.87763e-16 0)
(-6.68537e-20 -9.87759e-16 0)
(-7.0481e-20 -9.87754e-16 0)
(-7.36961e-20 -9.87748e-16 0)
(-7.64554e-20 -9.87743e-16 0)
(-7.87153e-20 -9.87737e-16 0)
(-8.04336e-20 -9.87731e-16 0)
(-8.15717e-20 -9.87724e-16 0)
(-8.20972e-20 -9.87718e-16 0)
(-8.19862e-20 -9.87712e-16 0)
(-8.12255e-20 -9.87705e-16 0)
(-7.98151e-20 -9.87699e-16 0)
(-7.77693e-20 -9.87693e-16 0)
(-7.51174e-20 -9.87687e-16 0)
(-7.19024e-20 -9.87682e-16 0)
(-6.818e-20 -9.87677e-16 0)
(-6.40144e-20 -9.87673e-16 0)
(-5.94752e-20 -9.87669e-16 0)
(-5.46327e-20 -9.87665e-16 0)
(-4.95539e-20 -9.87662e-16 0)
(-4.43001e-20 -9.8766e-16 0)
(-3.89245e-20 -9.87658e-16 0)
(-3.34723e-20 -9.87656e-16 0)
(-2.79807e-20 -9.87655e-16 0)
(-2.24801e-20 -9.87654e-16 0)
(-1.70223e-20 -9.87654e-16 0)
(-5.01254e-12 -9.91736e-16 0)
(-1.22441e-07 -6.0088e-07 0)
(5.16483e-07 -0.000431068 0)
(-2.83427e-21 -9.87782e-16 0)
(-8.44508e-21 -9.87781e-16 0)
(-1.39338e-20 -9.87781e-16 0)
(-1.92873e-20 -9.87779e-16 0)
(-2.44917e-20 -9.87778e-16 0)
(-2.95323e-20 -9.87776e-16 0)
(-3.43926e-20 -9.87773e-16 0)
(-3.90543e-20 -9.87771e-16 0)
(-4.34972e-20 -9.87768e-16 0)
(-4.76986e-20 -9.87764e-16 0)
(-5.1634e-20 -9.87761e-16 0)
(-5.52767e-20 -9.87757e-16 0)
(-5.85983e-20 -9.87753e-16 0)
(-6.15695e-20 -9.87748e-16 0)
(-6.41605e-20 -9.87743e-16 0)
(-6.63419e-20 -9.87738e-16 0)
(-6.80859e-20 -9.87733e-16 0)
(-6.93676e-20 -9.87728e-16 0)
(-7.0166e-20 -9.87723e-16 0)
(-7.04656e-20 -9.87718e-16 0)
(-7.02574e-20 -9.87712e-16 0)
(-6.95402e-20 -9.87707e-16 0)
(-6.83208e-20 -9.87702e-16 0)
(-6.66147e-20 -9.87698e-16 0)
(-6.44453e-20 -9.87693e-16 0)
(-6.18433e-20 -9.87689e-16 0)
(-5.88452e-20 -9.87685e-16 0)
(-5.54917e-20 -9.87682e-16 0)
(-5.18257e-20 -9.87679e-16 0)
(-4.78905e-20 -9.87676e-16 0)
(-4.37284e-20 -9.87674e-16 0)
(-3.93798e-20 -9.87672e-16 0)
(-3.48829e-20 -9.87671e-16 0)
(-3.02733e-20 -9.87669e-16 0)
(-2.55852e-20 -9.87669e-16 0)
(-2.0851e-20 -9.87668e-16 0)
(-1.61322e-20 -9.87668e-16 0)
(-5.71573e-12 -9.92334e-16 0)
(-1.30596e-07 -6.74455e-07 0)
(5.13824e-07 -0.000436184 0)
(-2.53033e-21 -9.87774e-16 0)
(-7.53697e-21 -9.87774e-16 0)
(-1.24275e-20 -9.87773e-16 0)
(-1.7186e-20 -9.87772e-16 0)
(-2.17969e-20 -9.8777e-16 0)
(-2.62441e-20 -9.87768e-16 0)
(-3.0511e-20 -9.87766e-16 0)
(-3.45801e-20 -9.87764e-16 0)
(-3.8433e-20 -9.87761e-16 0)
(-4.20505e-20 -9.87758e-16 0)
(-4.54122e-20 -9.87755e-16 0)
(-4.84974e-20 -9.87751e-16 0)
(-5.12851e-20 -9.87747e-16 0)
(-5.37545e-20 -9.87743e-16 0)
(-5.58857e-20 -9.87739e-16 0)
(-5.76602e-20 -9.87735e-16 0)
(-5.90617e-20 -9.87731e-16 0)
(-6.00767e-20 -9.87726e-16 0)
(-6.06953e-20 -9.87722e-16 0)
(-6.0912e-20 -9.87718e-16 0)
(-6.07257e-20 -9.87713e-16 0)
(-6.01402e-20 -9.87709e-16 0)
(-5.91641e-20 -9.87705e-16 0)
(-5.78108e-20 -9.87701e-16 0)
(-5.60974e-20 -9.87698e-16 0)
(-5.40442e-20 -9.87695e-16 0)
(-5.16735e-20 -9.87692e-16 0)
(-4.90091e-20 -9.87689e-16 0)
(-4.60747e-20 -9.87687e-16 0)
(-4.28937e-20 -9.87685e-16 0)
(-3.94889e-20 -9.87684e-16 0)
(-3.58828e-20 -9.87682e-16 0)
(-3.20982e-20 -9.87681e-16 0)
(-2.81594e-20 -9.87681e-16 0)
(-2.40941e-20 -9.8768e-16 0)
(-1.99345e-20 -9.8768e-16 0)
(-1.57539e-20 -9.8768e-16 0)
(-6.99671e-12 -9.93166e-16 0)
(-1.3947e-07 -7.72821e-07 0)
(5.13119e-07 -0.000441359 0)
(-2.24663e-21 -9.87767e-16 0)
(-6.69008e-21 -9.87767e-16 0)
(-1.10251e-20 -9.87766e-16 0)
(-1.52347e-20 -9.87765e-16 0)
(-1.93025e-20 -9.87764e-16 0)
(-2.32126e-20 -9.87762e-16 0)
(-2.69492e-20 -9.8776e-16 0)
(-3.04964e-20 -9.87758e-16 0)
(-3.38384e-20 -9.87755e-16 0)
(-3.69593e-20 -9.87752e-16 0)
(-3.98434e-20 -9.87749e-16 0)
(-4.24753e-20 -9.87746e-16 0)
(-4.48403e-20 -9.87743e-16 0)
(-4.69247e-20 -9.8774e-16 0)
(-4.87165e-20 -9.87736e-16 0)
(-5.02051e-20 -9.87732e-16 0)
(-5.13827e-20 -9.87729e-16 0)
(-5.22437e-20 -9.87725e-16 0)
(-5.27857e-20 -9.87721e-16 0)
(-5.30093e-20 -9.87718e-16 0)
(-5.29183e-20 -9.87714e-16 0)
(-5.25194e-20 -9.87711e-16 0)
(-5.18217e-20 -9.87707e-16 0)
(-5.08366e-20 -9.87704e-16 0)
(-4.95764e-20 -9.87702e-16 0)
(-4.80537e-20 -9.87699e-16 0)
(-4.62805e-20 -9.87697e-16 0)
(-4.4267e-20 -9.87695e-16 0)
(-4.20209e-20 -9.87693e-16 0)
(-3.95467e-20 -9.87692e-16 0)
(-3.68461e-20 -9.87691e-16 0)
(-3.39182e-20 -9.87691e-16 0)
(-3.07615e-20 -9.87691e-16 0)
(-2.73765e-20 -9.8769e-16 0)
(-2.37696e-20 -9.87691e-16 0)
(-1.9958e-20 -9.87691e-16 0)
(-1.60173e-20 -9.87691e-16 0)
(-8.61591e-12 -9.94236e-16 0)
(-1.48879e-07 -8.90011e-07 0)
(5.14427e-07 -0.000446615 0)
(-1.98488e-21 -9.87761e-16 0)
(-5.90927e-21 -9.87761e-16 0)
(-9.73402e-21 -9.8776e-16 0)
(-1.3442e-20 -9.87759e-16 0)
(-1.70172e-20 -9.87758e-16 0)
(-2.04445e-20 -9.87756e-16 0)
(-2.37095e-20 -9.87754e-16 0)
(-2.67984e-20 -9.87752e-16 0)
(-2.9698e-20 -9.8775e-16 0)
(-3.23957e-20 -9.87748e-16 0)
(-3.48799e-20 -9.87745e-16 0)
(-3.71399e-20 -9.87742e-16 0)
(-3.91661e-20 -9.87739e-16 0)
(-4.09507e-20 -9.87736e-16 0)
(-4.24875e-20 -9.87733e-16 0)
(-4.37723e-20 -9.8773e-16 0)
(-4.48033e-20 -9.87727e-16 0)
(-4.5581e-20 -9.87724e-16 0)
(-4.61085e-20 -9.8772e-16 0)
(-4.63913e-20 -9.87717e-16 0)
(-4.64371e-20 -9.87714e-16 0)
(-4.62556e-20 -9.87712e-16 0)
(-4.5858e-20 -9.87709e-16 0)
(-4.5256e-20 -9.87706e-16 0)
(-4.44608e-20 -9.87704e-16 0)
(-4.34823e-20 -9.87702e-16 0)
(-4.23273e-20 -9.87701e-16 0)
(-4.09981e-20 -9.87699e-16 0)
(-3.94907e-20 -9.87698e-16 0)
(-3.77931e-20 -9.87698e-16 0)
(-3.58836e-20 -9.87697e-16 0)
(-3.37297e-20 -9.87697e-16 0)
(-3.12884e-20 -9.87698e-16 0)
(-2.85081e-20 -9.87699e-16 0)
(-2.53338e-20 -9.877e-16 0)
(-2.1718e-20 -9.87701e-16 0)
(-1.76939e-20 -9.87703e-16 0)
(-1.12702e-11 -9.95709e-16 0)
(-1.58167e-07 -1.0303e-06 0)
(5.18876e-07 -0.000451971 0)
(-1.74541e-21 -9.87756e-16 0)
(-5.19536e-21 -9.87755e-16 0)
(-8.55493e-21 -9.87755e-16 0)
(-1.18076e-20 -9.87754e-16 0)
(-1.49383e-20 -9.87753e-16 0)
(-1.79331e-20 -9.87751e-16 0)
(-2.07792e-20 -9.8775e-16 0)
(-2.34649e-20 -9.87748e-16 0)
(-2.59796e-20 -9.87746e-16 0)
(-2.83136e-20 -9.87744e-16 0)
(-3.04587e-20 -9.87741e-16 0)
(-3.24081e-20 -9.87739e-16 0)
(-3.41563e-20 -9.87736e-16 0)
(-3.56999e-20 -9.87733e-16 0)
(-3.70372e-20 -9.87731e-16 0)
(-3.8169e-20 -9.87728e-16 0)
(-3.90979e-20 -9.87725e-16 0)
(-3.98293e-20 -9.87722e-16 0)
(-4.03707e-20 -9.8772e-16 0)
(-4.07321e-20 -9.87717e-16 0)
(-4.09257e-20 -9.87714e-16 0)
(-4.09654e-20 -9.87712e-16 0)
(-4.08668e-20 -9.8771e-16 0)
(-4.06462e-20 -9.87707e-16 0)
(-4.03196e-20 -9.87706e-16 0)
(-3.99022e-20 -9.87704e-16 0)
(-3.94058e-20 -9.87703e-16 0)
(-3.88374e-20 -9.87702e-16 0)
(-3.81959e-20 -9.87701e-16 0)
(-3.74679e-20 -9.87701e-16 0)
(-3.66227e-20 -9.87701e-16 0)
(-3.56051e-20 -9.87702e-16 0)
(-3.43266e-20 -9.87703e-16 0)
(-3.26555e-20 -9.87705e-16 0)
(-3.0407e-20 -9.87708e-16 0)
(-2.73358e-20 -9.87711e-16 0)
(-2.32342e-20 -9.87715e-16 0)
(-1.78918e-11 -9.98566e-16 0)
(-1.65895e-07 -1.24893e-06 0)
(5.29524e-07 -0.000457447 0)
(-1.52761e-21 -9.87751e-16 0)
(-4.54635e-21 -9.87751e-16 0)
(-7.48399e-21 -9.8775e-16 0)
(-1.0325e-20 -9.87749e-16 0)
(-1.30556e-20 -9.87748e-16 0)
(-1.56631e-20 -9.87747e-16 0)
(-1.81365e-20 -9.87746e-16 0)
(-2.04658e-20 -9.87744e-16 0)
(-2.26427e-20 -9.87742e-16 0)
(-2.46601e-20 -9.8774e-16 0)
(-2.65122e-20 -9.87738e-16 0)
(-2.81953e-20 -9.87736e-16 0)
(-2.97071e-20 -9.87733e-16 0)
(-3.10471e-20 -9.87731e-16 0)
(-3.22173e-20 -9.87729e-16 0)
(-3.32215e-20 -9.87726e-16 0)
(-3.40659e-20 -9.87724e-16 0)
(-3.47593e-20 -9.87721e-16 0)
(-3.53128e-20 -9.87719e-16 0)
(-3.57403e-20 -9.87716e-16 0)
(-3.60583e-20 -9.87714e-16 0)
(-3.62858e-20 -9.87712e-16 0)
(-3.64446e-20 -9.8771e-16 0)
(-3.65589e-20 -9.87708e-16 0)
(-3.66555e-20 -9.87706e-16 0)
(-3.67631e-20 -9.87704e-16 0)
(-3.69123e-20 -9.87703e-16 0)
(-3.71341e-20 -9.87702e-16 0)
(-3.74588e-20 -9.87701e-16 0)
(-3.79123e-20 -9.87701e-16 0)
(-3.85111e-20 -9.87701e-16 0)
(-3.92527e-20 -9.87702e-16 0)
(-4.00982e-20 -9.87704e-16 0)
(-4.09446e-20 -9.87707e-16 0)
(-4.15745e-20 -9.87711e-16 0)
(-4.15734e-20 -9.87717e-16 0)
(-4.04426e-20 -9.87725e-16 0)
(-5.51611e-11 -1.01339e-15 0)
(-1.66405e-07 -2.4048e-06 0)
(5.5799e-07 -0.000463062 0)
(-1.3303e-21 -9.87747e-16 0)
(-3.95859e-21 -9.87747e-16 0)
(-6.5147e-21 -9.87746e-16 0)
(-8.98436e-21 -9.87745e-16 0)
(-1.13549e-20 -9.87744e-16 0)
(-1.36152e-20 -9.87743e-16 0)
(-1.57555e-20 -9.87742e-16 0)
(-1.77677e-20 -9.8774e-16 0)
(-1.96451e-20 -9.87739e-16 0)
(-2.13823e-20 -9.87737e-16 0)
(-2.29758e-20 -9.87735e-16 0)
(-2.44236e-20 -9.87733e-16 0)
(-2.57255e-20 -9.87731e-16 0)
(-2.68832e-20 -9.87729e-16 0)
(-2.79006e-20 -9.87727e-16 0)
(-2.87833e-20 -9.87724e-16 0)
(-2.95398e-20 -9.87722e-16 0)
(-3.01804e-20 -9.8772e-16 0)
(-3.07184e-20 -9.87718e-16 0)
(-3.11698e-20 -9.87715e-16 0)
(-3.15538e-20 -9.87713e-16 0)
(-3.18927e-20 -9.87711e-16 0)
(-3.2213e-20 -9.87709e-16 0)
(-3.25456e-20 -9.87707e-16 0)
(-3.2927e-20 -9.87705e-16 0)
(-3.34004e-20 -9.87704e-16 0)
(-3.40179e-20 -9.87702e-16 0)
(-3.48429e-20 -9.87701e-16 0)
(-3.59541e-20 -9.87699e-16 0)
(-3.74513e-20 -9.87698e-16 0)
(-3.94637e-20 -9.87698e-16 0)
(-4.21617e-20 -9.87697e-16 0)
(-4.57754e-20 -9.87697e-16 0)
(-5.06217e-20 -9.87698e-16 0)
(-5.71449e-20 -9.877e-16 0)
(-6.59795e-20 -9.87704e-16 0)
(-7.97021e-20 -9.87709e-16 0)
(-5.47529e-10 -1.23758e-15 0)
(-1.38049e-07 -1.11151e-05 0)
(6.41433e-07 -0.000468816 0)
(-1.15201e-21 -9.87743e-16 0)
(-3.42757e-21 -9.87743e-16 0)
(-5.63931e-21 -9.87743e-16 0)
(-7.77416e-21 -9.87742e-16 0)
(-9.82066e-21 -9.87741e-16 0)
(-1.17689e-20 -9.8774e-16 0)
(-1.36104e-20 -9.87739e-16 0)
(-1.53382e-20 -9.87737e-16 0)
(-1.69469e-20 -9.87736e-16 0)
(-1.84325e-20 -9.87734e-16 0)
(-1.97926e-20 -9.87733e-16 0)
(-2.10264e-20 -9.87731e-16 0)
(-2.21347e-20 -9.87729e-16 0)
(-2.31202e-20 -9.87727e-16 0)
(-2.39874e-20 -9.87725e-16 0)
(-2.47425e-20 -9.87723e-16 0)
(-2.53941e-20 -9.87721e-16 0)
(-2.59527e-20 -9.87719e-16 0)
(-2.64311e-20 -9.87717e-16 0)
(-2.68449e-20 -9.87715e-16 0)
(-2.72122e-20 -9.87713e-16 0)
(-2.75546e-20 -9.8771e-16 0)
(-2.78973e-20 -9.87708e-16 0)
(-2.82701e-20 -9.87706e-16 0)
(-2.87085e-20 -9.87704e-16 0)
(-2.92552e-20 -9.87702e-16 0)
(-2.99622e-20 -9.877e-16 0)
(-3.08944e-20 -9.87698e-16 0)
(-3.2134e-20 -9.87696e-16 0)
(-3.37878e-20 -9.87694e-16 0)
(-3.5997e-20 -9.87692e-16 0)
(-3.89534e-20 -9.87689e-16 0)
(-4.29225e-20 -9.87686e-16 0)
(-4.82799e-20 -9.87683e-16 0)
(-5.55673e-20 -9.87679e-16 0)
(-6.55799e-20 -9.87674e-16 0)
(-9.99885e-20 -9.87668e-16 0)
(-6.73888e-09 -2.59788e-15 0)
(-1.11903e-07 -2.84218e-05 0)
(7.24691e-07 -0.000474676 0)
(-9.91186e-22 -9.8774e-16 0)
(-2.94863e-21 -9.8774e-16 0)
(-4.84988e-21 -9.8774e-16 0)
(-6.68301e-21 -9.87739e-16 0)
(-8.43761e-21 -9.87738e-16 0)
(-1.01048e-20 -9.87737e-16 0)
(-1.1677e-20 -9.87736e-16 0)
(-1.31483e-20 -9.87735e-16 0)
(-1.45139e-20 -9.87734e-16 0)
(-1.57707e-20 -9.87732e-16 0)
(-1.69168e-20 -9.87731e-16 0)
(-1.79518e-20 -9.87729e-16 0)
(-1.88769e-20 -9.87727e-16 0)
(-1.96945e-20 -9.87726e-16 0)
(-2.04088e-20 -9.87724e-16 0)
(-2.10253e-20 -9.87722e-16 0)
(-2.15512e-20 -9.8772e-16 0)
(-2.19952e-20 -9.87718e-16 0)
(-2.23678e-20 -9.87716e-16 0)
(-2.2681e-20 -9.87714e-16 0)
(-2.29489e-20 -9.87712e-16 0)
(-2.31873e-20 -9.8771e-16 0)
(-2.3414e-20 -9.87708e-16 0)
(-2.36492e-20 -9.87706e-16 0)
(-2.39152e-20 -9.87703e-16 0)
(-2.42372e-20 -9.87701e-16 0)
(-2.46426e-20 -9.87699e-16 0)
(-2.51615e-20 -9.87696e-16 0)
(-2.58254e-20 -9.87694e-16 0)
(-2.66662e-20 -9.8769e-16 0)
(-2.77123e-20 -9.87687e-16 0)
(-2.89821e-20 -9.87683e-16 0)
(-3.04711e-20 -9.87679e-16 0)
(-3.21291e-20 -9.87673e-16 0)
(-3.38187e-20 -9.87666e-16 0)
(-3.52427e-20 -9.87657e-16 0)
(-8.59274e-20 -9.87646e-16 0)
(-6.57228e-09 -4.46186e-15 0)
(-2.07712e-07 -3.93237e-05 0)
(5.75886e-07 -0.000480694 0)
(-8.46351e-22 -9.87737e-16 0)
(-2.51731e-21 -9.87737e-16 0)
(-4.13894e-21 -9.87737e-16 0)
(-5.70031e-21 -9.87736e-16 0)
(-7.19193e-21 -9.87736e-16 0)
(-8.60566e-21 -9.87735e-16 0)
(-9.93472e-21 -9.87734e-16 0)
(-1.11736e-20 -9.87733e-16 0)
(-1.23182e-20 -9.87732e-16 0)
(-1.33656e-20 -9.8773e-16 0)
(-1.43139e-20 -9.87729e-16 0)
(-1.51628e-20 -9.87727e-16 0)
(-1.59129e-20 -9.87726e-16 0)
(-1.65659e-20 -9.87724e-16 0)
(-1.7125e-20 -9.87723e-16 0)
(-1.75939e-20 -9.87721e-16 0)
(-1.79778e-20 -9.87719e-16 0)
(-1.82824e-20 -9.87717e-16 0)
(-1.85145e-20 -9.87715e-16 0)
(-1.86815e-20 -9.87714e-16 0)
(-1.87913e-20 -9.87712e-16 0)
(-1.88523e-20 -9.8771e-16 0)
(-1.88726e-20 -9.87708e-16 0)
(-1.88601e-20 -9.87705e-16 0)
(-1.88215e-20 -9.87703e-16 0)
(-1.87618e-20 -9.87701e-16 0)
(-1.86823e-20 -9.87698e-16 0)
(-1.85794e-20 -9.87696e-16 0)
(-1.84415e-20 -9.87693e-16 0)
(-1.82446e-20 -9.8769e-16 0)
(-1.7947e-20 -9.87686e-16 0)
(-1.74812e-20 -9.87682e-16 0)
(-1.67428e-20 -9.87678e-16 0)
(-1.55763e-20 -9.87673e-16 0)
(-1.37578e-20 -9.87667e-16 0)
(-1.09759e-20 -9.8766e-16 0)
(-1.60263e-20 -9.87653e-16 0)
(-3.87361e-21 -5.33316e-15 0)
(-2.8861e-07 -3.90987e-05 0)
(4.31521e-07 -0.000486901 0)
(-7.16166e-22 -9.87735e-16 0)
(-2.12959e-21 -9.87735e-16 0)
(-3.49982e-21 -9.87735e-16 0)
(-4.81676e-21 -9.87734e-16 0)
(-6.07164e-21 -9.87734e-16 0)
(-7.25694e-21 -9.87733e-16 0)
(-8.36637e-21 -9.87732e-16 0)
(-9.39481e-21 -9.87731e-16 0)
(-1.03383e-20 -9.8773e-16 0)
(-1.11938e-20 -9.87729e-16 0)
(-1.19596e-20 -9.87728e-16 0)
(-1.26346e-20 -9.87726e-16 0)
(-1.32189e-20 -9.87725e-16 0)
(-1.37131e-20 -9.87723e-16 0)
(-1.41188e-20 -9.87722e-16 0)
(-1.44381e-20 -9.8772e-16 0)
(-1.46735e-20 -9.87719e-16 0)
(-1.48279e-20 -9.87717e-16 0)
(-1.49044e-20 -9.87715e-16 0)
(-1.49058e-20 -9.87713e-16 0)
(-1.48347e-20 -9.87712e-16 0)
(-1.46927e-20 -9.8771e-16 0)
(-1.44802e-20 -9.87708e-16 0)
(-1.41959e-20 -9.87706e-16 0)
(-1.38358e-20 -9.87704e-16 0)
(-1.33925e-20 -9.87701e-16 0)
(-1.28537e-20 -9.87699e-16 0)
(-1.22012e-20 -9.87697e-16 0)
(-1.14086e-20 -9.87694e-16 0)
(-1.04399e-20 -9.87691e-16 0)
(-9.24675e-21 -9.87688e-16 0)
(-7.76663e-21 -9.87685e-16 0)
(-5.9208e-21 -9.87681e-16 0)
(-3.61384e-21 -9.87678e-16 0)
(-7.35295e-22 -9.87674e-16 0)
(2.83474e-21 -9.8767e-16 0)
(7.21386e-21 -9.87666e-16 0)
(4.76178e-20 -5.69046e-15 0)
(-3.16548e-07 -3.53831e-05 0)
(3.79652e-07 -0.00049318 0)
(-5.99458e-22 -9.87733e-16 0)
(-1.78199e-21 -9.87733e-16 0)
(-2.92677e-21 -9.87733e-16 0)
(-4.02439e-21 -9.87732e-16 0)
(-5.06668e-21 -9.87732e-16 0)
(-6.0466e-21 -9.87731e-16 0)
(-6.9582e-21 -9.8773e-16 0)
(-7.79657e-21 -9.8773e-16 0)
(-8.55776e-21 -9.87729e-16 0)
(-9.23874e-21 -9.87728e-16 0)
(-9.83729e-21 -9.87726e-16 0)
(-1.0352e-20 -9.87725e-16 0)
(-1.07819e-20 -9.87724e-16 0)
(-1.11269e-20 -9.87723e-16 0)
(-1.1387e-20 -9.87721e-16 0)
(-1.15628e-20 -9.8772e-16 0)
(-1.16547e-20 -9.87718e-16 0)
(-1.16632e-20 -9.87717e-16 0)
(-1.15885e-20 -9.87715e-16 0)
(-1.14302e-20 -9.87714e-16 0)
(-1.11871e-20 -9.87712e-16 0)
(-1.08569e-20 -9.8771e-16 0)
(-1.04355e-20 -9.87709e-16 0)
(-9.91712e-21 -9.87707e-16 0)
(-9.29325e-21 -9.87705e-16 0)
(-8.55249e-21 -9.87703e-16 0)
(-7.67999e-21 -9.87701e-16 0)
(-6.65693e-21 -9.87699e-16 0)
(-5.46029e-21 -9.87697e-16 0)
(-4.06284e-21 -9.87694e-16 0)
(-2.43356e-21 -9.87692e-16 0)
(-5.38943e-22 -9.8769e-16 0)
(1.65468e-21 -9.87687e-16 0)
(4.17714e-21 -9.87685e-16 0)
(7.04842e-21 -9.87682e-16 0)
(1.02699e-20 -9.8768e-16 0)
(1.38127e-20 -9.87678e-16 0)
(6.62613e-20 -6.06738e-15 0)
(-3.19986e-07 -3.06889e-05 0)
(3.38078e-07 -0.000499333 0)
(-4.95219e-22 -9.87732e-16 0)
(-1.47152e-21 -9.87732e-16 0)
(-2.41487e-21 -9.87731e-16 0)
(-3.31648e-21 -9.87731e-16 0)
(-4.16867e-21 -9.8773e-16 0)
(-4.96476e-21 -9.8773e-16 0)
(-5.69909e-21 -9.87729e-16 0)
(-6.36687e-21 -9.87728e-16 0)
(-6.96417e-21 -9.87728e-16 0)
(-7.48781e-21 -9.87727e-16 0)
(-7.9353e-21 -9.87726e-16 0)
(-8.30469e-21 -9.87724e-16 0)
(-8.59456e-21 -9.87723e-16 0)
(-8.80381e-21 -9.87722e-16 0)
(-8.93162e-21 -9.87721e-16 0)
(-8.97722e-21 -9.8772e-16 0)
(-8.9398e-21 -9.87718e-16 0)
(-8.81833e-21 -9.87717e-16 0)
(-8.61133e-21 -9.87716e-16 0)
(-8.3167e-21 -9.87714e-16 0)
(-7.93149e-21 -9.87713e-16 0)
(-7.45165e-21 -9.87711e-16 0)
(-6.87183e-21 -9.8771e-16 0)
(-6.18512e-21 -9.87708e-16 0)
(-5.38284e-21 -9.87707e-16 0)
(-4.4544e-21 -9.87705e-16 0)
(-3.38724e-21 -9.87703e-16 0)
(-2.16686e-21 -9.87702e-16 0)
(-7.77092e-22 -9.877e-16 0)
(7.99349e-22 -9.87698e-16 0)
(2.57999e-21 -9.87696e-16 0)
(4.5812e-21 -9.87695e-16 0)
(6.81622e-21 -9.87693e-16 0)
(9.29245e-21 -9.87691e-16 0)
(1.2008e-20 -9.8769e-16 0)
(1.49471e-20 -9.87688e-16 0)
(1.80748e-20 -9.87687e-16 0)
(8.26415e-20 -6.45639e-15 0)
(-2.73512e-07 -2.55894e-05 0)
(3.01241e-07 -0.000504952 0)
(-4.02578e-22 -9.8773e-16 0)
(-1.19559e-21 -9.8773e-16 0)
(-1.95991e-21 -9.8773e-16 0)
(-2.68728e-21 -9.8773e-16 0)
(-3.37045e-21 -9.87729e-16 0)
(-4.00309e-21 -9.87729e-16 0)
(-4.57974e-21 -9.87728e-16 0)
(-5.09577e-21 -9.87727e-16 0)
(-5.54726e-21 -9.87727e-16 0)
(-5.93096e-21 -9.87726e-16 0)
(-6.24418e-21 -9.87725e-16 0)
(-6.4847e-21 -9.87724e-16 0)
(-6.65069e-21 -9.87723e-16 0)
(-6.7406e-21 -9.87722e-16 0)
(-6.75301e-21 -9.87721e-16 0)
(-6.68659e-21 -9.8772e-16 0)
(-6.53988e-21 -9.87719e-16 0)
(-6.31122e-21 -9.87717e-16 0)
(-5.99857e-21 -9.87716e-16 0)
(-5.59941e-21 -9.87715e-16 0)
(-5.11058e-21 -9.87714e-16 0)
(-4.52814e-21 -9.87712e-16 0)
(-3.84725e-21 -9.87711e-16 0)
(-3.06212e-21 -9.8771e-16 0)
(-2.16591e-21 -9.87709e-16 0)
(-1.15069e-21 -9.87707e-16 0)
(-7.54859e-24 -9.87706e-16 0)
(1.27339e-21 -9.87705e-16 0)
(2.70279e-21 -9.87703e-16 0)
(4.29189e-21 -9.87702e-16 0)
(6.05236e-21 -9.87701e-16 0)
(7.99616e-21 -9.877e-16 0)
(1.01356e-20 -9.87699e-16 0)
(1.24839e-20 -9.87698e-16 0)
(1.5056e-20 -9.87697e-16 0)
(1.78714e-20 -9.87696e-16 0)
(2.0957e-20 -9.87696e-16 0)
(9.97409e-20 -6.80243e-15 0)
(-1.14752e-07 -2.06198e-05 0)
(2.67007e-07 -0.000509072 0)
(-3.20768e-22 -9.87729e-16 0)
(-9.51921e-22 -9.87729e-16 0)
(-1.55818e-21 -9.87729e-16 0)
(-2.13175e-21 -9.87729e-16 0)
(-2.66578e-21 -9.87728e-16 0)
(-3.15425e-21 -9.87728e-16 0)
(-3.59196e-21 -9.87727e-16 0)
(-3.97443e-21 -9.87727e-16 0)
(-4.29781e-21 -9.87726e-16 0)
(-4.55887e-21 -9.87725e-16 0)
(-4.75487e-21 -9.87725e-16 0)
(-4.8835e-21 -9.87724e-16 0)
(-4.94278e-21 -9.87723e-16 0)
(-4.93102e-21 -9.87722e-16 0)
(-4.84665e-21 -9.87721e-16 0)
(-4.68823e-21 -9.8772e-16 0)
(-4.45426e-21 -9.87719e-16 0)
(-4.14316e-21 -9.87718e-16 0)
(-3.75315e-21 -9.87717e-16 0)
(-3.28219e-21 -9.87716e-16 0)
(-2.72788e-21 -9.87715e-16 0)
(-2.08746e-21 -9.87714e-16 0)
(-1.35771e-21 -9.87713e-16 0)
(-5.34963e-22 -9.87712e-16 0)
(3.84858e-22 -9.87711e-16 0)
(1.40624e-21 -9.8771e-16 0)
(2.53402e-21 -9.87709e-16 0)
(3.77327e-21 -9.87708e-16 0)
(5.12927e-21 -9.87707e-16 0)
(6.60749e-21 -9.87706e-16 0)
(8.21364e-21 -9.87705e-16 0)
(9.954e-21 -9.87705e-16 0)
(1.1836e-20 -9.87704e-16 0)
(1.38697e-20 -9.87704e-16 0)
(1.60694e-20 -9.87704e-16 0)
(1.84581e-20 -9.87704e-16 0)
(2.10729e-20 -9.87704e-16 0)
(1.00991e-19 -7.01477e-15 0)
(1.61213e-10 -1.65154e-05 0)
(2.32338e-07 -0.000511068 0)
(-2.49097e-22 -9.87729e-16 0)
(-7.3847e-22 -9.87728e-16 0)
(-1.20631e-21 -9.87728e-16 0)
(-1.64529e-21 -9.87728e-16 0)
(-2.04893e-21 -9.87728e-16 0)
(-2.41153e-21 -9.87727e-16 0)
(-2.72813e-21 -9.87727e-16 0)
(-2.99446e-21 -9.87726e-16 0)
(-3.20682e-21 -9.87726e-16 0)
(-3.36208e-21 -9.87725e-16 0)
(-3.45758e-21 -9.87724e-16 0)
(-3.49107e-21 -9.87724e-16 0)
(-3.46066e-21 -9.87723e-16 0)
(-3.36473e-21 -9.87722e-16 0)
(-3.2019e-21 -9.87721e-16 0)
(-2.97093e-21 -9.8772e-16 0)
(-2.67072e-21 -9.8772e-16 0)
(-2.3002e-21 -9.87719e-16 0)
(-1.85832e-21 -9.87718e-16 0)
(-1.34401e-21 -9.87717e-16 0)
(-7.56167e-22 -9.87716e-16 0)
(-9.3648e-23 -9.87715e-16 0)
(6.44727e-22 -9.87714e-16 0)
(1.46013e-21 -9.87714e-16 0)
(2.35367e-21 -9.87713e-16 0)
(3.32632e-21 -9.87712e-16 0)
(4.37876e-21 -9.87711e-16 0)
(5.51127e-21 -9.87711e-16 0)
(6.72351e-21 -9.8771e-16 0)
(8.01424e-21 -9.8771e-16 0)
(9.38101e-21 -9.87709e-16 0)
(1.08196e-20 -9.87709e-16 0)
(1.23231e-20 -9.87709e-16 0)
(1.38809e-20 -9.87709e-16 0)
(1.54763e-20 -9.87709e-16 0)
(1.7083e-20 -9.87709e-16 0)
(1.86585e-20 -9.8771e-16 0)
(8.47297e-20 -7.03637e-15 0)
(1.07318e-10 -1.34118e-05 0)
(2.10622e-07 -0.000511981 0)
(-1.86923e-22 -9.87728e-16 0)
(-5.53326e-22 -9.87728e-16 0)
(-9.0119e-22 -9.87728e-16 0)
(-1.22362e-21 -9.87727e-16 0)
(-1.5145e-21 -9.87727e-16 0)
(-1.76848e-21 -9.87727e-16 0)
(-1.98086e-21 -9.87726e-16 0)
(-2.14759e-21 -9.87726e-16 0)
(-2.26517e-21 -9.87725e-16 0)
(-2.33064e-21 -9.87725e-16 0)
(-2.34152e-21 -9.87724e-16 0)
(-2.29572e-21 -9.87724e-16 0)
(-2.19155e-21 -9.87723e-16 0)
(-2.02766e-21 -9.87722e-16 0)
(-1.80297e-21 -9.87722e-16 0)
(-1.51669e-21 -9.87721e-16 0)
(-1.16823e-21 -9.8772e-16 0)
(-7.57266e-22 -9.8772e-16 0)
(-2.83639e-22 -9.87719e-16 0)
(2.52586e-22 -9.87718e-16 0)
(8.51133e-22 -9.87717e-16 0)
(1.51149e-21 -9.87717e-16 0)
(2.23288e-21 -9.87716e-16 0)
(3.0142e-21 -9.87715e-16 0)
(3.85397e-21 -9.87715e-16 0)
(4.75024e-21 -9.87714e-16 0)
(5.7005e-21 -9.87714e-16 0)
(6.70153e-21 -9.87713e-16 0)
(7.74922e-21 -9.87713e-16 0)
(8.83842e-21 -9.87713e-16 0)
(9.96257e-21 -9.87712e-16 0)
(1.11134e-20 -9.87712e-16 0)
(1.22806e-20 -9.87712e-16 0)
(1.34509e-20 -9.87712e-16 0)
(1.46081e-20 -9.87712e-16 0)
(1.57318e-20 -9.87713e-16 0)
(1.67981e-20 -9.87713e-16 0)
(7.32607e-20 -6.81464e-15 0)
(7.83967e-11 -1.08885e-05 0)
(1.90268e-07 -0.000512786 0)
(-1.33638e-22 -9.87727e-16 0)
(-3.94681e-22 -9.87727e-16 0)
(-6.39833e-22 -9.87727e-16 0)
(-8.62623e-22 -9.87727e-16 0)
(-1.05732e-21 -9.87727e-16 0)
(-1.21887e-21 -9.87727e-16 0)
(-1.34287e-21 -9.87726e-16 0)
(-1.42552e-21 -9.87726e-16 0)
(-1.46353e-21 -9.87725e-16 0)
(-1.45417e-21 -9.87725e-16 0)
(-1.39512e-21 -9.87724e-16 0)
(-1.28455e-21 -9.87724e-16 0)
(-1.121e-21 -9.87723e-16 0)
(-9.03393e-22 -9.87723e-16 0)
(-6.31029e-22 -9.87722e-16 0)
(-3.0355e-22 -9.87722e-16 0)
(7.90535e-23 -9.87721e-16 0)
(5.16443e-22 -9.8772e-16 0)
(1.00792e-21 -9.8772e-16 0)
(1.5524e-21 -9.87719e-16 0)
(2.14842e-21 -9.87719e-16 0)
(2.79404e-21 -9.87718e-16 0)
(3.48689e-21 -9.87718e-16 0)
(4.22409e-21 -9.87717e-16 0)
(5.00218e-21 -9.87717e-16 0)
(5.81716e-21 -9.87716e-16 0)
(6.66439e-21 -9.87716e-16 0)
(7.5386e-21 -9.87715e-16 0)
(8.43384e-21 -9.87715e-16 0)
(9.3435e-21 -9.87715e-16 0)
(1.02603e-20 -9.87715e-16 0)
(1.11763e-20 -9.87715e-16 0)
(1.20831e-20 -9.87715e-16 0)
(1.29716e-20 -9.87715e-16 0)
(1.38328e-20 -9.87715e-16 0)
(1.46578e-20 -9.87715e-16 0)
(1.5439e-20 -9.87716e-16 0)
(6.3654e-20 -6.39369e-15 0)
(5.6788e-11 -8.71554e-06 0)
(1.70874e-07 -0.000513472 0)
(-8.86578e-23 -9.87727e-16 0)
(-2.60797e-22 -9.87727e-16 0)
(-4.19377e-22 -9.87727e-16 0)
(-5.58342e-22 -9.87727e-16 0)
(-6.72324e-22 -9.87727e-16 0)
(-7.56595e-22 -9.87726e-16 0)
(-8.07029e-22 -9.87726e-16 0)
(-8.20057e-22 -9.87726e-16 0)
(-7.92633e-22 -9.87725e-16 0)
(-7.22198e-22 -9.87725e-16 0)
(-6.06657e-22 -9.87725e-16 0)
(-4.44351e-22 -9.87724e-16 0)
(-2.34043e-22 -9.87724e-16 0)
(2.50966e-23 -9.87723e-16 0)
(3.33488e-22 -9.87723e-16 0)
(6.91146e-22 -9.87722e-16 0)
(1.09766e-21 -9.87722e-16 0)
(1.55219e-21 -9.87721e-16 0)
(2.05341e-21 -9.87721e-16 0)
(2.59953e-21 -9.8772e-16 0)
(3.1882e-21 -9.8772e-16 0)
(3.81649e-21 -9.8772e-16 0)
(4.4809e-21 -9.87719e-16 0)
(5.17723e-21 -9.87719e-16 0)
(5.90068e-21 -9.87718e-16 0)
(6.64575e-21 -9.87718e-16 0)
(7.40634e-21 -9.87718e-16 0)
(8.17575e-21 -9.87717e-16 0)
(8.94687e-21 -9.87717e-16 0)
(9.71229e-21 -9.87717e-16 0)
(1.04645e-20 -9.87717e-16 0)
(1.11963e-20 -9.87717e-16 0)
(1.19008e-20 -9.87717e-16 0)
(1.25723e-20 -9.87717e-16 0)
(1.3206e-20 -9.87717e-16 0)
(1.37988e-20 -9.87717e-16 0)
(1.43492e-20 -9.87718e-16 0)
(5.42973e-20 -5.79075e-15 0)
(4.00491e-11 -6.81173e-06 0)
(1.52193e-07 -0.000514046 0)
(-5.142e-23 -9.87727e-16 0)
(-1.49995e-22 -9.87727e-16 0)
(-2.37051e-22 -9.87727e-16 0)
(-3.06937e-22 -9.87727e-16 0)
(-3.54641e-22 -9.87727e-16 0)
(-3.75748e-22 -9.87726e-16 0)
(-3.66395e-22 -9.87726e-16 0)
(-3.23244e-22 -9.87726e-16 0)
(-2.43444e-22 -9.87726e-16 0)
(-1.24607e-22 -9.87725e-16 0)
(3.52157e-23 -9.87725e-16 0)
(2.37547e-22 -9.87725e-16 0)
(4.83497e-22 -9.87724e-16 0)
(7.73768e-22 -9.87724e-16 0)
(1.10865e-21 -9.87723e-16 0)
(1.48799e-21 -9.87723e-16 0)
(1.91122e-21 -9.87723e-16 0)
(2.37728e-21 -9.87722e-16 0)
(2.88459e-21 -9.87722e-16 0)
(3.43102e-21 -9.87722e-16 0)
(4.01385e-21 -9.87721e-16 0)
(4.62965e-21 -9.87721e-16 0)
(5.2743e-21 -9.87721e-16 0)
(5.94289e-21 -9.8772e-16 0)
(6.62967e-21 -9.8772e-16 0)
(7.32807e-21 -9.8772e-16 0)
(8.0307e-21 -9.87719e-16 0)
(8.72941e-21 -9.87719e-16 0)
(9.41545e-21 -9.87719e-16 0)
(1.00797e-20 -9.87719e-16 0)
(1.07132e-20 -9.87719e-16 0)
(1.13073e-20 -9.87718e-16 0)
(1.18546e-20 -9.87718e-16 0)
(1.23495e-20 -9.87718e-16 0)
(1.27889e-20 -9.87718e-16 0)
(1.31731e-20 -9.87719e-16 0)
(1.35058e-20 -9.87719e-16 0)
(4.52695e-20 -5.02971e-15 0)
(2.6817e-11 -5.14057e-06 0)
(1.33912e-07 -0.000514515 0)
(-2.13771e-23 -9.87727e-16 0)
(-6.06454e-23 -9.87727e-16 0)
(-9.01655e-23 -9.87727e-16 0)
(-1.04687e-22 -9.87727e-16 0)
(-9.95465e-23 -9.87727e-16 0)
(-7.06246e-23 -9.87726e-16 0)
(-1.43123e-23 -9.87726e-16 0)
(7.25235e-23 -9.87726e-16 0)
(1.92569e-22 -9.87726e-16 0)
(3.48086e-22 -9.87726e-16 0)
(5.40936e-22 -9.87725e-16 0)
(7.72591e-22 -9.87725e-16 0)
(1.04415e-21 -9.87725e-16 0)
(1.35632e-21 -9.87724e-16 0)
(1.70944e-21 -9.87724e-16 0)
(2.10347e-21 -9.87724e-16 0)
(2.53793e-21 -9.87724e-16 0)
(3.01191e-21 -9.87723e-16 0)
(3.52403e-21 -9.87723e-16 0)
(4.07235e-21 -9.87723e-16 0)
(4.65433e-21 -9.87722e-16 0)
(5.26674e-21 -9.87722e-16 0)
(5.90557e-21 -9.87722e-16 0)
(6.56591e-21 -9.87722e-16 0)
(7.2418e-21 -9.87721e-16 0)
(7.92616e-21 -9.87721e-16 0)
(8.61062e-21 -9.87721e-16 0)
(9.28544e-21 -9.87721e-16 0)
(9.93953e-21 -9.8772e-16 0)
(1.05605e-20 -9.8772e-16 0)
(1.11349e-20 -9.8772e-16 0)
(1.1649e-20 -9.8772e-16 0)
(1.20894e-20 -9.8772e-16 0)
(1.24446e-20 -9.87719e-16 0)
(1.27067e-20 -9.87719e-16 0)
(1.28737e-20 -9.87719e-16 0)
(1.2951e-20 -9.87719e-16 0)
(3.67272e-20 -4.13958e-15 0)
(1.65518e-11 -3.67483e-06 0)
(1.15725e-07 -0.000514892 0)
(2.00625e-24 -9.87727e-16 0)
(8.84526e-24 -9.87727e-16 0)
(2.39016e-23 -9.87727e-16 0)
(5.20277e-23 -9.87727e-16 0)
(9.7544e-23 -9.87727e-16 0)
(1.64278e-22 -9.87726e-16 0)
(2.55601e-22 -9.87726e-16 0)
(3.74457e-22 -9.87726e-16 0)
(5.23396e-22 -9.87726e-16 0)
(7.04595e-22 -9.87726e-16 0)
(9.19882e-22 -9.87726e-16 0)
(1.17075e-21 -9.87725e-16 0)
(1.45839e-21 -9.87725e-16 0)
(1.78365e-21 -9.87725e-16 0)
(2.14711e-21 -9.87725e-16 0)
(2.54901e-21 -9.87725e-16 0)
(2.9893e-21 -9.87724e-16 0)
(3.46757e-21 -9.87724e-16 0)
(3.98307e-21 -9.87724e-16 0)
(4.53463e-21 -9.87724e-16 0)
(5.12061e-21 -9.87724e-16 0)
(5.73881e-21 -9.87724e-16 0)
(6.38637e-21 -9.87723e-16 0)
(7.05957e-21 -9.87723e-16 0)
(7.75365e-21 -9.87723e-16 0)
(8.46246e-21 -9.87723e-16 0)
(9.17817e-21 -9.87723e-16 0)
(9.89072e-21 -9.87722e-16 0)
(1.05873e-20 -9.87722e-16 0)
(1.12519e-20 -9.87722e-16 0)
(1.18644e-20 -9.87721e-16 0)
(1.24009e-20 -9.87721e-16 0)
(1.28331e-20 -9.87721e-16 0)
(1.31305e-20 -9.8772e-16 0)
(1.3263e-20 -9.8772e-16 0)
(1.32065e-20 -9.87719e-16 0)
(1.29519e-20 -9.87719e-16 0)
(2.91223e-20 -3.15928e-15 0)
(9.24047e-12 -2.40058e-06 0)
(9.70263e-08 -0.000515184 0)
(1.92598e-23 -9.87727e-16 0)
(6.0053e-23 -9.87727e-16 0)
(1.07742e-22 -9.87727e-16 0)
(1.66777e-22 -9.87727e-16 0)
(2.41129e-22 -9.87727e-16 0)
(3.34336e-22 -9.87727e-16 0)
(4.49531e-22 -9.87726e-16 0)
(5.89477e-22 -9.87726e-16 0)
(7.566e-22 -9.87726e-16 0)
(9.53011e-22 -9.87726e-16 0)
(1.18054e-21 -9.87726e-16 0)
(1.44074e-21 -9.87726e-16 0)
(1.73494e-21 -9.87726e-16 0)
(2.06423e-21 -9.87726e-16 0)
(2.42951e-21 -9.87726e-16 0)
(2.83147e-21 -9.87725e-16 0)
(3.27066e-21 -9.87725e-16 0)
(3.74744e-21 -9.87725e-16 0)
(4.26202e-21 -9.87725e-16 0)
(4.81446e-21 -9.87725e-16 0)
(5.40466e-21 -9.87725e-16 0)
(6.03231e-21 -9.87725e-16 0)
(6.69687e-21 -9.87725e-16 0)
(7.39744e-21 -9.87725e-16 0)
(8.13257e-21 -9.87725e-16 0)
(8.9e-21 -9.87724e-16 0)
(9.69613e-21 -9.87724e-16 0)
(1.05153e-20 -9.87724e-16 0)
(1.13486e-20 -9.87724e-16 0)
(1.21823e-20 -9.87723e-16 0)
(1.2995e-20 -9.87723e-16 0)
(1.37545e-20 -9.87722e-16 0)
(1.44135e-20 -9.87722e-16 0)
(1.49044e-20 -9.87721e-16 0)
(1.51359e-20 -9.8772e-16 0)
(1.49938e-20 -9.87718e-16 0)
(1.43573e-20 -9.87717e-16 0)
(2.35835e-20 -2.15256e-15 0)
(4.50203e-12 -1.307e-06 0)
(7.67144e-08 -0.000515384 0)
(3.0917e-23 -9.87727e-16 0)
(9.45639e-23 -9.87727e-16 0)
(1.63962e-22 -9.87727e-16 0)
(2.43143e-22 -9.87727e-16 0)
(3.35719e-22 -9.87727e-16 0)
(4.44921e-22 -9.87727e-16 0)
(5.73633e-22 -9.87727e-16 0)
(7.24429e-22 -9.87727e-16 0)
(8.99598e-22 -9.87727e-16 0)
(1.10118e-21 -9.87727e-16 0)
(1.33098e-21 -9.87726e-16 0)
(1.59064e-21 -9.87726e-16 0)
(1.88159e-21 -9.87726e-16 0)
(2.20517e-21 -9.87726e-16 0)
(2.56258e-21 -9.87726e-16 0)
(2.955e-21 -9.87726e-16 0)
(3.38354e-21 -9.87726e-16 0)
(3.84936e-21 -9.87726e-16 0)
(4.3537e-21 -9.87726e-16 0)
(4.89793e-21 -9.87726e-16 0)
(5.48368e-21 -9.87726e-16 0)
(6.11288e-21 -9.87726e-16 0)
(6.78792e-21 -9.87726e-16 0)
(7.51177e-21 -9.87726e-16 0)
(8.28814e-21 -9.87726e-16 0)
(9.12162e-21 -9.87726e-16 0)
(1.00178e-20 -9.87726e-16 0)
(1.09833e-20 -9.87726e-16 0)
(1.20254e-20 -9.87726e-16 0)
(1.31512e-20 -9.87726e-16 0)
(1.43649e-20 -9.87726e-16 0)
(1.56635e-20 -9.87725e-16 0)
(1.70256e-20 -9.87724e-16 0)
(1.83909e-20 -9.87723e-16 0)
(1.96201e-20 -9.87721e-16 0)
(2.04186e-20 -9.87719e-16 0)
(2.0193e-20 -9.87715e-16 0)
(2.30879e-20 -1.31944e-15 0)
(6.52229e-13 -4.02025e-07 0)
(5.27061e-08 -0.00025773 0)
(3.75251e-23 -9.87727e-16 0)
(1.14005e-22 -9.87727e-16 0)
(1.95235e-22 -9.87727e-16 0)
(2.84806e-22 -9.87727e-16 0)
(3.85945e-22 -9.87727e-16 0)
(5.01554e-22 -9.87727e-16 0)
(6.34245e-22 -9.87727e-16 0)
(7.86367e-22 -9.87727e-16 0)
(9.60045e-22 -9.87727e-16 0)
(1.1572e-21 -9.87727e-16 0)
(1.3796e-21 -9.87727e-16 0)
(1.62885e-21 -9.87727e-16 0)
(1.90649e-21 -9.87727e-16 0)
(2.21395e-21 -9.87727e-16 0)
(2.55267e-21 -9.87727e-16 0)
(2.9241e-21 -9.87727e-16 0)
(3.32974e-21 -9.87727e-16 0)
(3.77129e-21 -9.87727e-16 0)
(4.25063e-21 -9.87727e-16 0)
(4.77003e-21 -9.87727e-16 0)
(5.33221e-21 -9.87727e-16 0)
(5.94059e-21 -9.87728e-16 0)
(6.59955e-21 -9.87728e-16 0)
(7.31477e-21 -9.87728e-16 0)
(8.09381e-21 -9.87728e-16 0)
(8.94683e-21 -9.87728e-16 0)
(9.88786e-21 -9.87728e-16 0)
(1.09365e-20 -9.87729e-16 0)
(1.21211e-20 -9.87729e-16 0)
(1.34833e-20 -9.87729e-16 0)
(1.50861e-20 -9.87729e-16 0)
(1.70275e-20 -9.87729e-16 0)
(1.9464e-20 -9.8773e-16 0)
(2.26506e-20 -9.8773e-16 0)
(2.70129e-20 -9.87729e-16 0)
(3.32705e-20 -9.87729e-16 0)
(4.26567e-20 -9.87729e-16 0)
(5.72829e-20 -9.87728e-16 0)
(6.12291e-20 -9.87726e-16 0)
(3.58572e-20 -9.87723e-16 0)
(3.9655e-23 -9.87727e-16 0)
(1.20076e-22 -9.87727e-16 0)
(2.04359e-22 -9.87727e-16 0)
(2.95622e-22 -9.87727e-16 0)
(3.96679e-22 -9.87727e-16 0)
(5.10069e-22 -9.87727e-16 0)
(6.38092e-22 -9.87727e-16 0)
(7.82837e-22 -9.87727e-16 0)
(9.46212e-22 -9.87727e-16 0)
(1.12997e-21 -9.87727e-16 0)
(1.33574e-21 -9.87727e-16 0)
(1.56506e-21 -9.87727e-16 0)
(1.81939e-21 -9.87727e-16 0)
(2.10017e-21 -9.87727e-16 0)
(2.40885e-21 -9.87728e-16 0)
(2.74689e-21 -9.87728e-16 0)
(3.1159e-21 -9.87728e-16 0)
(3.5176e-21 -9.87728e-16 0)
(3.95396e-21 -9.87728e-16 0)
(4.42725e-21 -9.87728e-16 0)
(4.94017e-21 -9.87729e-16 0)
(5.49597e-21 -9.87729e-16 0)
(6.09864e-21 -9.87729e-16 0)
(6.75315e-21 -9.87729e-16 0)
(7.46567e-21 -9.8773e-16 0)
(8.244e-21 -9.8773e-16 0)
(9.09791e-21 -9.87731e-16 0)
(1.00396e-20 -9.87731e-16 0)
(1.10843e-20 -9.87732e-16 0)
(1.22502e-20 -9.87732e-16 0)
(1.35578e-20 -9.87733e-16 0)
(1.50282e-20 -9.87734e-16 0)
(1.66769e-20 -9.87735e-16 0)
(1.85005e-20 -9.87737e-16 0)
(2.04487e-20 -9.87739e-16 0)
(2.23677e-20 -9.87742e-16 0)
(2.38893e-20 -9.87746e-16 0)
(2.42193e-20 -9.87752e-16 0)
(2.17446e-20 -9.87762e-16 0)
(1.56786e-20 -9.8777e-16 0)
(3.79092e-23 -9.87727e-16 0)
(1.14571e-22 -9.87727e-16 0)
(1.94293e-22 -9.87727e-16 0)
(2.79688e-22 -9.87727e-16 0)
(3.73118e-22 -9.87727e-16 0)
(4.76724e-22 -9.87727e-16 0)
(5.92454e-22 -9.87727e-16 0)
(7.22091e-22 -9.87727e-16 0)
(8.67273e-22 -9.87727e-16 0)
(1.02952e-21 -9.87728e-16 0)
(1.21025e-21 -9.87728e-16 0)
(1.41082e-21 -9.87728e-16 0)
(1.63253e-21 -9.87728e-16 0)
(1.87665e-21 -9.87728e-16 0)
(2.14445e-21 -9.87728e-16 0)
(2.43722e-21 -9.87728e-16 0)
(2.7563e-21 -9.87729e-16 0)
(3.1031e-21 -9.87729e-16 0)
(3.47913e-21 -9.87729e-16 0)
(3.88601e-21 -9.87729e-16 0)
(4.32552e-21 -9.8773e-16 0)
(4.79957e-21 -9.8773e-16 0)
(5.31023e-21 -9.8773e-16 0)
(5.85968e-21 -9.87731e-16 0)
(6.45012e-21 -9.87731e-16 0)
(7.08361e-21 -9.87732e-16 0)
(7.76171e-21 -9.87732e-16 0)
(8.48499e-21 -9.87733e-16 0)
(9.25203e-21 -9.87734e-16 0)
(1.0058e-20 -9.87735e-16 0)
(1.08922e-20 -9.87736e-16 0)
(1.17349e-20 -9.87737e-16 0)
(1.2552e-20 -9.87738e-16 0)
(1.3289e-20 -9.8774e-16 0)
(1.38625e-20 -9.87742e-16 0)
(1.41539e-20 -9.87744e-16 0)
(1.40081e-20 -9.87747e-16 0)
(1.32513e-20 -9.8775e-16 0)
(1.17528e-20 -9.87753e-16 0)
(9.58543e-21 -9.87755e-16 0)
(3.29261e-23 -9.87727e-16 0)
(9.93949e-23 -9.87727e-16 0)
(1.68185e-22 -9.87727e-16 0)
(2.4137e-22 -9.87727e-16 0)
(3.20828e-22 -9.87727e-16 0)
(4.08265e-22 -9.87727e-16 0)
(5.0524e-22 -9.87728e-16 0)
(6.13183e-22 -9.87728e-16 0)
(7.33415e-22 -9.87728e-16 0)
(8.67164e-22 -9.87728e-16 0)
(1.01559e-21 -9.87728e-16 0)
(1.17977e-21 -9.87728e-16 0)
(1.36077e-21 -9.87728e-16 0)
(1.55959e-21 -9.87728e-16 0)
(1.77722e-21 -9.87729e-16 0)
(2.01462e-21 -9.87729e-16 0)
(2.27272e-21 -9.87729e-16 0)
(2.55245e-21 -9.87729e-16 0)
(2.85466e-21 -9.8773e-16 0)
(3.18016e-21 -9.8773e-16 0)
(3.5296e-21 -9.8773e-16 0)
(3.90345e-21 -9.87731e-16 0)
(4.30188e-21 -9.87731e-16 0)
(4.72456e-21 -9.87732e-16 0)
(5.17048e-21 -9.87733e-16 0)
(5.63765e-21 -9.87733e-16 0)
(6.12262e-21 -9.87734e-16 0)
(6.61997e-21 -9.87735e-16 0)
(7.12159e-21 -9.87735e-16 0)
(7.61581e-21 -9.87736e-16 0)
(8.08642e-21 -9.87737e-16 0)
(8.51164e-21 -9.87739e-16 0)
(8.86331e-21 -9.8774e-16 0)
(9.10674e-21 -9.87741e-16 0)
(9.20181e-21 -9.87743e-16 0)
(9.10632e-21 -9.87744e-16 0)
(8.78272e-21 -9.87746e-16 0)
(8.20916e-21 -9.87747e-16 0)
(7.39403e-21 -9.87749e-16 0)
(6.38901e-21 -9.8775e-16 0)
(2.53802e-23 -9.87727e-16 0)
(7.65602e-23 -9.87727e-16 0)
(1.29369e-22 -9.87727e-16 0)
(1.85309e-22 -9.87728e-16 0)
(2.45746e-22 -9.87728e-16 0)
(3.11921e-22 -9.87728e-16 0)
(3.84971e-22 -9.87728e-16 0)
(4.65939e-22 -9.87728e-16 0)
(5.55793e-22 -9.87728e-16 0)
(6.55431e-22 -9.87728e-16 0)
(7.65696e-22 -9.87728e-16 0)
(8.87382e-22 -9.87728e-16 0)
(1.02124e-21 -9.87729e-16 0)
(1.16797e-21 -9.87729e-16 0)
(1.32825e-21 -9.87729e-16 0)
(1.50269e-21 -9.87729e-16 0)
(1.69185e-21 -9.8773e-16 0)
(1.89618e-21 -9.8773e-16 0)
(2.11602e-21 -9.8773e-16 0)
(2.35155e-21 -9.87731e-16 0)
(2.60269e-21 -9.87731e-16 0)
(2.86901e-21 -9.87732e-16 0)
(3.14966e-21 -9.87732e-16 0)
(3.44316e-21 -9.87733e-16 0)
(3.74725e-21 -9.87733e-16 0)
(4.05866e-21 -9.87734e-16 0)
(4.37285e-21 -9.87735e-16 0)
(4.68379e-21 -9.87736e-16 0)
(4.98364e-21 -9.87736e-16 0)
(5.26262e-21 -9.87737e-16 0)
(5.50887e-21 -9.87738e-16 0)
(5.70862e-21 -9.87739e-16 0)
(5.84662e-21 -9.8774e-16 0)
(5.90708e-21 -9.87741e-16 0)
(5.87515e-21 -9.87743e-16 0)
(5.73907e-21 -9.87744e-16 0)
(5.49279e-21 -9.87745e-16 0)
(5.13865e-21 -9.87746e-16 0)
(4.68937e-21 -9.87747e-16 0)
(4.16803e-21 -9.87748e-16 0)
(1.59781e-23 -9.87727e-16 0)
(4.81778e-23 -9.87728e-16 0)
(8.13429e-23 -9.87728e-16 0)
(1.16385e-22 -9.87728e-16 0)
(1.54133e-22 -9.87728e-16 0)
(1.95339e-22 -9.87728e-16 0)
(2.40696e-22 -9.87728e-16 0)
(2.90838e-22 -9.87728e-16 0)
(3.46354e-22 -9.87728e-16 0)
(4.0779e-22 -9.87728e-16 0)
(4.75656e-22 -9.87728e-16 0)
(5.50429e-22 -9.87729e-16 0)
(6.32553e-22 -9.87729e-16 0)
(7.22442e-22 -9.87729e-16 0)
(8.20466e-22 -9.87729e-16 0)
(9.26952e-22 -9.8773e-16 0)
(1.04216e-21 -9.8773e-16 0)
(1.16627e-21 -9.8773e-16 0)
(1.29933e-21 -9.87731e-16 0)
(1.44126e-21 -9.87731e-16 0)
(1.59174e-21 -9.87732e-16 0)
(1.75018e-21 -9.87732e-16 0)
(1.91565e-21 -9.87733e-16 0)
(2.08677e-21 -9.87733e-16 0)
(2.2616e-21 -9.87734e-16 0)
(2.43756e-21 -9.87735e-16 0)
(2.61135e-21 -9.87735e-16 0)
(2.77882e-21 -9.87736e-16 0)
(2.93502e-21 -9.87737e-16 0)
(3.07419e-21 -9.87738e-16 0)
(3.18992e-21 -9.87739e-16 0)
(3.27541e-21 -9.8774e-16 0)
(3.32395e-21 -9.87741e-16 0)
(3.32943e-21 -9.87741e-16 0)
(3.2871e-21 -9.87742e-16 0)
(3.19435e-21 -9.87743e-16 0)
(3.05141e-21 -9.87744e-16 0)
(2.86183e-21 -9.87745e-16 0)
(2.63254e-21 -9.87746e-16 0)
(2.37326e-21 -9.87746e-16 0)
(5.45157e-24 -9.87728e-16 0)
(1.64345e-23 -9.87728e-16 0)
(2.77374e-23 -9.87728e-16 0)
(3.96657e-23 -9.87728e-16 0)
(5.24969e-23 -9.87728e-16 0)
(6.64841e-23 -9.87728e-16 0)
(8.18589e-23 -9.87728e-16 0)
(9.88346e-23 -9.87728e-16 0)
(1.17608e-22 -9.87728e-16 0)
(1.38363e-22 -9.87728e-16 0)
(1.6127e-22 -9.87728e-16 0)
(1.86487e-22 -9.87729e-16 0)
(2.14161e-22 -9.87729e-16 0)
(2.44426e-22 -9.87729e-16 0)
(2.77401e-22 -9.87729e-16 0)
(3.13185e-22 -9.8773e-16 0)
(3.5185e-22 -9.8773e-16 0)
(3.93437e-22 -9.8773e-16 0)
(4.37937e-22 -9.87731e-16 0)
(4.85282e-22 -9.87731e-16 0)
(5.35321e-22 -9.87732e-16 0)
(5.87802e-22 -9.87732e-16 0)
(6.42342e-22 -9.87733e-16 0)
(6.98397e-22 -9.87733e-16 0)
(7.5524e-22 -9.87734e-16 0)
(8.11925e-22 -9.87735e-16 0)
(8.67274e-22 -9.87736e-16 0)
(9.19866e-22 -9.87736e-16 0)
(9.6805e-22 -9.87737e-16 0)
(1.00998e-21 -9.87738e-16 0)
(1.04369e-21 -9.87739e-16 0)
(1.0672e-21 -9.8774e-16 0)
(1.07866e-21 -9.87741e-16 0)
(1.07653e-21 -9.87741e-16 0)
(1.05976e-21 -9.87742e-16 0)
(1.02799e-21 -9.87743e-16 0)
(9.81668e-22 -9.87744e-16 0)
(9.22082e-22 -9.87745e-16 0)
(8.51333e-22 -9.87745e-16 0)
(7.72138e-22 -9.87746e-16 0)
(1.28674e-05 -0.000131038 0)
(9.62257e-05 -0.000108763 0)
(0.000152333 -5.10904e-05 0)
(0.000170128 -6.84053e-07 0)
(0.000169689 -9.28022e-07 0)
(0.000169148 -1.25917e-06 0)
(0.000168471 -1.74697e-06 0)
(0.000167593 -2.53179e-06 0)
(0.000166384 -3.94286e-06 0)
(0.000164489 -7.00043e-06 0)
(0.000159865 -1.84053e-05 0)
(7.99491e-05 -7.22223e-05 0)
(1.73558e-06 -4.2171e-12 0)
(7.06461e-15 -9.85526e-13 0)
(1.09653e-15 -9.85714e-13 0)
(8.48484e-16 -9.85827e-13 0)
(6.78795e-16 -9.85896e-13 0)
(5.58298e-16 -9.8594e-13 0)
(4.69567e-16 -9.85968e-13 0)
(4.01966e-16 -9.85987e-13 0)
(3.48844e-16 -9.86e-13 0)
(3.05934e-16 -9.8601e-13 0)
(2.70424e-16 -9.86017e-13 0)
(2.4041e-16 -9.86022e-13 0)
(2.14569e-16 -9.86025e-13 0)
(1.91957e-16 -9.86028e-13 0)
(1.71883e-16 -9.86031e-13 0)
(1.53831e-16 -9.86033e-13 0)
(1.37407e-16 -9.86034e-13 0)
(1.22302e-16 -9.86036e-13 0)
(1.08273e-16 -9.86037e-13 0)
(9.51185e-17 -9.86037e-13 0)
(8.26738e-17 -9.86038e-13 0)
(7.07986e-17 -9.86039e-13 0)
(5.93707e-17 -9.86039e-13 0)
(4.82813e-17 -9.8604e-13 0)
(3.74306e-17 -9.8604e-13 0)
(2.67241e-17 -9.8604e-13 0)
(1.6069e-17 -9.8604e-13 0)
(5.37139e-18 -9.8604e-13 0)
(4.70242e-05 -0.000434537 0)
(8.51004e-05 -0.000158943 0)
(3.41751e-05 -5.06119e-05 0)
(2.33255e-06 -5.25864e-10 0)
(4.56235e-13 -7.0923e-13 0)
(1.1853e-16 -7.44501e-13 0)
(1.91459e-17 -7.80664e-13 0)
(-7.21834e-17 -8.17789e-13 0)
(-1.65534e-16 -8.55985e-13 0)
(-2.71693e-16 -8.95428e-13 0)
(-4.03223e-16 -9.36443e-13 0)
(-3.51523e-16 -9.79829e-13 0)
(-1.01714e-17 -9.84736e-13 0)
(2.96114e-16 -9.85085e-13 0)
(4.15568e-16 -9.85321e-13 0)
(4.44939e-16 -9.85482e-13 0)
(4.33144e-16 -9.85593e-13 0)
(4.04321e-16 -9.85671e-13 0)
(3.7005e-16 -9.85726e-13 0)
(3.35633e-16 -9.85766e-13 0)
(3.03287e-16 -9.85796e-13 0)
(2.73754e-16 -9.85818e-13 0)
(2.47102e-16 -9.85835e-13 0)
(2.23115e-16 -9.85848e-13 0)
(2.01482e-16 -9.85858e-13 0)
(1.8188e-16 -9.85866e-13 0)
(1.64009e-16 -9.85873e-13 0)
(1.47602e-16 -9.85878e-13 0)
(1.32431e-16 -9.85882e-13 0)
(1.18297e-16 -9.85886e-13 0)
(1.05033e-16 -9.85889e-13 0)
(9.24928e-17 -9.85891e-13 0)
(8.05487e-17 -9.85893e-13 0)
(6.90885e-17 -9.85895e-13 0)
(5.80113e-17 -9.85896e-13 0)
(4.72243e-17 -9.85897e-13 0)
(3.66404e-17 -9.85898e-13 0)
(2.61752e-17 -9.85899e-13 0)
(1.5745e-17 -9.85899e-13 0)
(5.26411e-18 -9.859e-13 0)
(3.16599e-06 -0.000613611 0)
(2.5247e-06 -8.98385e-05 0)
(-1.19305e-15 -3.88205e-11 0)
(-6.9489e-17 -9.85507e-13 0)
(-3.07639e-17 -9.85574e-13 0)
(-2.40101e-17 -9.85613e-13 0)
(-3.56808e-17 -9.85633e-13 0)
(-5.58819e-17 -9.85634e-13 0)
(-7.7445e-17 -9.85617e-13 0)
(-9.28126e-17 -9.8558e-13 0)
(-9.02298e-17 -9.85516e-13 0)
(-4.76048e-17 -9.85416e-13 0)
(3.81652e-17 -9.8536e-13 0)
(1.31178e-16 -9.85389e-13 0)
(2.0158e-16 -9.8545e-13 0)
(2.45344e-16 -9.85517e-13 0)
(2.67089e-16 -9.8558e-13 0)
(2.73072e-16 -9.85635e-13 0)
(2.68735e-16 -9.85681e-13 0)
(2.58132e-16 -9.85718e-13 0)
(2.44045e-16 -9.85749e-13 0)
(2.28277e-16 -9.85774e-13 0)
(2.11944e-16 -9.85794e-13 0)
(1.95703e-16 -9.85811e-13 0)
(1.79916e-16 -9.85824e-13 0)
(1.64764e-16 -9.85835e-13 0)
(1.50311e-16 -9.85844e-13 0)
(1.36562e-16 -9.85852e-13 0)
(1.23479e-16 -9.85858e-13 0)
(1.11007e-16 -9.85864e-13 0)
(9.90808e-17 -9.85868e-13 0)
(8.7632e-17 -9.85872e-13 0)
(7.65906e-17 -9.85875e-13 0)
(6.58884e-17 -9.85878e-13 0)
(5.54578e-17 -9.8588e-13 0)
(4.5233e-17 -9.85881e-13 0)
(3.51481e-17 -9.85883e-13 0)
(2.51369e-17 -9.85884e-13 0)
(1.51316e-17 -9.85884e-13 0)
(5.06088e-18 -9.85885e-13 0)
(1.01317e-06 -0.000619247 0)
(4.24604e-07 -7.27112e-05 0)
(-8.78213e-16 -2.53566e-11 0)
(-5.1145e-17 -9.85609e-13 0)
(-4.30913e-17 -9.85609e-13 0)
(-3.73881e-17 -9.85612e-13 0)
(-3.44385e-17 -9.85612e-13 0)
(-3.27526e-17 -9.85607e-13 0)
(-2.98461e-17 -9.85597e-13 0)
(-2.25986e-17 -9.8558e-13 0)
(-7.56267e-18 -9.85558e-13 0)
(1.80711e-17 -9.85536e-13 0)
(5.33371e-17 -9.85525e-13 0)
(9.22357e-17 -9.8553e-13 0)
(1.28015e-16 -9.8555e-13 0)
(1.56687e-16 -9.85578e-13 0)
(1.76934e-16 -9.85611e-13 0)
(1.89145e-16 -9.85643e-13 0)
(1.9454e-16 -9.85674e-13 0)
(1.94582e-16 -9.85703e-13 0)
(1.90658e-16 -9.85728e-13 0)
(1.83938e-16 -9.8575e-13 0)
(1.75346e-16 -9.85769e-13 0)
(1.65575e-16 -9.85785e-13 0)
(1.55124e-16 -9.85799e-13 0)
(1.4434e-16 -9.85811e-13 0)
(1.33458e-16 -9.85822e-13 0)
(1.22627e-16 -9.8583e-13 0)
(1.1194e-16 -9.85838e-13 0)
(1.01444e-16 -9.85844e-13 0)
(9.11594e-17 -9.8585e-13 0)
(8.10853e-17 -9.85854e-13 0)
(7.1207e-17 -9.85858e-13 0)
(6.15e-17 -9.85861e-13 0)
(5.19331e-17 -9.85864e-13 0)
(4.24696e-17 -9.85866e-13 0)
(3.30687e-17 -9.85868e-13 0)
(2.36859e-17 -9.85869e-13 0)
(1.42726e-17 -9.8587e-13 0)
(4.776e-18 -9.8587e-13 0)
(6.68817e-07 -0.000616323 0)
(7.31483e-09 -6.23901e-05 0)
(-6.55871e-16 -2.10842e-11 0)
(-4.44729e-17 -9.85631e-13 0)
(-3.76266e-17 -9.85628e-13 0)
(-3.0938e-17 -9.85626e-13 0)
(-2.4271e-17 -9.85623e-13 0)
(-1.71355e-17 -9.85619e-13 0)
(-8.7507e-18 -9.85613e-13 0)
(1.80319e-18 -9.85607e-13 0)
(1.53443e-17 -9.856e-13 0)
(3.22305e-17 -9.85595e-13 0)
(5.19255e-17 -9.85594e-13 0)
(7.29219e-17 -9.85599e-13 0)
(9.33012e-17 -9.85609e-13 0)
(1.11404e-16 -9.85624e-13 0)
(1.26152e-16 -9.85642e-13 0)
(1.37074e-16 -9.85662e-13 0)
(1.44177e-16 -9.85682e-13 0)
(1.47784e-16 -9.85702e-13 0)
(1.48377e-16 -9.85721e-13 0)
(1.46493e-16 -9.85739e-13 0)
(1.42649e-16 -9.85755e-13 0)
(1.37306e-16 -9.8577e-13 0)
(1.30852e-16 -9.85783e-13 0)
(1.236e-16 -9.85794e-13 0)
(1.15796e-16 -9.85804e-13 0)
(1.07627e-16 -9.85813e-13 0)
(9.92301e-17 -9.85821e-13 0)
(9.07032e-17 -9.85828e-13 0)
(8.21134e-17 -9.85834e-13 0)
(7.35038e-17 -9.85839e-13 0)
(6.48985e-17 -9.85843e-13 0)
(5.63072e-17 -9.85847e-13 0)
(4.77283e-17 -9.8585e-13 0)
(3.91515e-17 -9.85852e-13 0)
(3.05593e-17 -9.85854e-13 0)
(2.19281e-17 -9.85856e-13 0)
(1.32293e-17 -9.85857e-13 0)
(4.42958e-18 -9.85857e-13 0)
(6.43936e-07 -0.000611601 0)
(-3.05422e-10 -5.46871e-05 0)
(-4.71575e-16 -1.7915e-11 0)
(-3.64841e-17 -9.85649e-13 0)
(-3.01531e-17 -9.85646e-13 0)
(-2.34886e-17 -9.85644e-13 0)
(-1.63952e-17 -9.85641e-13 0)
(-8.69868e-18 -9.85639e-13 0)
(-1.66935e-19 -9.85636e-13 0)
(9.4363e-18 -9.85634e-13 0)
(2.02694e-17 -9.85633e-13 0)
(3.23153e-17 -9.85633e-13 0)
(4.53014e-17 -9.85634e-13 0)
(5.86956e-17 -9.85639e-13 0)
(7.18084e-17 -9.85646e-13 0)
(8.39433e-17 -9.85655e-13 0)
(9.45224e-17 -9.85667e-13 0)
(1.03153e-16 -9.8568e-13 0)
(1.0964e-16 -9.85693e-13 0)
(1.13961e-16 -9.85708e-13 0)
(1.16223e-16 -9.85722e-13 0)
(1.16617e-16 -9.85736e-13 0)
(1.15378e-16 -9.85749e-13 0)
(1.12756e-16 -9.85761e-13 0)
(1.0899e-16 -9.85772e-13 0)
(1.04301e-16 -9.85783e-13 0)
(9.88801e-17 -9.85792e-13 0)
(9.28886e-17 -9.858e-13 0)
(8.64592e-17 -9.85808e-13 0)
(7.96978e-17 -9.85814e-13 0)
(7.26864e-17 -9.8582e-13 0)
(6.54868e-17 -9.85825e-13 0)
(5.81439e-17 -9.8583e-13 0)
(5.06881e-17 -9.85834e-13 0)
(4.31382e-17 -9.85837e-13 0)
(3.55033e-17 -9.8584e-13 0)
(2.77844e-17 -9.85842e-13 0)
(1.99762e-17 -9.85843e-13 0)
(1.20676e-17 -9.85844e-13 0)
(4.04328e-18 -9.85845e-13 0)
(6.37503e-07 -0.000606814 0)
(-2.63374e-10 -4.8522e-05 0)
(-3.30758e-16 -1.49758e-11 0)
(-2.99629e-17 -9.85665e-13 0)
(-2.42537e-17 -9.85663e-13 0)
(-1.81736e-17 -9.85661e-13 0)
(-1.16872e-17 -9.85659e-13 0)
(-4.74369e-18 -9.85658e-13 0)
(2.71245e-18 -9.85657e-13 0)
(1.07217e-17 -9.85657e-13 0)
(1.92832e-17 -9.85657e-13 0)
(2.83279e-17 -9.85659e-13 0)
(3.7699e-17 -9.85661e-13 0)
(4.71533e-17 -9.85665e-13 0)
(5.63849e-17 -9.8567e-13 0)
(6.50666e-17 -9.85677e-13 0)
(7.28933e-17 -9.85685e-13 0)
(7.96162e-17 -9.85694e-13 0)
(8.50625e-17 -9.85704e-13 0)
(8.914e-17 -9.85715e-13 0)
(9.18308e-17 -9.85725e-13 0)
(9.31776e-17 -9.85736e-13 0)
(9.32674e-17 -9.85746e-13 0)
(9.22159e-17 -9.85756e-13 0)
(9.0153e-17 -9.85766e-13 0)
(8.72119e-17 -9.85775e-13 0)
(8.35213e-17 -9.85783e-13 0)
(7.92e-17 -9.85791e-13 0)
(7.43537e-17 -9.85798e-13 0)
(6.90741e-17 -9.85804e-13 0)
(6.34384e-17 -9.85809e-13 0)
(5.75101e-17 -9.85814e-13 0)
(5.13401e-17 -9.85819e-13 0)
(4.49681e-17 -9.85823e-13 0)
(3.84238e-17 -9.85826e-13 0)
(3.17287e-17 -9.85828e-13 0)
(2.48967e-17 -9.85831e-13 0)
(1.79359e-17 -9.85832e-13 0)
(1.08497e-17 -9.85833e-13 0)
(3.6377e-18 -9.85834e-13 0)
(6.36281e-07 -0.000602072 0)
(-2.36442e-10 -4.33849e-05 0)
(-2.39496e-16 -1.26233e-11 0)
(-2.53599e-17 -9.85679e-13 0)
(-2.0279e-17 -9.85678e-13 0)
(-1.49138e-17 -9.85676e-13 0)
(-9.25343e-18 -9.85676e-13 0)
(-3.28868e-18 -9.85675e-13 0)
(2.98298e-18 -9.85675e-13 0)
(9.55057e-18 -9.85675e-13 0)
(1.6381e-17 -9.85676e-13 0)
(2.34107e-17 -9.85678e-13 0)
(3.05413e-17 -9.8568e-13 0)
(3.76392e-17 -9.85684e-13 0)
(4.45442e-17 -9.85688e-13 0)
(5.10823e-17 -9.85693e-13 0)
(5.70817e-17 -9.85699e-13 0)
(6.23886e-17 -9.85706e-13 0)
(6.68787e-17 -9.85713e-13 0)
(7.04646e-17 -9.85721e-13 0)
(7.30973e-17 -9.85729e-13 0)
(7.47646e-17 -9.85738e-13 0)
(7.54858e-17 -9.85746e-13 0)
(7.5305e-17 -9.85754e-13 0)
(7.42841e-17 -9.85762e-13 0)
(7.2496e-17 -9.8577e-13 0)
(7.00189e-17 -9.85777e-13 0)
(6.69315e-17 -9.85783e-13 0)
(6.33097e-17 -9.8579e-13 0)
(5.92237e-17 -9.85795e-13 0)
(5.47373e-17 -9.858e-13 0)
(4.99064e-17 -9.85805e-13 0)
(4.47794e-17 -9.85809e-13 0)
(3.9397e-17 -9.85813e-13 0)
(3.37929e-17 -9.85816e-13 0)
(2.79944e-17 -9.85819e-13 0)
(2.20234e-17 -9.85821e-13 0)
(1.58971e-17 -9.85822e-13 0)
(9.62919e-18 -9.85823e-13 0)
(3.23065e-18 -9.85824e-13 0)
(6.3871e-07 -0.00059734 0)
(-2.08477e-10 -3.90007e-05 0)
(-1.80213e-16 -1.07535e-11 0)
(-2.21506e-17 -9.85692e-13 0)
(-1.76901e-17 -9.85691e-13 0)
(-1.30317e-17 -9.8569e-13 0)
(-8.17465e-18 -9.8569e-13 0)
(-3.12345e-18 -9.85689e-13 0)
(2.11044e-18 -9.8569e-13 0)
(7.50576e-18 -9.8569e-13 0)
(1.30285e-17 -9.85691e-13 0)
(1.86293e-17 -9.85693e-13 0)
(2.42422e-17 -9.85695e-13 0)
(2.97853e-17 -9.85698e-13 0)
(3.51634e-17 -9.85702e-13 0)
(4.02735e-17 -9.85706e-13 0)
(4.50114e-17 -9.8571e-13 0)
(4.92783e-17 -9.85716e-13 0)
(5.2988e-17 -9.85721e-13 0)
(5.6071e-17 -9.85727e-13 0)
(5.84777e-17 -9.85734e-13 0)
(6.01795e-17 -9.8574e-13 0)
(6.1168e-17 -9.85747e-13 0)
(6.14524e-17 -9.85754e-13 0)
(6.10568e-17 -9.8576e-13 0)
(6.00169e-17 -9.85766e-13 0)
(5.83762e-17 -9.85772e-13 0)
(5.6183e-17 -9.85778e-13 0)
(5.34876e-17 -9.85784e-13 0)
(5.03402e-17 -9.85789e-13 0)
(4.67892e-17 -9.85793e-13 0)
(4.28797e-17 -9.85798e-13 0)
(3.86532e-17 -9.85801e-13 0)
(3.41471e-17 -9.85805e-13 0)
(2.93942e-17 -9.85808e-13 0)
(2.44239e-17 -9.8581e-13 0)
(1.92614e-17 -9.85812e-13 0)
(1.39293e-17 -9.85814e-13 0)
(8.44789e-18 -9.85815e-13 0)
(2.83613e-18 -9.85815e-13 0)
(6.44233e-07 -0.000592606 0)
(-1.81164e-10 -3.51867e-05 0)
(-1.38636e-16 -9.27633e-12 0)
(-1.98129e-17 -9.85703e-13 0)
(-1.59476e-17 -9.85702e-13 0)
(-1.19461e-17 -9.85702e-13 0)
(-7.81194e-18 -9.85701e-13 0)
(-3.5533e-18 -9.85702e-13 0)
(8.15769e-19 -9.85702e-13 0)
(5.27451e-18 -9.85703e-13 0)
(9.79433e-18 -9.85704e-13 0)
(1.4338e-17 -9.85705e-13 0)
(1.88595e-17 -9.85707e-13 0)
(2.33041e-17 -9.85709e-13 0)
(2.76102e-17 -9.85712e-13 0)
(3.17115e-17 -9.85716e-13 0)
(3.55401e-17 -9.85719e-13 0)
(3.90295e-17 -9.85723e-13 0)
(4.21189e-17 -9.85728e-13 0)
(4.47553e-17 -9.85733e-13 0)
(4.68963e-17 -9.85738e-13 0)
(4.85112e-17 -9.85743e-13 0)
(4.9582e-17 -9.85748e-13 0)
(5.01022e-17 -9.85754e-13 0)
(5.00766e-17 -9.85759e-13 0)
(4.95193e-17 -9.85764e-13 0)
(4.84519e-17 -9.8577e-13 0)
(4.69019e-17 -9.85774e-13 0)
(4.49009e-17 -9.85779e-13 0)
(4.24825e-17 -9.85784e-13 0)
(3.96815e-17 -9.85788e-13 0)
(3.65324e-17 -9.85791e-13 0)
(3.30687e-17 -9.85795e-13 0)
(2.93223e-17 -9.85798e-13 0)
(2.53231e-17 -9.85801e-13 0)
(2.10993e-17 -9.85803e-13 0)
(1.66771e-17 -9.85805e-13 0)
(1.20812e-17 -9.85806e-13 0)
(7.33564e-18 -9.85807e-13 0)
(2.4642e-18 -9.85808e-13 0)
(6.52425e-07 -0.000587857 0)
(-1.56318e-10 -3.1834e-05 0)
(-1.09723e-16 -8.08954e-12 0)
(-1.79849e-17 -9.85712e-13 0)
(-1.46851e-17 -9.85712e-13 0)
(-1.12833e-17 -9.85712e-13 0)
(-7.78613e-18 -9.85712e-13 0)
(-4.20395e-18 -9.85712e-13 0)
(-5.50812e-19 -9.85712e-13 0)
(3.15476e-18 -9.85713e-13 0)
(6.88937e-18 -9.85714e-13 0)
(1.06245e-17 -9.85715e-13 0)
(1.43264e-17 -9.85717e-13 0)
(1.79564e-17 -9.85719e-13 0)
(2.1472e-17 -9.85721e-13 0)
(2.48273e-17 -9.85724e-13 0)
(2.79754e-17 -9.85727e-13 0)
(3.08695e-17 -9.8573e-13 0)
(3.34654e-17 -9.85733e-13 0)
(3.57227e-17 -9.85737e-13 0)
(3.76068e-17 -9.85741e-13 0)
(3.90898e-17 -9.85746e-13 0)
(4.01516e-17 -9.8575e-13 0)
(4.07797e-17 -9.85754e-13 0)
(4.09694e-17 -9.85759e-13 0)
(4.07231e-17 -9.85763e-13 0)
(4.00495e-17 -9.85768e-13 0)
(3.89628e-17 -9.85772e-13 0)
(3.74813e-17 -9.85776e-13 0)
(3.56267e-17 -9.8578e-13 0)
(3.34229e-17 -9.85783e-13 0)
(3.08953e-17 -9.85786e-13 0)
(2.807e-17 -9.85789e-13 0)
(2.4973e-17 -9.85792e-13 0)
(2.16304e-17 -9.85795e-13 0)
(1.80677e-17 -9.85797e-13 0)
(1.43102e-17 -9.85798e-13 0)
(1.0383e-17 -9.858e-13 0)
(6.31128e-18 -9.858e-13 0)
(2.12125e-18 -9.85801e-13 0)
(6.63161e-07 -0.000583079 0)
(-1.35332e-10 -2.88716e-05 0)
(-8.75772e-17 -7.08691e-12 0)
(-1.65192e-17 -9.85721e-13 0)
(-1.37309e-17 -9.8572e-13 0)
(-1.08582e-17 -9.8572e-13 0)
(-7.91046e-18 -9.8572e-13 0)
(-4.89892e-18 -9.8572e-13 0)
(-1.83724e-18 -9.85721e-13 0)
(1.2582e-18 -9.85721e-13 0)
(4.36801e-18 -9.85722e-13 0)
(7.46964e-18 -9.85723e-13 0)
(1.05374e-17 -9.85724e-13 0)
(1.35426e-17 -9.85726e-13 0)
(1.64541e-17 -9.85728e-13 0)
(1.92387e-17 -9.8573e-13 0)
(2.18623e-17 -9.85733e-13 0)
(2.42906e-17 -9.85735e-13 0)
(2.64903e-17 -9.85738e-13 0)
(2.84303e-17 -9.85741e-13 0)
(3.00828e-17 -9.85745e-13 0)
(3.14237e-17 -9.85748e-13 0)
(3.24339e-17 -9.85752e-13 0)
(3.30993e-17 -9.85755e-13 0)
(3.3411e-17 -9.85759e-13 0)
(3.33655e-17 -9.85763e-13 0)
(3.29642e-17 -9.85766e-13 0)
(3.22129e-17 -9.8577e-13 0)
(3.11216e-17 -9.85773e-13 0)
(2.97035e-17 -9.85776e-13 0)
(2.79744e-17 -9.8578e-13 0)
(2.59526e-17 -9.85782e-13 0)
(2.36578e-17 -9.85785e-13 0)
(2.11109e-17 -9.85787e-13 0)
(1.83337e-17 -9.8579e-13 0)
(1.53488e-17 -9.85791e-13 0)
(1.21795e-17 -9.85793e-13 0)
(8.84968e-18 -9.85794e-13 0)
(5.38455e-18 -9.85795e-13 0)
(1.81068e-18 -9.85795e-13 0)
(6.76913e-07 -0.000578253 0)
(-1.18698e-10 -2.62342e-05 0)
(-7.15703e-17 -6.24125e-12 0)
(-1.53794e-17 -9.85728e-13 0)
(-1.30237e-17 -9.85727e-13 0)
(-1.05969e-17 -9.85727e-13 0)
(-8.10864e-18 -9.85727e-13 0)
(-5.56992e-18 -9.85727e-13 0)
(-2.99312e-18 -9.85728e-13 0)
(-3.92449e-19 -9.85728e-13 0)
(2.21598e-18 -9.85729e-13 0)
(4.81402e-18 -9.8573e-13 0)
(7.38153e-18 -9.85731e-13 0)
(9.89646e-18 -9.85732e-13 0)
(1.23351e-17 -9.85734e-13 0)
(1.46725e-17 -9.85736e-13 0)
(1.68828e-17 -9.85738e-13 0)
(1.894e-17 -9.8574e-13 0)
(2.08186e-17 -9.85742e-13 0)
(2.24941e-17 -9.85745e-13 0)
(2.3944e-17 -9.85747e-13 0)
(2.51481e-17 -9.8575e-13 0)
(2.60892e-17 -9.85753e-13 0)
(2.67536e-17 -9.85756e-13 0)
(2.71311e-17 -9.85759e-13 0)
(2.72154e-17 -9.85762e-13 0)
(2.7004e-17 -9.85765e-13 0)
(2.6498e-17 -9.85768e-13 0)
(2.57017e-17 -9.85771e-13 0)
(2.46229e-17 -9.85774e-13 0)
(2.32718e-17 -9.85777e-13 0)
(2.16611e-17 -9.85779e-13 0)
(1.98055e-17 -9.85781e-13 0)
(1.77216e-17 -9.85784e-13 0)
(1.54275e-17 -9.85785e-13 0)
(1.29425e-17 -9.85787e-13 0)
(1.02876e-17 -9.85788e-13 0)
(7.48484e-18 -9.85789e-13 0)
(4.55821e-18 -9.8579e-13 0)
(1.53351e-18 -9.8579e-13 0)
(6.95295e-07 -0.000573347 0)
(-1.05877e-10 -2.38572e-05 0)
(-5.94784e-17 -5.50124e-12 0)
(-1.45302e-17 -9.85733e-13 0)
(-1.25239e-17 -9.85733e-13 0)
(-1.04601e-17 -9.85733e-13 0)
(-8.34691e-18 -9.85733e-13 0)
(-6.19366e-18 -9.85733e-13 0)
(-4.01091e-18 -9.85734e-13 0)
(-1.81053e-18 -9.85734e-13 0)
(3.94235e-19 -9.85735e-13 0)
(2.58874e-18 -9.85736e-13 0)
(4.75696e-18 -9.85736e-13 0)
(6.88155e-18 -9.85738e-13 0)
(8.94407e-18 -9.85739e-13 0)
(1.09251e-17 -9.8574e-13 0)
(1.28047e-17 -9.85742e-13 0)
(1.45626e-17 -9.85744e-13 0)
(1.61786e-17 -9.85746e-13 0)
(1.76335e-17 -9.85748e-13 0)
(1.89088e-17 -9.8575e-13 0)
(1.99876e-17 -9.85752e-13 0)
(2.08551e-17 -9.85755e-13 0)
(2.14986e-17 -9.85757e-13 0)
(2.19081e-17 -9.8576e-13 0)
(2.20762e-17 -9.85762e-13 0)
(2.19986e-17 -9.85765e-13 0)
(2.16736e-17 -9.85767e-13 0)
(2.11024e-17 -9.8577e-13 0)
(2.0289e-17 -9.85772e-13 0)
(1.92397e-17 -9.85774e-13 0)
(1.79634e-17 -9.85777e-13 0)
(1.6471e-17 -9.85779e-13 0)
(1.47754e-17 -9.8578e-13 0)
(1.28915e-17 -9.85782e-13 0)
(1.08358e-17 -9.85783e-13 0)
(8.62657e-18 -9.85785e-13 0)
(6.28399e-18 -9.85785e-13 0)
(3.83008e-18 -9.85786e-13 0)
(1.28909e-18 -9.85786e-13 0)
(7.24244e-07 -0.00056831 0)
(-9.5397e-11 -2.16859e-05 0)
(-5.03396e-17 -4.88079e-12 0)
(-1.39044e-17 -9.85739e-13 0)
(-1.21798e-17 -9.85738e-13 0)
(-1.04095e-17 -9.85738e-13 0)
(-8.60019e-18 -9.85738e-13 0)
(-6.7593e-18 -9.85738e-13 0)
(-4.89557e-18 -9.85739e-13 0)
(-3.01877e-18 -9.85739e-13 0)
(-1.13969e-18 -9.8574e-13 0)
(7.2981e-19 -9.8574e-13 0)
(2.57688e-18 -9.85741e-13 0)
(4.38773e-18 -9.85742e-13 0)
(6.14774e-18 -9.85743e-13 0)
(7.84161e-18 -9.85744e-13 0)
(9.45356e-18 -9.85746e-13 0)
(1.09676e-17 -9.85747e-13 0)
(1.23676e-17 -9.85749e-13 0)
(1.3638e-17 -9.8575e-13 0)
(1.47639e-17 -9.85752e-13 0)
(1.5731e-17 -9.85754e-13 0)
(1.65268e-17 -9.85756e-13 0)
(1.714e-17 -9.85758e-13 0)
(1.75612e-17 -9.8576e-13 0)
(1.77832e-17 -9.85762e-13 0)
(1.78007e-17 -9.85765e-13 0)
(1.76107e-17 -9.85767e-13 0)
(1.72126e-17 -9.85769e-13 0)
(1.6608e-17 -9.85771e-13 0)
(1.58007e-17 -9.85773e-13 0)
(1.47968e-17 -9.85775e-13 0)
(1.36045e-17 -9.85776e-13 0)
(1.22337e-17 -9.85778e-13 0)
(1.06967e-17 -9.85779e-13 0)
(9.00741e-18 -9.8578e-13 0)
(7.18171e-18 -9.85781e-13 0)
(5.23751e-18 -9.85782e-13 0)
(3.19477e-18 -9.85783e-13 0)
(1.07569e-18 -9.85783e-13 0)
(7.7885e-07 -0.000563024 0)
(-8.57209e-11 -1.96805e-05 0)
(-4.35211e-17 -4.36334e-12 0)
(-1.34327e-17 -9.85743e-13 0)
(-1.19412e-17 -9.85743e-13 0)
(-1.04107e-17 -9.85743e-13 0)
(-8.84792e-18 -9.85743e-13 0)
(-7.25991e-18 -9.85743e-13 0)
(-5.65425e-18 -9.85743e-13 0)
(-4.03913e-18 -9.85743e-13 0)
(-2.42344e-18 -9.85744e-13 0)
(-8.16798e-19 -9.85744e-13 0)
(7.70446e-19 -9.85745e-13 0)
(2.32725e-18 -9.85746e-13 0)
(3.84195e-18 -9.85747e-13 0)
(5.30235e-18 -9.85748e-13 0)
(6.69585e-18 -9.85749e-13 0)
(8.00963e-18 -9.8575e-13 0)
(9.23082e-18 -9.85751e-13 0)
(1.03467e-17 -9.85753e-13 0)
(1.1345e-17 -9.85754e-13 0)
(1.22141e-17 -9.85756e-13 0)
(1.2943e-17 -9.85757e-13 0)
(1.35222e-17 -9.85759e-13 0)
(1.39432e-17 -9.85761e-13 0)
(1.41991e-17 -9.85763e-13 0)
(1.42846e-17 -9.85764e-13 0)
(1.41962e-17 -9.85766e-13 0)
(1.39323e-17 -9.85768e-13 0)
(1.3493e-17 -9.8577e-13 0)
(1.28805e-17 -9.85771e-13 0)
(1.20991e-17 -9.85773e-13 0)
(1.11546e-17 -9.85774e-13 0)
(1.00551e-17 -9.85776e-13 0)
(8.81038e-18 -9.85777e-13 0)
(7.43231e-18 -9.85778e-13 0)
(5.93456e-18 -9.85779e-13 0)
(4.33284e-18 -9.85779e-13 0)
(2.64496e-18 -9.8578e-13 0)
(8.90919e-19 -9.8578e-13 0)
(8.29775e-07 -0.000557412 0)
(-7.98873e-11 -1.7814e-05 0)
(-3.83312e-17 -3.91419e-12 0)
(-1.3108e-17 -9.85747e-13 0)
(-1.1791e-17 -9.85747e-13 0)
(-1.04458e-17 -9.85747e-13 0)
(-9.07737e-18 -9.85747e-13 0)
(-7.6912e-18 -9.85747e-13 0)
(-6.2931e-18 -9.85747e-13 0)
(-4.88948e-18 -9.85747e-13 0)
(-3.48733e-18 -9.85748e-13 0)
(-2.09429e-18 -9.85748e-13 0)
(-7.18565e-19 -9.85749e-13 0)
(6.31041e-19 -9.85749e-13 0)
(1.94522e-18 -9.8575e-13 0)
(3.21423e-18 -9.85751e-13 0)
(4.42797e-18 -9.85752e-13 0)
(5.57614e-18 -9.85753e-13 0)
(6.64833e-18 -9.85754e-13 0)
(7.6342e-18 -9.85755e-13 0)
(8.52365e-18 -9.85756e-13 0)
(9.30699e-18 -9.85757e-13 0)
(9.97511e-18 -9.85759e-13 0)
(1.05197e-17 -9.8576e-13 0)
(1.09334e-17 -9.85762e-13 0)
(1.12099e-17 -9.85763e-13 0)
(1.13443e-17 -9.85765e-13 0)
(1.13328e-17 -9.85766e-13 0)
(1.11735e-17 -9.85767e-13 0)
(1.08657e-17 -9.85769e-13 0)
(1.04105e-17 -9.8577e-13 0)
(9.81086e-18 -9.85772e-13 0)
(9.07115e-18 -9.85773e-13 0)
(8.19773e-18 -9.85774e-13 0)
(7.19867e-18 -9.85775e-13 0)
(6.08388e-18 -9.85776e-13 0)
(4.86513e-18 -9.85777e-13 0)
(3.5561e-18 -9.85777e-13 0)
(2.17249e-18 -9.85778e-13 0)
(7.3206e-19 -9.85778e-13 0)
(7.7695e-07 -0.000551796 0)
(-7.58704e-11 -1.60678e-05 0)
(-3.42276e-17 -3.52291e-12 0)
(-1.28618e-17 -9.8575e-13 0)
(-1.16748e-17 -9.8575e-13 0)
(-1.04746e-17 -9.8575e-13 0)
(-9.26197e-18 -9.8575e-13 0)
(-8.03949e-18 -9.8575e-13 0)
(-6.81071e-18 -9.8575e-13 0)
(-5.58019e-18 -9.8575e-13 0)
(-4.35318e-18 -9.85751e-13 0)
(-3.13557e-18 -9.85751e-13 0)
(-1.93385e-18 -9.85751e-13 0)
(-7.54963e-19 -9.85752e-13 0)
(3.93668e-19 -9.85753e-13 0)
(1.50425e-18 -9.85753e-13 0)
(2.5687e-18 -9.85754e-13 0)
(3.57869e-18 -9.85755e-13 0)
(4.5258e-18 -9.85756e-13 0)
(5.40161e-18 -9.85757e-13 0)
(6.19781e-18 -9.85758e-13 0)
(6.90638e-18 -9.85759e-13 0)
(7.5197e-18 -9.8576e-13 0)
(8.03068e-18 -9.85761e-13 0)
(8.43297e-18 -9.85762e-13 0)
(8.72102e-18 -9.85763e-13 0)
(8.89029e-18 -9.85765e-13 0)
(8.9373e-18 -9.85766e-13 0)
(8.85982e-18 -9.85767e-13 0)
(8.6569e-18 -9.85768e-13 0)
(8.32898e-18 -9.85769e-13 0)
(7.87798e-18 -9.85771e-13 0)
(7.30733e-18 -9.85772e-13 0)
(6.62205e-18 -9.85773e-13 0)
(5.8288e-18 -9.85773e-13 0)
(4.93589e-18 -9.85774e-13 0)
(3.95341e-18 -9.85775e-13 0)
(2.89319e-18 -9.85775e-13 0)
(1.76895e-18 -9.85776e-13 0)
(5.96327e-19 -9.85776e-13 0)
(7.20065e-07 -0.000546528 0)
(-6.62679e-11 -1.44284e-05 0)
(-3.04018e-17 -3.17829e-12 0)
(-1.25451e-17 -9.85753e-13 0)
(-1.15005e-17 -9.85753e-13 0)
(-1.04401e-17 -9.85753e-13 0)
(-9.3677e-18 -9.85753e-13 0)
(-8.28717e-18 -9.85753e-13 0)
(-7.2024e-18 -9.85753e-13 0)
(-6.11759e-18 -9.85753e-13 0)
(-5.03726e-18 -9.85753e-13 0)
(-3.96626e-18 -9.85754e-13 0)
(-2.90983e-18 -9.85754e-13 0)
(-1.87356e-18 -9.85755e-13 0)
(-8.63384e-19 -9.85755e-13 0)
(1.14461e-19 -9.85756e-13 0)
(1.05347e-18 -9.85756e-13 0)
(1.94694e-18 -9.85757e-13 0)
(2.78804e-18 -9.85757e-13 0)
(3.5699e-18 -9.85758e-13 0)
(4.28571e-18 -9.85759e-13 0)
(4.92882e-18 -9.8576e-13 0)
(5.49285e-18 -9.85761e-13 0)
(5.97185e-18 -9.85762e-13 0)
(6.36036e-18 -9.85763e-13 0)
(6.65357e-18 -9.85764e-13 0)
(6.84744e-18 -9.85765e-13 0)
(6.93877e-18 -9.85766e-13 0)
(6.9254e-18 -9.85767e-13 0)
(6.80619e-18 -9.85768e-13 0)
(6.5812e-18 -9.85769e-13 0)
(6.25176e-18 -9.8577e-13 0)
(5.8205e-18 -9.85771e-13 0)
(5.29145e-18 -9.85772e-13 0)
(4.67012e-18 -9.85772e-13 0)
(3.96352e-18 -9.85773e-13 0)
(3.18024e-18 -9.85773e-13 0)
(2.33049e-18 -9.85774e-13 0)
(1.42619e-18 -9.85774e-13 0)
(4.81002e-19 -9.85774e-13 0)
(6.96141e-07 -0.00054153 0)
(-5.85284e-11 -1.28862e-05 0)
(-2.71929e-17 -2.87059e-12 0)
(-1.22413e-17 -9.85756e-13 0)
(-1.13054e-17 -9.85756e-13 0)
(-1.0357e-17 -9.85756e-13 0)
(-9.39978e-18 -9.85756e-13 0)
(-8.43747e-18 -9.85756e-13 0)
(-7.47355e-18 -9.85756e-13 0)
(-6.51156e-18 -9.85756e-13 0)
(-5.55519e-18 -9.85756e-13 0)
(-4.60829e-18 -9.85756e-13 0)
(-3.67499e-18 -9.85756e-13 0)
(-2.75969e-18 -9.85757e-13 0)
(-1.86707e-18 -9.85757e-13 0)
(-1.00208e-18 -9.85758e-13 0)
(-1.69921e-19 -9.85758e-13 0)
(6.24014e-19 -9.85759e-13 0)
(1.37419e-18 -9.85759e-13 0)
(2.075e-18 -9.8576e-13 0)
(2.72086e-18 -9.8576e-13 0)
(3.30624e-18 -9.85761e-13 0)
(3.82585e-18 -9.85762e-13 0)
(4.27466e-18 -9.85763e-13 0)
(4.64802e-18 -9.85764e-13 0)
(4.94179e-18 -9.85764e-13 0)
(5.15243e-18 -9.85765e-13 0)
(5.2771e-18 -9.85766e-13 0)
(5.31375e-18 -9.85767e-13 0)
(5.26124e-18 -9.85768e-13 0)
(5.11942e-18 -9.85769e-13 0)
(4.88917e-18 -9.85769e-13 0)
(4.57258e-18 -9.8577e-13 0)
(4.17291e-18 -9.85771e-13 0)
(3.69472e-18 -9.85771e-13 0)
(3.14394e-18 -9.85772e-13 0)
(2.52788e-18 -9.85772e-13 0)
(1.85534e-18 -9.85773e-13 0)
(1.1366e-18 -9.85773e-13 0)
(3.83537e-19 -9.85773e-13 0)
(6.58013e-07 -0.000536734 0)
(-5.15262e-11 -1.1434e-05 0)
(-2.44439e-17 -2.59897e-12 0)
(-1.19372e-17 -9.85758e-13 0)
(-1.10799e-17 -9.85758e-13 0)
(-1.02169e-17 -9.85758e-13 0)
(-9.35174e-18 -9.85758e-13 0)
(-8.48711e-18 -9.85758e-13 0)
(-7.62527e-18 -9.85758e-13 0)
(-6.76845e-18 -9.85758e-13 0)
(-5.91899e-18 -9.85758e-13 0)
(-5.07949e-18 -9.85758e-13 0)
(-4.25288e-18 -9.85758e-13 0)
(-3.44238e-18 -9.85759e-13 0)
(-2.65156e-18 -9.85759e-13 0)
(-1.88427e-18 -9.85759e-13 0)
(-1.14465e-18 -9.8576e-13 0)
(-4.37024e-19 -9.8576e-13 0)
(2.34109e-19 -9.85761e-13 0)
(8.64155e-19 -9.85761e-13 0)
(1.44849e-18 -9.85762e-13 0)
(1.98254e-18 -9.85762e-13 0)
(2.46186e-18 -9.85763e-13 0)
(2.8822e-18 -9.85763e-13 0)
(3.23961e-18 -9.85764e-13 0)
(3.53055e-18 -9.85765e-13 0)
(3.75194e-18 -9.85766e-13 0)
(3.90126e-18 -9.85766e-13 0)
(3.97667e-18 -9.85767e-13 0)
(3.97706e-18 -9.85768e-13 0)
(3.90216e-18 -9.85768e-13 0)
(3.7526e-18 -9.85769e-13 0)
(3.53001e-18 -9.8577e-13 0)
(3.23707e-18 -9.8577e-13 0)
(2.8776e-18 -9.85771e-13 0)
(2.45658e-18 -9.85771e-13 0)
(1.98026e-18 -9.85771e-13 0)
(1.45618e-18 -9.85772e-13 0)
(8.9321e-19 -9.85772e-13 0)
(3.01598e-19 -9.85772e-13 0)
(5.74707e-07 -0.00053231 0)
(-4.58843e-11 -1.00664e-05 0)
(-2.21314e-17 -2.35743e-12 0)
(-1.16003e-17 -9.85761e-13 0)
(-1.0785e-17 -9.8576e-13 0)
(-9.98474e-18 -9.8576e-13 0)
(-9.19675e-18 -9.8576e-13 0)
(-8.41886e-18 -9.8576e-13 0)
(-7.64975e-18 -9.8576e-13 0)
(-6.88896e-18 -9.8576e-13 0)
(-6.13687e-18 -9.8576e-13 0)
(-5.39461e-18 -9.8576e-13 0)
(-4.6639e-18 -9.8576e-13 0)
(-3.94699e-18 -9.8576e-13 0)
(-3.24657e-18 -9.85761e-13 0)
(-2.56566e-18 -9.85761e-13 0)
(-1.90761e-18 -9.85761e-13 0)
(-1.27596e-18 -9.85761e-13 0)
(-6.74448e-19 -9.85762e-13 0)
(-1.06895e-19 -9.85762e-13 0)
(4.22818e-19 -9.85763e-13 0)
(9.10838e-19 -9.85763e-13 0)
(1.3534e-18 -9.85764e-13 0)
(1.7469e-18 -9.85764e-13 0)
(2.08796e-18 -9.85765e-13 0)
(2.37354e-18 -9.85765e-13 0)
(2.60095e-18 -9.85766e-13 0)
(2.768e-18 -9.85766e-13 0)
(2.87304e-18 -9.85767e-13 0)
(2.91504e-18 -9.85768e-13 0)
(2.89367e-18 -9.85768e-13 0)
(2.80939e-18 -9.85769e-13 0)
(2.66349e-18 -9.85769e-13 0)
(2.45819e-18 -9.8577e-13 0)
(2.19668e-18 -9.8577e-13 0)
(1.88319e-18 -9.8577e-13 0)
(1.52304e-18 -9.85771e-13 0)
(1.12269e-18 -9.85771e-13 0)
(6.89762e-19 -9.85771e-13 0)
(2.33091e-19 -9.85771e-13 0)
(3.8172e-07 -0.000528736 0)
(-3.84691e-11 -8.77969e-06 0)
(-1.96654e-17 -2.14055e-12 0)
(-1.10259e-17 -9.85763e-13 0)
(-1.02779e-17 -9.85762e-13 0)
(-9.56791e-18 -9.85762e-13 0)
(-8.87965e-18 -9.85762e-13 0)
(-8.20409e-18 -9.85762e-13 0)
(-7.53662e-18 -9.85762e-13 0)
(-6.87528e-18 -9.85762e-13 0)
(-6.21973e-18 -9.85762e-13 0)
(-5.57074e-18 -9.85762e-13 0)
(-4.92979e-18 -9.85762e-13 0)
(-4.29889e-18 -9.85762e-13 0)
(-3.68042e-18 -9.85762e-13 0)
(-3.07708e-18 -9.85762e-13 0)
(-2.4918e-18 -9.85762e-13 0)
(-1.92768e-18 -9.85763e-13 0)
(-1.38797e-18 -9.85763e-13 0)
(-8.7597e-19 -9.85763e-13 0)
(-3.95027e-19 -9.85764e-13 0)
(5.15405e-20 -9.85764e-13 0)
(4.60492e-19 -9.85764e-13 0)
(8.28725e-19 -9.85765e-13 0)
(1.15333e-18 -9.85765e-13 0)
(1.43167e-18 -9.85766e-13 0)
(1.66141e-18 -9.85766e-13 0)
(1.84063e-18 -9.85767e-13 0)
(1.96787e-18 -9.85767e-13 0)
(2.04219e-18 -9.85768e-13 0)
(2.06326e-18 -9.85768e-13 0)
(2.03139e-18 -9.85769e-13 0)
(1.94763e-18 -9.85769e-13 0)
(1.81383e-18 -9.85769e-13 0)
(1.63268e-18 -9.8577e-13 0)
(1.40776e-18 -9.8577e-13 0)
(1.1436e-18 -9.8577e-13 0)
(8.45748e-19 -9.8577e-13 0)
(5.20735e-19 -9.85771e-13 0)
(1.76161e-19 -9.85771e-13 0)
(2.3216e-07 -0.000526372 0)
(-1.69569e-11 -7.57093e-06 0)
(-1.57468e-17 -1.94773e-12 0)
(-9.84156e-18 -9.85764e-13 0)
(-9.39992e-18 -9.85764e-13 0)
(-8.912e-18 -9.85764e-13 0)
(-8.39484e-18 -9.85764e-13 0)
(-7.85888e-18 -9.85763e-13 0)
(-7.31087e-18 -9.85763e-13 0)
(-6.75554e-18 -9.85763e-13 0)
(-6.19652e-18 -9.85763e-13 0)
(-5.6369e-18 -9.85763e-13 0)
(-5.07953e-18 -9.85763e-13 0)
(-4.52716e-18 -9.85763e-13 0)
(-3.98255e-18 -9.85763e-13 0)
(-3.44849e-18 -9.85764e-13 0)
(-2.92784e-18 -9.85764e-13 0)
(-2.42354e-18 -9.85764e-13 0)
(-1.93852e-18 -9.85764e-13 0)
(-1.47579e-18 -9.85764e-13 0)
(-1.03831e-18 -9.85765e-13 0)
(-6.28997e-19 -9.85765e-13 0)
(-2.50699e-19 -9.85765e-13 0)
(9.38779e-20 -9.85766e-13 0)
(4.02201e-19 -9.85766e-13 0)
(6.71966e-19 -9.85766e-13 0)
(9.01153e-19 -9.85767e-13 0)
(1.08807e-18 -9.85767e-13 0)
(1.23144e-18 -9.85767e-13 0)
(1.33041e-18 -9.85768e-13 0)
(1.38465e-18 -9.85768e-13 0)
(1.39441e-18 -9.85768e-13 0)
(1.36055e-18 -9.85769e-13 0)
(1.2846e-18 -9.85769e-13 0)
(1.16884e-18 -9.85769e-13 0)
(1.01633e-18 -9.8577e-13 0)
(8.3093e-19 -9.8577e-13 0)
(6.17377e-19 -9.8577e-13 0)
(3.81287e-19 -9.8577e-13 0)
(1.29183e-19 -9.8577e-13 0)
(2.10503e-07 -0.000524703 0)
(-1.24447e-11 -6.43777e-06 0)
(-1.3776e-17 -1.77507e-12 0)
(-9.1689e-18 -9.85765e-13 0)
(-8.79858e-18 -9.85765e-13 0)
(-8.39873e-18 -9.85765e-13 0)
(-7.97417e-18 -9.85765e-13 0)
(-7.52972e-18 -9.85765e-13 0)
(-7.06979e-18 -9.85765e-13 0)
(-6.5983e-18 -9.85765e-13 0)
(-6.1188e-18 -9.85764e-13 0)
(-5.63451e-18 -9.85764e-13 0)
(-5.14847e-18 -9.85764e-13 0)
(-4.66357e-18 -9.85764e-13 0)
(-4.18263e-18 -9.85765e-13 0)
(-3.70845e-18 -9.85765e-13 0)
(-3.24379e-18 -9.85765e-13 0)
(-2.79142e-18 -9.85765e-13 0)
(-2.35409e-18 -9.85765e-13 0)
(-1.93451e-18 -9.85765e-13 0)
(-1.53537e-18 -9.85765e-13 0)
(-1.15927e-18 -9.85766e-13 0)
(-8.08718e-19 -9.85766e-13 0)
(-4.86102e-19 -9.85766e-13 0)
(-1.93635e-19 -9.85766e-13 0)
(6.66749e-20 -9.85767e-13 0)
(2.93067e-19 -9.85767e-13 0)
(4.84074e-19 -9.85767e-13 0)
(6.38568e-19 -9.85768e-13 0)
(7.5581e-19 -9.85768e-13 0)
(8.35499e-19 -9.85768e-13 0)
(8.7782e-19 -9.85768e-13 0)
(8.83493e-19 -9.85769e-13 0)
(8.53825e-19 -9.85769e-13 0)
(7.90746e-19 -9.85769e-13 0)
(6.96861e-19 -9.85769e-13 0)
(5.75482e-19 -9.8577e-13 0)
(4.30661e-19 -9.8577e-13 0)
(2.67215e-19 -9.8577e-13 0)
(9.07435e-20 -9.8577e-13 0)
(1.9018e-07 -0.00052319 0)
(-9.53201e-12 -5.37756e-06 0)
(-1.23114e-17 -1.62166e-12 0)
(-8.699e-18 -9.85766e-13 0)
(-8.3618e-18 -9.85766e-13 0)
(-8.00717e-18 -9.85766e-13 0)
(-7.63585e-18 -9.85766e-13 0)
(-7.24929e-18 -9.85766e-13 0)
(-6.84947e-18 -9.85766e-13 0)
(-6.43862e-18 -9.85766e-13 0)
(-6.01914e-18 -9.85766e-13 0)
(-5.59353e-18 -9.85766e-13 0)
(-5.16434e-18 -9.85766e-13 0)
(-4.73414e-18 -9.85766e-13 0)
(-4.30552e-18 -9.85766e-13 0)
(-3.88104e-18 -9.85766e-13 0)
(-3.46329e-18 -9.85766e-13 0)
(-3.05481e-18 -9.85766e-13 0)
(-2.6581e-18 -9.85766e-13 0)
(-2.27565e-18 -9.85766e-13 0)
(-1.90984e-18 -9.85766e-13 0)
(-1.563e-18 -9.85766e-13 0)
(-1.23734e-18 -9.85767e-13 0)
(-9.34937e-19 -9.85767e-13 0)
(-6.57724e-19 -9.85767e-13 0)
(-4.07435e-19 -9.85767e-13 0)
(-1.85588e-19 -9.85767e-13 0)
(6.55567e-21 -9.85768e-13 0)
(1.68031e-19 -9.85768e-13 0)
(2.98205e-19 -9.85768e-13 0)
(3.96821e-19 -9.85768e-13 0)
(4.64038e-19 -9.85769e-13 0)
(5.00474e-19 -9.85769e-13 0)
(5.07246e-19 -9.85769e-13 0)
(4.8601e-19 -9.85769e-13 0)
(4.38996e-19 -9.85769e-13 0)
(3.69045e-19 -9.85769e-13 0)
(2.79632e-19 -9.8577e-13 0)
(1.74889e-19 -9.8577e-13 0)
(5.96221e-20 -9.8577e-13 0)
(1.7081e-07 -0.00052181 0)
(-7.32332e-12 -4.39005e-06 0)
(-1.11102e-17 -1.48654e-12 0)
(-8.31309e-18 -9.85767e-13 0)
(-8.00667e-18 -9.85767e-13 0)
(-7.6873e-18 -9.85767e-13 0)
(-7.35488e-18 -9.85767e-13 0)
(-7.00988e-18 -9.85767e-13 0)
(-6.65333e-18 -9.85767e-13 0)
(-6.28663e-18 -9.85767e-13 0)
(-5.91153e-18 -9.85767e-13 0)
(-5.53002e-18 -9.85766e-13 0)
(-5.14424e-18 -9.85766e-13 0)
(-4.75646e-18 -9.85766e-13 0)
(-4.369e-18 -9.85766e-13 0)
(-3.98421e-18 -9.85766e-13 0)
(-3.60441e-18 -9.85767e-13 0)
(-3.23194e-18 -9.85767e-13 0)
(-2.86905e-18 -9.85767e-13 0)
(-2.51793e-18 -9.85767e-13 0)
(-2.1807e-18 -9.85767e-13 0)
(-1.85939e-18 -9.85767e-13 0)
(-1.55592e-18 -9.85767e-13 0)
(-1.27206e-18 -9.85767e-13 0)
(-1.00946e-18 -9.85767e-13 0)
(-7.69591e-19 -9.85768e-13 0)
(-5.53728e-19 -9.85768e-13 0)
(-3.62923e-19 -9.85768e-13 0)
(-1.97978e-19 -9.85768e-13 0)
(-5.94085e-20 -9.85768e-13 0)
(5.25888e-20 -9.85768e-13 0)
(1.38171e-19 -9.85769e-13 0)
(1.97885e-19 -9.85769e-13 0)
(2.32703e-19 -9.85769e-13 0)
(2.44056e-19 -9.85769e-13 0)
(2.33866e-19 -9.85769e-13 0)
(2.04573e-19 -9.85769e-13 0)
(1.59165e-19 -9.85769e-13 0)
(1.01189e-19 -9.8577e-13 0)
(3.47691e-20 -9.8577e-13 0)
(1.52147e-07 -0.000520554 0)
(-5.55128e-12 -3.47796e-06 0)
(-1.00929e-17 -1.36863e-12 0)
(-7.97836e-18 -9.85768e-13 0)
(-7.70502e-18 -9.85768e-13 0)
(-7.41823e-18 -9.85768e-13 0)
(-7.11811e-18 -9.85768e-13 0)
(-6.80522e-18 -9.85768e-13 0)
(-6.4806e-18 -9.85768e-13 0)
(-6.1457e-18 -9.85767e-13 0)
(-5.80224e-18 -9.85767e-13 0)
(-5.45221e-18 -9.85767e-13 0)
(-5.09773e-18 -9.85767e-13 0)
(-4.741e-18 -9.85767e-13 0)
(-4.38426e-18 -9.85767e-13 0)
(-4.0297e-18 -9.85767e-13 0)
(-3.67948e-18 -9.85767e-13 0)
(-3.33569e-18 -9.85767e-13 0)
(-3.00032e-18 -9.85767e-13 0)
(-2.67529e-18 -9.85767e-13 0)
(-2.3624e-18 -9.85767e-13 0)
(-2.06335e-18 -9.85768e-13 0)
(-1.77973e-18 -9.85768e-13 0)
(-1.51301e-18 -9.85768e-13 0)
(-1.26455e-18 -9.85768e-13 0)
(-1.03551e-18 -9.85768e-13 0)
(-8.26941e-19 -9.85768e-13 0)
(-6.39669e-19 -9.85768e-13 0)
(-4.74324e-19 -9.85768e-13 0)
(-3.31296e-19 -9.85769e-13 0)
(-2.10706e-19 -9.85769e-13 0)
(-1.12379e-19 -9.85769e-13 0)
(-3.58139e-20 -9.85769e-13 0)
(1.98512e-20 -9.85769e-13 0)
(5.58644e-20 -9.85769e-13 0)
(7.38901e-20 -9.85769e-13 0)
(7.60346e-20 -9.85769e-13 0)
(6.4867e-20 -9.85769e-13 0)
(4.34366e-20 -9.85769e-13 0)
(1.52837e-20 -9.85769e-13 0)
(1.33881e-07 -0.000519412 0)
(-4.13279e-12 -2.64356e-06 0)
(-9.26696e-18 -1.26762e-12 0)
(-7.70605e-18 -9.85769e-13 0)
(-7.46464e-18 -9.85769e-13 0)
(-7.20597e-18 -9.85768e-13 0)
(-6.9307e-18 -9.85768e-13 0)
(-6.64005e-18 -9.85768e-13 0)
(-6.33582e-18 -9.85768e-13 0)
(-6.02016e-18 -9.85768e-13 0)
(-5.69547e-18 -9.85768e-13 0)
(-5.3643e-18 -9.85768e-13 0)
(-5.02914e-18 -9.85768e-13 0)
(-4.69242e-18 -9.85768e-13 0)
(-4.35645e-18 -9.85768e-13 0)
(-4.02336e-18 -9.85768e-13 0)
(-3.69513e-18 -9.85768e-13 0)
(-3.37358e-18 -9.85768e-13 0)
(-3.06038e-18 -9.85768e-13 0)
(-2.75709e-18 -9.85768e-13 0)
(-2.46513e-18 -9.85768e-13 0)
(-2.18582e-18 -9.85768e-13 0)
(-1.92038e-18 -9.85768e-13 0)
(-1.66993e-18 -9.85768e-13 0)
(-1.43547e-18 -9.85768e-13 0)
(-1.2179e-18 -9.85768e-13 0)
(-1.01799e-18 -9.85768e-13 0)
(-8.36335e-19 -9.85769e-13 0)
(-6.73393e-19 -9.85769e-13 0)
(-5.29418e-19 -9.85769e-13 0)
(-4.04446e-19 -9.85769e-13 0)
(-2.98273e-19 -9.85769e-13 0)
(-2.10422e-19 -9.85769e-13 0)
(-1.40118e-19 -9.85769e-13 0)
(-8.62639e-20 -9.85769e-13 0)
(-4.74097e-20 -9.85769e-13 0)
(-2.17346e-20 -9.85769e-13 0)
(-7.02568e-21 -9.85769e-13 0)
(-6.62383e-22 -9.85769e-13 0)
(3.93137e-22 -9.85769e-13 0)
(1.15705e-07 -0.000518374 0)
(-3.04967e-12 -1.88939e-06 0)
(-8.65548e-18 -1.18185e-12 0)
(-7.53272e-18 -9.85769e-13 0)
(-7.31701e-18 -9.85769e-13 0)
(-7.07666e-18 -9.85769e-13 0)
(-6.81308e-18 -9.85769e-13 0)
(-6.52908e-18 -9.85769e-13 0)
(-6.22834e-18 -9.85769e-13 0)
(-5.91491e-18 -9.85769e-13 0)
(-5.59276e-18 -9.85769e-13 0)
(-5.26558e-18 -9.85769e-13 0)
(-4.9366e-18 -9.85769e-13 0)
(-4.60862e-18 -9.85769e-13 0)
(-4.28395e-18 -9.85769e-13 0)
(-3.96454e-18 -9.85769e-13 0)
(-3.652e-18 -9.85769e-13 0)
(-3.34771e-18 -9.85769e-13 0)
(-3.05281e-18 -9.85769e-13 0)
(-2.76835e-18 -9.85769e-13 0)
(-2.49524e-18 -9.85769e-13 0)
(-2.23432e-18 -9.85769e-13 0)
(-1.98636e-18 -9.85769e-13 0)
(-1.75207e-18 -9.85769e-13 0)
(-1.5321e-18 -9.85769e-13 0)
(-1.32702e-18 -9.85769e-13 0)
(-1.13733e-18 -9.85769e-13 0)
(-9.63422e-19 -9.85769e-13 0)
(-8.05555e-19 -9.85769e-13 0)
(-6.63854e-19 -9.85769e-13 0)
(-5.38274e-19 -9.85769e-13 0)
(-4.28574e-19 -9.85769e-13 0)
(-3.34296e-19 -9.85769e-13 0)
(-2.54736e-19 -9.85769e-13 0)
(-1.88922e-19 -9.85769e-13 0)
(-1.35591e-19 -9.85769e-13 0)
(-9.31685e-20 -9.85769e-13 0)
(-5.97485e-20 -9.85769e-13 0)
(-3.30824e-20 -9.85769e-13 0)
(-1.05674e-20 -9.85769e-13 0)
(9.70149e-08 -0.000517428 0)
(-2.16648e-12 -1.2214e-06 0)
(-8.27738e-18 -1.10898e-12 0)
(-7.51381e-18 -9.8577e-13 0)
(-7.31843e-18 -9.8577e-13 0)
(-7.07855e-18 -9.8577e-13 0)
(-6.80052e-18 -9.8577e-13 0)
(-6.4934e-18 -9.8577e-13 0)
(-6.16658e-18 -9.8577e-13 0)
(-5.82847e-18 -9.8577e-13 0)
(-5.48594e-18 -9.8577e-13 0)
(-5.1442e-18 -9.8577e-13 0)
(-4.80701e-18 -9.8577e-13 0)
(-4.47698e-18 -9.8577e-13 0)
(-4.15582e-18 -9.8577e-13 0)
(-3.84464e-18 -9.85769e-13 0)
(-3.54412e-18 -9.85769e-13 0)
(-3.25471e-18 -9.85769e-13 0)
(-2.97672e-18 -9.85769e-13 0)
(-2.71039e-18 -9.85769e-13 0)
(-2.45597e-18 -9.85769e-13 0)
(-2.21369e-18 -9.85769e-13 0)
(-1.9838e-18 -9.85769e-13 0)
(-1.7666e-18 -9.85769e-13 0)
(-1.56234e-18 -9.85769e-13 0)
(-1.37131e-18 -9.85769e-13 0)
(-1.19374e-18 -9.85769e-13 0)
(-1.02981e-18 -9.85769e-13 0)
(-8.79642e-19 -9.85769e-13 0)
(-7.43231e-19 -9.85769e-13 0)
(-6.20466e-19 -9.85769e-13 0)
(-5.11081e-19 -9.85769e-13 0)
(-4.14637e-19 -9.85769e-13 0)
(-3.30496e-19 -9.85769e-13 0)
(-2.57802e-19 -9.85769e-13 0)
(-1.95456e-19 -9.85769e-13 0)
(-1.421e-19 -9.85769e-13 0)
(-9.60989e-20 -9.85769e-13 0)
(-5.55306e-20 -9.85769e-13 0)
(-1.81728e-20 -9.85769e-13 0)
(7.67086e-08 -0.00051657 0)
(-1.33264e-12 -6.49933e-07 0)
(-8.22314e-18 -1.04818e-12 0)
(-7.8081e-18 -9.8577e-13 0)
(-7.6142e-18 -9.8577e-13 0)
(-7.31534e-18 -9.85771e-13 0)
(-6.94968e-18 -9.85771e-13 0)
(-6.54976e-18 -9.85771e-13 0)
(-6.13901e-18 -9.85771e-13 0)
(-5.73256e-18 -9.85771e-13 0)
(-5.33916e-18 -9.85771e-13 0)
(-4.96319e-18 -9.85771e-13 0)
(-4.60625e-18 -9.8577e-13 0)
(-4.26835e-18 -9.8577e-13 0)
(-3.94863e-18 -9.8577e-13 0)
(-3.64592e-18 -9.8577e-13 0)
(-3.35898e-18 -9.8577e-13 0)
(-3.08666e-18 -9.8577e-13 0)
(-2.828e-18 -9.8577e-13 0)
(-2.58225e-18 -9.8577e-13 0)
(-2.34885e-18 -9.8577e-13 0)
(-2.12741e-18 -9.8577e-13 0)
(-1.9177e-18 -9.8577e-13 0)
(-1.71961e-18 -9.8577e-13 0)
(-1.53309e-18 -9.85769e-13 0)
(-1.35818e-18 -9.85769e-13 0)
(-1.19492e-18 -9.85769e-13 0)
(-1.04333e-18 -9.85769e-13 0)
(-9.03425e-19 -9.85769e-13 0)
(-7.75127e-19 -9.85769e-13 0)
(-6.58284e-19 -9.85769e-13 0)
(-5.52626e-19 -9.85769e-13 0)
(-4.57746e-19 -9.85769e-13 0)
(-3.73079e-19 -9.85769e-13 0)
(-2.97877e-19 -9.85769e-13 0)
(-2.31195e-19 -9.8577e-13 0)
(-1.71872e-19 -9.8577e-13 0)
(-1.18517e-19 -9.8577e-13 0)
(-6.94959e-20 -9.8577e-13 0)
(-2.29245e-20 -9.8577e-13 0)
(5.27052e-08 -0.000258082 0)
(-2.94015e-13 -1.9494e-07 0)
(-9.14233e-18 -1.00336e-12 0)
(-9.09773e-18 -9.85771e-13 0)
(-8.64058e-18 -9.85772e-13 0)
(-7.97982e-18 -9.85772e-13 0)
(-7.28574e-18 -9.85772e-13 0)
(-6.63073e-18 -9.85772e-13 0)
(-6.03948e-18 -9.85772e-13 0)
(-5.51481e-18 -9.85772e-13 0)
(-5.05061e-18 -9.85772e-13 0)
(-4.63802e-18 -9.85771e-13 0)
(-4.26818e-18 -9.85771e-13 0)
(-3.93332e-18 -9.85771e-13 0)
(-3.62705e-18 -9.85771e-13 0)
(-3.34432e-18 -9.85771e-13 0)
(-3.0812e-18 -9.85771e-13 0)
(-2.83474e-18 -9.8577e-13 0)
(-2.60274e-18 -9.8577e-13 0)
(-2.38357e-18 -9.8577e-13 0)
(-2.17612e-18 -9.8577e-13 0)
(-1.97957e-18 -9.8577e-13 0)
(-1.79342e-18 -9.8577e-13 0)
(-1.61735e-18 -9.8577e-13 0)
(-1.45117e-18 -9.8577e-13 0)
(-1.29478e-18 -9.8577e-13 0)
(-1.14815e-18 -9.8577e-13 0)
(-1.01125e-18 -9.8577e-13 0)
(-8.84044e-19 -9.8577e-13 0)
(-7.66437e-19 -9.8577e-13 0)
(-6.58282e-19 -9.8577e-13 0)
(-5.59337e-19 -9.8577e-13 0)
(-4.69248e-19 -9.8577e-13 0)
(-3.87532e-19 -9.8577e-13 0)
(-3.13554e-19 -9.8577e-13 0)
(-2.46516e-19 -9.8577e-13 0)
(-1.8544e-19 -9.8577e-13 0)
(-1.29155e-19 -9.8577e-13 0)
(-7.62904e-20 -9.8577e-13 0)
(-2.52643e-20 -9.8577e-13 0)
(-1.21819e-17 -9.85781e-13 0)
(-2.41624e-17 -9.8578e-13 0)
(-2.03902e-17 -9.85778e-13 0)
(-1.46501e-17 -9.85777e-13 0)
(-1.10842e-17 -9.85776e-13 0)
(-8.79949e-18 -9.85775e-13 0)
(-7.27994e-18 -9.85775e-13 0)
(-6.22536e-18 -9.85774e-13 0)
(-5.45938e-18 -9.85774e-13 0)
(-4.87689e-18 -9.85773e-13 0)
(-4.41419e-18 -9.85773e-13 0)
(-4.03188e-18 -9.85772e-13 0)
(-3.70508e-18 -9.85772e-13 0)
(-3.41776e-18 -9.85772e-13 0)
(-3.15935e-18 -9.85772e-13 0)
(-2.92277e-18 -9.85771e-13 0)
(-2.70323e-18 -9.85771e-13 0)
(-2.49746e-18 -9.85771e-13 0)
(-2.30324e-18 -9.85771e-13 0)
(-2.11905e-18 -9.85771e-13 0)
(-1.9439e-18 -9.8577e-13 0)
(-1.77714e-18 -9.8577e-13 0)
(-1.6184e-18 -9.8577e-13 0)
(-1.46745e-18 -9.8577e-13 0)
(-1.32421e-18 -9.8577e-13 0)
(-1.18866e-18 -9.8577e-13 0)
(-1.06082e-18 -9.8577e-13 0)
(-9.4071e-19 -9.8577e-13 0)
(-8.28327e-19 -9.8577e-13 0)
(-7.23633e-19 -9.8577e-13 0)
(-6.26527e-19 -9.8577e-13 0)
(-5.36826e-19 -9.8577e-13 0)
(-4.54252e-19 -9.8577e-13 0)
(-3.78413e-19 -9.8577e-13 0)
(-3.08794e-19 -9.8577e-13 0)
(-2.44737e-19 -9.8577e-13 0)
(-1.85438e-19 -9.8577e-13 0)
(-1.29931e-19 -9.8577e-13 0)
(-7.70826e-20 -9.8577e-13 0)
(-2.55852e-20 -9.8577e-13 0)
(2.03411e-18 -9.85795e-13 0)
(1.76697e-18 -9.8579e-13 0)
(-1.61789e-18 -9.85785e-13 0)
(-3.19094e-18 -9.85782e-13 0)
(-3.83441e-18 -9.85779e-13 0)
(-4.01413e-18 -9.85778e-13 0)
(-3.97162e-18 -9.85776e-13 0)
(-3.8293e-18 -9.85775e-13 0)
(-3.64738e-18 -9.85775e-13 0)
(-3.45418e-18 -9.85774e-13 0)
(-3.26208e-18 -9.85773e-13 0)
(-3.07583e-18 -9.85773e-13 0)
(-2.89665e-18 -9.85773e-13 0)
(-2.72436e-18 -9.85772e-13 0)
(-2.55829e-18 -9.85772e-13 0)
(-2.39775e-18 -9.85772e-13 0)
(-2.2422e-18 -9.85772e-13 0)
(-2.09126e-18 -9.85771e-13 0)
(-1.94474e-18 -9.85771e-13 0)
(-1.80257e-18 -9.85771e-13 0)
(-1.6648e-18 -9.85771e-13 0)
(-1.53158e-18 -9.85771e-13 0)
(-1.40308e-18 -9.85771e-13 0)
(-1.27951e-18 -9.8577e-13 0)
(-1.1611e-18 -9.8577e-13 0)
(-1.04807e-18 -9.8577e-13 0)
(-9.40604e-19 -9.8577e-13 0)
(-8.38857e-19 -9.8577e-13 0)
(-7.4294e-19 -9.8577e-13 0)
(-6.52902e-19 -9.8577e-13 0)
(-5.68724e-19 -9.8577e-13 0)
(-4.90306e-19 -9.8577e-13 0)
(-4.17457e-19 -9.8577e-13 0)
(-3.49886e-19 -9.8577e-13 0)
(-2.87194e-19 -9.8577e-13 0)
(-2.28862e-19 -9.8577e-13 0)
(-1.74247e-19 -9.8577e-13 0)
(-1.22573e-19 -9.8577e-13 0)
(-7.29225e-20 -9.8577e-13 0)
(-2.42403e-20 -9.8577e-13 0)
(2.89737e-18 -9.8578e-13 0)
(4.66182e-18 -9.8578e-13 0)
(2.65039e-18 -9.8578e-13 0)
(1.10695e-18 -9.85779e-13 0)
(-1.52768e-20 -9.85778e-13 0)
(-7.99955e-19 -9.85777e-13 0)
(-1.32999e-18 -9.85776e-13 0)
(-1.67446e-18 -9.85775e-13 0)
(-1.88632e-18 -9.85775e-13 0)
(-2.00437e-18 -9.85774e-13 0)
(-2.05628e-18 -9.85774e-13 0)
(-2.06152e-18 -9.85773e-13 0)
(-2.0337e-18 -9.85773e-13 0)
(-1.98239e-18 -9.85773e-13 0)
(-1.91438e-18 -9.85772e-13 0)
(-1.83456e-18 -9.85772e-13 0)
(-1.7465e-18 -9.85772e-13 0)
(-1.65289e-18 -9.85772e-13 0)
(-1.55578e-18 -9.85771e-13 0)
(-1.4568e-18 -9.85771e-13 0)
(-1.35723e-18 -9.85771e-13 0)
(-1.25813e-18 -9.85771e-13 0)
(-1.16037e-18 -9.85771e-13 0)
(-1.06465e-18 -9.85771e-13 0)
(-9.71587e-19 -9.85771e-13 0)
(-8.81665e-19 -9.8577e-13 0)
(-7.95285e-19 -9.8577e-13 0)
(-7.1276e-19 -9.8577e-13 0)
(-6.34322e-19 -9.8577e-13 0)
(-5.6012e-19 -9.8577e-13 0)
(-4.90222e-19 -9.8577e-13 0)
(-4.24614e-19 -9.8577e-13 0)
(-3.63192e-19 -9.8577e-13 0)
(-3.05762e-19 -9.8577e-13 0)
(-2.52034e-19 -9.8577e-13 0)
(-2.0162e-19 -9.8577e-13 0)
(-1.54023e-19 -9.8577e-13 0)
(-1.08642e-19 -9.8577e-13 0)
(-6.476e-20 -9.8577e-13 0)
(-2.15487e-20 -9.8577e-13 0)
(2.34554e-18 -9.85775e-13 0)
(4.11983e-18 -9.85776e-13 0)
(3.03474e-18 -9.85776e-13 0)
(2.06249e-18 -9.85776e-13 0)
(1.23196e-18 -9.85775e-13 0)
(5.48827e-19 -9.85775e-13 0)
(4.42792e-21 -9.85775e-13 0)
(-4.17204e-19 -9.85774e-13 0)
(-7.34551e-19 -9.85774e-13 0)
(-9.65778e-19 -9.85774e-13 0)
(-1.1273e-18 -9.85773e-13 0)
(-1.2332e-18 -9.85773e-13 0)
(-1.29522e-18 -9.85773e-13 0)
(-1.32291e-18 -9.85773e-13 0)
(-1.32396e-18 -9.85772e-13 0)
(-1.30453e-18 -9.85772e-13 0)
(-1.2695e-18 -9.85772e-13 0)
(-1.22278e-18 -9.85772e-13 0)
(-1.16748e-18 -9.85772e-13 0)
(-1.10607e-18 -9.85771e-13 0)
(-1.04055e-18 -9.85771e-13 0)
(-9.72521e-19 -9.85771e-13 0)
(-9.0328e-19 -9.85771e-13 0)
(-8.33869e-19 -9.85771e-13 0)
(-7.6513e-19 -9.85771e-13 0)
(-6.9774e-19 -9.85771e-13 0)
(-6.32237e-19 -9.8577e-13 0)
(-5.69038e-19 -9.8577e-13 0)
(-5.08456e-19 -9.8577e-13 0)
(-4.50712e-19 -9.8577e-13 0)
(-3.95938e-19 -9.8577e-13 0)
(-3.44182e-19 -9.8577e-13 0)
(-2.95413e-19 -9.8577e-13 0)
(-2.49518e-19 -9.8577e-13 0)
(-2.06304e-19 -9.8577e-13 0)
(-1.65493e-19 -9.8577e-13 0)
(-1.26727e-19 -9.8577e-13 0)
(-8.956e-20 -9.8577e-13 0)
(-5.34579e-20 -9.8577e-13 0)
(-1.78005e-20 -9.8577e-13 0)
(1.64991e-18 -9.85773e-13 0)
(2.9959e-18 -9.85773e-13 0)
(2.40294e-18 -9.85773e-13 0)
(1.8359e-18 -9.85774e-13 0)
(1.31454e-18 -9.85774e-13 0)
(8.51342e-19 -9.85774e-13 0)
(4.52166e-19 -9.85774e-13 0)
(1.1767e-19 -9.85774e-13 0)
(-1.5516e-19 -9.85773e-13 0)
(-3.71613e-19 -9.85773e-13 0)
(-5.38141e-19 -9.85773e-13 0)
(-6.61556e-19 -9.85773e-13 0)
(-7.48497e-19 -9.85773e-13 0)
(-8.05114e-19 -9.85773e-13 0)
(-8.36904e-19 -9.85772e-13 0)
(-8.48659e-19 -9.85772e-13 0)
(-8.44477e-19 -9.85772e-13 0)
(-8.27814e-19 -9.85772e-13 0)
(-8.0155e-19 -9.85772e-13 0)
(-7.68069e-19 -9.85771e-13 0)
(-7.29329e-19 -9.85771e-13 0)
(-6.86929e-19 -9.85771e-13 0)
(-6.42171e-19 -9.85771e-13 0)
(-5.9611e-19 -9.85771e-13 0)
(-5.49595e-19 -9.85771e-13 0)
(-5.03306e-19 -9.85771e-13 0)
(-4.57781e-19 -9.85771e-13 0)
(-4.1344e-19 -9.8577e-13 0)
(-3.70601e-19 -9.8577e-13 0)
(-3.29492e-19 -9.8577e-13 0)
(-2.90263e-19 -9.8577e-13 0)
(-2.52993e-19 -9.8577e-13 0)
(-2.17691e-19 -9.8577e-13 0)
(-1.84303e-19 -9.8577e-13 0)
(-1.52713e-19 -9.8577e-13 0)
(-1.22741e-19 -9.8577e-13 0)
(-9.41457e-20 -9.8577e-13 0)
(-6.6622e-20 -9.8577e-13 0)
(-3.98032e-20 -9.8577e-13 0)
(-1.32602e-20 -9.8577e-13 0)
(9.72124e-19 -9.85771e-13 0)
(1.7918e-18 -9.85772e-13 0)
(1.49114e-18 -9.85772e-13 0)
(1.19518e-18 -9.85773e-13 0)
(9.1339e-19 -9.85773e-13 0)
(6.53214e-19 -9.85773e-13 0)
(4.19773e-19 -9.85773e-13 0)
(2.15927e-19 -9.85773e-13 0)
(4.25632e-20 -9.85773e-13 0)
(-1.00997e-19 -9.85773e-13 0)
(-2.1656e-19 -9.85773e-13 0)
(-3.06654e-19 -9.85773e-13 0)
(-3.74192e-19 -9.85773e-13 0)
(-4.22205e-19 -9.85772e-13 0)
(-4.53655e-19 -9.85772e-13 0)
(-4.71314e-19 -9.85772e-13 0)
(-4.77689e-19 -9.85772e-13 0)
(-4.74991e-19 -9.85772e-13 0)
(-4.65136e-19 -9.85772e-13 0)
(-4.49752e-19 -9.85772e-13 0)
(-4.30209e-19 -9.85771e-13 0)
(-4.07643e-19 -9.85771e-13 0)
(-3.82991e-19 -9.85771e-13 0)
(-3.57018e-19 -9.85771e-13 0)
(-3.30343e-19 -9.85771e-13 0)
(-3.03462e-19 -9.85771e-13 0)
(-2.76771e-19 -9.85771e-13 0)
(-2.50576e-19 -9.85771e-13 0)
(-2.25113e-19 -9.8577e-13 0)
(-2.00553e-19 -9.8577e-13 0)
(-1.77012e-19 -9.8577e-13 0)
(-1.54557e-19 -9.8577e-13 0)
(-1.33211e-19 -9.8577e-13 0)
(-1.12953e-19 -9.8577e-13 0)
(-9.37233e-20 -9.8577e-13 0)
(-7.54222e-20 -9.8577e-13 0)
(-5.79117e-20 -9.8577e-13 0)
(-4.10153e-20 -9.8577e-13 0)
(-2.45189e-20 -9.8577e-13 0)
(-8.17078e-21 -9.8577e-13 0)
(3.20716e-19 -9.85771e-13 0)
(5.94736e-19 -9.85771e-13 0)
(5.0228e-19 -9.85772e-13 0)
(4.10232e-19 -9.85772e-13 0)
(3.21334e-19 -9.85772e-13 0)
(2.37915e-19 -9.85772e-13 0)
(1.61755e-19 -9.85773e-13 0)
(9.40386e-20 -9.85773e-13 0)
(3.53745e-20 -9.85773e-13 0)
(-1.41301e-20 -9.85773e-13 0)
(-5.4769e-20 -9.85773e-13 0)
(-8.71286e-20 -9.85773e-13 0)
(-1.11984e-19 -9.85772e-13 0)
(-1.3021e-19 -9.85772e-13 0)
(-1.42712e-19 -9.85772e-13 0)
(-1.5037e-19 -9.85772e-13 0)
(-1.54008e-19 -9.85772e-13 0)
(-1.54374e-19 -9.85772e-13 0)
(-1.52125e-19 -9.85772e-13 0)
(-1.47832e-19 -9.85772e-13 0)
(-1.41981e-19 -9.85771e-13 0)
(-1.34978e-19 -9.85771e-13 0)
(-1.27161e-19 -9.85771e-13 0)
(-1.18807e-19 -9.85771e-13 0)
(-1.10142e-19 -9.85771e-13 0)
(-1.01348e-19 -9.85771e-13 0)
(-9.25672e-20 -9.85771e-13 0)
(-8.39136e-20 -9.85771e-13 0)
(-7.54733e-20 -9.8577e-13 0)
(-6.73095e-20 -9.8577e-13 0)
(-5.94659e-20 -9.8577e-13 0)
(-5.19687e-20 -9.8577e-13 0)
(-4.48282e-20 -9.8577e-13 0)
(-3.80399e-20 -9.8577e-13 0)
(-3.15855e-20 -9.8577e-13 0)
(-2.54333e-20 -9.8577e-13 0)
(-1.95386e-20 -9.8577e-13 0)
(-1.38436e-20 -9.8577e-13 0)
(-8.27804e-21 -9.8577e-13 0)
(-2.75901e-21 -9.8577e-13 0)
)
;

boundaryField
{
    top
    {
        type            zeroGradient;
    }
    inlet
    {
        type            fixedValue;
        value           uniform (0 0 0);
    }
    axis
    {
        type            fixedValue;
        value           uniform (0 0 0);
    }
    frontAndBack
    {
        type            empty;
    }
}


// ************************************************************************* //
