/*--------------------------------*- C++ -*----------------------------------*\
  =========                 |
  \\      /  F ield         | OpenFOAM: The Open Source CFD Toolbox
   \\    /   O peration     | Website:  https://openfoam.org
    \\  /    A nd           | Version:  10
     \\/     M anipulation  |
\*---------------------------------------------------------------------------*/
FoamFile
{
    format      ascii;
    class       surfaceScalarField;
    location    "2000";
    object      phi;
}
// * * * * * * * * * * * * * * * * * * * * * * * * * * * * * * * * * * * * * //

dimensions      [0 3 -1 0 0 0 0];

internalField   nonuniform List<scalar> 
6280
(
-9.90263e-09
9.90263e-09
-1.9514e-08
9.61134e-09
-2.87331e-08
9.21915e-09
-3.74717e-08
8.73855e-09
-4.56533e-08
8.18158e-09
-5.3213e-08
7.5598e-09
-6.00973e-08
6.88425e-09
-6.62628e-08
6.16548e-09
-7.16762e-08
5.41345e-09
-7.63138e-08
4.63758e-09
-8.01605e-08
3.84673e-09
-8.32097e-08
3.04918e-09
-8.54623e-08
2.25262e-09
-8.69265e-08
1.46414e-09
-8.76167e-08
6.90246e-10
-8.75535e-08
-6.31784e-11
-8.67627e-08
-7.90862e-10
-8.52745e-08
-1.48815e-09
-8.31235e-08
-2.15099e-09
-8.03476e-08
-2.77596e-09
-7.69874e-08
-3.36022e-09
-7.30858e-08
-3.90151e-09
-6.86877e-08
-4.39815e-09
-6.38387e-08
-4.849e-09
-5.85853e-08
-5.25341e-09
-5.29741e-08
-5.61123e-09
-4.70513e-08
-5.92275e-09
-4.08626e-08
-6.18867e-09
-3.44526e-08
-6.41003e-09
-2.78644e-08
-6.58822e-09
-2.11395e-08
-6.7249e-09
-1.43175e-08
-6.82194e-09
-7.43609e-09
-6.88145e-09
-5.30431e-10
-6.90566e-09
6.36648e-09
-6.89691e-09
1.32241e-08
-6.85763e-09
2.00144e-08
-6.79029e-09
2.67118e-08
-6.69737e-09
3.32931e-08
-6.58134e-09
-6.44462e-09
3.97377e-08
-1.01529e-08
2.00555e-08
-2.00086e-08
1.9467e-08
-2.94649e-08
1.86754e-08
-3.84321e-08
1.77058e-08
-4.68327e-08
1.65822e-08
-5.46007e-08
1.53278e-08
-6.16813e-08
1.39649e-08
-6.80303e-08
1.25144e-08
-7.36132e-08
1.09964e-08
-7.84054e-08
9.42974e-09
-8.23908e-08
7.83221e-09
-8.55621e-08
6.22042e-09
-8.79193e-08
4.60986e-09
-8.947e-08
3.01483e-09
-9.02282e-08
1.44845e-09
-9.0214e-08
-7.73762e-11
-8.94529e-08
-1.55195e-09
-8.79753e-08
-2.96579e-09
-8.58156e-08
-4.31066e-09
-8.30121e-08
-5.5795e-09
-7.96058e-08
-6.76649e-09
-7.56404e-08
-7.86694e-09
-7.11612e-08
-8.87733e-09
-6.6215e-08
-9.79522e-09
-6.08492e-08
-1.06192e-08
-5.51115e-08
-1.13489e-08
-4.90496e-08
-1.19847e-08
-4.27103e-08
-1.2528e-08
-3.61395e-08
-1.29808e-08
-2.93819e-08
-1.33458e-08
-2.24804e-08
-1.36264e-08
-1.5476e-08
-1.38264e-08
-8.40758e-09
-1.39498e-08
-1.31192e-09
-1.40013e-08
5.77677e-09
-1.39856e-08
1.28267e-08
-1.39076e-08
1.98088e-08
-1.37723e-08
2.66962e-08
-1.35848e-08
3.3465e-08
-1.33501e-08
-1.30731e-08
4.00935e-08
-1.06567e-08
3.07122e-08
-2.10044e-08
2.98147e-08
-3.09382e-08
2.86093e-08
-4.03662e-08
2.71337e-08
-4.92085e-08
2.54245e-08
-5.73969e-08
2.35162e-08
-6.48744e-08
2.14424e-08
-7.15946e-08
1.92346e-08
-7.75211e-08
1.69229e-08
-8.26272e-08
1.45358e-08
-8.6895e-08
1.21e-08
-9.03152e-08
9.64067e-09
-9.28866e-08
7.18124e-09
-9.46152e-08
4.74341e-09
-9.55139e-08
2.34716e-09
-9.5602e-08
1.07109e-11
-9.49044e-08
-2.24952e-09
-9.34513e-08
-4.41893e-09
-9.12772e-08
-6.4847e-09
-8.84209e-08
-8.43585e-09
-8.49242e-08
-1.02632e-08
-8.08319e-08
-1.19593e-08
-7.61908e-08
-1.35184e-08
-7.10495e-08
-1.49365e-08
-6.54574e-08
-1.62113e-08
-5.94647e-08
-1.73416e-08
-5.31213e-08
-1.83281e-08
-4.64768e-08
-1.91724e-08
-3.95801e-08
-1.98776e-08
-3.24784e-08
-2.04475e-08
-2.52178e-08
-2.08871e-08
-1.78421e-08
-2.12021e-08
-1.03932e-08
-2.13988e-08
-2.91044e-09
-2.14841e-08
4.56916e-09
-2.14652e-08
1.20113e-08
-2.13497e-08
1.93844e-08
-2.11454e-08
2.66595e-08
-2.086e-08
3.38106e-08
-2.05012e-08
-2.00767e-08
4.08142e-08
-1.14204e-08
4.21326e-08
-2.2514e-08
4.09083e-08
-3.31725e-08
3.92678e-08
-4.33003e-08
3.72616e-08
-5.28143e-08
3.49384e-08
-6.16429e-08
3.23449e-08
-6.97261e-08
2.95255e-08
-7.7014e-08
2.65225e-08
-8.34673e-08
2.33762e-08
-8.9056e-08
2.01245e-08
-9.37595e-08
1.68035e-08
-9.75657e-08
1.34469e-08
-1.00471e-07
1.00862e-08
-1.02478e-07
6.75104e-09
-1.036e-07
3.46846e-09
-1.03852e-07
2.63409e-10
-1.0326e-07
-2.84153e-09
-1.01853e-07
-5.82611e-09
-9.96654e-08
-8.67245e-09
-9.67362e-08
-1.13651e-08
-9.31085e-08
-1.38909e-08
-8.88285e-08
-1.62392e-08
-8.39453e-08
-1.84016e-08
-7.851e-08
-2.03719e-08
-7.25751e-08
-2.21462e-08
-6.61941e-08
-2.37226e-08
-5.94209e-08
-2.51013e-08
-5.23091e-08
-2.62842e-08
-4.49118e-08
-2.72748e-08
-3.72809e-08
-2.80783e-08
-2.94669e-08
-2.87011e-08
-2.15182e-08
-2.91508e-08
-1.34811e-08
-2.94358e-08
-5.39963e-09
-2.95656e-08
2.68515e-09
-2.955e-08
1.07348e-08
-2.93994e-08
1.8714e-08
-2.91246e-08
2.65902e-08
-2.87362e-08
3.43341e-08
-2.82451e-08
-2.76619e-08
4.19193e-08
-1.24529e-08
5.45855e-08
-2.45557e-08
5.30111e-08
-3.61953e-08
5.09074e-08
-4.7272e-08
4.83382e-08
-5.76983e-08
4.53647e-08
-6.73985e-08
4.20452e-08
-7.63082e-08
3.84352e-08
-8.43735e-08
3.45878e-08
-9.15506e-08
3.05533e-08
-9.78055e-08
2.63794e-08
-1.03113e-07
2.21112e-08
-1.07458e-07
1.77914e-08
-1.10831e-07
1.346e-08
-1.13235e-07
9.15445e-09
-1.14676e-07
4.9096e-09
-1.1517e-07
7.57538e-10
-1.14739e-07
-3.27238e-09
-1.13412e-07
-7.15364e-09
-1.11222e-07
-1.08626e-08
-1.08208e-07
-1.43785e-08
-1.04415e-07
-1.76836e-08
-9.98914e-08
-2.07632e-08
-9.46877e-08
-2.36053e-08
-8.88586e-08
-2.62009e-08
-8.24607e-08
-2.85441e-08
-7.5552e-08
-3.06313e-08
-6.81916e-08
-3.24618e-08
-6.04387e-08
-3.40371e-08
-5.23522e-08
-3.53613e-08
-4.39905e-08
-3.64401e-08
-3.54102e-08
-3.72814e-08
-2.66665e-08
-3.78945e-08
-1.78119e-08
-3.82903e-08
-8.89689e-09
-3.84806e-08
3.13803e-11
-3.84782e-08
8.92862e-09
-3.82967e-08
1.77539e-08
-3.79498e-08
2.64696e-08
-3.74519e-08
3.50416e-08
-3.68171e-08
-3.60596e-08
4.34393e-08
-1.37656e-08
6.83511e-08
-2.7152e-08
6.63975e-08
-4.00412e-08
6.37966e-08
-5.23285e-08
6.06255e-08
-6.39215e-08
5.69577e-08
-7.47395e-08
5.28632e-08
-8.47129e-08
4.84086e-08
-9.37826e-08
4.36575e-08
-1.01899e-07
3.867e-08
-1.09023e-07
3.35035e-08
-1.15125e-07
2.82124e-08
-1.20181e-07
2.28482e-08
-1.24181e-07
1.74596e-08
-1.27119e-07
1.20925e-08
-1.28999e-07
6.78968e-09
-1.29833e-07
1.59109e-09
-1.29639e-07
-3.46648e-09
-1.28443e-07
-8.34942e-09
-1.26278e-07
-1.30274e-08
-1.23183e-07
-1.74735e-08
-1.19202e-07
-2.16643e-08
-1.14386e-07
-2.55798e-08
-1.08787e-07
-2.92037e-08
-1.02465e-07
-3.25231e-08
-9.54804e-08
-3.55287e-08
-8.78971e-08
-3.82147e-08
-7.97804e-08
-4.05784e-08
-7.1197e-08
-4.26206e-08
-6.22136e-08
-4.43447e-08
-5.28966e-08
-4.57571e-08
-4.33114e-08
-4.68666e-08
-3.35217e-08
-4.76842e-08
-2.35892e-08
-4.82229e-08
-1.35726e-08
-4.84972e-08
-3.52793e-09
-4.8523e-08
6.4926e-09
-4.83172e-08
1.64403e-08
-4.78975e-08
2.62703e-08
-4.72819e-08
3.59419e-08
-4.64887e-08
-4.55362e-08
4.54184e-08
-1.53709e-08
8.3722e-08
-3.03284e-08
8.1355e-08
-4.47493e-08
7.82175e-08
-5.85237e-08
7.43999e-08
-7.15539e-08
6.99879e-08
-8.37538e-08
6.50631e-08
-9.50478e-08
5.97027e-08
-1.05371e-07
5.39802e-08
-1.14666e-07
4.79656e-08
-1.22888e-07
4.17255e-08
-1.29999e-07
3.53234e-08
-1.35971e-07
2.88197e-08
-1.40783e-07
2.22718e-08
-1.44424e-07
1.5734e-08
-1.46893e-07
9.25791e-09
-1.48193e-07
2.89164e-09
-1.4834e-07
-3.31975e-09
-1.47355e-07
-9.33464e-09
-1.45267e-07
-1.5115e-08
-1.42114e-07
-2.06264e-08
-1.3794e-07
-2.58384e-08
-1.32796e-07
-3.07246e-08
-1.26737e-07
-3.52626e-08
-1.19826e-07
-3.94343e-08
-1.12128e-07
-4.32258e-08
-1.03716e-07
-4.66275e-08
-9.46604e-08
-4.96337e-08
-8.5038e-08
-5.2243e-08
-7.49251e-08
-5.44576e-08
-6.43986e-08
-5.62835e-08
-5.35351e-08
-5.773e-08
-4.241e-08
-5.88094e-08
-3.10964e-08
-5.95365e-08
-1.96649e-08
-5.99286e-08
-8.18286e-09
-6.0005e-08
3.28624e-09
-5.97863e-08
1.46831e-08
-5.92944e-08
2.59532e-08
-5.85519e-08
3.70463e-08
-5.75819e-08
-5.64075e-08
4.79177e-08
-1.72818e-08
1.01004e-07
-3.41111e-08
9.81843e-08
-5.036e-08
9.44664e-08
-6.59138e-08
8.99537e-08
-8.06698e-08
8.47439e-08
-9.45359e-08
7.89292e-08
-1.0743e-07
7.2597e-08
-1.1928e-07
6.58303e-08
-1.30023e-07
5.87079e-08
-1.39603e-07
5.13054e-08
-1.47974e-07
4.36945e-08
-1.55098e-07
3.59444e-08
-1.60948e-07
2.8121e-08
-1.65501e-07
2.02874e-08
-1.68747e-07
1.25037e-08
-1.70682e-07
4.82701e-09
-1.71313e-07
-2.68863e-09
-1.70655e-07
-9.99263e-09
-1.68732e-07
-1.7038e-08
-1.65577e-07
-2.37814e-08
-1.61232e-07
-3.01839e-08
-1.55745e-07
-3.62107e-08
-1.49176e-07
-4.18317e-08
-1.41589e-07
-4.70214e-08
-1.33056e-07
-5.17595e-08
-1.23653e-07
-5.60305e-08
-1.13462e-07
-5.98241e-08
-1.0257e-07
-6.31349e-08
-9.10653e-08
-6.59625e-08
-7.90376e-08
-6.83112e-08
-6.65779e-08
-7.01897e-08
-5.37766e-08
-7.16107e-08
-4.07222e-08
-7.25908e-08
-2.7501e-08
-7.31498e-08
-1.41958e-08
-7.33102e-08
-8.85168e-10
-7.30969e-08
1.23572e-08
-7.25367e-08
2.54628e-08
-7.16575e-08
3.83692e-08
-7.04882e-08
-6.9058e-08
5.10198e-08
-1.95098e-08
1.20514e-07
-3.85239e-08
1.17198e-07
-5.69109e-08
1.12853e-07
-7.45524e-08
1.07595e-07
-9.1341e-08
1.01532e-07
-1.07179e-07
9.47675e-08
-1.21979e-07
8.73966e-08
-1.3566e-07
7.95111e-08
-1.4815e-07
7.11978e-08
-1.59384e-07
6.25399e-08
-1.69306e-07
5.36169e-08
-1.77868e-07
4.45056e-08
-1.85027e-07
3.528e-08
-1.90751e-07
2.60115e-08
-1.95016e-07
1.6769e-08
-1.97808e-07
7.61877e-09
-1.99121e-07
-1.37574e-09
-1.98959e-07
-1.0154e-08
-1.97339e-07
-1.86587e-08
-1.94284e-07
-2.68363e-08
-1.89831e-07
-3.46372e-08
-1.84025e-07
-4.20161e-08
-1.76924e-07
-4.89328e-08
-1.68593e-07
-5.53521e-08
-1.59109e-07
-6.12443e-08
-1.48553e-07
-6.65856e-08
-1.37019e-07
-7.13582e-08
-1.24604e-07
-7.55505e-08
-1.11409e-07
-7.91569e-08
-9.75426e-08
-8.21779e-08
-8.31124e-08
-8.462e-08
-6.8228e-08
-8.64951e-08
-5.29986e-08
-8.78203e-08
-3.7531e-08
-8.86174e-08
-2.19289e-08
-8.89122e-08
-6.2916e-09
-8.87343e-08
9.28732e-09
-8.81156e-08
2.47205e-08
-8.70907e-08
3.99277e-08
-8.56954e-08
-8.39665e-08
5.48361e-08
-2.20636e-08
1.42577e-07
-4.35848e-08
1.3872e-07
-6.44314e-08
1.337e-07
-8.44827e-08
1.27647e-07
-1.03628e-07
1.20678e-07
-1.21766e-07
1.12906e-07
-1.38802e-07
1.04433e-07
-1.54649e-07
9.53573e-08
-1.69224e-07
8.57729e-08
-1.82452e-07
7.57684e-08
-1.94265e-07
6.54297e-08
-2.04599e-07
5.48401e-08
-2.134e-07
4.40803e-08
-2.20617e-07
3.32292e-08
-2.26212e-07
2.23638e-08
-2.30153e-07
1.15592e-08
-2.32417e-07
8.88837e-10
-2.32995e-07
-9.57641e-09
-2.31885e-07
-1.9768e-08
-2.29102e-07
-2.96202e-08
-2.24668e-07
-3.9071e-08
-2.18622e-07
-4.80623e-08
-2.11014e-07
-5.65405e-08
-2.01908e-07
-6.44576e-08
-1.91382e-07
-7.1771e-08
-1.79522e-07
-7.8445e-08
-1.6643e-07
-8.44503e-08
-1.52215e-07
-8.97654e-08
-1.36996e-07
-9.43759e-08
-1.20899e-07
-9.82755e-08
-1.04053e-07
-1.01465e-07
-8.65948e-08
-1.03954e-07
-6.8658e-08
-1.05757e-07
-5.03778e-08
-1.06898e-07
-3.18864e-08
-1.07404e-07
-1.33112e-08
-1.07309e-07
5.22634e-09
-1.06653e-07
2.36122e-08
-1.05477e-07
4.17411e-08
-1.03824e-07
-1.01743e-07
5.95175e-08
-2.49464e-08
1.67524e-07
-4.93018e-08
1.63075e-07
-7.29361e-08
1.57334e-07
-9.57295e-08
1.5044e-07
-1.17571e-07
1.42519e-07
-1.38356e-07
1.3369e-07
-1.57984e-07
1.24061e-07
-1.76362e-07
1.13735e-07
-1.93399e-07
1.0281e-07
-2.09008e-07
9.13771e-08
-2.23106e-07
7.95273e-08
-2.35613e-07
6.73478e-08
-2.46457e-07
5.49243e-08
-2.5557e-07
4.23415e-08
-2.62889e-07
2.96831e-08
-2.68362e-07
1.70321e-08
-2.71944e-07
4.47098e-09
-2.73602e-07
-7.91876e-09
-2.73313e-07
-2.00567e-08
-2.71069e-07
-3.1864e-08
-2.66876e-07
-4.32641e-08
-2.60755e-07
-5.41834e-08
-2.52743e-07
-6.45519e-08
-2.42896e-07
-7.43046e-08
-2.31286e-07
-8.33817e-08
-2.18e-07
-9.17304e-08
-2.03146e-07
-9.93049e-08
-1.86843e-07
-1.06068e-07
-1.69228e-07
-1.11991e-07
-1.50447e-07
-1.17056e-07
-1.30658e-07
-1.21254e-07
-1.10026e-07
-1.24585e-07
-8.8722e-08
-1.27061e-07
-6.69165e-08
-1.28703e-07
-4.47809e-08
-1.29539e-07
-2.24823e-08
-1.29608e-07
-1.81502e-10
-1.28954e-07
2.19695e-08
-1.27628e-07
4.38293e-08
-1.25684e-07
-1.23182e-07
6.5269e-08
-2.81538e-08
1.95677e-07
-5.56672e-08
1.90589e-07
-8.24169e-08
1.84084e-07
-1.08288e-07
1.76311e-07
-1.33172e-07
1.67404e-07
-1.56965e-07
1.57483e-07
-1.79565e-07
1.46661e-07
-2.00872e-07
1.35042e-07
-2.20786e-07
1.22724e-07
-2.3921e-07
1.09801e-07
-2.56046e-07
9.63632e-08
-2.71198e-07
8.24993e-08
-2.8457e-07
6.8297e-08
-2.96072e-07
5.38438e-08
-3.05617e-07
3.92275e-08
-3.13121e-07
2.45367e-08
-3.18512e-07
9.86144e-09
-3.21723e-07
-4.70758e-09
-3.22701e-07
-1.90785e-08
-3.21406e-07
-3.3159e-08
-3.17814e-07
-4.68568e-08
-3.11916e-07
-6.00805e-08
-3.03728e-07
-7.27405e-08
-2.93282e-07
-8.47502e-08
-2.80636e-07
-9.60276e-08
-2.65871e-07
-1.06496e-07
-2.49089e-07
-1.16086e-07
-2.30419e-07
-1.24738e-07
-2.10011e-07
-1.324e-07
-1.88033e-07
-1.39034e-07
-1.64675e-07
-1.44612e-07
-1.40139e-07
-1.49121e-07
-1.1464e-07
-1.52561e-07
-8.83993e-08
-1.54944e-07
-6.16414e-08
-1.56297e-07
-3.45894e-08
-1.5666e-07
-7.46081e-09
-1.56083e-07
1.95364e-08
-1.54625e-07
4.62075e-08
-1.52355e-07
-1.49349e-07
7.23738e-08
-3.16703e-08
2.27348e-07
-6.2652e-08
2.2157e-07
-9.28343e-08
2.14266e-07
-1.22113e-07
2.0559e-07
-1.50386e-07
1.95677e-07
-1.77555e-07
1.84652e-07
-2.03518e-07
1.72624e-07
-2.28174e-07
1.59698e-07
-2.51417e-07
1.45967e-07
-2.73139e-07
1.31523e-07
-2.93228e-07
1.16452e-07
-3.1157e-07
1.00841e-07
-3.28048e-07
8.4775e-08
-3.42543e-07
6.83395e-08
-3.54938e-07
5.16225e-08
-3.65116e-07
3.47146e-08
-3.72964e-07
1.77092e-08
-3.78375e-07
7.03481e-10
-3.81252e-07
-1.62017e-08
-3.81509e-07
-3.2902e-08
-3.79076e-07
-4.92899e-08
-3.73901e-07
-6.52551e-08
-3.65955e-07
-8.06861e-08
-3.55235e-07
-9.5471e-08
-3.41763e-07
-1.09499e-07
-3.25596e-07
-1.22663e-07
-3.0682e-07
-1.34862e-07
-2.85559e-07
-1.45999e-07
-2.61968e-07
-1.55992e-07
-2.36234e-07
-1.64767e-07
-2.08579e-07
-1.72267e-07
-1.79249e-07
-1.78451e-07
-1.48514e-07
-1.83296e-07
-1.16662e-07
-1.86796e-07
-8.39917e-08
-1.88967e-07
-5.0807e-08
-1.89845e-07
-1.7409e-08
-1.89481e-07
1.59105e-08
-1.87944e-07
4.88751e-08
-1.8532e-07
-1.81703e-07
8.12292e-08
-3.54668e-08
2.62814e-07
-7.01996e-08
2.56303e-07
-1.04108e-07
2.48174e-07
-1.37103e-07
2.38585e-07
-1.69099e-07
2.27673e-07
-2.00004e-07
2.15558e-07
-2.29726e-07
2.02346e-07
-2.58164e-07
1.88136e-07
-2.85212e-07
1.73014e-07
-3.10754e-07
1.57065e-07
-3.34667e-07
1.40366e-07
-3.56821e-07
1.22995e-07
-3.77077e-07
1.05031e-07
-3.95288e-07
8.65505e-08
-4.11302e-07
6.76366e-08
-4.24962e-07
4.83749e-08
-4.3611e-07
2.88568e-08
-4.44586e-07
9.17978e-09
-4.50236e-07
-1.05517e-08
-4.52913e-07
-3.02258e-08
-4.52479e-07
-4.97231e-08
-4.48818e-07
-6.89167e-08
-4.41831e-07
-8.76733e-08
-4.31448e-07
-1.05854e-07
-4.17633e-07
-1.23314e-07
-4.00387e-07
-1.39909e-07
-3.79755e-07
-1.55494e-07
-3.55826e-07
-1.69928e-07
-3.28743e-07
-1.83075e-07
-2.98698e-07
-1.94812e-07
-2.65935e-07
-2.0503e-07
-2.30746e-07
-2.13641e-07
-1.93467e-07
-2.20575e-07
-1.54471e-07
-2.25792e-07
-1.1416e-07
-2.29278e-07
-7.29553e-08
-2.3105e-07
-3.12833e-08
-2.31152e-07
1.04332e-08
-2.29661e-07
5.17885e-08
-2.26675e-07
-2.22318e-07
9.24035e-08
-3.94972e-08
3.02312e-07
-7.822e-08
2.95026e-07
-1.16105e-07
2.8606e-07
-1.53091e-07
2.75571e-07
-1.8911e-07
2.63692e-07
-2.2409e-07
2.50537e-07
-2.5795e-07
2.36206e-07
-2.90599e-07
2.20785e-07
-3.21935e-07
2.04351e-07
-3.51844e-07
1.86973e-07
-3.80196e-07
1.68718e-07
-4.06849e-07
1.49648e-07
-4.31645e-07
1.29827e-07
-4.54412e-07
1.09318e-07
-4.74964e-07
8.8189e-08
-4.93103e-07
6.65138e-08
-5.08618e-07
4.43719e-08
-5.2129e-07
2.18519e-08
-5.30894e-07
-9.47635e-10
-5.37203e-07
-2.39165e-08
-5.39994e-07
-4.69323e-08
-5.39052e-07
-6.98589e-08
-5.34179e-07
-9.25466e-08
-5.252e-07
-1.14832e-07
-5.11975e-07
-1.3654e-07
-4.94403e-07
-1.57481e-07
-4.72438e-07
-1.7746e-07
-4.46091e-07
-1.96274e-07
-4.15447e-07
-2.13719e-07
-3.80663e-07
-2.29596e-07
-3.41978e-07
-2.43715e-07
-2.99714e-07
-2.55904e-07
-2.54274e-07
-2.66015e-07
-2.06135e-07
-2.73932e-07
-1.55836e-07
-2.79577e-07
-1.03969e-07
-2.82917e-07
-5.11547e-08
-2.83967e-07
1.97477e-09
-2.8279e-07
5.47991e-08
-2.79499e-07
-2.74249e-07
1.0673e-07
-4.36964e-08
3.46008e-07
-8.65844e-08
3.37914e-07
-1.28639e-07
3.28114e-07
-1.69829e-07
3.16761e-07
-2.1012e-07
3.03982e-07
-2.49463e-07
2.89881e-07
-2.87801e-07
2.74544e-07
-3.2506e-07
2.58044e-07
-3.61152e-07
2.40443e-07
-3.95971e-07
2.21792e-07
-4.29392e-07
2.02139e-07
-4.6127e-07
1.81525e-07
-4.91436e-07
1.59993e-07
-5.19702e-07
1.37583e-07
-5.45854e-07
1.14341e-07
-5.69655e-07
9.03152e-08
-5.90846e-07
6.55627e-08
-6.09144e-07
4.01497e-08
-6.24246e-07
1.41547e-08
-6.35833e-07
-1.23295e-08
-6.43572e-07
-3.91932e-08
-6.47124e-07
-6.63072e-08
-6.4615e-07
-9.35209e-08
-6.40322e-07
-1.2066e-07
-6.29334e-07
-1.47527e-07
-6.12917e-07
-1.73898e-07
-5.90852e-07
-1.99524e-07
-5.62991e-07
-2.24135e-07
-5.29269e-07
-2.47441e-07
-4.89728e-07
-2.69138e-07
-4.44527e-07
-2.88916e-07
-3.93961e-07
-3.0647e-07
-3.38463e-07
-3.21512e-07
-2.78612e-07
-3.33783e-07
-2.15118e-07
-3.43071e-07
-1.48812e-07
-3.49222e-07
-8.06188e-08
-3.5216e-07
-1.15166e-08
-3.51893e-07
5.74998e-08
-3.48516e-07
-3.42216e-07
1.25467e-07
-4.79783e-08
3.93986e-07
-9.51225e-08
3.85058e-07
-1.41454e-07
3.74445e-07
-1.86984e-07
3.62292e-07
-2.31716e-07
3.48714e-07
-2.75637e-07
3.33802e-07
-3.18721e-07
3.17628e-07
-3.60924e-07
3.00247e-07
-4.02183e-07
2.81702e-07
-4.42413e-07
2.62022e-07
-4.81507e-07
2.41232e-07
-5.1933e-07
2.19348e-07
-5.5572e-07
1.96384e-07
-5.90486e-07
1.72349e-07
-6.23402e-07
1.47257e-07
-6.54207e-07
1.21121e-07
-6.82605e-07
9.39604e-08
-7.08259e-07
6.58039e-08
-7.30795e-07
3.66902e-08
-7.49797e-07
6.67305e-09
-7.64815e-07
-2.41752e-08
-7.75363e-07
-5.57595e-08
-7.80926e-07
-8.79575e-08
-7.80972e-07
-1.20615e-07
-7.74958e-07
-1.53541e-07
-7.62353e-07
-1.86503e-07
-7.42652e-07
-2.19225e-07
-7.15408e-07
-2.51379e-07
-6.80258e-07
-2.82592e-07
-6.36956e-07
-3.12439e-07
-5.85415e-07
-3.40457e-07
-5.25742e-07
-3.66144e-07
-4.58272e-07
-3.88982e-07
-3.83598e-07
-4.08457e-07
-3.02586e-07
-4.24083e-07
-2.1637e-07
-4.35437e-07
-1.26331e-07
-4.422e-07
-3.40374e-08
-4.44186e-07
5.88274e-08
-4.41381e-07
-4.33957e-07
1.50568e-07
-5.22363e-08
4.46223e-07
-1.03622e-07
4.36444e-07
-1.54233e-07
4.25056e-07
-2.04132e-07
4.12191e-07
-2.53367e-07
3.9795e-07
-3.01973e-07
3.82408e-07
-3.49965e-07
3.6562e-07
-3.9734e-07
3.47622e-07
-4.44073e-07
3.28435e-07
-4.90117e-07
3.08067e-07
-5.35399e-07
2.86514e-07
-5.79815e-07
2.63765e-07
-6.23232e-07
2.398e-07
-6.65478e-07
2.14595e-07
-7.06342e-07
1.88121e-07
-7.45568e-07
1.60347e-07
-7.8285e-07
1.31242e-07
-8.17827e-07
1.00781e-07
-8.50079e-07
6.89425e-08
-8.79121e-07
3.57148e-08
-9.04398e-07
1.1016e-09
-9.25283e-07
-3.48738e-08
-9.41079e-07
-7.21623e-08
-9.51013e-07
-1.10681e-07
-9.5425e-07
-1.50304e-07
-9.49901e-07
-1.90853e-07
-9.37039e-07
-2.32087e-07
-9.14729e-07
-2.73688e-07
-8.82069e-07
-3.15252e-07
-8.38234e-07
-3.56274e-07
-7.8255e-07
-3.96141e-07
-7.14564e-07
-4.34129e-07
-6.34144e-07
-4.69403e-07
-5.41565e-07
-5.01036e-07
-4.37609e-07
-5.28038e-07
-3.23636e-07
-5.4941e-07
-2.01614e-07
-5.64222e-07
-7.40911e-08
-5.71709e-07
5.59234e-08
-5.71395e-07
-5.63204e-07
1.85171e-07
-5.63452e-08
5.02568e-07
-1.11833e-07
4.91931e-07
-1.66599e-07
4.79822e-07
-2.20764e-07
4.66356e-07
-2.74432e-07
4.51618e-07
-3.27689e-07
4.35665e-07
-3.80604e-07
4.18535e-07
-4.33225e-07
4.00243e-07
-4.85581e-07
3.80791e-07
-5.37679e-07
3.60164e-07
-5.89497e-07
3.38333e-07
-6.4099e-07
3.15257e-07
-6.92076e-07
2.90886e-07
-7.42638e-07
2.65157e-07
-7.92516e-07
2.37999e-07
-8.41502e-07
2.09332e-07
-8.89327e-07
1.79068e-07
-9.35661e-07
1.47115e-07
-9.80096e-07
1.13377e-07
-1.02214e-06
7.77547e-08
-1.06119e-06
4.01526e-08
-1.09654e-06
4.81268e-10
-1.12737e-06
-4.13361e-08
-1.15269e-06
-8.53556e-08
-1.17139e-06
-1.31602e-07
-1.18219e-06
-1.80058e-07
-1.18364e-06
-2.3064e-07
-1.17414e-06
-2.83187e-07
-1.15197e-06
-3.37424e-07
-1.1153e-06
-3.92935e-07
-1.06232e-06
-4.49124e-07
-9.9128e-07
-5.0517e-07
-9.00699e-07
-5.59984e-07
-7.89567e-07
-6.12168e-07
-6.57618e-07
-6.59988e-07
-5.05642e-07
-7.01386e-07
-3.35815e-07
-7.34049e-07
-1.51952e-07
-7.55572e-07
4.04248e-08
-7.63772e-07
-7.57149e-07
2.3437e-07
-6.01655e-08
5.62733e-07
-1.19475e-07
5.5124e-07
-1.78128e-07
5.38476e-07
-2.36308e-07
5.24536e-07
-2.94178e-07
5.09487e-07
-3.51882e-07
4.93369e-07
-4.09549e-07
4.76202e-07
-4.67291e-07
4.57985e-07
-5.25201e-07
4.38701e-07
-5.83354e-07
4.18317e-07
-6.41803e-07
3.96782e-07
-7.00579e-07
3.74034e-07
-7.59686e-07
3.49993e-07
-8.19095e-07
3.24567e-07
-8.78742e-07
2.97646e-07
-9.38518e-07
2.69107e-07
-9.9826e-07
2.3881e-07
-1.05774e-06
2.06597e-07
-1.11666e-06
1.72294e-07
-1.17461e-06
1.35709e-07
-1.23109e-06
9.66326e-08
-1.28545e-06
5.48385e-08
-1.33687e-06
1.00849e-08
-1.38434e-06
-3.78821e-08
-1.42662e-06
-8.93233e-08
-1.46218e-06
-1.44498e-07
-1.48917e-06
-2.03653e-07
-1.50536e-06
-2.67e-07
-1.50809e-06
-3.3469e-07
-1.49426e-06
-4.0677e-07
-1.46025e-06
-4.83126e-07
-1.40203e-06
-5.6339e-07
-1.3152e-06
-6.46823e-07
-1.19522e-06
-7.32139e-07
-1.03794e-06
-8.17276e-07
-8.40214e-07
-8.99108e-07
-6.01145e-07
-9.73118e-07
-3.2359e-07
-1.03313e-06
-1.6066e-08
-1.0713e-06
-1.0789e-06
3.05689e-07
-6.355e-08
6.26283e-07
-1.26252e-07
6.13942e-07
-1.88371e-07
6.00595e-07
-2.5015e-07
5.86315e-07
-3.11814e-07
5.7115e-07
-3.73567e-07
5.55123e-07
-4.35604e-07
5.38238e-07
-4.98101e-07
5.20483e-07
-5.61227e-07
5.01827e-07
-6.25134e-07
4.82224e-07
-6.89964e-07
4.61612e-07
-7.55844e-07
4.39914e-07
-8.22887e-07
4.17036e-07
-8.91186e-07
3.92866e-07
-9.60814e-07
3.67274e-07
-1.03181e-06
3.40108e-07
-1.1042e-06
3.11192e-07
-1.17793e-06
2.80327e-07
-1.25291e-06
2.47281e-07
-1.329e-06
2.1179e-07
-1.40591e-06
1.73552e-07
-1.4833e-06
1.3222e-07
-1.56061e-06
8.74007e-08
-1.63714e-06
3.86416e-08
-1.71189e-06
-1.45718e-08
-1.78356e-06
-7.28259e-08
-1.85043e-06
-1.36787e-07
-1.91021e-06
-2.07212e-07
-1.95995e-06
-2.84951e-07
-1.99576e-06
-3.7096e-07
-2.0126e-06
-4.66291e-07
-2.00391e-06
-5.72081e-07
-1.96124e-06
-6.89489e-07
-1.87381e-06
-8.19566e-07
-1.72813e-06
-9.62957e-07
-1.50797e-06
-1.11927e-06
-1.19528e-06
-1.28581e-06
-7.73382e-07
-1.45503e-06
-2.35015e-07
-1.60966e-06
-1.71345e-06
3.99527e-07
-6.63531e-08
6.92637e-07
-1.31871e-07
6.7946e-07
-1.96879e-07
6.65603e-07
-2.61676e-07
6.51113e-07
-3.26544e-07
6.36017e-07
-3.91746e-07
6.20325e-07
-4.57537e-07
6.0403e-07
-5.24163e-07
5.87109e-07
-5.91863e-07
5.69526e-07
-6.60871e-07
5.51232e-07
-7.31423e-07
5.32164e-07
-8.03751e-07
5.12242e-07
-8.78089e-07
4.91373e-07
-9.54669e-07
4.69447e-07
-1.03373e-06
4.46332e-07
-1.1155e-06
4.21878e-07
-1.20021e-06
3.95906e-07
-1.2881e-06
3.68211e-07
-1.37936e-06
3.38549e-07
-1.47421e-06
3.0664e-07
-1.57281e-06
2.72151e-07
-1.67528e-06
2.34692e-07
-1.78169e-06
1.93804e-07
-1.89199e-06
1.48941e-07
-2.00601e-06
9.94524e-08
-2.1234e-06
4.45627e-08
-2.24352e-06
-1.66618e-08
-2.36539e-06
-8.53513e-08
-2.48745e-06
-1.62887e-07
-2.60743e-06
-2.50983e-07
-2.72191e-06
-3.51807e-07
-2.8258e-06
-4.68189e-07
-2.91133e-06
-6.03964e-07
-2.96629e-06
-7.64599e-07
-2.97095e-06
-9.58297e-07
-2.8922e-06
-1.19802e-06
-2.67286e-06
-1.50515e-06
-2.21183e-06
-1.91606e-06
-1.32758e-06
-2.49391e-06
-3.34954e-06
3.08511e-07
-6.84407e-08
7.61077e-07
-1.36062e-07
7.47082e-07
-2.03238e-07
7.32779e-07
-2.70316e-07
7.1819e-07
-3.37624e-07
7.03326e-07
-4.05479e-07
6.8818e-07
-4.74187e-07
6.72738e-07
-5.44051e-07
6.56973e-07
-6.15377e-07
6.40852e-07
-6.88473e-07
6.24328e-07
-7.63657e-07
6.07348e-07
-8.41261e-07
5.89846e-07
-9.21633e-07
5.71745e-07
-1.00514e-06
5.52955e-07
-1.09218e-06
5.33372e-07
-1.18318e-06
5.12875e-07
-1.27859e-06
4.91322e-07
-1.37893e-06
4.68547e-07
-1.48474e-06
4.44357e-07
-1.59662e-06
4.18523e-07
-1.71525e-06
3.90776e-07
-1.84135e-06
3.60797e-07
-1.97575e-06
3.28202e-07
-2.11934e-06
2.92532e-07
-2.27312e-06
2.53237e-07
-2.43821e-06
2.09649e-07
-2.61584e-06
1.60966e-07
-2.80741e-06
1.06222e-07
-3.01458e-06
4.42786e-08
-3.23938e-06
-2.61832e-08
-3.48457e-06
-1.06611e-07
-3.75432e-06
-1.98446e-07
-4.05548e-06
-3.028e-07
-4.4003e-06
-4.19779e-07
-4.81144e-06
-5.47156e-07
-5.33161e-06
-6.77858e-07
-6.04141e-06
-7.95339e-07
-7.09224e-06
-8.65232e-07
-8.76559e-06
-8.20562e-07
-5.42029e-07
-1.15731e-05
-6.9701e-08
8.30778e-07
-1.38598e-07
8.15979e-07
-2.071e-07
8.01281e-07
-2.7559e-07
7.8668e-07
-3.4443e-07
7.72166e-07
-4.13972e-07
7.57722e-07
-4.84561e-07
7.43327e-07
-5.56545e-07
7.28957e-07
-6.30276e-07
7.14582e-07
-7.06116e-07
7.00169e-07
-7.84449e-07
6.8568e-07
-8.65677e-07
6.71074e-07
-9.50238e-07
6.56305e-07
-1.0386e-06
6.4132e-07
-1.13129e-06
6.26061e-07
-1.22888e-06
6.10461e-07
-1.332e-06
5.94448e-07
-1.44139e-06
5.77936e-07
-1.55787e-06
5.60829e-07
-1.68236e-06
5.43017e-07
-1.81596e-06
5.24373e-07
-1.95991e-06
5.04749e-07
-2.11568e-06
4.83969e-07
-2.28497e-06
4.61828e-07
-2.46981e-06
4.38073e-07
-2.67255e-06
4.12396e-07
-2.89599e-06
3.84406e-07
-3.14337e-06
3.53596e-07
-3.41837e-06
3.19284e-07
-3.72508e-06
2.80523e-07
-4.06764e-06
2.3595e-07
-4.44962e-06
1.8353e-07
-4.87256e-06
1.20141e-07
-5.33319e-06
4.08495e-08
-5.81803e-06
-6.23106e-08
-6.29347e-06
-2.02423e-07
-6.68755e-06
-4.01258e-07
-6.85741e-06
-6.95371e-07
-6.53148e-06
-1.14649e-06
-1.75143e-06
-5.32208e-06
-7.00536e-08
9.00832e-07
-1.39317e-07
8.85242e-07
-2.08216e-07
8.7018e-07
-2.77153e-07
8.55616e-07
-3.46507e-07
8.4152e-07
-4.16649e-07
8.27864e-07
-4.87944e-07
8.14622e-07
-5.60759e-07
8.01773e-07
-6.35471e-07
7.89294e-07
-7.12471e-07
7.77169e-07
-7.92171e-07
7.6538e-07
-8.75012e-07
7.53916e-07
-9.61472e-07
7.42765e-07
-1.05207e-06
7.31921e-07
-1.14739e-06
7.21381e-07
-1.24808e-06
7.11146e-07
-1.35485e-06
7.01221e-07
-1.46854e-06
6.91623e-07
-1.59008e-06
6.82371e-07
-1.72056e-06
6.73501e-07
-1.86125e-06
6.65061e-07
-2.01362e-06
6.5712e-07
-2.17943e-06
6.49772e-07
-2.36074e-06
6.43147e-07
-2.56009e-06
6.37416e-07
-2.7805e-06
6.32812e-07
-3.02573e-06
6.29637e-07
-3.30042e-06
6.28284e-07
-3.61039e-06
6.29257e-07
-3.96305e-06
6.33182e-07
-4.36792e-06
6.40819e-07
-4.83744e-06
6.53046e-07
-5.38811e-06
6.70813e-07
-6.04228e-06
6.95016e-07
-6.83085e-06
7.26262e-07
-7.79771e-06
7.64435e-07
-9.00692e-06
8.07957e-07
-1.05549e-05
8.52599e-07
-1.25638e-05
8.62386e-07
-1.32156e-05
-1.09958e-06
-6.94567e-08
9.70289e-07
-1.38133e-07
9.53918e-07
-2.06457e-07
9.38504e-07
-2.74827e-07
9.23987e-07
-3.43623e-07
9.10317e-07
-4.13215e-07
8.97455e-07
-4.83965e-07
8.85372e-07
-5.56238e-07
8.74046e-07
-6.30408e-07
8.63464e-07
-7.0686e-07
8.53621e-07
-7.86002e-07
8.44522e-07
-8.68266e-07
8.3618e-07
-9.5412e-07
8.28619e-07
-1.04407e-06
8.21874e-07
-1.13868e-06
8.15992e-07
-1.23857e-06
8.11036e-07
-1.34444e-06
8.07083e-07
-1.45705e-06
8.04233e-07
-1.57728e-06
8.0261e-07
-1.70615e-06
8.02369e-07
-1.84479e-06
8.037e-07
-1.99452e-06
8.06846e-07
-2.15685e-06
8.12109e-07
-2.33358e-06
8.19871e-07
-2.52679e-06
8.30625e-07
-2.73898e-06
8.45001e-07
-2.97317e-06
8.63828e-07
-3.23308e-06
8.882e-07
-3.52341e-06
9.19586e-07
-3.85022e-06
9.59993e-07
-4.22161e-06
1.01221e-06
-4.64873e-06
1.08017e-06
-5.14749e-06
1.16957e-06
-5.74124e-06
1.28877e-06
-6.4653e-06
1.45032e-06
-7.37417e-06
1.67331e-06
-8.55353e-06
1.98731e-06
-1.01395e-05
2.43861e-06
-1.22035e-05
2.92639e-06
-2.86767e-05
3.25757e-06
-6.791e-08
1.0382e-06
-1.35048e-07
1.02106e-06
-2.01822e-07
1.00528e-06
-2.68614e-07
9.90778e-07
-3.35785e-07
9.77487e-07
-4.03681e-07
9.65351e-07
-4.72644e-07
9.54335e-07
-5.43012e-07
9.44415e-07
-6.15129e-07
9.35581e-07
-6.89346e-07
9.27838e-07
-7.66029e-07
9.21205e-07
-8.45563e-07
9.15713e-07
-9.28355e-07
9.11411e-07
-1.01484e-06
9.08364e-07
-1.1055e-06
9.06652e-07
-1.20085e-06
9.06379e-07
-1.30143e-06
9.0767e-07
-1.40788e-06
9.10676e-07
-1.52084e-06
9.15577e-07
-1.64107e-06
9.2259e-07
-1.76934e-06
9.31972e-07
-1.90652e-06
9.44028e-07
-2.05353e-06
9.59121e-07
-2.21135e-06
9.77687e-07
-2.38097e-06
1.00024e-06
-2.56338e-06
1.02741e-06
-2.7595e-06
1.05995e-06
-2.97005e-06
1.09875e-06
-3.19539e-06
1.14492e-06
-3.43516e-06
1.19977e-06
-3.68782e-06
1.26486e-06
-3.9497e-06
1.34205e-06
-4.21354e-06
1.43341e-06
-4.46588e-06
1.54111e-06
-4.68263e-06
1.66707e-06
-4.82144e-06
1.81212e-06
-4.80857e-06
1.97445e-06
-4.51638e-06
2.14641e-06
-3.33491e-06
1.74492e-06
-3.32453e-05
1.23367e-06
-6.54548e-08
1.10365e-06
-1.30145e-07
1.08575e-06
-1.94443e-07
1.06958e-06
-2.58697e-07
1.05503e-06
-3.23232e-07
1.04202e-06
-3.88358e-07
1.03048e-06
-4.54375e-07
1.02035e-06
-5.21577e-07
1.01162e-06
-5.90256e-07
1.00426e-06
-6.60704e-07
9.98286e-07
-7.33218e-07
9.93719e-07
-8.08103e-07
9.90598e-07
-8.85674e-07
9.88982e-07
-9.66258e-07
9.88948e-07
-1.0502e-06
9.90591e-07
-1.13785e-06
9.9403e-07
-1.22958e-06
9.99405e-07
-1.32579e-06
1.00688e-06
-1.42686e-06
1.01665e-06
-1.53319e-06
1.02892e-06
-1.64518e-06
1.04396e-06
-1.76318e-06
1.06203e-06
-1.88751e-06
1.08345e-06
-2.01837e-06
1.10855e-06
-2.15581e-06
1.13769e-06
-2.29964e-06
1.17125e-06
-2.44929e-06
1.2096e-06
-2.60362e-06
1.25308e-06
-2.76069e-06
1.30199e-06
-2.91738e-06
1.35646e-06
-3.06894e-06
1.41642e-06
-3.20831e-06
1.48142e-06
-3.32539e-06
1.55049e-06
-3.40611e-06
1.62183e-06
-3.43159e-06
1.69255e-06
-3.37779e-06
1.75832e-06
-3.21644e-06
1.8131e-06
-2.91923e-06
1.8492e-06
-2.1551e-06
9.80783e-07
-3.63349e-05
9.34488e-07
-6.21685e-08
1.16582e-06
-1.2358e-07
1.14716e-06
-1.84562e-07
1.13056e-06
-2.45412e-07
1.11588e-06
-3.06411e-07
1.10302e-06
-3.67819e-07
1.09189e-06
-4.29882e-07
1.08242e-06
-4.92835e-07
1.07457e-06
-5.56903e-07
1.06833e-06
-6.22306e-07
1.06369e-06
-6.89256e-07
1.06067e-06
-7.5796e-07
1.0593e-06
-8.28621e-07
1.05964e-06
-9.01438e-07
1.06177e-06
-9.76604e-07
1.06576e-06
-1.0543e-06
1.07173e-06
-1.13471e-06
1.07981e-06
-1.21799e-06
1.09015e-06
-1.30426e-06
1.10292e-06
-1.39364e-06
1.1183e-06
-1.48618e-06
1.1365e-06
-1.58188e-06
1.15773e-06
-1.68064e-06
1.18221e-06
-1.78226e-06
1.21016e-06
-1.88637e-06
1.2418e-06
-1.99242e-06
1.27729e-06
-2.09956e-06
1.31674e-06
-2.20666e-06
1.36018e-06
-2.31213e-06
1.40746e-06
-2.41389e-06
1.45822e-06
-2.50925e-06
1.51178e-06
-2.5948e-06
1.56698e-06
-2.66636e-06
1.62205e-06
-2.71881e-06
1.67428e-06
-2.74601e-06
1.71975e-06
-2.74045e-06
1.75275e-06
-2.69244e-06
1.7651e-06
-2.58812e-06
1.74488e-06
-1.68796e-06
8.06218e-08
-3.90126e-05
9.89764e-07
-5.81574e-08
1.22398e-06
-1.1557e-07
1.20457e-06
-1.7251e-07
1.1875e-06
-2.29221e-07
1.17259e-06
-2.85929e-07
1.15973e-06
-3.42836e-07
1.14879e-06
-4.00131e-07
1.13971e-06
-4.57981e-07
1.13242e-06
-5.16541e-07
1.12689e-06
-5.75949e-07
1.1231e-06
-6.36328e-07
1.12105e-06
-6.97785e-07
1.12076e-06
-7.6041e-07
1.12227e-06
-8.24271e-07
1.12563e-06
-8.89419e-07
1.13091e-06
-9.55878e-07
1.13819e-06
-1.02364e-06
1.14757e-06
-1.09267e-06
1.15918e-06
-1.16288e-06
1.17314e-06
-1.23416e-06
1.18958e-06
-1.30632e-06
1.20866e-06
-1.37912e-06
1.23053e-06
-1.45226e-06
1.25535e-06
-1.52537e-06
1.28327e-06
-1.59801e-06
1.31444e-06
-1.66971e-06
1.34898e-06
-1.73994e-06
1.38698e-06
-1.80825e-06
1.42849e-06
-1.8743e-06
1.47351e-06
-1.93806e-06
1.52198e-06
-2.00007e-06
1.57378e-06
-2.06185e-06
1.62876e-06
-2.12654e-06
1.68674e-06
-2.19993e-06
1.74767e-06
-2.29199e-06
1.8118e-06
-2.41923e-06
1.88e-06
-2.60845e-06
1.95431e-06
-2.90231e-06
2.03875e-06
-1.43183e-06
-1.38986e-06
-4.16564e-05
1.21193e-06
-5.35461e-08
1.27753e-06
-1.06367e-07
1.25739e-06
-1.58675e-07
1.23981e-06
-2.10659e-07
1.22458e-06
-2.62485e-07
1.21155e-06
-3.143e-07
1.20061e-06
-3.6623e-07
1.19164e-06
-4.18378e-07
1.18457e-06
-4.70828e-07
1.17934e-06
-5.23641e-07
1.17591e-06
-5.76856e-07
1.17426e-06
-6.30486e-07
1.17439e-06
-6.84518e-07
1.1763e-06
-7.38906e-07
1.18002e-06
-7.93576e-07
1.18558e-06
-8.48415e-07
1.19303e-06
-9.03267e-07
1.20243e-06
-9.57936e-07
1.21385e-06
-1.01217e-06
1.22737e-06
-1.06568e-06
1.24308e-06
-1.1181e-06
1.26108e-06
-1.16902e-06
1.28145e-06
-1.21799e-06
1.30432e-06
-1.26449e-06
1.32978e-06
-1.308e-06
1.35796e-06
-1.34801e-06
1.38899e-06
-1.38404e-06
1.42301e-06
-1.41574e-06
1.46019e-06
-1.443e-06
1.50077e-06
-1.46602e-06
1.54501e-06
-1.48556e-06
1.59332e-06
-1.50306e-06
1.64626e-06
-1.52097e-06
1.70464e-06
-1.54292e-06
1.76962e-06
-1.57397e-06
1.84286e-06
-1.62076e-06
1.92678e-06
-1.69133e-06
2.02489e-06
-1.79377e-06
2.14119e-06
-1.27444e-06
-1.90918e-06
-4.43937e-05
1.46287e-06
-4.84671e-08
1.32599e-06
-9.62382e-08
1.30516e-06
-1.43467e-07
1.28703e-06
-1.90289e-07
1.2714e-06
-2.36815e-07
1.25808e-06
-2.83137e-07
1.24693e-06
-3.29324e-07
1.23783e-06
-3.75422e-07
1.23067e-06
-4.21451e-07
1.22537e-06
-4.67405e-07
1.22187e-06
-5.13252e-07
1.22011e-06
-5.58925e-07
1.22006e-06
-6.04329e-07
1.2217e-06
-6.49327e-07
1.22501e-06
-6.93748e-07
1.23e-06
-7.37372e-07
1.23665e-06
-7.79935e-07
1.24499e-06
-8.21121e-07
1.25504e-06
-8.60555e-07
1.26681e-06
-8.97808e-07
1.28034e-06
-9.32382e-07
1.29565e-06
-9.6372e-07
1.31279e-06
-9.91199e-07
1.33179e-06
-1.01413e-06
1.35271e-06
-1.03178e-06
1.37561e-06
-1.04335e-06
1.40056e-06
-1.04804e-06
1.42769e-06
-1.045e-06
1.45716e-06
-1.03342e-06
1.48918e-06
-1.01251e-06
1.5241e-06
-9.81516e-07
1.56233e-06
-9.39723e-07
1.60447e-06
-8.8632e-07
1.65124e-06
-8.20167e-07
1.70347e-06
-7.39224e-07
1.76192e-06
-6.39362e-07
1.82692e-06
-5.12013e-07
1.89754e-06
-3.38789e-07
1.96797e-06
-1.22473e-06
-1.02324e-06
-4.70438e-05
1.42541e-06
-4.30498e-08
1.36904e-06
-8.54442e-08
1.34756e-06
-1.27285e-07
1.32888e-06
-1.68657e-07
1.31277e-06
-2.09624e-07
1.29905e-06
-2.50231e-07
1.28754e-06
-2.90498e-07
1.27809e-06
-3.30423e-07
1.27059e-06
-3.69977e-07
1.26492e-06
-4.09101e-07
1.26099e-06
-4.47707e-07
1.25871e-06
-4.85673e-07
1.25803e-06
-5.22843e-07
1.25887e-06
-5.5902e-07
1.26119e-06
-5.93966e-07
1.26494e-06
-6.27397e-07
1.27008e-06
-6.58979e-07
1.27657e-06
-6.88322e-07
1.28438e-06
-7.14981e-07
1.29347e-06
-7.38441e-07
1.3038e-06
-7.58123e-07
1.31533e-06
-7.73365e-07
1.32803e-06
-7.83425e-07
1.34185e-06
-7.8746e-07
1.35675e-06
-7.84522e-07
1.37267e-06
-7.73533e-07
1.38957e-06
-7.53269e-07
1.40743e-06
-7.22324e-07
1.42621e-06
-6.79088e-07
1.44595e-06
-6.21709e-07
1.46672e-06
-5.48097e-07
1.48872e-06
-4.55978e-07
1.51235e-06
-3.43116e-07
1.53838e-06
-2.07865e-07
1.56822e-06
-5.04062e-08
1.60446e-06
1.24688e-07
1.65182e-06
3.0336e-07
1.71887e-06
4.51295e-07
1.82003e-06
-9.25494e-07
3.53549e-07
4.61007e-09
1.03301e-06
-3.74118e-08
1.40645e-06
-7.42215e-08
1.38437e-06
-1.10487e-07
1.36514e-06
-1.46251e-07
1.34853e-06
-1.81541e-07
1.33434e-06
-2.16362e-07
1.32236e-06
-2.507e-07
1.31243e-06
-2.84515e-07
1.30441e-06
-3.17743e-07
1.29815e-06
-3.50291e-07
1.29354e-06
-3.82037e-07
1.29046e-06
-4.12825e-07
1.28882e-06
-4.42466e-07
1.28851e-06
-4.70731e-07
1.28946e-06
-4.97355e-07
1.29156e-06
-5.22024e-07
1.29475e-06
-5.44383e-07
1.29893e-06
-5.64024e-07
1.30402e-06
-5.80484e-07
1.30993e-06
-5.93241e-07
1.31655e-06
-6.01706e-07
1.3238e-06
-6.05217e-07
1.33154e-06
-6.03024e-07
1.33966e-06
-5.94274e-07
1.348e-06
-5.77992e-07
1.35639e-06
-5.53039e-07
1.36462e-06
-5.18068e-07
1.37246e-06
-4.71445e-07
1.37959e-06
-4.11124e-07
1.38563e-06
-3.34458e-07
1.39005e-06
-2.37889e-07
1.39215e-06
-1.16422e-07
1.39088e-06
3.72428e-08
1.38471e-06
2.34217e-07
1.37124e-06
4.92033e-07
1.34664e-06
8.39218e-07
1.30464e-06
1.32333e-06
1.23475e-06
2.02409e-06
1.11927e-06
1.4496e-06
9.28042e-07
8.06457e-07
6.47749e-07
-3.16519e-08
1.43811e-06
-6.27678e-08
1.41548e-06
-9.33718e-08
1.39574e-06
-1.23476e-07
1.37864e-06
-1.53079e-07
1.36394e-06
-1.82161e-07
1.35144e-06
-2.10682e-07
1.34095e-06
-2.38583e-07
1.33231e-06
-2.65778e-07
1.32534e-06
-2.92158e-07
1.31992e-06
-3.17585e-07
1.31589e-06
-3.41894e-07
1.31313e-06
-3.64887e-07
1.31151e-06
-3.86334e-07
1.3109e-06
-4.05972e-07
1.3112e-06
-4.235e-07
1.31228e-06
-4.38581e-07
1.31401e-06
-4.50837e-07
1.31628e-06
-4.59849e-07
1.31894e-06
-4.65154e-07
1.32186e-06
-4.66245e-07
1.32489e-06
-4.62563e-07
1.32786e-06
-4.53498e-07
1.33059e-06
-4.38383e-07
1.33288e-06
-4.16487e-07
1.33449e-06
-3.87011e-07
1.33514e-06
-3.49085e-07
1.33453e-06
-3.01762e-07
1.33226e-06
-2.44028e-07
1.32789e-06
-1.74835e-07
1.32086e-06
-9.31719e-08
1.31049e-06
1.76085e-09
1.29595e-06
1.10203e-07
1.27627e-06
2.31132e-07
1.25031e-06
3.60904e-07
1.21687e-06
4.90665e-07
1.17488e-06
6.01505e-07
1.12391e-06
6.55499e-07
1.06528e-06
5.79461e-07
1.00408e-06
9.53306e-07
4.32612e-07
-2.58457e-08
1.46395e-06
-5.12338e-08
1.44087e-06
-7.61655e-08
1.42068e-06
-1.00633e-07
1.40311e-06
-1.24617e-07
1.38792e-06
-1.48082e-07
1.37491e-06
-1.70979e-07
1.36385e-06
-1.93238e-07
1.35457e-06
-2.1477e-07
1.34688e-06
-2.35463e-07
1.34061e-06
-2.55183e-07
1.33561e-06
-2.73774e-07
1.33172e-06
-2.9105e-07
1.32878e-06
-3.06805e-07
1.32666e-06
-3.20803e-07
1.3252e-06
-3.32784e-07
1.32426e-06
-3.42459e-07
1.32369e-06
-3.49517e-07
1.32333e-06
-3.53621e-07
1.32304e-06
-3.54412e-07
1.32265e-06
-3.5151e-07
1.32199e-06
-3.44524e-07
1.32088e-06
-3.33048e-07
1.31912e-06
-3.16678e-07
1.31651e-06
-2.9502e-07
1.31283e-06
-2.67707e-07
1.30783e-06
-2.34427e-07
1.30125e-06
-1.94961e-07
1.2928e-06
-1.49234e-07
1.28217e-06
-9.74035e-08
1.26903e-06
-3.9968e-08
1.25305e-06
2.20683e-08
1.23392e-06
8.69857e-08
1.21135e-06
1.52092e-07
1.18521e-06
2.13454e-07
1.15551e-06
2.6574e-07
1.12259e-06
3.0242e-07
1.08723e-06
3.16919e-07
1.05078e-06
3.05885e-07
1.01511e-06
9.82357e-07
2.76834e-07
-2.00442e-08
1.484e-06
-3.97203e-08
1.46055e-06
-5.90167e-08
1.43997e-06
-7.79155e-08
1.42201e-06
-9.63897e-08
1.4064e-06
-1.14401e-07
1.39292e-06
-1.31898e-07
1.38135e-06
-1.48814e-07
1.37148e-06
-1.65068e-07
1.36313e-06
-1.8056e-07
1.3561e-06
-1.95174e-07
1.35022e-06
-2.08775e-07
1.34532e-06
-2.21209e-07
1.34122e-06
-2.32306e-07
1.33776e-06
-2.41875e-07
1.33477e-06
-2.49711e-07
1.3321e-06
-2.55594e-07
1.32957e-06
-2.59289e-07
1.32703e-06
-2.60556e-07
1.32431e-06
-2.59146e-07
1.32124e-06
-2.54815e-07
1.31766e-06
-2.47324e-07
1.31339e-06
-2.36457e-07
1.30825e-06
-2.22027e-07
1.30208e-06
-2.03894e-07
1.2947e-06
-1.81987e-07
1.28592e-06
-1.56326e-07
1.27559e-06
-1.27057e-07
1.26353e-06
-9.4482e-08
1.24959e-06
-5.91079e-08
1.23365e-06
-2.16843e-08
1.21563e-06
1.67554e-08
1.19548e-06
5.48703e-08
1.17324e-06
9.10234e-08
1.14905e-06
1.23355e-07
1.12318e-06
1.49954e-07
1.09599e-06
1.69166e-07
1.06802e-06
1.80047e-07
1.0399e-06
1.82887e-07
1.01228e-06
9.85735e-07
1.79509e-07
-1.42749e-08
1.49827e-06
-2.82802e-08
1.47455e-06
-4.20005e-08
1.45369e-06
-5.54165e-08
1.43542e-06
-6.85024e-08
1.41948e-06
-8.12242e-08
1.40564e-06
-9.35388e-08
1.39366e-06
-1.05392e-07
1.38334e-06
-1.1672e-07
1.37446e-06
-1.27444e-07
1.36683e-06
-1.37475e-07
1.36025e-06
-1.46712e-07
1.35455e-06
-1.5504e-07
1.34955e-06
-1.62334e-07
1.34505e-06
-1.68458e-07
1.34089e-06
-1.73266e-07
1.3369e-06
-1.76608e-07
1.33291e-06
-1.78328e-07
1.32875e-06
-1.78269e-07
1.32425e-06
-1.76281e-07
1.31925e-06
-1.72225e-07
1.3136e-06
-1.65978e-07
1.30714e-06
-1.57446e-07
1.29972e-06
-1.46572e-07
1.29121e-06
-1.33348e-07
1.28147e-06
-1.17828e-07
1.2704e-06
-1.00144e-07
1.25791e-06
-8.05184e-08
1.2439e-06
-5.92776e-08
1.22835e-06
-3.68609e-08
1.21124e-06
-1.38238e-08
1.19259e-06
9.1706e-09
1.17248e-06
3.13749e-08
1.15104e-06
5.20008e-08
1.12843e-06
7.02859e-08
1.10489e-06
8.55829e-08
1.08069e-06
9.7463e-08
1.05614e-06
1.05812e-07
1.03155e-06
1.10884e-07
1.0072e-06
9.83347e-07
1.13272e-07
-8.5447e-09
1.50682e-06
-1.69248e-08
1.48293e-06
-2.51284e-08
1.4619e-06
-3.3141e-08
1.44343e-06
-4.09445e-08
1.42729e-06
-4.8516e-08
1.41321e-06
-5.58269e-08
1.40097e-06
-6.28422e-08
1.39035e-06
-6.95205e-08
1.38113e-06
-7.58129e-08
1.37312e-06
-8.16637e-08
1.3661e-06
-8.70099e-08
1.3599e-06
-9.17818e-08
1.35432e-06
-9.59034e-08
1.34917e-06
-9.92937e-08
1.34428e-06
-1.01867e-07
1.33948e-06
-1.03537e-07
1.33458e-06
-1.04216e-07
1.32943e-06
-1.0382e-07
1.32385e-06
-1.0227e-07
1.3177e-06
-9.94984e-08
1.31083e-06
-9.54541e-08
1.30309e-06
-9.01055e-08
1.29437e-06
-8.34484e-08
1.28455e-06
-7.5512e-08
1.27354e-06
-6.63653e-08
1.26126e-06
-5.61223e-08
1.24766e-06
-4.4947e-08
1.23273e-06
-3.30547e-08
1.21646e-06
-2.07105e-08
1.19889e-06
-8.22303e-09
1.1801e-06
4.06812e-09
1.16019e-06
1.5811e-08
1.13929e-06
2.66664e-08
1.11757e-06
3.63381e-08
1.09522e-06
4.46036e-08
1.07243e-06
5.13418e-08
1.0494e-06
5.65495e-08
1.02634e-06
6.03413e-08
1.00341e-06
9.8076e-07
6.29279e-08
-2.84452e-09
-5.63372e-09
-8.36312e-09
-1.10274e-08
-1.36202e-08
-1.61333e-08
-1.85568e-08
-2.08787e-08
-2.30846e-08
-2.51579e-08
-2.70797e-08
-2.88287e-08
-3.03816e-08
-3.17129e-08
-3.27958e-08
-3.36024e-08
-3.41043e-08
-3.42736e-08
-3.40838e-08
-3.35112e-08
-3.25362e-08
-3.11451e-08
-2.93317e-08
-2.70994e-08
-2.44633e-08
-2.14514e-08
-1.81065e-08
-1.44866e-08
-1.06644e-08
-6.72638e-09
-2.76924e-09
1.10458e-09
4.79314e-09
8.20243e-09
1.12542e-08
1.38931e-08
1.6092e-08
1.78541e-08
1.92108e-08
2.02159e-08
4.61462e-08
-6.40848e-09
5.26033e-08
-6.45708e-09
5.9084e-08
-6.48066e-09
6.55609e-08
-6.47696e-09
7.20046e-08
-6.44371e-09
7.83833e-08
-6.37867e-09
8.4663e-08
-6.27968e-09
9.08076e-08
-6.14464e-09
9.67792e-08
-5.97161e-09
1.02538e-07
-5.75879e-09
1.08043e-07
-5.50457e-09
1.1325e-07
-5.20757e-09
1.18117e-07
-4.86671e-09
1.22598e-07
-4.48116e-09
1.26649e-07
-4.05049e-09
1.30223e-07
-3.57461e-09
1.33277e-07
-3.05383e-09
1.35766e-07
-2.48892e-09
1.37647e-07
-1.88107e-09
1.38879e-07
-1.23199e-09
1.39423e-07
-5.43849e-10
1.39242e-07
1.8067e-10
1.38304e-07
9.38371e-10
1.36578e-07
1.72554e-09
1.3404e-07
2.53797e-09
1.30669e-07
3.37091e-09
1.2645e-07
4.21913e-09
1.21373e-07
5.0769e-09
1.15435e-07
5.938e-09
1.0864e-07
6.79573e-09
1.00997e-07
7.6429e-09
9.25248e-08
8.47186e-09
8.32503e-08
9.27449e-09
7.32082e-08
1.00422e-08
6.24423e-08
1.07658e-08
5.10065e-08
1.14359e-08
3.89643e-08
1.20422e-08
2.63902e-08
1.25741e-08
1.33697e-08
1.30205e-08
1.33697e-08
4.66849e-08
-1.29999e-08
5.33261e-08
-1.30983e-08
5.99911e-08
-1.31457e-08
6.66517e-08
-1.31375e-08
7.3277e-08
-1.30691e-08
7.98343e-08
-1.29359e-08
8.62881e-08
-1.27335e-08
9.26013e-08
-1.24578e-08
9.87346e-08
-1.21049e-08
1.04647e-07
-1.1671e-08
1.10295e-07
-1.1153e-08
1.15636e-07
-1.05483e-08
1.20624e-07
-9.85455e-09
1.25213e-07
-9.07034e-09
1.29357e-07
-8.19481e-09
1.33011e-07
-7.2279e-09
1.36127e-07
-6.17038e-09
1.38662e-07
-5.02388e-09
1.40572e-07
-3.79098e-09
1.41815e-07
-2.4752e-09
1.42352e-07
-1.08106e-09
1.42147e-07
3.85908e-10
1.41166e-07
1.91916e-09
1.39381e-07
3.51112e-09
1.36766e-07
5.15321e-09
1.33301e-07
6.83583e-09
1.28971e-07
8.54839e-09
1.23769e-07
1.02793e-08
1.17691e-07
1.20161e-08
1.10741e-07
1.37454e-08
1.02931e-07
1.54526e-08
9.42808e-08
1.71225e-08
8.48165e-08
1.87388e-08
7.45744e-08
2.02843e-08
6.35993e-08
2.17409e-08
5.19457e-08
2.30894e-08
3.96782e-08
2.43097e-08
2.68719e-08
2.53804e-08
1.36132e-08
2.62793e-08
2.69829e-08
4.77787e-08
-1.99644e-08
5.47955e-08
-2.01151e-08
6.18366e-08
-2.01868e-08
6.88713e-08
-2.01723e-08
7.58668e-08
-2.00645e-08
8.27876e-08
-1.98566e-08
8.95958e-08
-1.95418e-08
9.62517e-08
-1.91137e-08
1.02713e-07
-1.85664e-08
1.08937e-07
-1.78944e-08
1.14877e-07
-1.7093e-08
1.20486e-07
-1.61581e-08
1.25719e-07
-1.50868e-08
1.30525e-07
-1.38769e-08
1.34858e-07
-1.25273e-08
1.38668e-07
-1.10383e-08
1.41909e-07
-9.41136e-09
1.44534e-07
-7.64921e-09
1.465e-07
-5.75613e-09
1.47762e-07
-3.73781e-09
1.48283e-07
-1.60142e-09
1.48024e-07
6.44312e-10
1.46954e-07
2.98918e-09
1.45044e-07
5.42144e-09
1.42269e-07
7.92786e-09
1.38611e-07
1.04937e-08
1.34057e-07
1.31028e-08
1.28599e-07
1.57377e-08
1.22235e-07
1.83793e-08
1.14974e-07
2.10073e-08
1.06826e-07
2.36e-08
9.78141e-08
2.61345e-08
8.79666e-08
2.85863e-08
7.73212e-08
3.09297e-08
6.59246e-08
3.31375e-08
5.3833e-08
3.51811e-08
4.11123e-08
3.70303e-08
2.78395e-08
3.86533e-08
1.41022e-08
4.00166e-08
4.1085e-08
4.94623e-08
-2.75074e-08
5.70612e-08
-2.7714e-08
6.46848e-08
-2.78103e-08
7.22989e-08
-2.77864e-08
7.9867e-08
-2.76326e-08
8.73496e-08
-2.73392e-08
9.47049e-08
-2.68972e-08
1.01889e-07
-2.62978e-08
1.08856e-07
-2.5533e-08
1.15557e-07
-2.45956e-08
1.21943e-07
-2.34793e-08
1.27964e-07
-2.21791e-08
1.33568e-07
-2.0691e-08
1.38704e-07
-1.90128e-08
1.4332e-07
-1.71433e-08
1.47365e-07
-1.50836e-08
1.5079e-07
-1.28361e-08
1.53546e-07
-1.04053e-08
1.55588e-07
-7.79768e-09
1.56871e-07
-5.02148e-09
1.57357e-07
-2.08713e-09
1.57009e-07
9.92975e-10
1.55793e-07
4.20445e-09
1.53684e-07
7.53091e-09
1.50658e-07
1.0954e-08
1.46698e-07
1.44536e-08
1.41793e-07
1.80076e-08
1.35938e-07
2.15922e-08
1.29136e-07
2.51817e-08
1.21394e-07
2.87489e-08
1.1273e-07
3.22647e-08
1.03166e-07
3.56983e-08
9.27346e-08
3.90175e-08
8.14763e-08
4.21879e-08
6.94403e-08
4.51736e-08
5.6685e-08
4.79364e-08
4.32788e-08
5.04364e-08
2.93007e-08
5.26314e-08
1.48405e-08
5.44767e-08
5.59255e-08
5.17903e-08
-3.58584e-08
6.0202e-08
-3.61257e-08
6.86383e-08
-3.62466e-08
7.70601e-08
-3.62083e-08
8.54254e-08
-3.59979e-08
9.36892e-08
-3.5603e-08
1.01804e-07
-3.50118e-08
1.09719e-07
-3.42133e-08
1.17384e-07
-3.31973e-08
1.24743e-07
-3.19548e-08
1.31742e-07
-3.04783e-08
1.38324e-07
-2.87617e-08
1.44434e-07
-2.68007e-08
1.50014e-07
-2.45931e-08
1.5501e-07
-2.21387e-08
1.59366e-07
-1.94393e-08
1.63029e-07
-1.64994e-08
1.65949e-07
-1.33258e-08
1.68079e-07
-9.92772e-09
1.69375e-07
-6.31696e-09
1.69796e-07
-2.50783e-09
1.69306e-07
1.48286e-09
1.67874e-07
5.63585e-09
1.65476e-07
9.9295e-09
1.6209e-07
1.43398e-08
1.57703e-07
1.88407e-08
1.52307e-07
2.34037e-08
1.45901e-07
2.79984e-08
1.3849e-07
3.25924e-08
1.30087e-07
3.71513e-08
1.20713e-07
4.16387e-08
1.10395e-07
4.60162e-08
9.91694e-08
5.02436e-08
8.7079e-08
5.42782e-08
7.41771e-08
5.80755e-08
6.05251e-08
6.15884e-08
4.61943e-08
6.47672e-08
3.12663e-08
6.75594e-08
1.58335e-08
6.99096e-08
7.17591e-08
5.4842e-08
-4.5282e-08
6.4332e-08
-4.56157e-08
7.38457e-08
-4.57603e-08
8.33369e-08
-4.56995e-08
9.2756e-08
-4.5417e-08
1.0205e-07
-4.48973e-08
1.11164e-07
-4.41258e-08
1.2004e-07
-4.30887e-08
1.28616e-07
-4.1774e-08
1.36833e-07
-4.01709e-08
1.44625e-07
-3.8271e-08
1.51931e-07
-3.60676e-08
1.58687e-07
-3.35566e-08
1.6483e-07
-3.07365e-08
1.703e-07
-2.76085e-08
1.75038e-07
-2.41767e-08
1.78986e-07
-2.0448e-08
1.82093e-07
-1.64328e-08
1.8431e-07
-1.2144e-08
1.85591e-07
-7.59805e-09
1.85897e-07
-2.81411e-09
1.85194e-07
2.18563e-09
1.83454e-07
7.37616e-09
1.80654e-07
1.27298e-08
1.76777e-07
1.82162e-08
1.71815e-07
2.38026e-08
1.65765e-07
2.94541e-08
1.5863e-07
3.51332e-08
1.50422e-07
4.08005e-08
1.41159e-07
4.64145e-08
1.30866e-07
5.19315e-08
1.19577e-07
5.73058e-08
1.07331e-07
6.24895e-08
9.41769e-08
6.7432e-08
8.01719e-08
7.20805e-08
6.5381e-08
7.63793e-08
4.98786e-08
8.02696e-08
3.37491e-08
8.36889e-08
1.70874e-08
8.65713e-08
8.88464e-08
5.87276e-08
-5.6092e-08
6.96102e-08
-5.64983e-08
8.05137e-08
-5.66639e-08
9.13823e-08
-5.65681e-08
1.02156e-07
-5.61908e-08
1.12772e-07
-5.5513e-08
1.23163e-07
-5.45168e-08
1.3326e-07
-5.31862e-08
1.42993e-07
-5.15068e-08
1.52289e-07
-4.9467e-08
1.61076e-07
-4.70574e-08
1.6928e-07
-4.42717e-08
1.7683e-07
-4.11069e-08
1.83657e-07
-3.75632e-08
1.89693e-07
-3.36444e-08
1.94874e-07
-2.93579e-08
1.99141e-07
-2.47148e-08
2.02438e-07
-1.97301e-08
2.04716e-07
-1.44223e-08
2.05931e-07
-8.81333e-09
2.06046e-07
-2.92878e-09
2.05029e-07
3.2026e-09
2.02856e-07
9.54899e-09
1.9951e-07
1.60757e-08
1.94981e-07
2.27453e-08
1.89266e-07
2.95179e-08
1.82369e-07
3.63513e-08
1.74301e-07
4.32012e-08
1.6508e-07
5.0021e-08
1.54733e-07
5.67622e-08
1.4329e-07
6.33741e-08
1.30792e-07
6.98041e-08
1.17284e-07
7.59969e-08
1.02821e-07
8.1895e-08
8.7464e-08
8.74379e-08
7.12816e-08
9.25618e-08
5.43517e-08
9.71994e-08
3.67615e-08
1.01279e-07
1.86081e-08
1.04725e-07
1.07455e-07
6.35973e-08
-6.86695e-08
7.6254e-08
-6.9155e-08
8.89255e-08
-6.93354e-08
1.01543e-07
-6.91852e-08
1.14032e-07
-6.86798e-08
1.26315e-07
-6.7796e-08
1.38311e-07
-6.65129e-08
1.49936e-07
-6.48118e-08
1.61107e-07
-6.26769e-08
1.71735e-07
-6.00957e-08
1.81737e-07
-5.70594e-08
1.91029e-07
-5.3563e-08
1.99528e-07
-4.96058e-08
2.07156e-07
-4.51915e-08
2.1384e-07
-4.03282e-08
2.1951e-07
-3.50286e-08
2.24105e-07
-2.93098e-08
2.27569e-07
-2.31934e-08
2.29851e-07
-1.6705e-08
2.30912e-07
-9.8744e-09
2.30719e-07
-2.7349e-09
2.29245e-07
4.67666e-09
2.26473e-07
1.23204e-08
2.22395e-07
2.01535e-08
2.1701e-07
2.81309e-08
2.10323e-07
3.62049e-08
2.02348e-07
4.43259e-08
1.93107e-07
5.24425e-08
1.82626e-07
6.05013e-08
1.70941e-07
6.84472e-08
1.58092e-07
7.62232e-08
1.44126e-07
8.37702e-08
1.29096e-07
9.10268e-08
1.13062e-07
9.79292e-08
9.60896e-08
1.0441e-07
7.82524e-08
1.10399e-07
5.96309e-08
1.15821e-07
4.03142e-08
1.20596e-07
2.04008e-08
1.24638e-07
1.27855e-07
6.96558e-08
-8.34891e-08
8.45603e-08
-8.40595e-08
9.94679e-08
-8.42431e-08
1.14291e-07
-8.40083e-08
1.28936e-07
-8.33252e-08
1.43307e-07
-8.21665e-08
1.57302e-07
-8.05078e-08
1.70818e-07
-7.83283e-08
1.83753e-07
-7.56115e-08
1.96003e-07
-7.23455e-08
2.07466e-07
-6.85231e-08
2.18046e-07
-6.41429e-08
2.27649e-07
-5.92088e-08
2.36188e-07
-5.37301e-08
2.43582e-07
-4.77222e-08
2.49759e-07
-4.12054e-08
2.54655e-07
-3.42058e-08
2.58215e-07
-2.67539e-08
2.60395e-07
-1.88853e-08
2.6116e-07
-1.06394e-08
2.60485e-07
-2.05944e-09
2.58353e-07
6.80803e-09
2.5476e-07
1.59137e-08
2.49708e-07
2.52059e-08
2.43208e-07
3.46309e-08
2.35279e-07
4.41332e-08
2.2595e-07
5.36558e-08
2.15251e-07
6.31406e-08
2.03225e-07
7.25279e-08
1.89915e-07
8.17569e-08
1.75373e-07
9.07651e-08
1.59655e-07
9.94885e-08
1.42821e-07
1.07861e-07
1.24937e-07
1.15813e-07
1.06075e-07
1.23273e-07
8.63103e-08
1.30164e-07
6.57262e-08
1.36405e-07
4.44125e-08
1.41909e-07
2.24677e-08
1.46583e-07
1.50323e-07
7.71832e-08
-1.01155e-07
9.49371e-08
-1.01813e-07
1.12673e-07
-1.01979e-07
1.30277e-07
-1.01612e-07
1.47629e-07
-1.00677e-07
1.64605e-07
-9.91428e-08
1.81078e-07
-9.6981e-08
1.9692e-07
-9.41701e-08
2.12003e-07
-9.06943e-08
2.26202e-07
-8.65443e-08
2.39397e-07
-8.17179e-08
2.51474e-07
-7.62198e-08
2.62327e-07
-7.0062e-08
2.7186e-07
-6.32637e-08
2.79989e-07
-5.58508e-08
2.86639e-07
-4.78555e-08
2.91749e-07
-3.93161e-08
2.95272e-07
-3.0276e-08
2.97169e-07
-2.07832e-08
2.9742e-07
-1.08898e-08
2.96011e-07
-6.51071e-10
2.92944e-07
9.87507e-09
2.88229e-07
2.06287e-08
2.81887e-07
3.15485e-08
2.73946e-07
4.2572e-08
2.64443e-07
5.3636e-08
2.53422e-07
6.46768e-08
2.40932e-07
7.56303e-08
2.27028e-07
8.64321e-08
2.11768e-07
9.70168e-08
1.95215e-07
1.07318e-07
1.77434e-07
1.17269e-07
1.58494e-07
1.26801e-07
1.38467e-07
1.3584e-07
1.17428e-07
1.44311e-07
9.54568e-08
1.52135e-07
7.26356e-08
1.59226e-07
4.90537e-08
1.65491e-07
2.4807e-08
1.7083e-07
1.7513e-07
8.65678e-08
-1.22454e-07
1.07952e-07
-1.23198e-07
1.29281e-07
-1.23308e-07
1.50404e-07
-1.22734e-07
1.71162e-07
-1.21436e-07
1.91395e-07
-1.19375e-07
2.10938e-07
-1.16524e-07
2.29629e-07
-1.12861e-07
2.47309e-07
-1.08375e-07
2.63827e-07
-1.03062e-07
2.79038e-07
-9.69296e-08
2.92813e-07
-8.99946e-08
3.05033e-07
-8.22823e-08
3.15597e-07
-7.38272e-08
3.24417e-07
-6.46714e-08
3.31426e-07
-5.48643e-08
3.36571e-07
-4.44611e-08
3.39818e-07
-3.35223e-08
3.41147e-07
-2.21123e-08
3.40556e-07
-1.02986e-08
3.38055e-07
1.84942e-09
3.33669e-07
1.42611e-08
3.27433e-07
2.68651e-08
3.19391e-07
3.95905e-08
3.09596e-07
5.23667e-08
2.98108e-07
6.51238e-08
2.84992e-07
7.77929e-08
2.70316e-07
9.03059e-08
2.54153e-07
1.02595e-07
2.36576e-07
1.14594e-07
2.17659e-07
1.26235e-07
1.9748e-07
1.37449e-07
1.76113e-07
1.48167e-07
1.53638e-07
1.58316e-07
1.3013e-07
1.67819e-07
1.0567e-07
1.76595e-07
8.0339e-08
1.84557e-07
5.42225e-08
1.91608e-07
2.74104e-08
1.97642e-07
2.02541e-07
9.83564e-08
-1.48436e-07
1.24412e-07
-1.49254e-07
1.50346e-07
-1.49242e-07
1.75954e-07
-1.48342e-07
2.01023e-07
-1.46505e-07
2.2534e-07
-1.43692e-07
2.48689e-07
-1.39873e-07
2.70862e-07
-1.35034e-07
2.91661e-07
-1.29173e-07
3.109e-07
-1.22301e-07
3.28412e-07
-1.14442e-07
3.4405e-07
-1.05632e-07
3.57686e-07
-9.59191e-08
3.69221e-07
-8.53615e-08
3.78575e-07
-7.40254e-08
3.85695e-07
-6.19841e-08
3.9055e-07
-4.93164e-08
3.93132e-07
-3.61044e-08
3.93452e-07
-2.24328e-08
3.91541e-07
-8.38707e-09
3.87442e-07
5.94776e-09
3.81216e-07
2.04877e-08
3.7293e-07
3.51509e-08
3.62663e-07
4.98577e-08
3.50498e-07
6.45314e-08
3.36524e-07
7.9098e-08
3.20831e-07
9.3486e-08
3.0351e-07
1.07626e-07
2.84653e-07
1.21452e-07
2.6435e-07
1.34898e-07
2.42687e-07
1.47897e-07
2.19752e-07
1.60385e-07
1.95625e-07
1.72293e-07
1.70388e-07
1.83553e-07
1.44119e-07
1.94088e-07
1.16894e-07
2.0382e-07
8.87912e-08
2.1266e-07
5.98867e-08
2.20512e-07
3.02612e-08
2.27267e-07
2.32802e-07
1.13338e-07
-1.80544e-07
1.45485e-07
-1.81401e-07
1.77396e-07
-1.81153e-07
2.08786e-07
-1.79732e-07
2.3936e-07
-1.7708e-07
2.68827e-07
-1.73159e-07
2.96903e-07
-1.67949e-07
3.23318e-07
-1.61449e-07
3.47823e-07
-1.53679e-07
3.70197e-07
-1.44675e-07
3.90248e-07
-1.34492e-07
4.07818e-07
-1.23202e-07
4.22784e-07
-1.10885e-07
4.3506e-07
-9.76372e-08
4.44593e-07
-8.35585e-08
4.51364e-07
-6.87553e-08
4.55384e-07
-5.33364e-08
4.5669e-07
-3.74109e-08
4.55344e-07
-2.10866e-08
4.51425e-07
-4.46795e-09
4.45028e-07
1.23444e-08
4.36261e-07
2.9255e-08
4.25238e-07
4.61738e-08
4.1208e-07
6.30163e-08
3.96908e-07
7.97035e-08
3.79844e-07
9.61616e-08
3.61009e-07
1.12321e-07
3.40517e-07
1.28118e-07
3.18481e-07
1.43488e-07
2.95006e-07
1.58373e-07
2.7019e-07
1.72713e-07
2.44127e-07
1.86448e-07
2.16902e-07
1.99519e-07
1.88595e-07
2.11859e-07
1.59282e-07
2.23401e-07
1.29033e-07
2.34069e-07
9.79151e-08
2.43779e-07
6.59929e-08
2.52435e-07
3.33319e-08
2.59928e-07
2.66134e-07
1.32681e-07
-2.20822e-07
1.72922e-07
-2.21642e-07
2.12726e-07
-2.20957e-07
2.51678e-07
-2.18683e-07
2.8936e-07
-2.14763e-07
3.25369e-07
-2.09168e-07
3.59321e-07
-2.01901e-07
3.90868e-07
-1.92996e-07
4.19701e-07
-1.82512e-07
4.45565e-07
-1.70538e-07
4.68254e-07
-1.57182e-07
4.8762e-07
-1.42568e-07
5.03569e-07
-1.26834e-07
5.16059e-07
-1.10127e-07
5.25094e-07
-9.2594e-08
5.30723e-07
-7.43846e-08
5.3303e-07
-5.56433e-08
5.32128e-07
-3.65089e-08
5.28154e-07
-1.71124e-08
5.21261e-07
2.42478e-09
5.11615e-07
2.19907e-08
4.99386e-07
4.14838e-08
4.84748e-07
6.08121e-08
4.67871e-07
7.9893e-08
4.48922e-07
9.86523e-08
4.2806e-07
1.17024e-07
4.05435e-07
1.34946e-07
3.81187e-07
1.52366e-07
3.55445e-07
1.69231e-07
3.28326e-07
1.85492e-07
2.99938e-07
2.01101e-07
2.70375e-07
2.16011e-07
2.39723e-07
2.30171e-07
2.08057e-07
2.43526e-07
1.75442e-07
2.56016e-07
1.41937e-07
2.67574e-07
1.07595e-07
2.78121e-07
7.24616e-08
2.87568e-07
3.6582e-08
2.95808e-07
3.02716e-07
1.58184e-07
-2.72276e-07
2.09447e-07
-2.72905e-07
2.59904e-07
-2.71414e-07
3.08931e-07
-2.6771e-07
3.55917e-07
-2.61749e-07
4.00288e-07
-2.53538e-07
4.41524e-07
-2.43138e-07
4.7918e-07
-2.30652e-07
5.12894e-07
-2.16226e-07
5.42392e-07
-2.00036e-07
5.67493e-07
-1.82283e-07
5.88105e-07
-1.63179e-07
6.04213e-07
-1.42943e-07
6.15878e-07
-1.21791e-07
6.23217e-07
-9.9933e-08
6.26398e-07
-7.75656e-08
6.25625e-07
-5.48711e-08
6.21131e-07
-3.20142e-08
6.13161e-07
-9.14231e-09
6.0197e-07
1.36153e-08
5.87815e-07
3.61462e-08
5.70944e-07
5.8354e-08
5.516e-07
8.01565e-08
5.30009e-07
1.01484e-07
5.06382e-07
1.22279e-07
4.80916e-07
1.4249e-07
4.53786e-07
1.62076e-07
4.25152e-07
1.81e-07
3.95154e-07
1.99228e-07
3.63917e-07
2.16729e-07
3.31546e-07
2.33472e-07
2.98133e-07
2.49424e-07
2.63755e-07
2.64549e-07
2.28474e-07
2.78806e-07
1.92341e-07
2.92149e-07
1.55396e-07
3.04518e-07
1.1767e-07
3.15848e-07
7.9184e-08
3.26053e-07
3.99564e-08
3.35035e-07
3.42672e-07
1.92738e-07
-3.39547e-07
2.59495e-07
-3.39662e-07
3.24745e-07
-3.36664e-07
3.87503e-07
-3.30467e-07
4.4684e-07
-3.21086e-07
5.01929e-07
-3.08628e-07
5.52076e-07
-2.93285e-07
5.96741e-07
-2.75316e-07
6.35545e-07
-2.5503e-07
6.68273e-07
-2.32764e-07
6.94856e-07
-2.08866e-07
7.15358e-07
-1.83682e-07
7.29953e-07
-1.57538e-07
7.389e-07
-1.30738e-07
7.42522e-07
-1.03555e-07
7.41184e-07
-7.62283e-08
7.35278e-07
-4.89648e-08
7.25202e-07
-2.1938e-08
7.11351e-07
4.70869e-09
6.94107e-07
3.0859e-08
6.73833e-07
5.64206e-08
6.50865e-07
8.1322e-08
6.25513e-07
1.05509e-07
5.98056e-07
1.28941e-07
5.68745e-07
1.51589e-07
5.37801e-07
1.73434e-07
5.05418e-07
1.9446e-07
4.71761e-07
2.14657e-07
4.36971e-07
2.34018e-07
4.01167e-07
2.52534e-07
3.64444e-07
2.70195e-07
3.2688e-07
2.86988e-07
2.88532e-07
3.02897e-07
2.49442e-07
3.17896e-07
2.09638e-07
3.31952e-07
1.69134e-07
3.45023e-07
1.2793e-07
3.57051e-07
8.60198e-08
3.67964e-07
4.33844e-08
3.77671e-07
3.86057e-07
2.41261e-07
-4.3024e-07
3.30746e-07
-4.29148e-07
4.17295e-07
-4.23213e-07
4.99261e-07
-4.12433e-07
5.7519e-07
-3.97015e-07
6.43896e-07
-3.77334e-07
7.0451e-07
-3.53899e-07
7.56488e-07
-3.27294e-07
7.99592e-07
-2.98135e-07
8.3386e-07
-2.67032e-07
8.59549e-07
-2.34555e-07
8.77088e-07
-2.01221e-07
8.87028e-07
-1.67477e-07
8.8999e-07
-1.33701e-07
8.86637e-07
-1.00201e-07
8.77632e-07
-6.72233e-08
8.63623e-07
-3.49567e-08
8.45226e-07
-3.54101e-09
8.23011e-07
2.69245e-08
7.97495e-07
5.63741e-08
7.69148e-07
8.47684e-08
7.3838e-07
1.12089e-07
7.05556e-07
1.38334e-07
6.70986e-07
1.6351e-07
6.3494e-07
1.87636e-07
5.97643e-07
2.10731e-07
5.59284e-07
2.32819e-07
5.20015e-07
2.53925e-07
4.79962e-07
2.74072e-07
4.39218e-07
2.93277e-07
3.97856e-07
3.11557e-07
3.55923e-07
3.28921e-07
3.13449e-07
3.45371e-07
2.70444e-07
3.609e-07
2.26904e-07
3.75493e-07
1.82807e-07
3.8912e-07
1.3812e-07
4.01738e-07
9.2797e-08
4.13287e-07
4.67795e-08
4.23688e-07
4.32836e-07
3.12796e-07
-5.57865e-07
4.37598e-07
-5.5395e-07
5.56255e-07
-5.41869e-07
6.65831e-07
-5.22009e-07
7.64022e-07
-4.95206e-07
8.49269e-07
-4.62581e-07
9.20756e-07
-4.25386e-07
9.78331e-07
-3.84869e-07
1.02238e-06
-3.42183e-07
1.05368e-06
-2.98329e-07
1.07326e-06
-2.54137e-07
1.0823e-06
-2.10266e-07
1.08204e-06
-1.67212e-07
1.07367e-06
-1.25338e-07
1.05836e-06
-8.48877e-08
1.03715e-06
-4.60151e-08
1.011e-06
-8.80269e-09
9.80737e-07
2.67207e-08
9.47097e-07
6.0565e-08
9.10703e-07
9.27678e-08
8.72087e-07
1.23385e-07
8.31694e-07
1.52482e-07
7.89894e-07
1.80134e-07
7.4699e-07
2.06414e-07
7.03227e-07
2.31398e-07
6.588e-07
2.55157e-07
6.13861e-07
2.77759e-07
5.68523e-07
2.99264e-07
5.22867e-07
3.19728e-07
4.76946e-07
3.39198e-07
4.30787e-07
3.57716e-07
3.84398e-07
3.7531e-07
3.37764e-07
3.92005e-07
2.90855e-07
4.07809e-07
2.43625e-07
4.22723e-07
1.96011e-07
4.36734e-07
1.47938e-07
4.49811e-07
9.93157e-08
4.61909e-07
5.00418e-08
4.72962e-07
4.82878e-07
4.25856e-07
-7.49351e-07
6.10169e-07
-7.38263e-07
7.80007e-07
-7.11707e-07
9.29869e-07
-6.71872e-07
1.05647e-06
-6.21806e-07
1.1586e-06
-5.64711e-07
1.23671e-06
-5.03494e-07
1.29239e-06
-4.40552e-07
1.32793e-06
-3.7772e-07
1.34591e-06
-3.16307e-07
1.34895e-06
-2.5718e-07
1.33955e-06
-2.00864e-07
1.31996e-06
-1.47622e-07
1.29216e-06
-9.75373e-08
1.25784e-06
-5.05714e-08
1.21843e-06
-6.60666e-09
1.17511e-06
3.45196e-08
1.12884e-06
7.29935e-08
1.08039e-06
1.0901e-07
1.0304e-06
1.4276e-07
9.79353e-07
1.74432e-07
9.27637e-07
2.04198e-07
8.75549e-07
2.32221e-07
8.23314e-07
2.58649e-07
7.71096e-07
2.83617e-07
7.19009e-07
3.07244e-07
6.67127e-07
3.29641e-07
6.1549e-07
3.509e-07
5.6411e-07
3.71108e-07
5.12974e-07
3.90334e-07
4.6205e-07
4.0864e-07
4.11287e-07
4.26074e-07
3.60618e-07
4.42674e-07
3.09961e-07
4.58466e-07
2.59222e-07
4.73463e-07
2.08291e-07
4.87664e-07
1.57048e-07
5.01055e-07
1.05354e-07
5.13603e-07
5.30608e-08
5.25256e-07
5.35939e-07
6.25064e-07
-1.06873e-06
9.22123e-07
-1.03532e-06
1.17792e-06
-9.67504e-07
1.38336e-06
-8.77315e-07
1.53733e-06
-7.75773e-07
1.64374e-06
-6.71118e-07
1.70902e-06
-5.68774e-07
1.74037e-06
-4.71901e-07
1.7447e-06
-3.82054e-07
1.72814e-06
-2.99742e-07
1.6958e-06
-2.24846e-07
1.65185e-06
-1.5691e-07
1.59955e-06
-9.53203e-08
1.54143e-06
-3.94207e-08
1.47943e-06
1.14299e-08
1.415e-06
5.78247e-08
1.34922e-06
1.00297e-07
1.28289e-06
1.39319e-07
1.2166e-06
1.75303e-07
1.15075e-06
2.08609e-07
1.08564e-06
2.39549e-07
1.02144e-06
2.68394e-07
9.58281e-07
2.9538e-07
8.96219e-07
3.20712e-07
8.35269e-07
3.44567e-07
7.75412e-07
3.67102e-07
7.16603e-07
3.88449e-07
6.58778e-07
4.08726e-07
6.01854e-07
4.28032e-07
5.45734e-07
4.46454e-07
4.90311e-07
4.64063e-07
4.35466e-07
4.80918e-07
3.81072e-07
4.97068e-07
3.26991e-07
5.12547e-07
2.73075e-07
5.27378e-07
2.19167e-07
5.41572e-07
1.65097e-07
5.55125e-07
1.10681e-07
5.68018e-07
5.57211e-08
5.80216e-07
5.9166e-07
1.05206e-06
-1.72126e-06
1.59929e-06
-1.58255e-06
1.99147e-06
-1.35969e-06
2.23959e-06
-1.12543e-06
2.37276e-06
-9.08941e-07
2.42152e-06
-7.1988e-07
2.41168e-06
-5.58941e-07
2.363e-06
-4.23212e-07
2.28969e-06
-3.08746e-07
2.20164e-06
-2.11691e-07
2.1055e-06
-1.28713e-07
2.00568e-06
-5.70849e-08
1.905e-06
5.36082e-09
1.80525e-06
6.03279e-08
1.70753e-06
1.09151e-07
1.61247e-06
1.52879e-07
1.52042e-06
1.92345e-07
1.43153e-06
2.28214e-07
1.34581e-06
2.61025e-07
1.2632e-06
2.9122e-07
1.18358e-06
3.19163e-07
1.10682e-06
3.4516e-07
1.03273e-06
3.69465e-07
9.61147e-07
3.92296e-07
8.91875e-07
4.13839e-07
8.24727e-07
4.34249e-07
7.59512e-07
4.53664e-07
6.96038e-07
4.72199e-07
6.34117e-07
4.89954e-07
5.73558e-07
5.07012e-07
5.14174e-07
5.23447e-07
4.55775e-07
5.39317e-07
3.98171e-07
5.54672e-07
3.41167e-07
5.69551e-07
2.84565e-07
5.8398e-07
2.2816e-07
5.97977e-07
1.71736e-07
6.11549e-07
1.15067e-07
6.24688e-07
5.7909e-08
6.37373e-07
6.49569e-07
2.46249e-06
-3.87524e-06
3.56871e-06
-2.68877e-06
3.94816e-06
-1.73914e-06
3.96753e-06
-1.1448e-06
3.81975e-06
-7.6116e-07
3.60369e-06
-5.0382e-07
3.36819e-06
-3.2344e-07
3.13602e-06
-1.91045e-07
2.91675e-06
-8.94771e-08
2.7135e-06
-8.43663e-09
2.5264e-06
5.8382e-08
2.35438e-06
1.1494e-07
2.19593e-06
1.63809e-07
2.04954e-06
2.06719e-07
1.9138e-06
2.44885e-07
1.78749e-06
2.7919e-07
1.66954e-06
3.10302e-07
1.55901e-06
3.38742e-07
1.4551e-06
3.64927e-07
1.35713e-06
3.89194e-07
1.26447e-06
4.11826e-07
1.17657e-06
4.33056e-07
1.09295e-06
4.53083e-07
1.01317e-06
4.72076e-07
9.36833e-07
4.90179e-07
8.63566e-07
5.07517e-07
7.93036e-07
5.24195e-07
7.24929e-07
5.40306e-07
6.58954e-07
5.55929e-07
5.94834e-07
5.71133e-07
5.32305e-07
5.85975e-07
4.71115e-07
6.00508e-07
4.11016e-07
6.14772e-07
3.51764e-07
6.28802e-07
2.93117e-07
6.42627e-07
2.34829e-07
6.56266e-07
1.76645e-07
6.69733e-07
1.18302e-07
6.8303e-07
5.95207e-08
6.96155e-07
7.09089e-07
1.5674e-05
-3.11223e-05
1.1391e-05
1.59426e-06
8.68044e-06
9.71376e-07
6.91837e-06
6.17273e-07
5.72916e-06
4.28053e-07
4.89172e-06
3.33617e-07
4.2751e-06
2.93179e-07
3.80098e-06
2.83072e-07
3.42189e-06
2.89612e-07
3.10854e-06
3.04921e-07
2.84241e-06
3.24503e-07
2.61153e-06
3.4582e-07
2.40787e-06
3.67475e-07
2.22586e-06
3.88729e-07
2.06152e-06
4.0922e-07
1.91191e-06
4.28805e-07
1.77475e-06
4.47459e-07
1.64827e-06
4.65223e-07
1.53103e-06
4.82169e-07
1.42184e-06
4.98384e-07
1.31971e-06
5.13958e-07
1.22378e-06
5.28978e-07
1.13334e-06
5.43526e-07
1.04774e-06
5.57678e-07
9.66417e-07
5.71501e-07
8.88876e-07
5.85057e-07
8.14669e-07
5.98402e-07
7.4339e-07
6.11585e-07
6.7467e-07
6.2465e-07
6.08166e-07
6.37637e-07
5.43559e-07
6.50582e-07
4.80548e-07
6.63518e-07
4.18846e-07
6.76474e-07
3.58171e-07
6.89477e-07
2.98249e-07
7.02549e-07
2.38804e-07
7.15711e-07
1.79556e-07
7.28981e-07
1.20213e-07
7.42373e-07
6.04702e-08
7.55898e-07
7.6956e-07
6.0725e-06
-4.25169e-05
6.15469e-06
1.51208e-06
5.86979e-06
1.25627e-06
5.45604e-06
1.03102e-06
5.00967e-06
8.74424e-07
4.57606e-06
7.67232e-07
4.17427e-06
6.94965e-07
3.81025e-06
6.47093e-07
3.48373e-06
6.16135e-07
3.19179e-06
5.96858e-07
2.93064e-06
5.85649e-07
2.69644e-06
5.80025e-07
2.48562e-06
5.78294e-07
2.29505e-06
5.79302e-07
2.122e-06
5.82263e-07
1.96416e-06
5.86643e-07
1.81955e-06
5.92075e-07
1.68646e-06
5.9831e-07
1.56345e-06
6.05178e-07
1.44928e-06
6.12558e-07
1.34286e-06
6.20372e-07
1.24328e-06
6.28563e-07
1.14971e-06
6.37094e-07
1.06145e-06
6.45939e-07
9.77867e-07
6.55083e-07
8.98407e-07
6.64517e-07
8.22573e-07
6.74236e-07
7.49917e-07
6.84241e-07
6.80032e-07
6.94535e-07
6.12545e-07
7.05124e-07
5.4711e-07
7.16017e-07
4.83403e-07
7.27225e-07
4.21116e-07
7.38761e-07
3.59952e-07
7.50641e-07
2.99618e-07
7.62882e-07
2.39825e-07
7.75504e-07
1.80279e-07
7.88528e-07
1.20675e-07
8.01977e-07
6.06962e-08
8.15877e-07
8.30256e-07
2.11126e-06
-4.57277e-05
3.43918e-06
1.84157e-07
3.99531e-06
7.00138e-07
4.17773e-06
8.48597e-07
4.1439e-06
9.08256e-07
3.99109e-06
9.20048e-07
3.77833e-06
9.07724e-07
3.54069e-06
8.84734e-07
3.29838e-06
8.58446e-07
3.06253e-06
8.327e-07
2.83885e-06
8.09336e-07
2.62979e-06
7.89086e-07
2.43598e-06
7.721e-07
2.25704e-06
7.5824e-07
2.09207e-06
7.47238e-07
1.93992e-06
7.38791e-07
1.7994e-06
7.32599e-07
1.66932e-06
7.28387e-07
1.54858e-06
7.25914e-07
1.43617e-06
7.24971e-07
1.33116e-06
7.25382e-07
1.23273e-06
7.26998e-07
1.14013e-06
7.29693e-07
1.0527e-06
7.33364e-07
9.6986e-07
7.37926e-07
8.91069e-07
7.43308e-07
8.1585e-07
7.49455e-07
7.4377e-07
7.56321e-07
6.74432e-07
7.63873e-07
6.07471e-07
7.72085e-07
5.42548e-07
7.80939e-07
4.79344e-07
7.90429e-07
4.17555e-07
8.0055e-07
3.56887e-07
8.11309e-07
2.97051e-07
8.22719e-07
2.37759e-07
8.34796e-07
1.78718e-07
8.47568e-07
1.19627e-07
8.61068e-07
6.01678e-08
8.75336e-07
8.90424e-07
6.30338e-06
-4.87736e-05
5.78623e-06
7.01315e-07
5.02345e-06
1.46291e-06
4.5022e-06
1.36984e-06
4.11223e-06
1.29823e-06
3.79509e-06
1.23719e-06
3.52063e-06
1.18219e-06
3.27371e-06
1.13165e-06
3.04692e-06
1.08524e-06
2.83663e-06
1.04299e-06
2.64095e-06
1.00502e-06
2.45873e-06
9.71306e-07
2.28908e-06
9.4175e-07
2.13117e-06
9.16146e-07
1.98418e-06
8.94228e-07
1.84727e-06
8.75703e-07
1.7196e-06
8.60267e-07
1.60037e-06
8.47624e-07
1.48878e-06
8.37497e-07
1.38412e-06
8.29631e-07
1.28571e-06
8.23799e-07
1.19291e-06
8.19799e-07
1.10515e-06
8.17453e-07
1.0219e-06
8.16609e-07
9.42692e-07
8.17135e-07
8.6708e-07
8.1892e-07
7.94663e-07
8.21872e-07
7.25071e-07
8.25914e-07
6.57961e-07
8.30983e-07
5.93012e-07
8.37033e-07
5.29924e-07
8.44028e-07
4.68409e-07
8.51944e-07
4.0819e-07
8.60769e-07
3.48997e-07
8.70503e-07
2.90562e-07
8.81154e-07
2.32615e-07
8.92743e-07
1.7488e-07
9.05302e-07
1.17072e-07
9.18876e-07
5.88867e-08
9.33521e-07
9.4931e-07
3.80232e-06
-5.13422e-05
4.4781e-06
2.55383e-08
4.1208e-06
1.82022e-06
3.79999e-06
1.69065e-06
3.51811e-06
1.58011e-06
3.27023e-06
1.48507e-06
3.04987e-06
1.40255e-06
2.85123e-06
1.3303e-06
2.66979e-06
1.26667e-06
2.50229e-06
1.21049e-06
2.34645e-06
1.16086e-06
2.20066e-06
1.1171e-06
2.06378e-06
1.07863e-06
1.93496e-06
1.04497e-06
1.81351e-06
1.01567e-06
1.69887e-06
9.90351e-07
1.5905e-06
9.68631e-07
1.48795e-06
9.50178e-07
1.39076e-06
9.34687e-07
1.29851e-06
9.21878e-07
1.21081e-06
9.11502e-07
1.12727e-06
9.03337e-07
1.04754e-06
8.97185e-07
9.71274e-07
8.92872e-07
8.98159e-07
8.9025e-07
8.27891e-07
8.89188e-07
7.60184e-07
8.89578e-07
6.94769e-07
8.91329e-07
6.31387e-07
8.94365e-07
5.6979e-07
8.9863e-07
5.09738e-07
9.04079e-07
4.50999e-07
9.10683e-07
3.93341e-07
9.18427e-07
3.36534e-07
9.27309e-07
2.80346e-07
9.37341e-07
2.2454e-07
9.48549e-07
1.6887e-07
9.60973e-07
1.13077e-07
9.74669e-07
5.68864e-08
9.89712e-07
1.0062e-06
2.29382e-06
-5.27015e-05
3.00781e-06
-6.88449e-07
2.8932e-06
1.93483e-06
2.77159e-06
1.81226e-06
2.6488e-06
1.70289e-06
2.52801e-06
1.60585e-06
2.41067e-06
1.51989e-06
2.2972e-06
1.44377e-06
2.18755e-06
1.37632e-06
2.0815e-06
1.31654e-06
1.9788e-06
1.26356e-06
1.87927e-06
1.21663e-06
1.78275e-06
1.17514e-06
1.68919e-06
1.13853e-06
1.59852e-06
1.10634e-06
1.51072e-06
1.07815e-06
1.42574e-06
1.0536e-06
1.34355e-06
1.03237e-06
1.26409e-06
1.01415e-06
1.18728e-06
9.98693e-07
1.11302e-06
9.85761e-07
1.04121e-06
9.75146e-07
9.71729e-07
9.66664e-07
9.0445e-07
9.60151e-07
8.39234e-07
9.55466e-07
7.75936e-07
9.52487e-07
7.14407e-07
9.51107e-07
6.54494e-07
9.51242e-07
5.96041e-07
9.52818e-07
5.38888e-07
9.55783e-07
4.82873e-07
9.60094e-07
4.27828e-07
9.65728e-07
3.73581e-07
9.72674e-07
3.19954e-07
9.80937e-07
2.66761e-07
9.90535e-07
2.13806e-07
1.0015e-06
1.60883e-07
1.0139e-06
1.0777e-07
1.02778e-06
5.42288e-08
1.04325e-06
1.06043e-06
1.47223e-06
-5.3184e-05
1.64503e-06
-8.61251e-07
1.70211e-06
1.87775e-06
1.73583e-06
1.77854e-06
1.74988e-06
1.68884e-06
1.74767e-06
1.60807e-06
1.73221e-06
1.53536e-06
1.70605e-06
1.46992e-06
1.67131e-06
1.41106e-06
1.62972e-06
1.35813e-06
1.5827e-06
1.31058e-06
1.53144e-06
1.26789e-06
1.47693e-06
1.22965e-06
1.42e-06
1.19546e-06
1.36136e-06
1.16499e-06
1.30158e-06
1.13793e-06
1.24117e-06
1.11402e-06
1.18052e-06
1.09301e-06
1.11997e-06
1.0747e-06
1.05978e-06
1.05889e-06
1.00014e-06
1.0454e-06
9.41217e-07
1.03407e-06
8.83115e-07
1.02477e-06
8.25905e-07
1.01736e-06
7.69623e-07
1.01175e-06
7.1428e-07
1.00783e-06
6.59862e-07
1.00553e-06
6.06334e-07
1.00477e-06
5.53644e-07
1.00551e-06
5.01722e-07
1.0077e-06
4.50486e-07
1.01133e-06
3.9984e-07
1.01637e-06
3.49674e-07
1.02284e-06
2.99867e-07
1.03074e-06
2.50283e-07
1.04012e-06
2.00775e-07
1.05101e-06
1.5118e-07
1.06349e-06
1.0132e-07
1.07764e-06
5.09982e-08
1.09357e-06
1.11142e-06
8.28322e-07
-5.28004e-05
5.00127e-07
-5.33057e-07
6.9429e-07
1.68359e-06
8.48133e-07
1.62469e-06
9.67347e-07
1.56963e-06
1.05714e-06
1.51828e-06
1.12213e-06
1.47037e-06
1.16632e-06
1.42573e-06
1.19315e-06
1.38423e-06
1.20553e-06
1.34575e-06
1.20593e-06
1.31018e-06
1.19642e-06
1.27741e-06
1.17874e-06
1.24733e-06
1.15437e-06
1.21982e-06
1.12457e-06
1.19479e-06
1.09038e-06
1.17212e-06
1.05269e-06
1.15171e-06
1.01224e-06
1.13346e-06
9.69672e-07
1.11727e-06
9.25498e-07
1.10306e-06
8.80154e-07
1.09074e-06
8.33997e-07
1.08023e-06
7.87318e-07
1.07144e-06
7.40348e-07
1.06433e-06
6.9327e-07
1.05883e-06
6.46221e-07
1.05488e-06
5.99303e-07
1.05244e-06
5.52584e-07
1.05149e-06
5.06102e-07
1.05199e-06
4.59871e-07
1.05393e-06
4.13882e-07
1.05732e-06
3.68105e-07
1.06215e-06
3.22491e-07
1.06846e-06
2.76972e-07
1.07626e-06
2.31465e-07
1.08563e-06
1.85869e-07
1.09661e-06
1.40067e-07
1.10929e-06
9.39254e-08
1.12378e-06
4.72928e-08
1.14021e-06
1.15872e-06
2.24289e-07
-5.15618e-05
-2.48709e-07
-6.00589e-08
1.77657e-08
1.41712e-06
2.33398e-07
1.40906e-06
4.07189e-07
1.39584e-06
5.46225e-07
1.37924e-06
6.56151e-07
1.36044e-06
7.41557e-07
1.34032e-06
8.06237e-07
1.31955e-06
8.53368e-07
1.29862e-06
8.85629e-07
1.27792e-06
9.05298e-07
1.25774e-06
9.14318e-07
1.23831e-06
9.1435e-07
1.21979e-06
9.06817e-07
1.20232e-06
8.9294e-07
1.186e-06
8.73763e-07
1.17089e-06
8.50185e-07
1.15704e-06
8.22972e-07
1.14449e-06
7.92779e-07
1.13326e-06
7.60166e-07
1.12335e-06
7.25603e-07
1.11479e-06
6.89491e-07
1.10756e-06
6.52161e-07
1.10166e-06
6.13891e-07
1.0971e-06
5.74907e-07
1.09386e-06
5.35392e-07
1.09196e-06
4.95488e-07
1.09139e-06
4.55304e-07
1.09217e-06
4.14918e-07
1.09432e-06
3.7438e-07
1.09786e-06
3.33716e-07
1.10282e-06
2.92927e-07
1.10924e-06
2.51996e-07
1.11719e-06
2.10883e-07
1.12674e-06
1.69531e-07
1.13796e-06
1.27867e-07
1.15096e-06
8.57979e-08
1.16585e-06
4.32169e-08
1.18279e-06
1.20193e-06
-6.58691e-08
-5.00706e-05
-4.57529e-07
3.31601e-07
-2.37065e-07
1.19665e-06
-4.76161e-08
1.21961e-06
1.13872e-07
1.23435e-06
2.50215e-07
1.2429e-06
3.64029e-07
1.24663e-06
4.57761e-07
1.24659e-06
5.33684e-07
1.24363e-06
5.93895e-07
1.23841e-06
6.40302e-07
1.23151e-06
6.74626e-07
1.22342e-06
6.98413e-07
1.21452e-06
7.13039e-07
1.20516e-06
7.19729e-07
1.19563e-06
7.19565e-07
1.18616e-06
7.13502e-07
1.17695e-06
7.02381e-07
1.16816e-06
6.86943e-07
1.15993e-06
6.67834e-07
1.15236e-06
6.45619e-07
1.14557e-06
6.20792e-07
1.13961e-06
5.93778e-07
1.13457e-06
5.64946e-07
1.13049e-06
5.34609e-07
1.12743e-06
5.03035e-07
1.12544e-06
4.70449e-07
1.12455e-06
4.37036e-07
1.12481e-06
4.02949e-07
1.12626e-06
3.68306e-07
1.12896e-06
3.332e-07
1.13296e-06
2.97695e-07
1.13832e-06
2.61832e-07
1.14511e-06
2.25631e-07
1.1534e-06
1.8909e-07
1.16328e-06
1.5219e-07
1.17486e-06
1.14892e-07
1.18825e-06
7.71424e-08
1.2036e-06
3.88726e-08
1.22106e-06
1.24081e-06
-3.49359e-08
4.33706e-09
-3.55749e-07
6.52414e-07
-2.26513e-07
1.06742e-06
-9.96816e-08
1.09278e-06
1.81284e-08
1.11654e-06
1.24033e-07
1.13699e-06
2.17096e-07
1.15357e-06
2.97389e-07
1.1663e-06
3.65493e-07
1.17552e-06
4.22224e-07
1.18168e-06
4.68492e-07
1.18524e-06
5.05227e-07
1.18668e-06
5.33336e-07
1.18641e-06
5.53683e-07
1.18482e-06
5.67082e-07
1.18223e-06
5.74288e-07
1.17896e-06
5.76e-07
1.17524e-06
5.7286e-07
1.1713e-06
5.65452e-07
1.16733e-06
5.54308e-07
1.16351e-06
5.39909e-07
1.15997e-06
5.22686e-07
1.15684e-06
5.03025e-07
1.15423e-06
4.81271e-07
1.15225e-06
4.57725e-07
1.15098e-06
4.32653e-07
1.15051e-06
4.06286e-07
1.15091e-06
3.7882e-07
1.15227e-06
3.50425e-07
1.15466e-06
3.21239e-07
1.15815e-06
2.91374e-07
1.16283e-06
2.6092e-07
1.16878e-06
2.29943e-07
1.17608e-06
1.98488e-07
1.18485e-06
1.66581e-07
1.19519e-06
1.3423e-07
1.20721e-06
1.01426e-07
1.22106e-06
6.81455e-08
1.23688e-06
3.43528e-08
1.25485e-06
1.27516e-06
-1.29365e-07
7.81451e-07
-3.22628e-07
8.45677e-07
-1.79722e-07
9.2451e-07
-6.92738e-08
9.82332e-07
2.11538e-08
1.02611e-06
9.80943e-08
1.06005e-06
1.64914e-07
1.08675e-06
2.23339e-07
1.10787e-06
2.74279e-07
1.12458e-06
3.18267e-07
1.13769e-06
3.55678e-07
1.14783e-06
3.86841e-07
1.15552e-06
4.12084e-07
1.16117e-06
4.3175e-07
1.16515e-06
4.462e-07
1.16778e-06
4.5581e-07
1.16935e-06
4.6096e-07
1.17009e-06
4.62031e-07
1.17023e-06
4.59396e-07
1.16997e-06
4.53416e-07
1.16949e-06
4.44434e-07
1.16895e-06
4.32776e-07
1.1685e-06
4.18744e-07
1.16826e-06
4.0262e-07
1.16837e-06
3.8466e-07
1.16894e-06
3.65096e-07
1.17007e-06
3.44137e-07
1.17187e-06
3.21967e-07
1.17444e-06
2.98748e-07
1.17788e-06
2.74619e-07
1.18228e-06
2.49699e-07
1.18775e-06
2.24084e-07
1.19439e-06
1.97853e-07
1.20231e-06
1.71064e-07
1.21164e-06
1.43762e-07
1.22249e-06
1.15972e-07
1.235e-06
8.77064e-08
1.24932e-06
5.8965e-08
1.26562e-06
2.97362e-08
1.28408e-06
1.3049e-06
2.78493e-07
9.3557e-07
1.76471e-07
9.47699e-07
1.32296e-07
9.68685e-07
1.21767e-07
9.92861e-07
1.30636e-07
1.01724e-06
1.50359e-07
1.04033e-06
1.75688e-07
1.06142e-06
2.03325e-07
1.08024e-06
2.31143e-07
1.09676e-06
2.57755e-07
1.11108e-06
2.82253e-07
1.12333e-06
3.04053e-07
1.13372e-06
3.22801e-07
1.14242e-06
3.38307e-07
1.14965e-06
3.50501e-07
1.15559e-06
3.59406e-07
1.16044e-06
3.65107e-07
1.16438e-06
3.67739e-07
1.16759e-06
3.6747e-07
1.17024e-06
3.64487e-07
1.17247e-06
3.58994e-07
1.17444e-06
3.51198e-07
1.17629e-06
3.41305e-07
1.17816e-06
3.29518e-07
1.18016e-06
3.16032e-07
1.18243e-06
3.01028e-07
1.18507e-06
2.84679e-07
1.18822e-06
2.6714e-07
1.19198e-06
2.48551e-07
1.19646e-06
2.2904e-07
1.20179e-06
2.08715e-07
1.20807e-06
1.87671e-07
1.21543e-06
1.65987e-07
1.224e-06
1.43726e-07
1.2339e-06
1.20938e-07
1.24528e-06
9.76602e-08
1.25828e-06
7.39172e-08
1.27307e-06
4.97234e-08
1.28982e-06
2.50846e-08
1.30872e-06
1.32998e-06
2.4074e-07
9.71664e-07
2.07765e-07
9.80674e-07
1.83779e-07
9.92672e-07
1.69801e-07
1.00684e-06
1.64769e-07
1.02228e-06
1.66897e-07
1.0382e-06
1.74307e-07
1.05401e-06
1.85297e-07
1.06925e-06
1.98427e-07
1.08363e-06
2.12531e-07
1.09697e-06
2.26686e-07
1.10918e-06
2.40183e-07
1.12022e-06
2.52491e-07
1.13011e-06
2.63228e-07
1.13891e-06
2.7213e-07
1.14669e-06
2.7903e-07
1.15354e-06
2.83841e-07
1.15957e-06
2.86537e-07
1.1649e-06
2.87142e-07
1.16963e-06
2.85718e-07
1.1739e-06
2.82352e-07
1.17781e-06
2.77154e-07
1.18149e-06
2.70245e-07
1.18506e-06
2.61754e-07
1.18865e-06
2.51815e-07
1.19237e-06
2.40558e-07
1.19633e-06
2.28112e-07
1.20067e-06
2.14596e-07
1.2055e-06
2.00126e-07
1.21093e-06
1.84804e-07
1.21711e-06
1.68724e-07
1.22415e-06
1.51969e-07
1.23219e-06
1.3461e-07
1.24136e-06
1.16708e-07
1.2518e-06
9.83114e-08
1.26367e-06
7.94602e-08
1.27713e-06
6.01845e-08
1.29234e-06
4.05063e-08
1.3095e-06
2.04411e-08
1.32878e-06
1.35042e-06
1.72398e-07
9.78775e-07
1.63965e-07
9.89107e-07
1.56285e-07
1.00035e-06
1.50693e-07
1.01243e-06
1.47822e-07
1.02515e-06
1.47774e-07
1.03825e-06
1.50302e-07
1.05148e-06
1.54957e-07
1.06459e-06
1.61206e-07
1.07738e-06
1.68496e-07
1.08968e-06
1.76307e-07
1.10137e-06
1.8417e-07
1.11236e-06
1.91687e-07
1.1226e-06
1.98527e-07
1.13207e-06
2.0443e-07
1.14078e-06
2.09199e-07
1.14877e-06
2.12696e-07
1.15608e-06
2.14831e-07
1.16276e-06
2.15558e-07
1.16891e-06
2.14868e-07
1.17459e-06
2.1278e-07
1.1799e-06
2.09337e-07
1.18493e-06
2.046e-07
1.1898e-06
1.98641e-07
1.19461e-06
1.91542e-07
1.19946e-06
1.83388e-07
1.20448e-06
1.74269e-07
1.20979e-06
1.64271e-07
1.21549e-06
1.53478e-07
1.22173e-06
1.41968e-07
1.22862e-06
1.29815e-07
1.23631e-06
1.17086e-07
1.24492e-06
1.03839e-07
1.25461e-06
9.01248e-08
1.26552e-06
7.59874e-08
1.27781e-06
6.14628e-08
1.29165e-06
4.65804e-08
1.30723e-06
3.13636e-08
1.32471e-06
1.58314e-08
1.34432e-06
1.36625e-06
1.13755e-07
9.78293e-07
1.13078e-07
9.89784e-07
1.1195e-07
1.00148e-06
1.10983e-07
1.0134e-06
1.10623e-07
1.02551e-06
1.11137e-07
1.03774e-06
1.12626e-07
1.04999e-06
1.15058e-07
1.06216e-06
1.18302e-07
1.07414e-06
1.22166e-07
1.08582e-06
1.26423e-07
1.09711e-06
1.30838e-07
1.10794e-06
1.35182e-07
1.11825e-06
1.39247e-07
1.128e-06
1.42851e-07
1.13718e-06
1.45843e-07
1.14578e-06
1.48103e-07
1.15382e-06
1.49542e-07
1.16132e-06
1.501e-07
1.16835e-06
1.49745e-07
1.17494e-06
1.48465e-07
1.18118e-06
1.46269e-07
1.18713e-06
1.43179e-07
1.19289e-06
1.39233e-07
1.19855e-06
1.34475e-07
1.20422e-06
1.28957e-07
1.21e-06
1.22734e-07
1.21601e-06
1.15862e-07
1.22237e-06
1.08398e-07
1.22919e-06
1.00397e-07
1.23662e-06
9.19098e-08
1.24479e-06
8.29844e-08
1.25384e-06
7.36642e-08
1.26393e-06
6.39875e-08
1.27519e-06
5.39877e-08
1.28781e-06
4.36934e-08
1.30195e-06
3.31286e-08
1.31779e-06
2.23135e-08
1.33553e-06
1.12655e-08
1.35536e-06
1.37752e-06
6.46014e-08
9.76619e-07
6.56277e-08
9.88758e-07
6.62515e-08
1.00086e-06
6.6713e-08
1.01294e-06
6.72201e-08
1.025e-06
6.79294e-08
1.03703e-06
6.8939e-08
1.04898e-06
7.02888e-08
1.06081e-06
7.19678e-08
1.07246e-06
7.39243e-08
1.08386e-06
7.60774e-08
1.09496e-06
7.83286e-08
1.10569e-06
8.05716e-08
1.11601e-06
8.27005e-08
1.12588e-06
8.46163e-08
1.13526e-06
8.62308e-08
1.14417e-06
8.74698e-08
1.15258e-06
8.82744e-08
1.16052e-06
8.86007e-08
1.16802e-06
8.84198e-08
1.17512e-06
8.7716e-08
1.18188e-06
8.64859e-08
1.18836e-06
8.47362e-08
1.19464e-06
8.24818e-08
1.20081e-06
7.97442e-08
1.20696e-06
7.655e-08
1.2132e-06
7.29286e-08
1.21963e-06
6.89114e-08
1.22638e-06
6.45307e-08
1.23357e-06
5.98179e-08
1.24134e-06
5.48037e-08
1.24981e-06
4.95166e-08
1.25913e-06
4.39829e-08
1.26946e-06
3.82262e-08
1.28095e-06
3.22675e-08
1.29377e-06
2.61249e-08
1.30809e-06
1.98142e-08
1.3241e-06
1.33487e-08
1.34199e-06
6.74032e-09
1.36197e-06
1.38426e-06
2.09484e-08
2.14779e-08
2.18646e-08
2.21712e-08
2.2456e-08
2.27669e-08
2.3138e-08
2.35882e-08
2.41216e-08
2.47294e-08
2.53929e-08
2.60861e-08
2.67789e-08
2.74399e-08
2.80382e-08
2.85457e-08
2.89378e-08
2.91942e-08
2.92993e-08
2.92422e-08
2.90163e-08
2.86193e-08
2.80519e-08
2.73182e-08
2.64244e-08
2.53785e-08
2.41897e-08
2.2868e-08
2.14239e-08
1.98677e-08
1.82093e-08
1.64584e-08
1.46237e-08
1.27132e-08
1.0734e-08
8.69236e-09
6.59365e-09
4.44261e-09
2.24341e-09
)
;

boundaryField
{
    top
    {
        type            calculated;
        value           nonuniform List<scalar> 
80
(
1.50966e-06
1.48572e-06
1.46463e-06
1.4461e-06
1.42988e-06
1.41572e-06
1.4034e-06
1.39267e-06
1.38334e-06
1.37519e-06
1.36803e-06
1.36165e-06
1.35587e-06
1.3505e-06
1.34537e-06
1.34028e-06
1.33508e-06
1.3296e-06
1.32366e-06
1.31713e-06
1.30985e-06
1.3017e-06
1.29256e-06
1.28232e-06
1.2709e-06
1.25825e-06
1.24432e-06
1.22911e-06
1.21264e-06
1.19495e-06
1.17614e-06
1.15632e-06
1.1356e-06
1.11416e-06
1.09217e-06
1.06979e-06
1.04721e-06
1.02458e-06
1.00205e-06
9.79755e-07
9.75887e-07
9.88228e-07
1.00047e-06
1.01263e-06
1.02471e-06
1.03672e-06
1.04861e-06
1.06036e-06
1.07193e-06
1.08326e-06
1.0943e-06
1.105e-06
1.11532e-06
1.12521e-06
1.13467e-06
1.14366e-06
1.15219e-06
1.16026e-06
1.16792e-06
1.17518e-06
1.18211e-06
1.18876e-06
1.19521e-06
1.20154e-06
1.20785e-06
1.21424e-06
1.22082e-06
1.2277e-06
1.23502e-06
1.24289e-06
1.25146e-06
1.26088e-06
1.27129e-06
1.28286e-06
1.29575e-06
1.31013e-06
1.3262e-06
1.34414e-06
1.36417e-06
1.3865e-06
)
;
    }
    inlet
    {
        type            calculated;
        value           nonuniform List<scalar> 
80
(
5.0822e-21
3.38813e-21
-5.0822e-21
1.69407e-21
1.18585e-20
-3.38813e-21
1.69407e-21
-3.38813e-21
3.38813e-21
-1.69407e-21
-3.38813e-21
-1.69407e-21
-1.69407e-21
0
7.6233e-21
-9.31736e-21
-9.31736e-21
1.77877e-20
-1.01644e-20
-1.01644e-20
9.31736e-21
2.5411e-21
-1.69407e-21
1.69407e-21
5.92923e-21
-1.69407e-21
5.0822e-21
1.69407e-21
8.47033e-22
2.5411e-21
6.77626e-21
-5.92923e-21
-1.01644e-20
1.69407e-21
2.5411e-21
9.31736e-21
0
2.5411e-21
3.38813e-21
-2.5411e-21
5.92923e-21
9.31736e-21
7.6233e-21
1.69407e-21
-9.31736e-21
9.31736e-21
1.18585e-20
5.0822e-21
-5.0822e-21
7.6233e-21
0
6.77626e-21
-7.6233e-21
-4.23516e-21
7.6233e-21
-4.23516e-21
-5.92923e-21
7.6233e-21
3.38813e-21
1.77877e-20
-5.0822e-21
3.04932e-20
-6.77626e-21
9.31736e-21
-5.0822e-21
1.43996e-20
1.69407e-21
1.69407e-21
-1.01644e-20
1.35525e-20
5.0822e-21
5.0822e-21
-3.38813e-21
0
1.69407e-21
1.52466e-20
3.38813e-21
2.20229e-20
-1.86347e-20
8.47033e-21
)
;
    }
    axis
    {
        type            calculated;
        value           uniform 0;
    }
    frontAndBack
    {
        type            empty;
        value           nonuniform List<scalar> 0();
    }
}


// ************************************************************************* //
