/*--------------------------------*- C++ -*----------------------------------*\
  =========                 |
  \\      /  F ield         | OpenFOAM: The Open Source CFD Toolbox
   \\    /   O peration     | Website:  https://openfoam.org
    \\  /    A nd           | Version:  10
     \\/     M anipulation  |
\*---------------------------------------------------------------------------*/
FoamFile
{
    format      ascii;
    class       volScalarField;
    location    "2";
    object      Sb;
}
// * * * * * * * * * * * * * * * * * * * * * * * * * * * * * * * * * * * * * //

dimensions      [0 0 0 0 0 0 0];

internalField   nonuniform List<scalar> 
12225
(
0.527084
0.524997
0.52244
0.519686
0.516919
0.514258
0.51178
0.509531
0.507544
0.505845
0.504464
0.503442
0.502842
0.502774
0.503453
0.505346
0.509704
0.520267
0.560981
0.558471
0.555457
0.55226
0.549093
0.546085
0.543313
0.54082
0.538632
0.53677
0.535257
0.534129
0.533443
0.533301
0.533897
0.535617
0.53927
0.546242
0.581658
0.578662
0.575121
0.571411
0.567772
0.564344
0.561205
0.558396
0.555938
0.553849
0.552147
0.550861
0.550044
0.549786
0.550249
0.551717
0.554645
0.559477
0.598268
0.594744
0.590642
0.586394
0.582264
0.578403
0.574886
0.571751
0.569015
0.566685
0.564776
0.56331
0.562327
0.561901
0.562151
0.563255
0.565423
0.568709
0.613014
0.608897
0.604179
0.59935
0.594699
0.59038
0.586468
0.582991
0.579959
0.577374
0.575238
0.573565
0.572382
0.571739
0.571709
0.572382
0.573817
0.575918
0.626847
0.622051
0.616642
0.611172
0.605953
0.601142
0.596805
0.592963
0.589615
0.586751
0.584364
0.582457
0.581038
0.580133
0.579773
0.579983
0.580736
0.581892
0.640304
0.634717
0.628518
0.62233
0.616483
0.611133
0.606336
0.602099
0.598406
0.595238
0.592574
0.590401
0.588712
0.587507
0.586782
0.586518
0.586646
0.587028
0.653751
0.647226
0.640115
0.633112
0.626564
0.620618
0.615316
0.610647
0.60658
0.603077
0.600106
0.597637
0.595645
0.594108
0.592996
0.592261
0.591821
0.59155
0.667481
0.659831
0.651651
0.643713
0.636375
0.629767
0.623908
0.618765
0.614286
0.610417
0.607107
0.604311
0.601987
0.600093
0.598581
0.597388
0.59643
0.595601
0.681765
0.672742
0.663297
0.654278
0.646042
0.638693
0.632217
0.626552
0.621623
0.617353
0.613673
0.61052
0.607838
0.605569
0.603652
0.602018
0.600587
0.59927
0.696886
0.68616
0.675198
0.664918
0.655656
0.647474
0.640314
0.634075
0.628652
0.623945
0.619863
0.616327
0.613265
0.610608
0.608288
0.606232
0.604366
0.602617
0.713172
0.700289
0.687485
0.67572
0.665281
0.656161
0.64824
0.641371
0.635409
0.630226
0.625712
0.621768
0.61831
0.615259
0.61254
0.610083
0.607816
0.605679
0.728393
0.713101
0.698334
0.685048
0.673439
0.663409
0.654765
0.647306
0.640847
0.635231
0.630326
0.62602
0.622216
0.618828
0.615779
0.612996
0.610413
0.607973
0.74744
0.728646
0.711173
0.695869
0.682754
0.671582
0.662047
0.653871
0.646817
0.640689
0.63533
0.63061
0.626416
0.622655
0.619243
0.616106
0.613179
0.610408
0.771924
0.747783
0.726455
0.708418
0.693347
0.680738
0.670114
0.661081
0.653328
0.646611
0.640736
0.635546
0.630912
0.626725
0.622894
0.619341
0.616005
0.612836
0.80497
0.772079
0.744974
0.723118
0.705471
0.691061
0.679126
0.669098
0.660549
0.653153
0.646662
0.640882
0.635664
0.630888
0.626464
0.622321
0.618409
0.614689
0.856512
0.807914
0.771343
0.743717
0.722355
0.70535
0.69145
0.679833
0.669821
0.660981
0.653089
0.645974
0.639502
0.63357
0.628099
0.623024
0.618298
0.61388
0.792051
0.762514
0.737941
0.717667
0.700845
0.686722
0.674691
0.664291
0.655271
0.647414
0.640423
0.634034
0.628167
0.622752
0.617737
0.613074
0.608727
0.604665
0.738406
0.720201
0.703493
0.688738
0.675845
0.66457
0.654658
0.645877
0.638037
0.630981
0.62463
0.618958
0.613813
0.609072
0.604684
0.600607
0.596808
0.593257
0.703034
0.690614
0.67837
0.666977
0.656617
0.647275
0.638862
0.631267
0.624385
0.618118
0.612385
0.607117
0.6023
0.59792
0.593849
0.590054
0.586508
0.583188
0.674406
0.665463
0.656175
0.647173
0.638721
0.630905
0.623721
0.61713
0.611078
0.605508
0.600369
0.595613
0.591199
0.587102
0.58336
0.579864
0.576591
0.573523
0.650173
0.643465
0.636219
0.628966
0.621975
0.615373
0.609199
0.603456
0.598122
0.593167
0.588559
0.584269
0.580266
0.576525
0.573025
0.569805
0.566787
0.563953
0.628894
0.623706
0.617925
0.611983
0.606131
0.600504
0.595166
0.590139
0.585423
0.581006
0.576871
0.572997
0.569366
0.565959
0.562758
0.559753
0.556967
0.554346
0.60958
0.605477
0.600781
0.595847
0.590897
0.586065
0.581422
0.577003
0.572821
0.568875
0.565157
0.561657
0.55836
0.555254
0.552327
0.549567
0.546976
0.544551
0.591468
0.588168
0.584301
0.580158
0.575936
0.571759
0.567701
0.563803
0.560084
0.556552
0.553204
0.550035
0.547039
0.544206
0.541526
0.538992
0.536595
0.534349
0.573855
0.571168
0.567951
0.564444
0.56082
0.557191
0.553631
0.550181
0.546867
0.543698
0.540679
0.537808
0.535081
0.532493
0.530038
0.527709
0.5255
0.523406
0.555928
0.553724
0.551028
0.548042
0.544916
0.541752
0.538619
0.535559
0.532599
0.529751
0.527024
0.524418
0.521932
0.519563
0.517309
0.515163
0.513121
0.511179
0.536417
0.534601
0.53233
0.529775
0.527068
0.524299
0.521532
0.518808
0.516154
0.513584
0.511109
0.508731
0.506452
0.50427
0.502185
0.500192
0.49829
0.496473
0.512333
0.510821
0.508885
0.506672
0.504294
0.501833
0.499349
0.496879
0.494451
0.492081
0.489779
0.487551
0.4854
0.483328
0.481334
0.479417
0.477573
0.475761
0.468807
0.467392
0.465528
0.463349
0.460961
0.458442
0.455851
0.45323
0.450607
0.448002
0.445429
0.442898
0.440415
0.437985
0.435609
0.43329
0.431031
0.42888
0.00343387
0.013154
0.0226577
0.0291551
0.033734
0.037067
0.0395501
0.0414194
0.0428201
0.0438453
0.0445572
0.0449991
0.0452025
0.0451913
0.0449841
0.0445963
0.0440409
0.0433293
0.0424718
0.0414781
0.0403576
0.0391196
0.0377734
0.0363285
0.0347948
0.0331829
0.0315035
0.0297683
0.0279896
0.0261804
0.0243542
0.0225251
0.0207078
0.0189172
0.0171679
0.0154745
0.0138509
0.0123097
0.0108621
0.0095174
0.00828272
0.00716258
0.0061589
0.005271
0.00449573
0.00382778
0.00326011
0.0027844
0.00239152
0.00207202
0.00181645
0.00161569
0.0014612
0.00134509
0.0012602
0.00120018
0.00115941
0.00113305
0.00111701
0.00110797
0.00110332
0.0011012
0.00110036
0.00110009
0.00110002
0.0011
0.0011
0.0011
0.0011
0.0011
0.0011
0.0011
0.0011
0.0011
0.0011
0.0011
0.0011
0.0011
0.0011
0.0011
0.0011
0.0011
0.0011
0.0011
0.0011
0.0011
0.0011
0.0011
0.0011
0.0011
0.0011
0.0011
0.0011
0.0011
0.0011
0.0011
0.0011
0.0011
0.0011
0.0011
0.0011
0.0011
0.0011
0.0011
0.0011
0.0011
0.0011
0.0011
0.0011
0.0011
0.0011
0.0011
0.0011
0.0011
0.0011
0.0011
0.0011
0.0011
0.0011
0.0011
0.0011
0.0011
0.0011
0.0011
0.0011
0.0011
0.0011
0.0011
0.0011
0.0011
0.0011
0.0011
0.0011
0.0011
0.0011
0.0011
0.0011
0.0011
0.0011
0.0011
0.0011
0.0011
0.0011
0.0011
0.0011
0.0011
0.0011
0.0011
0.0011
0.0011
0.0011
0.0011
0.0011
0.0011
0.0011
0.0011
0.0011
0.0011
0.0011
0.0011
0.0011
0.0011
0.0011
0.0011
0.0011
0.0011
0.0011
0.0011
0.0011
0.0011
0.0011
0.0011
0.0011
0.0011
0.0011
0.0011
0.0011
0.0011
0.0011
0.0011
0.19438
0.26145
0.285278
0.296743
0.303567
0.308116
0.311356
0.313757
0.315573
0.316955
0.317997
0.318761
0.319288
0.319607
0.319741
0.319702
0.319501
0.319144
0.318636
0.317979
0.317171
0.316211
0.315096
0.313821
0.31238
0.310767
0.308972
0.306988
0.304803
0.302408
0.299789
0.296935
0.293833
0.290471
0.286835
0.282914
0.278697
0.274174
0.269336
0.264179
0.258698
0.252893
0.246763
0.240312
0.233544
0.226462
0.219069
0.211366
0.20335
0.195014
0.186346
0.177329
0.16794
0.15815
0.147929
0.137242
0.126059
0.114356
0.10213
0.0894078
0.0762711
0.0628866
0.0495441
0.0366984
0.0249927
0.0152118
0.00807564
0.00382771
0.00190554
0.00127163
0.00112359
0.00110164
0.00110005
0.0011
0.0011
0.0011
0.0011
0.0011
0.0011
0.0011
0.0011
0.0011
0.0011
0.0011
0.0011
0.0011
0.0011
0.0011
0.0011
0.0011
0.0011
0.0011
0.0011
0.0011
0.0011
0.0011
0.0011
0.0011
0.0011
0.0011
0.0011
0.0011
0.0011
0.0011
0.0011
0.0011
0.0011
0.0011
0.0011
0.0011
0.0011
0.0011
0.0011
0.0011
0.0011
0.0011
0.0011
0.0011
0.0011
0.0011
0.0011
0.0011
0.0011
0.0011
0.0011
0.0011
0.0011
0.0011
0.0011
0.0011
0.0011
0.0011
0.0011
0.0011
0.0011
0.0011
0.0011
0.0011
0.0011
0.0011
0.0011
0.0011
0.0011
0.0011
0.0011
0.0011
0.0011
0.0011
0.0011
0.0011
0.0011
0.0011
0.0011
0.0011
0.0011
0.0011
0.0011
0.0011
0.0011
0.0011
0.0011
0.0011
0.0011
0.0011
0.0011
0.0011
0.0011
0.0011
0.0011
0.0011
0.0011
0.0011
0.0011
0.0011
0.0011
0.0011
0.0011
0.0011
0.0011
0.0011
0.383323
0.390723
0.395665
0.398973
0.401249
0.402872
0.404072
0.404986
0.405698
0.406261
0.406709
0.407066
0.407346
0.407563
0.407722
0.407831
0.407893
0.407914
0.407895
0.407838
0.407747
0.407623
0.407467
0.40728
0.407065
0.406822
0.406552
0.406256
0.405935
0.40559
0.405222
0.404831
0.404418
0.403983
0.403527
0.403049
0.402549
0.402027
0.401481
0.400909
0.40031
0.39968
0.399016
0.398312
0.397562
0.39676
0.395896
0.39496
0.39394
0.392819
0.391578
0.390195
0.38864
0.386877
0.384861
0.382534
0.379819
0.376618
0.3728
0.368191
0.36255
0.35555
0.346733
0.335453
0.320802
0.301553
0.276308
0.244302
0.20681
0.166745
0.126123
0.0859652
0.0484692
0.0187816
0.00374298
0.00116372
0.0011
0.0011
0.0011
0.0011
0.0011
0.0011
0.0011
0.0011
0.0011
0.0011
0.0011
0.0011
0.0011
0.0011
0.0011
0.0011
0.0011
0.0011
0.0011
0.0011
0.0011
0.0011
0.0011
0.0011
0.0011
0.0011
0.0011
0.0011
0.0011
0.0011
0.0011
0.0011
0.0011
0.0011
0.0011
0.0011
0.0011
0.0011
0.0011
0.0011
0.0011
0.0011
0.0011
0.0011
0.0011
0.0011
0.0011
0.0011
0.0011
0.0011
0.0011
0.0011
0.0011
0.0011
0.0011
0.0011
0.0011
0.0011
0.0011
0.0011
0.0011
0.0011
0.0011
0.0011
0.0011
0.0011
0.0011
0.0011
0.0011
0.0011
0.0011
0.0011
0.0011
0.0011
0.0011
0.0011
0.0011
0.0011
0.0011
0.0011
0.0011
0.0011
0.0011
0.0011
0.0011
0.0011
0.0011
0.0011
0.0011
0.0011
0.0011
0.0011
0.0011
0.0011
0.0011
0.0011
0.0011
0.0011
0.0011
0.0011
0.0011
0.0011
0.0011
0.0011
0.424417
0.426034
0.42745
0.428664
0.429694
0.430567
0.431308
0.431941
0.432483
0.432948
0.433348
0.433691
0.433982
0.434227
0.434429
0.434591
0.434716
0.434806
0.434863
0.434888
0.434882
0.434848
0.434786
0.434697
0.434583
0.434444
0.434282
0.434098
0.433892
0.433666
0.433421
0.433157
0.432875
0.432577
0.432262
0.431932
0.431587
0.431228
0.430855
0.430468
0.430067
0.429653
0.429224
0.428781
0.428323
0.427848
0.427356
0.426845
0.426313
0.425759
0.425179
0.424572
0.423933
0.423259
0.422545
0.421787
0.420977
0.420109
0.419176
0.418168
0.417075
0.415884
0.414577
0.41313
0.411501
0.409618
0.407354
0.404482
0.400634
0.395228
0.387336
0.375329
0.355955
0.321664
0.255391
0.157312
0.0772418
0.023795
0.00230654
0.0011
0.0011
0.0011
0.0011
0.0011
0.0011
0.0011
0.0011
0.0011
0.0011
0.0011
0.0011
0.0011
0.0011
0.0011
0.0011
0.0011
0.0011
0.0011
0.0011
0.0011
0.0011
0.0011
0.0011
0.0011
0.0011
0.0011
0.0011
0.0011
0.0011
0.0011
0.0011
0.0011
0.0011
0.0011
0.0011
0.0011
0.0011
0.0011
0.0011
0.0011
0.0011
0.0011
0.0011
0.0011
0.0011
0.0011
0.0011
0.0011
0.0011
0.0011
0.0011
0.0011
0.0011
0.0011
0.0011
0.0011
0.0011
0.0011
0.0011
0.0011
0.0011
0.0011
0.0011
0.0011
0.0011
0.0011
0.0011
0.0011
0.0011
0.0011
0.0011
0.0011
0.0011
0.0011
0.0011
0.0011
0.0011
0.0011
0.0011
0.0011
0.0011
0.0011
0.0011
0.0011
0.0011
0.0011
0.0011
0.0011
0.0011
0.0011
0.0011
0.0011
0.0011
0.0011
0.0011
0.0011
0.0011
0.0011
0.0011
0.0011
0.441462
0.442305
0.443106
0.443859
0.444562
0.445213
0.445813
0.446363
0.446864
0.447319
0.44773
0.448097
0.448422
0.448708
0.448954
0.449163
0.449335
0.449472
0.449575
0.449644
0.449681
0.449687
0.449663
0.449609
0.449527
0.449417
0.449282
0.449121
0.448936
0.448727
0.448496
0.448243
0.447969
0.447676
0.447363
0.447032
0.446684
0.446318
0.445936
0.445538
0.445124
0.444695
0.444251
0.443792
0.443319
0.44283
0.442327
0.441808
0.441274
0.440724
0.440157
0.439572
0.438969
0.438346
0.437702
0.437035
0.436344
0.435627
0.434882
0.434105
0.433294
0.432444
0.431549
0.430601
0.429587
0.428485
0.427265
0.425883
0.424281
0.42239
0.420127
0.417388
0.414009
0.409662
0.403531
0.39349
0.374683
0.334727
0.232756
0.0869587
0.0154469
0.00115996
0.0011
0.0011
0.0011
0.0011
0.0011
0.0011
0.0011
0.0011
0.0011
0.0011
0.0011
0.0011
0.0011
0.0011
0.0011
0.0011
0.0011
0.0011
0.0011
0.0011
0.0011
0.0011
0.0011
0.0011
0.0011
0.0011
0.0011
0.0011
0.0011
0.0011
0.0011
0.0011
0.0011
0.0011
0.0011
0.0011
0.0011
0.0011
0.0011
0.0011
0.0011
0.0011
0.0011
0.0011
0.0011
0.0011
0.0011
0.0011
0.0011
0.0011
0.0011
0.0011
0.0011
0.0011
0.0011
0.0011
0.0011
0.0011
0.0011
0.0011
0.0011
0.0011
0.0011
0.0011
0.0011
0.0011
0.0011
0.0011
0.0011
0.0011
0.0011
0.0011
0.0011
0.0011
0.0011
0.0011
0.0011
0.0011
0.0011
0.0011
0.0011
0.0011
0.0011
0.0011
0.0011
0.0011
0.0011
0.0011
0.0011
0.0011
0.0011
0.0011
0.0011
0.0011
0.0011
0.0011
0.0011
0.0011
0.45224
0.453012
0.453755
0.454464
0.455139
0.455776
0.456374
0.456931
0.457448
0.457923
0.458357
0.458748
0.459099
0.459408
0.459677
0.459907
0.460097
0.460248
0.460362
0.46044
0.460482
0.460489
0.460463
0.460404
0.460314
0.460193
0.460043
0.459864
0.459658
0.459425
0.459168
0.458885
0.458579
0.458251
0.457901
0.45753
0.457138
0.456728
0.456298
0.455851
0.455385
0.454903
0.454404
0.453889
0.453357
0.45281
0.452248
0.451669
0.451076
0.450467
0.449842
0.449201
0.448544
0.44787
0.447179
0.44647
0.445743
0.444996
0.444228
0.443437
0.442623
0.441781
0.44091
0.440004
0.439055
0.438056
0.436992
0.435847
0.434603
0.433236
0.431722
0.430027
0.428101
0.425857
0.42313
0.419638
0.414952
0.408338
0.397806
0.376377
0.31918
0.155361
0.0221165
0.0011533
0.0011
0.0011
0.0011
0.0011
0.0011
0.0011
0.0011
0.0011
0.0011
0.0011
0.0011
0.0011
0.0011
0.0011
0.0011
0.0011
0.0011
0.0011
0.0011
0.0011
0.0011
0.0011
0.0011
0.0011
0.0011
0.0011
0.0011
0.0011
0.0011
0.0011
0.0011
0.0011
0.0011
0.0011
0.0011
0.0011
0.0011
0.0011
0.0011
0.0011
0.0011
0.0011
0.0011
0.0011
0.0011
0.0011
0.0011
0.0011
0.0011
0.0011
0.0011
0.0011
0.0011
0.0011
0.0011
0.0011
0.0011
0.0011
0.0011
0.0011
0.0011
0.0011
0.0011
0.0011
0.0011
0.0011
0.0011
0.0011
0.0011
0.0011
0.0011
0.0011
0.0011
0.0011
0.0011
0.0011
0.0011
0.0011
0.0011
0.0011
0.0011
0.0011
0.0011
0.0011
0.0011
0.0011
0.0011
0.0011
0.0011
0.0011
0.0011
0.0011
0.0011
0.0011
0.0011
0.0011
0.460848
0.461694
0.462504
0.463276
0.464009
0.464699
0.465346
0.465949
0.466505
0.467016
0.467479
0.467896
0.468266
0.46859
0.468868
0.4691
0.469289
0.469433
0.469536
0.469597
0.469618
0.469599
0.469544
0.469451
0.469324
0.469162
0.468968
0.468742
0.468486
0.468202
0.467889
0.46755
0.467185
0.466795
0.466382
0.465946
0.465488
0.46501
0.464511
0.463993
0.463457
0.462902
0.46233
0.461741
0.461135
0.460513
0.459875
0.459221
0.458553
0.457868
0.457169
0.456454
0.455724
0.454979
0.454218
0.45344
0.452646
0.451835
0.451006
0.450158
0.44929
0.4484
0.447485
0.446543
0.445569
0.444558
0.443503
0.442396
0.441228
0.439987
0.438661
0.437232
0.435675
0.433952
0.432004
0.429744
0.427046
0.423715
0.41936
0.413161
0.403403
0.384724
0.331155
0.150095
0.0098809
0.0011
0.0011
0.0011
0.0011
0.0011
0.0011
0.0011
0.0011
0.0011
0.0011
0.0011
0.0011
0.0011
0.0011
0.0011
0.0011
0.0011
0.0011
0.0011
0.0011
0.0011
0.0011
0.0011
0.0011
0.0011
0.0011
0.0011
0.0011
0.0011
0.0011
0.0011
0.0011
0.0011
0.0011
0.0011
0.0011
0.0011
0.0011
0.0011
0.0011
0.0011
0.0011
0.0011
0.0011
0.0011
0.0011
0.0011
0.0011
0.0011
0.0011
0.0011
0.0011
0.0011
0.0011
0.0011
0.0011
0.0011
0.0011
0.0011
0.0011
0.0011
0.0011
0.0011
0.0011
0.0011
0.0011
0.0011
0.0011
0.0011
0.0011
0.0011
0.0011
0.0011
0.0011
0.0011
0.0011
0.0011
0.0011
0.0011
0.0011
0.0011
0.0011
0.0011
0.0011
0.0011
0.0011
0.0011
0.0011
0.0011
0.0011
0.0011
0.0011
0.0011
0.0011
0.0011
0.468452
0.469408
0.470321
0.471187
0.472005
0.472772
0.473486
0.474148
0.474755
0.475307
0.475804
0.476246
0.476633
0.476966
0.477245
0.477472
0.477647
0.477773
0.477849
0.477879
0.477863
0.477802
0.477699
0.477555
0.477372
0.477152
0.476895
0.476603
0.476279
0.475923
0.475537
0.475122
0.47468
0.474212
0.473719
0.473202
0.472662
0.472101
0.471519
0.470917
0.470296
0.469656
0.468999
0.468325
0.467635
0.466929
0.466207
0.46547
0.464718
0.463952
0.463171
0.462376
0.461567
0.460743
0.459905
0.459053
0.458185
0.457302
0.456403
0.455487
0.454553
0.453601
0.452627
0.451631
0.450609
0.449557
0.448472
0.447349
0.446182
0.444964
0.443687
0.442339
0.440907
0.439369
0.437696
0.435847
0.433767
0.431369
0.428512
0.424952
0.420254
0.413481
0.402264
0.378857
0.29594
0.0670449
0.00123329
0.0011
0.0011
0.0011
0.0011
0.0011
0.0011
0.0011
0.0011
0.0011
0.0011
0.0011
0.0011
0.0011
0.0011
0.0011
0.0011
0.0011
0.0011
0.0011
0.0011
0.0011
0.0011
0.0011
0.0011
0.0011
0.0011
0.0011
0.0011
0.0011
0.0011
0.0011
0.0011
0.0011
0.0011
0.0011
0.0011
0.0011
0.0011
0.0011
0.0011
0.0011
0.0011
0.0011
0.0011
0.0011
0.0011
0.0011
0.0011
0.0011
0.0011
0.0011
0.0011
0.0011
0.0011
0.0011
0.0011
0.0011
0.0011
0.0011
0.0011
0.0011
0.0011
0.0011
0.0011
0.0011
0.0011
0.0011
0.0011
0.0011
0.0011
0.0011
0.0011
0.0011
0.0011
0.0011
0.0011
0.0011
0.0011
0.0011
0.0011
0.0011
0.0011
0.0011
0.0011
0.0011
0.0011
0.0011
0.0011
0.0011
0.0011
0.0011
0.0011
0.0011
0.475422
0.476507
0.477538
0.478513
0.47943
0.480285
0.481077
0.481804
0.482467
0.483064
0.483595
0.484062
0.484463
0.484801
0.485077
0.485292
0.485447
0.485544
0.485586
0.485574
0.48551
0.485396
0.485235
0.485028
0.484778
0.484486
0.484154
0.483785
0.48338
0.482941
0.48247
0.481968
0.481438
0.48088
0.480296
0.479688
0.479057
0.478403
0.477728
0.477034
0.476321
0.475589
0.474841
0.474076
0.473295
0.472499
0.471689
0.470864
0.470026
0.469174
0.468309
0.467431
0.46654
0.465636
0.46472
0.46379
0.462847
0.461891
0.46092
0.459935
0.458934
0.457916
0.456881
0.455827
0.45475
0.45365
0.452524
0.451367
0.450175
0.448945
0.44767
0.446342
0.444952
0.443487
0.441929
0.440255
0.438432
0.436414
0.434132
0.431476
0.428267
0.424184
0.418586
0.410019
0.394167
0.351451
0.163088
0.00340654
0.0011
0.0011
0.0011
0.0011
0.0011
0.0011
0.0011
0.0011
0.0011
0.0011
0.0011
0.0011
0.0011
0.0011
0.0011
0.0011
0.0011
0.0011
0.0011
0.0011
0.0011
0.0011
0.0011
0.0011
0.0011
0.0011
0.0011
0.0011
0.0011
0.0011
0.0011
0.0011
0.0011
0.0011
0.0011
0.0011
0.0011
0.0011
0.0011
0.0011
0.0011
0.0011
0.0011
0.0011
0.0011
0.0011
0.0011
0.0011
0.0011
0.0011
0.0011
0.0011
0.0011
0.0011
0.0011
0.0011
0.0011
0.0011
0.0011
0.0011
0.0011
0.0011
0.0011
0.0011
0.0011
0.0011
0.0011
0.0011
0.0011
0.0011
0.0011
0.0011
0.0011
0.0011
0.0011
0.0011
0.0011
0.0011
0.0011
0.0011
0.0011
0.0011
0.0011
0.0011
0.0011
0.0011
0.0011
0.0011
0.0011
0.0011
0.0011
0.0011
0.481907
0.483134
0.484299
0.485396
0.486421
0.487374
0.48825
0.48905
0.489771
0.490415
0.490982
0.491471
0.491884
0.492224
0.49249
0.492687
0.492815
0.492877
0.492876
0.492814
0.492694
0.492518
0.492289
0.49201
0.491683
0.491311
0.490896
0.490441
0.489947
0.489417
0.488854
0.488258
0.487632
0.486978
0.486298
0.485592
0.484863
0.484112
0.48334
0.482549
0.48174
0.480913
0.480069
0.47921
0.478337
0.477449
0.476548
0.475635
0.474708
0.47377
0.47282
0.471859
0.470887
0.469903
0.468908
0.467902
0.466885
0.465856
0.464815
0.463761
0.462694
0.461614
0.460518
0.459405
0.458275
0.457125
0.455952
0.454756
0.453531
0.452276
0.450984
0.449652
0.448271
0.446832
0.445325
0.443732
0.442034
0.440201
0.438192
0.435947
0.43337
0.43031
0.426498
0.421421
0.413944
0.400997
0.370419
0.230138
0.0101772
0.0011
0.0011
0.0011
0.0011
0.0011
0.0011
0.0011
0.0011
0.0011
0.0011
0.0011
0.0011
0.0011
0.0011
0.0011
0.0011
0.0011
0.0011
0.0011
0.0011
0.0011
0.0011
0.0011
0.0011
0.0011
0.0011
0.0011
0.0011
0.0011
0.0011
0.0011
0.0011
0.0011
0.0011
0.0011
0.0011
0.0011
0.0011
0.0011
0.0011
0.0011
0.0011
0.0011
0.0011
0.0011
0.0011
0.0011
0.0011
0.0011
0.0011
0.0011
0.0011
0.0011
0.0011
0.0011
0.0011
0.0011
0.0011
0.0011
0.0011
0.0011
0.0011
0.0011
0.0011
0.0011
0.0011
0.0011
0.0011
0.0011
0.0011
0.0011
0.0011
0.0011
0.0011
0.0011
0.0011
0.0011
0.0011
0.0011
0.0011
0.0011
0.0011
0.0011
0.0011
0.0011
0.0011
0.0011
0.0011
0.0011
0.0011
0.0011
0.487981
0.48937
0.490682
0.491914
0.493061
0.49412
0.495088
0.495965
0.496749
0.497441
0.498042
0.498552
0.498974
0.49931
0.499562
0.499733
0.499827
0.499846
0.499794
0.499674
0.499489
0.499243
0.498938
0.498579
0.498168
0.497708
0.497203
0.496654
0.496065
0.495439
0.494777
0.494082
0.493356
0.492602
0.491821
0.491015
0.490186
0.489335
0.488465
0.487575
0.486668
0.485744
0.484806
0.483853
0.482886
0.481907
0.480916
0.479914
0.478901
0.477878
0.476844
0.475801
0.474749
0.473687
0.472616
0.471536
0.470446
0.469347
0.468238
0.467118
0.465988
0.464846
0.463691
0.462523
0.46134
0.460141
0.458923
0.457685
0.456425
0.455139
0.453824
0.452476
0.451088
0.449655
0.448168
0.446615
0.444981
0.443247
0.441386
0.439357
0.437105
0.434541
0.431522
0.427804
0.42292
0.415861
0.40396
0.377047
0.257912
0.0154077
0.00110001
0.0011
0.0011
0.0011
0.0011
0.0011
0.0011
0.0011
0.0011
0.0011
0.0011
0.0011
0.0011
0.0011
0.0011
0.0011
0.0011
0.0011
0.0011
0.0011
0.0011
0.0011
0.0011
0.0011
0.0011
0.0011
0.0011
0.0011
0.0011
0.0011
0.0011
0.0011
0.0011
0.0011
0.0011
0.0011
0.0011
0.0011
0.0011
0.0011
0.0011
0.0011
0.0011
0.0011
0.0011
0.0011
0.0011
0.0011
0.0011
0.0011
0.0011
0.0011
0.0011
0.0011
0.0011
0.0011
0.0011
0.0011
0.0011
0.0011
0.0011
0.0011
0.0011
0.0011
0.0011
0.0011
0.0011
0.0011
0.0011
0.0011
0.0011
0.0011
0.0011
0.0011
0.0011
0.0011
0.0011
0.0011
0.0011
0.0011
0.0011
0.0011
0.0011
0.0011
0.0011
0.0011
0.0011
0.0011
0.0011
0.0011
0.493695
0.495263
0.496741
0.498124
0.499405
0.500581
0.501649
0.502608
0.503458
0.504199
0.504833
0.505361
0.505788
0.506115
0.506346
0.506485
0.506536
0.506504
0.506392
0.506204
0.505946
0.50562
0.505232
0.504784
0.504281
0.503726
0.503123
0.502475
0.501786
0.501058
0.500293
0.499496
0.498667
0.49781
0.496926
0.496019
0.495089
0.494138
0.493168
0.49218
0.491176
0.490157
0.489125
0.488079
0.487022
0.485953
0.484875
0.483787
0.482689
0.481583
0.480469
0.479347
0.478218
0.477081
0.475937
0.474785
0.473627
0.47246
0.471286
0.470104
0.468913
0.467712
0.466502
0.46528
0.464047
0.4628
0.461539
0.460261
0.458964
0.457647
0.456305
0.454936
0.453535
0.452097
0.450614
0.449079
0.447479
0.445802
0.444025
0.442123
0.440056
0.437768
0.435172
0.432125
0.428385
0.423488
0.41643
0.404536
0.377558
0.255344
0.012749
0.00110001
0.0011
0.0011
0.0011
0.0011
0.0011
0.0011
0.0011
0.0011
0.0011
0.0011
0.0011
0.0011
0.0011
0.0011
0.0011
0.0011
0.0011
0.0011
0.0011
0.0011
0.0011
0.0011
0.0011
0.0011
0.0011
0.0011
0.0011
0.0011
0.0011
0.0011
0.0011
0.0011
0.0011
0.0011
0.0011
0.0011
0.0011
0.0011
0.0011
0.0011
0.0011
0.0011
0.0011
0.0011
0.0011
0.0011
0.0011
0.0011
0.0011
0.0011
0.0011
0.0011
0.0011
0.0011
0.0011
0.0011
0.0011
0.0011
0.0011
0.0011
0.0011
0.0011
0.0011
0.0011
0.0011
0.0011
0.0011
0.0011
0.0011
0.0011
0.0011
0.0011
0.0011
0.0011
0.0011
0.0011
0.0011
0.0011
0.0011
0.0011
0.0011
0.0011
0.0011
0.0011
0.0011
0.0011
0.0011
0.0011
0.49908
0.50085
0.502515
0.504066
0.505496
0.506801
0.507978
0.509026
0.509944
0.510735
0.511401
0.511944
0.512369
0.51268
0.512882
0.512981
0.51298
0.512886
0.512704
0.51244
0.512098
0.511684
0.511202
0.510658
0.510055
0.509399
0.508692
0.507939
0.507144
0.50631
0.505439
0.504536
0.503602
0.502641
0.501654
0.500644
0.499613
0.498563
0.497495
0.496411
0.495313
0.494201
0.493077
0.491942
0.490797
0.489642
0.488479
0.487309
0.486131
0.484946
0.483756
0.482559
0.481356
0.480148
0.478935
0.477716
0.476492
0.475262
0.474026
0.472784
0.471536
0.470281
0.469018
0.467746
0.466465
0.465173
0.46387
0.462553
0.461221
0.459871
0.458502
0.45711
0.455692
0.454243
0.452757
0.451228
0.449646
0.448
0.446276
0.444452
0.4425
0.44038
0.438033
0.435368
0.432237
0.42838
0.423303
0.41591
0.403203
0.372971
0.224296
0.00598443
0.0011
0.0011
0.0011
0.0011
0.0011
0.0011
0.0011
0.0011
0.0011
0.0011
0.0011
0.0011
0.0011
0.0011
0.0011
0.0011
0.0011
0.0011
0.0011
0.0011
0.0011
0.0011
0.0011
0.0011
0.0011
0.0011
0.0011
0.0011
0.0011
0.0011
0.0011
0.0011
0.0011
0.0011
0.0011
0.0011
0.0011
0.0011
0.0011
0.0011
0.0011
0.0011
0.0011
0.0011
0.0011
0.0011
0.0011
0.0011
0.0011
0.0011
0.0011
0.0011
0.0011
0.0011
0.0011
0.0011
0.0011
0.0011
0.0011
0.0011
0.0011
0.0011
0.0011
0.0011
0.0011
0.0011
0.0011
0.0011
0.0011
0.0011
0.0011
0.0011
0.0011
0.0011
0.0011
0.0011
0.0011
0.0011
0.0011
0.0011
0.0011
0.0011
0.0011
0.0011
0.0011
0.0011
0.0011
0.0011
0.504158
0.506158
0.508033
0.509773
0.511369
0.512817
0.514113
0.515256
0.516247
0.517088
0.517783
0.518336
0.518753
0.51904
0.519204
0.51925
0.519187
0.519021
0.518758
0.518406
0.51797
0.517457
0.516873
0.516223
0.515513
0.514747
0.513931
0.513068
0.512163
0.511219
0.51024
0.509229
0.508189
0.507123
0.506033
0.504922
0.503791
0.502643
0.50148
0.500302
0.499112
0.49791
0.496699
0.495478
0.49425
0.493014
0.491771
0.490523
0.489269
0.48801
0.486747
0.48548
0.484209
0.482935
0.481656
0.480374
0.479089
0.4778
0.476507
0.47521
0.473908
0.472601
0.471288
0.469969
0.468643
0.467309
0.465966
0.464612
0.463245
0.461865
0.460469
0.459053
0.457616
0.456152
0.454659
0.453129
0.451555
0.449928
0.448235
0.446462
0.444585
0.442575
0.440388
0.43796
0.435192
0.43192
0.427854
0.422427
0.414339
0.399826
0.361513
0.161686
0.00188146
0.0011
0.0011
0.0011
0.0011
0.0011
0.0011
0.0011
0.0011
0.0011
0.0011
0.0011
0.0011
0.0011
0.0011
0.0011
0.0011
0.0011
0.0011
0.0011
0.0011
0.0011
0.0011
0.0011
0.0011
0.0011
0.0011
0.0011
0.0011
0.0011
0.0011
0.0011
0.0011
0.0011
0.0011
0.0011
0.0011
0.0011
0.0011
0.0011
0.0011
0.0011
0.0011
0.0011
0.0011
0.0011
0.0011
0.0011
0.0011
0.0011
0.0011
0.0011
0.0011
0.0011
0.0011
0.0011
0.0011
0.0011
0.0011
0.0011
0.0011
0.0011
0.0011
0.0011
0.0011
0.0011
0.0011
0.0011
0.0011
0.0011
0.0011
0.0011
0.0011
0.0011
0.0011
0.0011
0.0011
0.0011
0.0011
0.0011
0.0011
0.0011
0.0011
0.0011
0.0011
0.0011
0.0011
0.0011
0.508942
0.511203
0.513317
0.515271
0.517055
0.518662
0.520089
0.521335
0.522401
0.523292
0.524012
0.524568
0.524969
0.525221
0.525334
0.525317
0.525178
0.524926
0.524569
0.524117
0.523576
0.522953
0.522257
0.521493
0.520667
0.519786
0.518854
0.517876
0.516857
0.515801
0.514711
0.513592
0.512446
0.511275
0.510083
0.508873
0.507645
0.506402
0.505146
0.503879
0.502601
0.501314
0.50002
0.498718
0.497411
0.496098
0.494781
0.49346
0.492135
0.490808
0.489478
0.488146
0.486811
0.485475
0.484137
0.482797
0.481455
0.480111
0.478765
0.477416
0.476065
0.47471
0.473351
0.471988
0.47062
0.469246
0.467865
0.466476
0.465077
0.463666
0.462243
0.460804
0.459346
0.457867
0.456363
0.454827
0.453255
0.451638
0.449966
0.448227
0.446401
0.444466
0.442387
0.440118
0.437585
0.434675
0.4312
0.426815
0.420823
0.411547
0.393624
0.336321
0.0797232
0.00112315
0.0011
0.0011
0.0011
0.0011
0.0011
0.0011
0.0011
0.0011
0.0011
0.0011
0.0011
0.0011
0.0011
0.0011
0.0011
0.0011
0.0011
0.0011
0.0011
0.0011
0.0011
0.0011
0.0011
0.0011
0.0011
0.0011
0.0011
0.0011
0.0011
0.0011
0.0011
0.0011
0.0011
0.0011
0.0011
0.0011
0.0011
0.0011
0.0011
0.0011
0.0011
0.0011
0.0011
0.0011
0.0011
0.0011
0.0011
0.0011
0.0011
0.0011
0.0011
0.0011
0.0011
0.0011
0.0011
0.0011
0.0011
0.0011
0.0011
0.0011
0.0011
0.0011
0.0011
0.0011
0.0011
0.0011
0.0011
0.0011
0.0011
0.0011
0.0011
0.0011
0.0011
0.0011
0.0011
0.0011
0.0011
0.0011
0.0011
0.0011
0.0011
0.0011
0.0011
0.0011
0.0011
0.0011
0.513437
0.515997
0.518385
0.520584
0.522582
0.524368
0.52594
0.527296
0.528441
0.529379
0.530118
0.530668
0.53104
0.531244
0.531291
0.531194
0.530964
0.530611
0.530146
0.529579
0.52892
0.528176
0.527357
0.52647
0.525522
0.524519
0.523467
0.52237
0.521235
0.520065
0.518865
0.517637
0.516385
0.515113
0.513821
0.512514
0.511193
0.509859
0.508515
0.507162
0.505801
0.504434
0.503062
0.501685
0.500304
0.49892
0.497534
0.496146
0.494756
0.493365
0.491974
0.490582
0.48919
0.487797
0.486404
0.485011
0.483617
0.482223
0.480828
0.479432
0.478035
0.476636
0.475235
0.473832
0.472425
0.471013
0.469596
0.468174
0.466743
0.465304
0.463854
0.462391
0.460914
0.459418
0.4579
0.456357
0.454782
0.45317
0.45151
0.449793
0.448003
0.446122
0.444121
0.441964
0.439595
0.436929
0.433832
0.430073
0.425219
0.418348
0.407069
0.382586
0.277987
0.0195651
0.00110004
0.0011
0.0011
0.0011
0.0011
0.0011
0.0011
0.0011
0.0011
0.0011
0.0011
0.0011
0.0011
0.0011
0.0011
0.0011
0.0011
0.0011
0.0011
0.0011
0.0011
0.0011
0.0011
0.0011
0.0011
0.0011
0.0011
0.0011
0.0011
0.0011
0.0011
0.0011
0.0011
0.0011
0.0011
0.0011
0.0011
0.0011
0.0011
0.0011
0.0011
0.0011
0.0011
0.0011
0.0011
0.0011
0.0011
0.0011
0.0011
0.0011
0.0011
0.0011
0.0011
0.0011
0.0011
0.0011
0.0011
0.0011
0.0011
0.0011
0.0011
0.0011
0.0011
0.0011
0.0011
0.0011
0.0011
0.0011
0.0011
0.0011
0.0011
0.0011
0.0011
0.0011
0.0011
0.0011
0.0011
0.0011
0.0011
0.0011
0.0011
0.0011
0.0011
0.0011
0.0011
0.0011
0.517878
0.520806
0.523533
0.526034
0.528291
0.530293
0.532036
0.53352
0.534749
0.535732
0.536482
0.537011
0.537335
0.537467
0.537425
0.537223
0.536875
0.536396
0.535798
0.535094
0.534295
0.533411
0.532451
0.531425
0.53034
0.529202
0.528018
0.526794
0.525535
0.524244
0.522927
0.521586
0.520226
0.518848
0.517455
0.51605
0.514634
0.513209
0.511777
0.510339
0.508897
0.50745
0.506001
0.50455
0.503098
0.501645
0.500192
0.498739
0.497286
0.495835
0.494384
0.492935
0.491486
0.49004
0.488594
0.48715
0.485707
0.484264
0.482823
0.481382
0.479941
0.4785
0.477058
0.475614
0.474169
0.472721
0.47127
0.469814
0.468352
0.466883
0.465406
0.463919
0.462419
0.460904
0.459372
0.457817
0.456236
0.454622
0.452969
0.451267
0.449504
0.447663
0.445723
0.443654
0.441412
0.438934
0.43612
0.432808
0.428713
0.423276
0.415227
0.400904
0.363532
0.165847
0.0020204
0.0011
0.0011
0.0011
0.0011
0.0011
0.0011
0.0011
0.0011
0.0011
0.0011
0.0011
0.0011
0.0011
0.0011
0.0011
0.0011
0.0011
0.0011
0.0011
0.0011
0.0011
0.0011
0.0011
0.0011
0.0011
0.0011
0.0011
0.0011
0.0011
0.0011
0.0011
0.0011
0.0011
0.0011
0.0011
0.0011
0.0011
0.0011
0.0011
0.0011
0.0011
0.0011
0.0011
0.0011
0.0011
0.0011
0.0011
0.0011
0.0011
0.0011
0.0011
0.0011
0.0011
0.0011
0.0011
0.0011
0.0011
0.0011
0.0011
0.0011
0.0011
0.0011
0.0011
0.0011
0.0011
0.0011
0.0011
0.0011
0.0011
0.0011
0.0011
0.0011
0.0011
0.0011
0.0011
0.0011
0.0011
0.0011
0.0011
0.0011
0.0011
0.0011
0.0011
0.0011
0.0011
0.521594
0.524919
0.52801
0.530835
0.533368
0.535595
0.53751
0.539115
0.540417
0.54143
0.542171
0.542659
0.542914
0.542956
0.542806
0.542483
0.542006
0.541391
0.540655
0.539811
0.538872
0.53785
0.536755
0.535597
0.534383
0.533121
0.531818
0.530478
0.529108
0.527711
0.526292
0.524854
0.523399
0.521932
0.520453
0.518965
0.517469
0.515969
0.514464
0.512955
0.511445
0.509934
0.508422
0.50691
0.5054
0.503891
0.502383
0.500877
0.499374
0.497873
0.496375
0.494879
0.493386
0.491895
0.490408
0.488922
0.487439
0.485958
0.484479
0.483001
0.481524
0.480049
0.478573
0.477097
0.475621
0.474143
0.472662
0.471178
0.46969
0.468197
0.466696
0.465187
0.463667
0.462135
0.460587
0.45902
0.45743
0.455811
0.454158
0.452463
0.450713
0.448897
0.446995
0.444982
0.442821
0.440463
0.437828
0.434792
0.431146
0.426503
0.420057
0.409788
0.388731
0.309475
0.0400732
0.00110096
0.0011
0.0011
0.0011
0.0011
0.0011
0.0011
0.0011
0.0011
0.0011
0.0011
0.0011
0.0011
0.0011
0.0011
0.0011
0.0011
0.0011
0.0011
0.0011
0.0011
0.0011
0.0011
0.0011
0.0011
0.0011
0.0011
0.0011
0.0011
0.0011
0.0011
0.0011
0.0011
0.0011
0.0011
0.0011
0.0011
0.0011
0.0011
0.0011
0.0011
0.0011
0.0011
0.0011
0.0011
0.0011
0.0011
0.0011
0.0011
0.0011
0.0011
0.0011
0.0011
0.0011
0.0011
0.0011
0.0011
0.0011
0.0011
0.0011
0.0011
0.0011
0.0011
0.0011
0.0011
0.0011
0.0011
0.0011
0.0011
0.0011
0.0011
0.0011
0.0011
0.0011
0.0011
0.0011
0.0011
0.0011
0.0011
0.0011
0.0011
0.0011
0.0011
0.0011
0.0011
0.524697
0.528451
0.531937
0.53511
0.537935
0.540394
0.542479
0.544193
0.54555
0.54657
0.547277
0.547699
0.547861
0.547792
0.547517
0.547061
0.546444
0.545688
0.544811
0.543828
0.542754
0.5416
0.540379
0.539098
0.537768
0.536395
0.534985
0.533545
0.532078
0.53059
0.529083
0.527562
0.526028
0.524485
0.522933
0.521377
0.519816
0.518252
0.516686
0.51512
0.513555
0.51199
0.510427
0.508866
0.507308
0.505753
0.504201
0.502653
0.501109
0.499568
0.498031
0.496498
0.494968
0.493442
0.49192
0.490402
0.488886
0.487374
0.485864
0.484357
0.482851
0.481347
0.479845
0.478342
0.47684
0.475337
0.473833
0.472326
0.470816
0.469301
0.467781
0.466253
0.464716
0.463168
0.461605
0.460027
0.458427
0.456802
0.455146
0.453452
0.45171
0.449908
0.448029
0.446053
0.443947
0.441669
0.439154
0.436301
0.432945
0.428796
0.42328
0.415092
0.400422
0.3614
0.155585
0.00178256
0.0011
0.0011
0.0011
0.0011
0.0011
0.0011
0.0011
0.0011
0.0011
0.0011
0.0011
0.0011
0.0011
0.0011
0.0011
0.0011
0.0011
0.0011
0.0011
0.0011
0.0011
0.0011
0.0011
0.0011
0.0011
0.0011
0.0011
0.0011
0.0011
0.0011
0.0011
0.0011
0.0011
0.0011
0.0011
0.0011
0.0011
0.0011
0.0011
0.0011
0.0011
0.0011
0.0011
0.0011
0.0011
0.0011
0.0011
0.0011
0.0011
0.0011
0.0011
0.0011
0.0011
0.0011
0.0011
0.0011
0.0011
0.0011
0.0011
0.0011
0.0011
0.0011
0.0011
0.0011
0.0011
0.0011
0.0011
0.0011
0.0011
0.0011
0.0011
0.0011
0.0011
0.0011
0.0011
0.0011
0.0011
0.0011
0.0011
0.0011
0.0011
0.0011
0.0011
0.0011
0.527279
0.531502
0.535419
0.538968
0.542103
0.544796
0.54704
0.548843
0.550228
0.551225
0.551868
0.552194
0.552239
0.552039
0.551624
0.551023
0.550263
0.549365
0.54835
0.547234
0.546032
0.544757
0.54342
0.542031
0.540598
0.539127
0.537625
0.536098
0.534549
0.532983
0.531403
0.529811
0.528211
0.526605
0.524994
0.52338
0.521765
0.520149
0.518534
0.516921
0.51531
0.513701
0.512097
0.510496
0.508899
0.507307
0.505719
0.504136
0.502558
0.500984
0.499416
0.497852
0.496294
0.494739
0.493189
0.491644
0.490102
0.488564
0.487029
0.485498
0.483969
0.482442
0.480917
0.479394
0.47787
0.476347
0.474823
0.473297
0.471769
0.470236
0.468699
0.467156
0.465604
0.464042
0.462467
0.460877
0.459269
0.457637
0.455977
0.454282
0.452543
0.45075
0.448887
0.446935
0.444868
0.442646
0.440215
0.43749
0.434334
0.430515
0.425595
0.418637
0.407197
0.382155
0.272274
0.0173597
0.00110002
0.0011
0.0011
0.0011
0.0011
0.0011
0.0011
0.0011
0.0011
0.0011
0.0011
0.0011
0.0011
0.0011
0.0011
0.0011
0.0011
0.0011
0.0011
0.0011
0.0011
0.0011
0.0011
0.0011
0.0011
0.0011
0.0011
0.0011
0.0011
0.0011
0.0011
0.0011
0.0011
0.0011
0.0011
0.0011
0.0011
0.0011
0.0011
0.0011
0.0011
0.0011
0.0011
0.0011
0.0011
0.0011
0.0011
0.0011
0.0011
0.0011
0.0011
0.0011
0.0011
0.0011
0.0011
0.0011
0.0011
0.0011
0.0011
0.0011
0.0011
0.0011
0.0011
0.0011
0.0011
0.0011
0.0011
0.0011
0.0011
0.0011
0.0011
0.0011
0.0011
0.0011
0.0011
0.0011
0.0011
0.0011
0.0011
0.0011
0.0011
0.0011
0.0011
0.0011
0.529419
0.534158
0.538552
0.542511
0.545969
0.548892
0.551275
0.553136
0.554511
0.555445
0.555989
0.556189
0.556094
0.555746
0.555181
0.554432
0.553528
0.552493
0.551347
0.550108
0.54879
0.547407
0.545969
0.544484
0.542962
0.541408
0.539828
0.538227
0.536608
0.534977
0.533335
0.531686
0.530031
0.528372
0.526712
0.525051
0.52339
0.521732
0.520076
0.518424
0.516775
0.515131
0.513492
0.511858
0.51023
0.508607
0.506989
0.505378
0.503773
0.502173
0.500579
0.49899
0.497407
0.49583
0.494257
0.49269
0.491127
0.489568
0.488013
0.486462
0.484914
0.483369
0.481826
0.480284
0.478744
0.477204
0.475664
0.474122
0.472579
0.471032
0.469481
0.467924
0.46636
0.464786
0.463201
0.461602
0.459985
0.458347
0.456682
0.454985
0.453247
0.451459
0.449607
0.447673
0.445633
0.443453
0.441084
0.438451
0.43544
0.431854
0.427342
0.421183
0.411634
0.393064
0.33212
0.0727497
0.00111591
0.0011
0.0011
0.0011
0.0011
0.0011
0.0011
0.0011
0.0011
0.0011
0.0011
0.0011
0.0011
0.0011
0.0011
0.0011
0.0011
0.0011
0.0011
0.0011
0.0011
0.0011
0.0011
0.0011
0.0011
0.0011
0.0011
0.0011
0.0011
0.0011
0.0011
0.0011
0.0011
0.0011
0.0011
0.0011
0.0011
0.0011
0.0011
0.0011
0.0011
0.0011
0.0011
0.0011
0.0011
0.0011
0.0011
0.0011
0.0011
0.0011
0.0011
0.0011
0.0011
0.0011
0.0011
0.0011
0.0011
0.0011
0.0011
0.0011
0.0011
0.0011
0.0011
0.0011
0.0011
0.0011
0.0011
0.0011
0.0011
0.0011
0.0011
0.0011
0.0011
0.0011
0.0011
0.0011
0.0011
0.0011
0.0011
0.0011
0.0011
0.0011
0.0011
0.0011
0.53118
0.536502
0.541432
0.545838
0.54963
0.552766
0.555251
0.557122
0.558437
0.559265
0.559671
0.559718
0.559464
0.558957
0.558239
0.557344
0.556303
0.55514
0.553875
0.552526
0.551107
0.549629
0.548103
0.546537
0.544939
0.543315
0.541669
0.540006
0.53833
0.536644
0.534951
0.533253
0.531552
0.52985
0.528148
0.526448
0.524751
0.523057
0.521367
0.519682
0.518003
0.516329
0.514661
0.513
0.511346
0.509697
0.508056
0.506421
0.504793
0.503172
0.501556
0.499948
0.498345
0.496748
0.495158
0.493572
0.491992
0.490416
0.488845
0.487277
0.485714
0.484153
0.482596
0.48104
0.479486
0.477932
0.476379
0.474825
0.473269
0.47171
0.470148
0.46858
0.467005
0.465422
0.463828
0.46222
0.460596
0.458952
0.457284
0.455584
0.453847
0.452062
0.450217
0.448296
0.446277
0.444128
0.441806
0.439244
0.43634
0.432928
0.42871
0.423104
0.414778
0.399839
0.359903
0.153103
0.00175356
0.0011
0.0011
0.0011
0.0011
0.0011
0.0011
0.0011
0.0011
0.0011
0.0011
0.0011
0.0011
0.0011
0.0011
0.0011
0.0011
0.0011
0.0011
0.0011
0.0011
0.0011
0.0011
0.0011
0.0011
0.0011
0.0011
0.0011
0.0011
0.0011
0.0011
0.0011
0.0011
0.0011
0.0011
0.0011
0.0011
0.0011
0.0011
0.0011
0.0011
0.0011
0.0011
0.0011
0.0011
0.0011
0.0011
0.0011
0.0011
0.0011
0.0011
0.0011
0.0011
0.0011
0.0011
0.0011
0.0011
0.0011
0.0011
0.0011
0.0011
0.0011
0.0011
0.0011
0.0011
0.0011
0.0011
0.0011
0.0011
0.0011
0.0011
0.0011
0.0011
0.0011
0.0011
0.0011
0.0011
0.0011
0.0011
0.0011
0.0011
0.0011
0.0011
0.0011
0.532619
0.538616
0.54416
0.549055
0.553176
0.556485
0.559011
0.560828
0.562026
0.562699
0.562934
0.562807
0.562384
0.561716
0.560849
0.559818
0.558651
0.557373
0.556004
0.554559
0.553052
0.551494
0.549893
0.548259
0.546597
0.544913
0.543212
0.541497
0.539773
0.538041
0.536305
0.534566
0.532827
0.531089
0.529353
0.52762
0.525891
0.524168
0.52245
0.520738
0.519032
0.517334
0.515643
0.513959
0.512282
0.510613
0.508952
0.507298
0.505651
0.504011
0.502379
0.500753
0.499135
0.497522
0.495916
0.494316
0.492721
0.491132
0.489547
0.487967
0.486391
0.484818
0.483249
0.481681
0.480116
0.478551
0.476987
0.475423
0.473857
0.472289
0.470717
0.46914
0.467557
0.465966
0.464364
0.46275
0.461121
0.459472
0.457799
0.456097
0.45436
0.452577
0.450738
0.448827
0.446824
0.444699
0.442413
0.439906
0.437086
0.433806
0.429809
0.424606
0.417127
0.404466
0.37494
0.231711
0.00739999
0.0011
0.0011
0.0011
0.0011
0.0011
0.0011
0.0011
0.0011
0.0011
0.0011
0.0011
0.0011
0.0011
0.0011
0.0011
0.0011
0.0011
0.0011
0.0011
0.0011
0.0011
0.0011
0.0011
0.0011
0.0011
0.0011
0.0011
0.0011
0.0011
0.0011
0.0011
0.0011
0.0011
0.0011
0.0011
0.0011
0.0011
0.0011
0.0011
0.0011
0.0011
0.0011
0.0011
0.0011
0.0011
0.0011
0.0011
0.0011
0.0011
0.0011
0.0011
0.0011
0.0011
0.0011
0.0011
0.0011
0.0011
0.0011
0.0011
0.0011
0.0011
0.0011
0.0011
0.0011
0.0011
0.0011
0.0011
0.0011
0.0011
0.0011
0.0011
0.0011
0.0011
0.0011
0.0011
0.0011
0.0011
0.0011
0.0011
0.0011
0.0011
0.0011
0.0011
0.53378
0.54059
0.546854
0.552272
0.55669
0.560097
0.562577
0.564259
0.565277
0.565753
0.565794
0.565483
0.56489
0.56407
0.563065
0.56191
0.560633
0.559256
0.557797
0.55627
0.554689
0.553062
0.5514
0.549707
0.547992
0.546258
0.54451
0.542752
0.540987
0.539216
0.537444
0.535671
0.533899
0.53213
0.530365
0.528604
0.526849
0.525101
0.523359
0.521624
0.519897
0.518178
0.516466
0.514763
0.513068
0.511382
0.509703
0.508033
0.506371
0.504716
0.50307
0.50143
0.499798
0.498173
0.496555
0.494943
0.493336
0.491736
0.49014
0.48855
0.486963
0.485381
0.483801
0.482225
0.48065
0.479077
0.477505
0.475932
0.474358
0.472782
0.471203
0.469619
0.46803
0.466432
0.464825
0.463205
0.461571
0.459918
0.458242
0.456539
0.454801
0.45302
0.451185
0.449282
0.447292
0.445187
0.44293
0.440466
0.437713
0.434537
0.430711
0.425813
0.418949
0.407825
0.384195
0.287863
0.0262624
0.00110013
0.0011
0.0011
0.0011
0.0011
0.0011
0.0011
0.0011
0.0011
0.0011
0.0011
0.0011
0.0011
0.0011
0.0011
0.0011
0.0011
0.0011
0.0011
0.0011
0.0011
0.0011
0.0011
0.0011
0.0011
0.0011
0.0011
0.0011
0.0011
0.0011
0.0011
0.0011
0.0011
0.0011
0.0011
0.0011
0.0011
0.0011
0.0011
0.0011
0.0011
0.0011
0.0011
0.0011
0.0011
0.0011
0.0011
0.0011
0.0011
0.0011
0.0011
0.0011
0.0011
0.0011
0.0011
0.0011
0.0011
0.0011
0.0011
0.0011
0.0011
0.0011
0.0011
0.0011
0.0011
0.0011
0.0011
0.0011
0.0011
0.0011
0.0011
0.0011
0.0011
0.0011
0.0011
0.0011
0.0011
0.0011
0.0011
0.0011
0.0011
0.0011
0.0011
0.534703
0.542548
0.549669
0.555615
0.560238
0.563617
0.565937
0.567398
0.568181
0.568434
0.56827
0.567778
0.567027
0.566068
0.564941
0.563679
0.562307
0.560845
0.55931
0.557714
0.55607
0.554386
0.552671
0.55093
0.549169
0.547393
0.545606
0.54381
0.54201
0.540207
0.538404
0.536601
0.534802
0.533007
0.531216
0.529432
0.527655
0.525884
0.524122
0.522368
0.520622
0.518885
0.517157
0.515438
0.513727
0.512026
0.510333
0.50865
0.506974
0.505308
0.503649
0.501998
0.500355
0.498719
0.497091
0.495469
0.493853
0.492244
0.490639
0.48904
0.487446
0.485855
0.484269
0.482685
0.481103
0.479523
0.477944
0.476365
0.474785
0.473203
0.471618
0.470029
0.468434
0.466831
0.465219
0.463596
0.461958
0.460302
0.458624
0.456919
0.455181
0.453402
0.451571
0.449675
0.447694
0.445606
0.443373
0.440945
0.438245
0.435153
0.431463
0.426802
0.420402
0.410377
0.390473
0.321784
0.0595366
0.00110594
0.0011
0.0011
0.0011
0.0011
0.0011
0.0011
0.0011
0.0011
0.0011
0.0011
0.0011
0.0011
0.0011
0.0011
0.0011
0.0011
0.0011
0.0011
0.0011
0.0011
0.0011
0.0011
0.0011
0.0011
0.0011
0.0011
0.0011
0.0011
0.0011
0.0011
0.0011
0.0011
0.0011
0.0011
0.0011
0.0011
0.0011
0.0011
0.0011
0.0011
0.0011
0.0011
0.0011
0.0011
0.0011
0.0011
0.0011
0.0011
0.0011
0.0011
0.0011
0.0011
0.0011
0.0011
0.0011
0.0011
0.0011
0.0011
0.0011
0.0011
0.0011
0.0011
0.0011
0.0011
0.0011
0.0011
0.0011
0.0011
0.0011
0.0011
0.0011
0.0011
0.0011
0.0011
0.0011
0.0011
0.0011
0.0011
0.0011
0.0011
0.0011
0.0011
0.535419
0.544689
0.552822
0.559208
0.563847
0.567019
0.569049
0.570216
0.570731
0.570752
0.570391
0.569733
0.568841
0.567761
0.56653
0.565177
0.563724
0.562191
0.560591
0.558938
0.557241
0.555508
0.553748
0.551965
0.550166
0.548353
0.546532
0.544705
0.542875
0.541044
0.539214
0.537386
0.535563
0.533745
0.531933
0.530128
0.528331
0.526542
0.524762
0.522991
0.52123
0.519477
0.517735
0.516002
0.514278
0.512565
0.51086
0.509165
0.507479
0.505802
0.504133
0.502473
0.500821
0.499176
0.497539
0.49591
0.494286
0.492669
0.491058
0.489453
0.487852
0.486255
0.484662
0.483073
0.481485
0.4799
0.478316
0.476732
0.475147
0.473561
0.471971
0.470378
0.468779
0.467173
0.465558
0.463932
0.462291
0.460633
0.458954
0.457248
0.455511
0.453733
0.451905
0.450015
0.448044
0.445968
0.443755
0.441357
0.438702
0.435677
0.432097
0.427625
0.421587
0.412381
0.395026
0.34262
0.101215
0.00117985
0.0011
0.0011
0.0011
0.0011
0.0011
0.0011
0.0011
0.0011
0.0011
0.0011
0.0011
0.0011
0.0011
0.0011
0.0011
0.0011
0.0011
0.0011
0.0011
0.0011
0.0011
0.0011
0.0011
0.0011
0.0011
0.0011
0.0011
0.0011
0.0011
0.0011
0.0011
0.0011
0.0011
0.0011
0.0011
0.0011
0.0011
0.0011
0.0011
0.0011
0.0011
0.0011
0.0011
0.0011
0.0011
0.0011
0.0011
0.0011
0.0011
0.0011
0.0011
0.0011
0.0011
0.0011
0.0011
0.0011
0.0011
0.0011
0.0011
0.0011
0.0011
0.0011
0.0011
0.0011
0.0011
0.0011
0.0011
0.0011
0.0011
0.0011
0.0011
0.0011
0.0011
0.0011
0.0011
0.0011
0.0011
0.0011
0.0011
0.0011
0.0011
0.0011
0.535956
0.547417
0.556626
0.563139
0.567468
0.570218
0.571852
0.572685
0.57293
0.572733
0.572196
0.571393
0.57038
0.569197
0.567878
0.566449
0.564929
0.563335
0.561681
0.559978
0.558236
0.556462
0.554663
0.552845
0.551012
0.549169
0.547318
0.545463
0.543607
0.541751
0.539898
0.538048
0.536204
0.534366
0.532535
0.530712
0.528898
0.527094
0.525298
0.523513
0.521737
0.519972
0.518217
0.516472
0.514738
0.513013
0.511299
0.509594
0.507899
0.506213
0.504536
0.502868
0.501208
0.499557
0.497913
0.496277
0.494648
0.493025
0.491408
0.489797
0.488191
0.48659
0.484993
0.483399
0.481807
0.480218
0.47863
0.477042
0.475454
0.473865
0.472272
0.470676
0.469075
0.467466
0.465849
0.46422
0.462578
0.460919
0.459239
0.457533
0.455796
0.454021
0.452196
0.450311
0.448348
0.446284
0.444088
0.441715
0.439097
0.436129
0.432639
0.42832
0.422568
0.413991
0.398477
0.356252
0.145205
0.00160682
0.0011
0.0011
0.0011
0.0011
0.0011
0.0011
0.0011
0.0011
0.0011
0.0011
0.0011
0.0011
0.0011
0.0011
0.0011
0.0011
0.0011
0.0011
0.0011
0.0011
0.0011
0.0011
0.0011
0.0011
0.0011
0.0011
0.0011
0.0011
0.0011
0.0011
0.0011
0.0011
0.0011
0.0011
0.0011
0.0011
0.0011
0.0011
0.0011
0.0011
0.0011
0.0011
0.0011
0.0011
0.0011
0.0011
0.0011
0.0011
0.0011
0.0011
0.0011
0.0011
0.0011
0.0011
0.0011
0.0011
0.0011
0.0011
0.0011
0.0011
0.0011
0.0011
0.0011
0.0011
0.0011
0.0011
0.0011
0.0011
0.0011
0.0011
0.0011
0.0011
0.0011
0.0011
0.0011
0.0011
0.0011
0.0011
0.0011
0.0011
0.0011
0.0011
0.536341
0.551769
0.561475
0.567346
0.570938
0.573098
0.574292
0.5748
0.574801
0.574415
0.573729
0.572804
0.571689
0.570421
0.569028
0.567534
0.565957
0.564312
0.562612
0.560867
0.559086
0.557276
0.555444
0.553595
0.551733
0.549862
0.547986
0.546107
0.544227
0.54235
0.540476
0.538607
0.536744
0.534889
0.533041
0.531203
0.529374
0.527555
0.525747
0.523949
0.522161
0.520384
0.518619
0.516864
0.515119
0.513386
0.511663
0.50995
0.508247
0.506554
0.50487
0.503195
0.50153
0.499872
0.498223
0.496582
0.494948
0.49332
0.491699
0.490084
0.488474
0.486869
0.485269
0.483671
0.482077
0.480485
0.478894
0.477304
0.475714
0.474122
0.472528
0.47093
0.469326
0.467716
0.466098
0.464468
0.462825
0.461165
0.459485
0.457781
0.456045
0.454271
0.45245
0.45057
0.448614
0.446561
0.44438
0.442028
0.439442
0.436522
0.433108
0.428915
0.423395
0.415312
0.401168
0.365657
0.187111
0.00308823
0.0011
0.0011
0.0011
0.0011
0.0011
0.0011
0.0011
0.0011
0.0011
0.0011
0.0011
0.0011
0.0011
0.0011
0.0011
0.0011
0.0011
0.0011
0.0011
0.0011
0.0011
0.0011
0.0011
0.0011
0.0011
0.0011
0.0011
0.0011
0.0011
0.0011
0.0011
0.0011
0.0011
0.0011
0.0011
0.0011
0.0011
0.0011
0.0011
0.0011
0.0011
0.0011
0.0011
0.0011
0.0011
0.0011
0.0011
0.0011
0.0011
0.0011
0.0011
0.0011
0.0011
0.0011
0.0011
0.0011
0.0011
0.0011
0.0011
0.0011
0.0011
0.0011
0.0011
0.0011
0.0011
0.0011
0.0011
0.0011
0.0011
0.0011
0.0011
0.0011
0.0011
0.0011
0.0011
0.0011
0.0011
0.0011
0.0011
0.0011
0.0011
0.0011
0.553913
0.561528
0.567365
0.571375
0.573974
0.575541
0.576349
0.576587
0.576387
0.575848
0.575039
0.574015
0.572817
0.571477
0.570023
0.568475
0.56685
0.565162
0.563423
0.561642
0.559828
0.557987
0.556127
0.554251
0.552363
0.550469
0.54857
0.54667
0.544771
0.542874
0.540982
0.539096
0.537217
0.535346
0.533484
0.531632
0.52979
0.527959
0.526139
0.52433
0.522532
0.520745
0.51897
0.517207
0.515454
0.513713
0.511982
0.510263
0.508553
0.506854
0.505165
0.503485
0.501814
0.500152
0.498499
0.496854
0.495216
0.493585
0.491961
0.490343
0.48873
0.487123
0.48552
0.483921
0.482324
0.480731
0.479138
0.477547
0.475955
0.474363
0.472768
0.471169
0.469565
0.467955
0.466336
0.464707
0.463064
0.461405
0.459726
0.458023
0.45629
0.454519
0.452703
0.450829
0.448881
0.446839
0.444674
0.442344
0.43979
0.436918
0.433579
0.42951
0.424212
0.416593
0.403679
0.373531
0.229993
0.00755614
0.0011
0.0011
0.0011
0.0011
0.0011
0.0011
0.0011
0.0011
0.0011
0.0011
0.0011
0.0011
0.0011
0.0011
0.0011
0.0011
0.0011
0.0011
0.0011
0.0011
0.0011
0.0011
0.0011
0.0011
0.0011
0.0011
0.0011
0.0011
0.0011
0.0011
0.0011
0.0011
0.0011
0.0011
0.0011
0.0011
0.0011
0.0011
0.0011
0.0011
0.0011
0.0011
0.0011
0.0011
0.0011
0.0011
0.0011
0.0011
0.0011
0.0011
0.0011
0.0011
0.0011
0.0011
0.0011
0.0011
0.0011
0.0011
0.0011
0.0011
0.0011
0.0011
0.0011
0.0011
0.0011
0.0011
0.0011
0.0011
0.0011
0.0011
0.0011
0.0011
0.0011
0.0011
0.0011
0.0011
0.0011
0.0011
0.0011
0.0011
0.0011
0.0011
0.564088
0.568644
0.572387
0.575113
0.576914
0.57796
0.578407
0.578384
0.577988
0.577295
0.576363
0.575238
0.573955
0.572543
0.571026
0.569422
0.567747
0.566014
0.564234
0.562415
0.560566
0.558693
0.556802
0.554897
0.552983
0.551063
0.549141
0.547218
0.545297
0.54338
0.541469
0.539564
0.537668
0.535781
0.533904
0.532037
0.530181
0.528337
0.526504
0.524683
0.522874
0.521078
0.519293
0.51752
0.515759
0.51401
0.512272
0.510545
0.508829
0.507124
0.505429
0.503744
0.502068
0.500402
0.498745
0.497095
0.495454
0.49382
0.492193
0.490572
0.488957
0.487348
0.485743
0.484142
0.482544
0.480949
0.479356
0.477764
0.476172
0.474578
0.472983
0.471384
0.46978
0.46817
0.466552
0.464923
0.463281
0.461624
0.459946
0.458245
0.456515
0.454748
0.452936
0.451067
0.449127
0.447096
0.444946
0.442637
0.440111
0.437282
0.434008
0.430046
0.42494
0.417706
0.405767
0.379448
0.264902
0.0166985
0.00110002
0.0011
0.0011
0.0011
0.0011
0.0011
0.0011
0.0011
0.0011
0.0011
0.0011
0.0011
0.0011
0.0011
0.0011
0.0011
0.0011
0.0011
0.0011
0.0011
0.0011
0.0011
0.0011
0.0011
0.0011
0.0011
0.0011
0.0011
0.0011
0.0011
0.0011
0.0011
0.0011
0.0011
0.0011
0.0011
0.0011
0.0011
0.0011
0.0011
0.0011
0.0011
0.0011
0.0011
0.0011
0.0011
0.0011
0.0011
0.0011
0.0011
0.0011
0.0011
0.0011
0.0011
0.0011
0.0011
0.0011
0.0011
0.0011
0.0011
0.0011
0.0011
0.0011
0.0011
0.0011
0.0011
0.0011
0.0011
0.0011
0.0011
0.0011
0.0011
0.0011
0.0011
0.0011
0.0011
0.0011
0.0011
0.0011
0.0011
0.0011
0.0011
0.571633
0.574479
0.576866
0.578629
0.579766
0.580346
0.580457
0.580184
0.579596
0.578751
0.577695
0.576468
0.575099
0.573613
0.572031
0.570369
0.568642
0.566862
0.565039
0.56318
0.561294
0.559387
0.557463
0.555528
0.553585
0.551638
0.54969
0.547742
0.545798
0.54386
0.541928
0.540004
0.538089
0.536185
0.534291
0.532409
0.530538
0.52868
0.526834
0.525001
0.523181
0.521374
0.519579
0.517797
0.516027
0.51427
0.512524
0.51079
0.509068
0.507357
0.505656
0.503966
0.502286
0.500615
0.498954
0.497301
0.495656
0.49402
0.49239
0.490767
0.48915
0.487539
0.485932
0.48433
0.482732
0.481136
0.479542
0.47795
0.476358
0.474764
0.473169
0.471571
0.469968
0.468359
0.466741
0.465114
0.463474
0.461818
0.460143
0.458444
0.456717
0.454954
0.453146
0.451284
0.449352
0.447331
0.445194
0.442903
0.440404
0.437613
0.434397
0.43053
0.425587
0.418679
0.407534
0.384088
0.291749
0.0313145
0.00110028
0.0011
0.0011
0.0011
0.0011
0.0011
0.0011
0.0011
0.0011
0.0011
0.0011
0.0011
0.0011
0.0011
0.0011
0.0011
0.0011
0.0011
0.0011
0.0011
0.0011
0.0011
0.0011
0.0011
0.0011
0.0011
0.0011
0.0011
0.0011
0.0011
0.0011
0.0011
0.0011
0.0011
0.0011
0.0011
0.0011
0.0011
0.0011
0.0011
0.0011
0.0011
0.0011
0.0011
0.0011
0.0011
0.0011
0.0011
0.0011
0.0011
0.0011
0.0011
0.0011
0.0011
0.0011
0.0011
0.0011
0.0011
0.0011
0.0011
0.0011
0.0011
0.0011
0.0011
0.0011
0.0011
0.0011
0.0011
0.0011
0.0011
0.0011
0.0011
0.0011
0.0011
0.0011
0.0011
0.0011
0.0011
0.0011
0.0011
0.0011
0.0011
0.577742
0.579477
0.580911
0.581933
0.582515
0.582683
0.582485
0.581974
0.5812
0.580205
0.579027
0.577697
0.576241
0.574679
0.57303
0.571309
0.569528
0.567699
0.56583
0.563929
0.562004
0.560059
0.558101
0.556133
0.554159
0.552183
0.550207
0.548234
0.546265
0.544303
0.542349
0.540405
0.53847
0.536547
0.534636
0.532738
0.530852
0.52898
0.52712
0.525275
0.523443
0.521625
0.51982
0.518028
0.51625
0.514484
0.512731
0.51099
0.509261
0.507544
0.505838
0.504143
0.502459
0.500784
0.499119
0.497463
0.495816
0.494177
0.492545
0.49092
0.489302
0.48769
0.486083
0.48448
0.482881
0.481286
0.479692
0.4781
0.476508
0.474916
0.473322
0.471725
0.470124
0.468516
0.466901
0.465275
0.463637
0.461984
0.460312
0.458617
0.456893
0.455134
0.453332
0.451476
0.449551
0.44754
0.445416
0.443142
0.440667
0.43791
0.434746
0.43096
0.426159
0.419527
0.409034
0.387804
0.311787
0.0506207
0.00110265
0.0011
0.0011
0.0011
0.0011
0.0011
0.0011
0.0011
0.0011
0.0011
0.0011
0.0011
0.0011
0.0011
0.0011
0.0011
0.0011
0.0011
0.0011
0.0011
0.0011
0.0011
0.0011
0.0011
0.0011
0.0011
0.0011
0.0011
0.0011
0.0011
0.0011
0.0011
0.0011
0.0011
0.0011
0.0011
0.0011
0.0011
0.0011
0.0011
0.0011
0.0011
0.0011
0.0011
0.0011
0.0011
0.0011
0.0011
0.0011
0.0011
0.0011
0.0011
0.0011
0.0011
0.0011
0.0011
0.0011
0.0011
0.0011
0.0011
0.0011
0.0011
0.0011
0.0011
0.0011
0.0011
0.0011
0.0011
0.0011
0.0011
0.0011
0.0011
0.0011
0.0011
0.0011
0.0011
0.0011
0.0011
0.0011
0.0011
0.0011
0.0011
0.582927
0.583869
0.584597
0.585033
0.585151
0.584957
0.584477
0.583743
0.582789
0.581649
0.58035
0.578917
0.577372
0.575732
0.574014
0.572231
0.570394
0.568512
0.566595
0.56465
0.562682
0.560699
0.558703
0.5567
0.554693
0.552686
0.55068
0.548679
0.546685
0.544698
0.542721
0.540754
0.538799
0.536857
0.534928
0.533012
0.531111
0.529224
0.527351
0.525493
0.523649
0.521819
0.520004
0.518203
0.516416
0.514642
0.512882
0.511135
0.5094
0.507678
0.505967
0.504267
0.502579
0.500901
0.499233
0.497575
0.495925
0.494284
0.492651
0.491026
0.489407
0.487794
0.486187
0.484584
0.482986
0.481391
0.479799
0.478208
0.476618
0.475028
0.473436
0.471841
0.470242
0.468637
0.467025
0.465402
0.463768
0.462118
0.46045
0.458759
0.457039
0.455286
0.453489
0.45164
0.449723
0.447722
0.445609
0.443352
0.440898
0.438172
0.435053
0.431338
0.426659
0.42026
0.410303
0.390812
0.326667
0.0728535
0.00111526
0.0011
0.0011
0.0011
0.0011
0.0011
0.0011
0.0011
0.0011
0.0011
0.0011
0.0011
0.0011
0.0011
0.0011
0.0011
0.0011
0.0011
0.0011
0.0011
0.0011
0.0011
0.0011
0.0011
0.0011
0.0011
0.0011
0.0011
0.0011
0.0011
0.0011
0.0011
0.0011
0.0011
0.0011
0.0011
0.0011
0.0011
0.0011
0.0011
0.0011
0.0011
0.0011
0.0011
0.0011
0.0011
0.0011
0.0011
0.0011
0.0011
0.0011
0.0011
0.0011
0.0011
0.0011
0.0011
0.0011
0.0011
0.0011
0.0011
0.0011
0.0011
0.0011
0.0011
0.0011
0.0011
0.0011
0.0011
0.0011
0.0011
0.0011
0.0011
0.0011
0.0011
0.0011
0.0011
0.0011
0.0011
0.0011
0.0011
0.0011
0.0011
0.587458
0.5878
0.587978
0.587943
0.587669
0.587158
0.58642
0.585478
0.584353
0.583071
0.581652
0.580116
0.578481
0.576762
0.574972
0.573124
0.571227
0.56929
0.567322
0.565328
0.563316
0.56129
0.559254
0.557214
0.555171
0.553131
0.551094
0.549063
0.547041
0.545028
0.543026
0.541037
0.539061
0.537099
0.535151
0.533218
0.5313
0.529398
0.527512
0.525641
0.523785
0.521945
0.52012
0.51831
0.516515
0.514734
0.512967
0.511214
0.509473
0.507746
0.506031
0.504328
0.502637
0.500956
0.499286
0.497626
0.495975
0.494333
0.4927
0.491074
0.489455
0.487843
0.486237
0.484636
0.483039
0.481446
0.479856
0.478268
0.476681
0.475093
0.473504
0.471913
0.470318
0.468717
0.467108
0.46549
0.46386
0.462215
0.460552
0.458866
0.457153
0.455405
0.453615
0.451773
0.449865
0.447873
0.445773
0.44353
0.441096
0.438397
0.435318
0.431664
0.427088
0.420884
0.411369
0.393251
0.337742
0.0960223
0.00116016
0.0011
0.0011
0.0011
0.0011
0.0011
0.0011
0.0011
0.0011
0.0011
0.0011
0.0011
0.0011
0.0011
0.0011
0.0011
0.0011
0.0011
0.0011
0.0011
0.0011
0.0011
0.0011
0.0011
0.0011
0.0011
0.0011
0.0011
0.0011
0.0011
0.0011
0.0011
0.0011
0.0011
0.0011
0.0011
0.0011
0.0011
0.0011
0.0011
0.0011
0.0011
0.0011
0.0011
0.0011
0.0011
0.0011
0.0011
0.0011
0.0011
0.0011
0.0011
0.0011
0.0011
0.0011
0.0011
0.0011
0.0011
0.0011
0.0011
0.0011
0.0011
0.0011
0.0011
0.0011
0.0011
0.0011
0.0011
0.0011
0.0011
0.0011
0.0011
0.0011
0.0011
0.0011
0.0011
0.0011
0.0011
0.0011
0.0011
0.0011
0.0011
0.591497
0.591363
0.591099
0.590673
0.590066
0.589274
0.588303
0.587166
0.585878
0.584457
0.582919
0.581279
0.579552
0.57775
0.575886
0.573969
0.572009
0.570013
0.56799
0.565945
0.563884
0.561812
0.559734
0.557653
0.555573
0.553497
0.551427
0.549365
0.547314
0.545274
0.543247
0.541234
0.539236
0.537254
0.535288
0.533338
0.531404
0.529488
0.527588
0.525705
0.523838
0.521988
0.520154
0.518335
0.516533
0.514745
0.512972
0.511214
0.509469
0.507738
0.50602
0.504315
0.502621
0.500939
0.499268
0.497607
0.495956
0.494315
0.492682
0.491057
0.48944
0.48783
0.486226
0.484627
0.483033
0.481443
0.479857
0.478272
0.476689
0.475106
0.473521
0.471935
0.470345
0.468749
0.467146
0.465534
0.46391
0.462271
0.460614
0.458934
0.457228
0.455487
0.453705
0.451871
0.449972
0.44799
0.445902
0.443674
0.441258
0.438583
0.435538
0.431937
0.427447
0.421404
0.412246
0.395207
0.345975
0.118309
0.00127496
0.0011
0.0011
0.0011
0.0011
0.0011
0.0011
0.0011
0.0011
0.0011
0.0011
0.0011
0.0011
0.0011
0.0011
0.0011
0.0011
0.0011
0.0011
0.0011
0.0011
0.0011
0.0011
0.0011
0.0011
0.0011
0.0011
0.0011
0.0011
0.0011
0.0011
0.0011
0.0011
0.0011
0.0011
0.0011
0.0011
0.0011
0.0011
0.0011
0.0011
0.0011
0.0011
0.0011
0.0011
0.0011
0.0011
0.0011
0.0011
0.0011
0.0011
0.0011
0.0011
0.0011
0.0011
0.0011
0.0011
0.0011
0.0011
0.0011
0.0011
0.0011
0.0011
0.0011
0.0011
0.0011
0.0011
0.0011
0.0011
0.0011
0.0011
0.0011
0.0011
0.0011
0.0011
0.0011
0.0011
0.0011
0.0011
0.0011
0.0011
0.0011
0.595147
0.594621
0.593991
0.593235
0.592339
0.591297
0.590113
0.588793
0.587349
0.585791
0.584134
0.582388
0.580565
0.578677
0.576734
0.574743
0.572715
0.570656
0.568573
0.566473
0.56436
0.562239
0.560116
0.557992
0.555873
0.553759
0.551655
0.549561
0.54748
0.545412
0.54336
0.541324
0.539304
0.537302
0.535318
0.533351
0.531403
0.529473
0.52756
0.525666
0.52379
0.521931
0.520089
0.518263
0.516455
0.514662
0.512885
0.511123
0.509375
0.507642
0.505922
0.504215
0.502521
0.500839
0.499168
0.497508
0.495858
0.494219
0.492588
0.490966
0.489351
0.487744
0.486144
0.484549
0.48296
0.481375
0.479793
0.478213
0.476636
0.475058
0.47348
0.4719
0.470316
0.468727
0.467131
0.465526
0.46391
0.462279
0.46063
0.458959
0.45726
0.455528
0.453755
0.451931
0.450042
0.448071
0.445995
0.443781
0.441382
0.438729
0.435713
0.432155
0.427736
0.421822
0.412946
0.396736
0.352019
0.138202
0.00149621
0.0011
0.0011
0.0011
0.0011
0.0011
0.0011
0.0011
0.0011
0.0011
0.0011
0.0011
0.0011
0.0011
0.0011
0.0011
0.0011
0.0011
0.0011
0.0011
0.0011
0.0011
0.0011
0.0011
0.0011
0.0011
0.0011
0.0011
0.0011
0.0011
0.0011
0.0011
0.0011
0.0011
0.0011
0.0011
0.0011
0.0011
0.0011
0.0011
0.0011
0.0011
0.0011
0.0011
0.0011
0.0011
0.0011
0.0011
0.0011
0.0011
0.0011
0.0011
0.0011
0.0011
0.0011
0.0011
0.0011
0.0011
0.0011
0.0011
0.0011
0.0011
0.0011
0.0011
0.0011
0.0011
0.0011
0.0011
0.0011
0.0011
0.0011
0.0011
0.0011
0.0011
0.0011
0.0011
0.0011
0.0011
0.0011
0.0011
0.0011
0.0011
0.598475
0.597617
0.596676
0.595635
0.594483
0.593215
0.591833
0.590339
0.588742
0.587049
0.58527
0.583414
0.581491
0.579511
0.577483
0.575414
0.573312
0.571185
0.569038
0.566878
0.56471
0.562537
0.560366
0.558198
0.556037
0.553885
0.551746
0.54962
0.547509
0.545414
0.543337
0.541279
0.539239
0.537218
0.535217
0.533236
0.531274
0.529332
0.52741
0.525506
0.523622
0.521756
0.519908
0.518078
0.516265
0.514469
0.51269
0.510926
0.509177
0.507443
0.505724
0.504018
0.502325
0.500644
0.498976
0.497318
0.495672
0.494036
0.492409
0.490791
0.489181
0.487579
0.485984
0.484395
0.482811
0.481232
0.479657
0.478085
0.476514
0.474944
0.473374
0.471802
0.470226
0.468646
0.467059
0.465463
0.463856
0.462234
0.460595
0.458934
0.457245
0.455524
0.453762
0.451948
0.450071
0.448112
0.446049
0.443849
0.441466
0.438833
0.435842
0.43232
0.427957
0.422142
0.413479
0.397879
0.356315
0.15454
0.00182446
0.0011
0.0011
0.0011
0.0011
0.0011
0.0011
0.0011
0.0011
0.0011
0.0011
0.0011
0.0011
0.0011
0.0011
0.0011
0.0011
0.0011
0.0011
0.0011
0.0011
0.0011
0.0011
0.0011
0.0011
0.0011
0.0011
0.0011
0.0011
0.0011
0.0011
0.0011
0.0011
0.0011
0.0011
0.0011
0.0011
0.0011
0.0011
0.0011
0.0011
0.0011
0.0011
0.0011
0.0011
0.0011
0.0011
0.0011
0.0011
0.0011
0.0011
0.0011
0.0011
0.0011
0.0011
0.0011
0.0011
0.0011
0.0011
0.0011
0.0011
0.0011
0.0011
0.0011
0.0011
0.0011
0.0011
0.0011
0.0011
0.0011
0.0011
0.0011
0.0011
0.0011
0.0011
0.0011
0.0011
0.0011
0.0011
0.0011
0.0011
0.0011
0.601524
0.600379
0.599165
0.59787
0.596487
0.59501
0.593439
0.591776
0.590026
0.588194
0.586288
0.584317
0.582287
0.580208
0.578088
0.575934
0.573753
0.571552
0.569337
0.567114
0.564888
0.562662
0.560441
0.558228
0.556025
0.553836
0.551663
0.549506
0.547367
0.545248
0.543148
0.54107
0.539012
0.536976
0.534961
0.532968
0.530996
0.529045
0.527115
0.525205
0.523316
0.521446
0.519595
0.517763
0.515949
0.514152
0.512373
0.51061
0.508863
0.507131
0.505414
0.503711
0.502022
0.500345
0.498681
0.497029
0.495387
0.493756
0.492136
0.490524
0.488921
0.487326
0.485738
0.484156
0.482581
0.48101
0.479443
0.477879
0.476318
0.474757
0.473196
0.471634
0.470069
0.468499
0.466923
0.465338
0.463742
0.462132
0.460504
0.458855
0.457179
0.45547
0.45372
0.451919
0.450054
0.448109
0.44606
0.443875
0.441509
0.438894
0.435926
0.432433
0.428113
0.422372
0.41386
0.398681
0.3592
0.166646
0.00220055
0.0011
0.0011
0.0011
0.0011
0.0011
0.0011
0.0011
0.0011
0.0011
0.0011
0.0011
0.0011
0.0011
0.0011
0.0011
0.0011
0.0011
0.0011
0.0011
0.0011
0.0011
0.0011
0.0011
0.0011
0.0011
0.0011
0.0011
0.0011
0.0011
0.0011
0.0011
0.0011
0.0011
0.0011
0.0011
0.0011
0.0011
0.0011
0.0011
0.0011
0.0011
0.0011
0.0011
0.0011
0.0011
0.0011
0.0011
0.0011
0.0011
0.0011
0.0011
0.0011
0.0011
0.0011
0.0011
0.0011
0.0011
0.0011
0.0011
0.0011
0.0011
0.0011
0.0011
0.0011
0.0011
0.0011
0.0011
0.0011
0.0011
0.0011
0.0011
0.0011
0.0011
0.0011
0.0011
0.0011
0.0011
0.0011
0.0011
0.0011
0.0011
0.604319
0.602914
0.601453
0.599925
0.598325
0.596647
0.59489
0.593057
0.591149
0.589171
0.587131
0.585035
0.58289
0.580705
0.578485
0.57624
0.573975
0.571696
0.569411
0.567123
0.564837
0.562558
0.560289
0.558032
0.555791
0.553567
0.551363
0.549179
0.547016
0.544876
0.542758
0.540664
0.538593
0.536546
0.534522
0.532521
0.530543
0.528588
0.526654
0.524743
0.522852
0.520982
0.519132
0.517302
0.51549
0.513697
0.511921
0.510162
0.50842
0.506693
0.504982
0.503285
0.501602
0.499932
0.498275
0.49663
0.494996
0.493374
0.491761
0.490158
0.488564
0.486978
0.485399
0.483828
0.482262
0.480701
0.479145
0.477592
0.476042
0.474492
0.472943
0.471393
0.46984
0.468283
0.466719
0.465147
0.463564
0.461968
0.460354
0.458718
0.457056
0.455362
0.453626
0.45184
0.449991
0.44806
0.446027
0.443858
0.441509
0.438912
0.435965
0.432498
0.428212
0.422526
0.414121
0.399227
0.361073
0.174774
0.00253915
0.0011
0.0011
0.0011
0.0011
0.0011
0.0011
0.0011
0.0011
0.0011
0.0011
0.0011
0.0011
0.0011
0.0011
0.0011
0.0011
0.0011
0.0011
0.0011
0.0011
0.0011
0.0011
0.0011
0.0011
0.0011
0.0011
0.0011
0.0011
0.0011
0.0011
0.0011
0.0011
0.0011
0.0011
0.0011
0.0011
0.0011
0.0011
0.0011
0.0011
0.0011
0.0011
0.0011
0.0011
0.0011
0.0011
0.0011
0.0011
0.0011
0.0011
0.0011
0.0011
0.0011
0.0011
0.0011
0.0011
0.0011
0.0011
0.0011
0.0011
0.0011
0.0011
0.0011
0.0011
0.0011
0.0011
0.0011
0.0011
0.0011
0.0011
0.0011
0.0011
0.0011
0.0011
0.0011
0.0011
0.0011
0.0011
0.0011
0.0011
0.0011
0.606409
0.604805
0.603152
0.601441
0.599666
0.597823
0.595911
0.59393
0.591885
0.58978
0.58762
0.585412
0.583164
0.580883
0.578577
0.576251
0.573914
0.57157
0.569225
0.566884
0.564551
0.562229
0.559923
0.557634
0.555365
0.553116
0.550891
0.548689
0.546511
0.544359
0.542231
0.540129
0.538052
0.536001
0.533974
0.531971
0.529993
0.528038
0.526107
0.524198
0.52231
0.520444
0.518599
0.516774
0.514967
0.51318
0.511411
0.509659
0.507923
0.506204
0.5045
0.502811
0.501136
0.499475
0.497826
0.49619
0.494565
0.492951
0.491348
0.489754
0.48817
0.486594
0.485025
0.483464
0.481909
0.480359
0.478814
0.477272
0.475733
0.474195
0.472658
0.47112
0.46958
0.468035
0.466485
0.464926
0.463357
0.461774
0.460174
0.458553
0.456905
0.455226
0.453505
0.451735
0.449901
0.447987
0.44597
0.443818
0.441487
0.43891
0.435984
0.432542
0.428288
0.422651
0.414337
0.399682
0.362642
0.182177
0.00290724
0.0011
0.0011
0.0011
0.0011
0.0011
0.0011
0.0011
0.0011
0.0011
0.0011
0.0011
0.0011
0.0011
0.0011
0.0011
0.0011
0.0011
0.0011
0.0011
0.0011
0.0011
0.0011
0.0011
0.0011
0.0011
0.0011
0.0011
0.0011
0.0011
0.0011
0.0011
0.0011
0.0011
0.0011
0.0011
0.0011
0.0011
0.0011
0.0011
0.0011
0.0011
0.0011
0.0011
0.0011
0.0011
0.0011
0.0011
0.0011
0.0011
0.0011
0.0011
0.0011
0.0011
0.0011
0.0011
0.0011
0.0011
0.0011
0.0011
0.0011
0.0011
0.0011
0.0011
0.0011
0.0011
0.0011
0.0011
0.0011
0.0011
0.0011
0.0011
0.0011
0.0011
0.0011
0.0011
0.0011
0.0011
0.0011
0.0011
0.0011
0.0011
0.608613
0.606779
0.6049
0.602968
0.60098
0.598931
0.596824
0.594659
0.59244
0.590173
0.587865
0.58552
0.583148
0.580754
0.578345
0.575929
0.573511
0.571096
0.568689
0.566294
0.563914
0.561553
0.559214
0.556897
0.554604
0.552337
0.550097
0.547884
0.545699
0.543541
0.541411
0.539308
0.537232
0.535183
0.533161
0.531164
0.529192
0.527245
0.525321
0.523421
0.521543
0.519687
0.517852
0.516037
0.514242
0.512466
0.510708
0.508968
0.507244
0.505537
0.503845
0.502169
0.500506
0.498857
0.497221
0.495597
0.493985
0.492384
0.490794
0.489213
0.487642
0.486079
0.484524
0.482976
0.481435
0.479899
0.478368
0.476841
0.475316
0.473794
0.472272
0.470749
0.469224
0.467695
0.46616
0.464618
0.463065
0.461499
0.459916
0.458312
0.456681
0.455019
0.453316
0.451563
0.449748
0.447852
0.445853
0.443721
0.441409
0.438851
0.435945
0.432524
0.428293
0.422678
0.414389
0.399765
0.362829
0.183046
0.00296167
0.0011
0.0011
0.0011
0.0011
0.0011
0.0011
0.0011
0.0011
0.0011
0.0011
0.0011
0.0011
0.0011
0.0011
0.0011
0.0011
0.0011
0.0011
0.0011
0.0011
0.0011
0.0011
0.0011
0.0011
0.0011
0.0011
0.0011
0.0011
0.0011
0.0011
0.0011
0.0011
0.0011
0.0011
0.0011
0.0011
0.0011
0.0011
0.0011
0.0011
0.0011
0.0011
0.0011
0.0011
0.0011
0.0011
0.0011
0.0011
0.0011
0.0011
0.0011
0.0011
0.0011
0.0011
0.0011
0.0011
0.0011
0.0011
0.0011
0.0011
0.0011
0.0011
0.0011
0.0011
0.0011
0.0011
0.0011
0.0011
0.0011
0.0011
0.0011
0.0011
0.0011
0.0011
0.0011
0.0011
0.0011
0.0011
0.0011
0.0011
0.0011
0.610749
0.608624
0.606455
0.604239
0.601976
0.599666
0.597312
0.594917
0.592486
0.590026
0.587542
0.585042
0.582532
0.580017
0.577505
0.574999
0.572504
0.570026
0.567566
0.565128
0.562715
0.560329
0.55797
0.55564
0.55334
0.55107
0.54883
0.546621
0.544442
0.542294
0.540175
0.538085
0.536023
0.53399
0.531983
0.530004
0.528049
0.52612
0.524215
0.522334
0.520475
0.518638
0.516822
0.515026
0.51325
0.511493
0.509754
0.508032
0.506328
0.504639
0.502966
0.501307
0.499663
0.498032
0.496414
0.494809
0.493215
0.491632
0.490059
0.488497
0.486943
0.485398
0.483861
0.482331
0.480808
0.47929
0.477777
0.476269
0.474763
0.473259
0.471756
0.470252
0.468746
0.467237
0.465722
0.464199
0.462666
0.46112
0.459557
0.457973
0.456363
0.454721
0.453039
0.451306
0.44951
0.447635
0.445657
0.443544
0.441252
0.438714
0.435827
0.432424
0.428208
0.4226
0.414297
0.39958
0.362091
0.179317
0.00275114
0.0011
0.0011
0.0011
0.0011
0.0011
0.0011
0.0011
0.0011
0.0011
0.0011
0.0011
0.0011
0.0011
0.0011
0.0011
0.0011
0.0011
0.0011
0.0011
0.0011
0.0011
0.0011
0.0011
0.0011
0.0011
0.0011
0.0011
0.0011
0.0011
0.0011
0.0011
0.0011
0.0011
0.0011
0.0011
0.0011
0.0011
0.0011
0.0011
0.0011
0.0011
0.0011
0.0011
0.0011
0.0011
0.0011
0.0011
0.0011
0.0011
0.0011
0.0011
0.0011
0.0011
0.0011
0.0011
0.0011
0.0011
0.0011
0.0011
0.0011
0.0011
0.0011
0.0011
0.0011
0.0011
0.0011
0.0011
0.0011
0.0011
0.0011
0.0011
0.0011
0.0011
0.0011
0.0011
0.0011
0.0011
0.0011
0.0011
0.0011
0.0011
0.612189
0.60966
0.607104
0.604523
0.601918
0.599294
0.596656
0.594007
0.591353
0.588699
0.58605
0.583411
0.580785
0.578177
0.575591
0.573029
0.570494
0.567988
0.565513
0.563069
0.560658
0.558281
0.555937
0.553627
0.55135
0.549107
0.546897
0.544719
0.542573
0.540458
0.538373
0.536318
0.534291
0.532293
0.530322
0.528376
0.526456
0.524561
0.52269
0.520841
0.519014
0.517209
0.515424
0.513659
0.511913
0.510186
0.508476
0.506783
0.505106
0.503445
0.501799
0.500167
0.498549
0.496944
0.495351
0.493771
0.492202
0.490644
0.489095
0.487557
0.486027
0.484506
0.482993
0.481487
0.479987
0.478493
0.477004
0.475519
0.474037
0.472557
0.471078
0.469599
0.468117
0.466632
0.465142
0.463643
0.462134
0.460612
0.459073
0.457513
0.455927
0.454307
0.452647
0.450937
0.449162
0.447307
0.445348
0.443252
0.440976
0.438452
0.435575
0.432178
0.42796
0.422335
0.413974
0.399049
0.360385
0.171165
0.00233877
0.0011
0.0011
0.0011
0.0011
0.0011
0.0011
0.0011
0.0011
0.0011
0.0011
0.0011
0.0011
0.0011
0.0011
0.0011
0.0011
0.0011
0.0011
0.0011
0.0011
0.0011
0.0011
0.0011
0.0011
0.0011
0.0011
0.0011
0.0011
0.0011
0.0011
0.0011
0.0011
0.0011
0.0011
0.0011
0.0011
0.0011
0.0011
0.0011
0.0011
0.0011
0.0011
0.0011
0.0011
0.0011
0.0011
0.0011
0.0011
0.0011
0.0011
0.0011
0.0011
0.0011
0.0011
0.0011
0.0011
0.0011
0.0011
0.0011
0.0011
0.0011
0.0011
0.0011
0.0011
0.0011
0.0011
0.0011
0.0011
0.0011
0.0011
0.0011
0.0011
0.0011
0.0011
0.0011
0.0011
0.0011
0.0011
0.0011
0.0011
0.0011
0.610869
0.607889
0.604938
0.602017
0.599126
0.596265
0.593435
0.590637
0.58787
0.585137
0.582438
0.579774
0.577145
0.574552
0.571995
0.569475
0.566991
0.564544
0.562134
0.559759
0.557421
0.555118
0.552849
0.550614
0.548413
0.546245
0.544108
0.542002
0.539926
0.53788
0.535863
0.533873
0.531909
0.529972
0.52806
0.526173
0.524309
0.522467
0.520648
0.51885
0.517073
0.515315
0.513577
0.511857
0.510155
0.50847
0.506801
0.505149
0.503511
0.501889
0.50028
0.498685
0.497103
0.495533
0.493975
0.492429
0.490893
0.489367
0.487852
0.486345
0.484848
0.483358
0.481876
0.4804
0.478931
0.477468
0.476009
0.474555
0.473103
0.471654
0.470205
0.468756
0.467305
0.46585
0.464389
0.46292
0.461441
0.459948
0.458437
0.456905
0.455344
0.45375
0.452113
0.450424
0.448668
0.446828
0.44488
0.44279
0.440511
0.437971
0.435061
0.431597
0.427251
0.421371
0.412429
0.395817
0.348711
0.127154
0.00135596
0.0011
0.0011
0.0011
0.0011
0.0011
0.0011
0.0011
0.0011
0.0011
0.0011
0.0011
0.0011
0.0011
0.0011
0.0011
0.0011
0.0011
0.0011
0.0011
0.0011
0.0011
0.0011
0.0011
0.0011
0.0011
0.0011
0.0011
0.0011
0.0011
0.0011
0.0011
0.0011
0.0011
0.0011
0.0011
0.0011
0.0011
0.0011
0.0011
0.0011
0.0011
0.0011
0.0011
0.0011
0.0011
0.0011
0.0011
0.0011
0.0011
0.0011
0.0011
0.0011
0.0011
0.0011
0.0011
0.0011
0.0011
0.0011
0.0011
0.0011
0.0011
0.0011
0.0011
0.0011
0.0011
0.0011
0.0011
0.0011
0.0011
0.0011
0.0011
0.0011
0.0011
0.0011
0.0011
0.0011
0.0011
0.0011
0.0011
0.0011
0.0011
0.601904
0.599175
0.596475
0.593804
0.591163
0.588551
0.585968
0.583413
0.580887
0.57839
0.575923
0.573484
0.571074
0.568693
0.566342
0.564019
0.561726
0.559462
0.557226
0.55502
0.552841
0.55069
0.548567
0.546472
0.544403
0.54236
0.540344
0.538353
0.536387
0.534445
0.532527
0.530632
0.52876
0.52691
0.525082
0.523274
0.521488
0.51972
0.517973
0.516243
0.514532
0.512839
0.511163
0.509503
0.507859
0.50623
0.504616
0.503017
0.501432
0.499859
0.4983
0.496753
0.495218
0.493695
0.492182
0.49068
0.489189
0.487706
0.486233
0.484768
0.483312
0.481863
0.480421
0.478986
0.477557
0.476134
0.474715
0.4733
0.471887
0.470477
0.469068
0.467658
0.466246
0.46483
0.463408
0.461978
0.460536
0.459079
0.457603
0.456103
0.454574
0.453008
0.451395
0.449726
0.447984
0.446151
0.444202
0.442099
0.439792
0.437201
0.434205
0.430595
0.425994
0.419626
0.409618
0.389858
0.324305
0.0698083
0.0011126
0.0011
0.0011
0.0011
0.0011
0.0011
0.0011
0.0011
0.0011
0.0011
0.0011
0.0011
0.0011
0.0011
0.0011
0.0011
0.0011
0.0011
0.0011
0.0011
0.0011
0.0011
0.0011
0.0011
0.0011
0.0011
0.0011
0.0011
0.0011
0.0011
0.0011
0.0011
0.0011
0.0011
0.0011
0.0011
0.0011
0.0011
0.0011
0.0011
0.0011
0.0011
0.0011
0.0011
0.0011
0.0011
0.0011
0.0011
0.0011
0.0011
0.0011
0.0011
0.0011
0.0011
0.0011
0.0011
0.0011
0.0011
0.0011
0.0011
0.0011
0.0011
0.0011
0.0011
0.0011
0.0011
0.0011
0.0011
0.0011
0.0011
0.0011
0.0011
0.0011
0.0011
0.0011
0.0011
0.0011
0.0011
0.0011
0.0011
0.0011
0.0011
0.590875
0.588514
0.586173
0.583852
0.581549
0.579265
0.577
0.574752
0.572522
0.570309
0.568115
0.565938
0.56378
0.56164
0.559519
0.557416
0.555333
0.553268
0.551224
0.549198
0.547193
0.545208
0.543242
0.541297
0.539372
0.537467
0.535581
0.533716
0.53187
0.530043
0.528236
0.526448
0.524679
0.522928
0.521195
0.51948
0.517782
0.516101
0.514438
0.51279
0.511158
0.509542
0.50794
0.506354
0.504781
0.503223
0.501677
0.500145
0.498625
0.497117
0.495621
0.494136
0.492662
0.491198
0.489745
0.488301
0.486866
0.48544
0.484023
0.482614
0.481212
0.479818
0.47843
0.477049
0.475673
0.474303
0.472937
0.471575
0.470216
0.468859
0.467503
0.466147
0.464788
0.463426
0.462057
0.46068
0.45929
0.457884
0.456457
0.455003
0.453516
0.451987
0.450406
0.448759
0.447031
0.445198
0.443231
0.441089
0.438711
0.436009
0.432842
0.42897
0.423938
0.416769
0.404901
0.378811
0.267843
0.0187793
0.00110003
0.0011
0.0011
0.0011
0.0011
0.0011
0.0011
0.0011
0.0011
0.0011
0.0011
0.0011
0.0011
0.0011
0.0011
0.0011
0.0011
0.0011
0.0011
0.0011
0.0011
0.0011
0.0011
0.0011
0.0011
0.0011
0.0011
0.0011
0.0011
0.0011
0.0011
0.0011
0.0011
0.0011
0.0011
0.0011
0.0011
0.0011
0.0011
0.0011
0.0011
0.0011
0.0011
0.0011
0.0011
0.0011
0.0011
0.0011
0.0011
0.0011
0.0011
0.0011
0.0011
0.0011
0.0011
0.0011
0.0011
0.0011
0.0011
0.0011
0.0011
0.0011
0.0011
0.0011
0.0011
0.0011
0.0011
0.0011
0.0011
0.0011
0.0011
0.0011
0.0011
0.0011
0.0011
0.0011
0.0011
0.0011
0.0011
0.0011
0.0011
0.0011
0.580951
0.578732
0.576533
0.574351
0.572187
0.57004
0.567911
0.565799
0.563704
0.561627
0.559566
0.557524
0.555499
0.553492
0.551503
0.549531
0.547578
0.545643
0.543727
0.541829
0.539949
0.538088
0.536246
0.534422
0.532617
0.530831
0.529063
0.527313
0.525581
0.523867
0.522171
0.520492
0.518831
0.517187
0.515559
0.513948
0.512353
0.510773
0.509209
0.50766
0.506125
0.504605
0.503098
0.501605
0.500124
0.498657
0.497201
0.495758
0.494326
0.492904
0.491494
0.490094
0.488703
0.487323
0.485951
0.484589
0.483235
0.481889
0.480551
0.47922
0.477897
0.47658
0.47527
0.473965
0.472666
0.471372
0.470082
0.468795
0.467512
0.466231
0.464951
0.46367
0.462388
0.461102
0.459809
0.458506
0.457191
0.455858
0.454503
0.453119
0.451699
0.450235
0.448714
0.447124
0.445447
0.443661
0.441733
0.439624
0.437273
0.434585
0.431394
0.427418
0.422106
0.414231
0.400335
0.365522
0.192875
0.00348642
0.0011
0.0011
0.0011
0.0011
0.0011
0.0011
0.0011
0.0011
0.0011
0.0011
0.0011
0.0011
0.0011
0.0011
0.0011
0.0011
0.0011
0.0011
0.0011
0.0011
0.0011
0.0011
0.0011
0.0011
0.0011
0.0011
0.0011
0.0011
0.0011
0.0011
0.0011
0.0011
0.0011
0.0011
0.0011
0.0011
0.0011
0.0011
0.0011
0.0011
0.0011
0.0011
0.0011
0.0011
0.0011
0.0011
0.0011
0.0011
0.0011
0.0011
0.0011
0.0011
0.0011
0.0011
0.0011
0.0011
0.0011
0.0011
0.0011
0.0011
0.0011
0.0011
0.0011
0.0011
0.0011
0.0011
0.0011
0.0011
0.0011
0.0011
0.0011
0.0011
0.0011
0.0011
0.0011
0.0011
0.0011
0.0011
0.0011
0.0011
0.0011
0.0011
0.571455
0.569402
0.567365
0.565343
0.563337
0.561345
0.559369
0.557407
0.55546
0.553528
0.551611
0.549709
0.547823
0.545952
0.544096
0.542256
0.540431
0.538623
0.53683
0.535054
0.533294
0.53155
0.529823
0.528112
0.526418
0.524741
0.52308
0.521435
0.519807
0.518195
0.516599
0.51502
0.513456
0.511907
0.510374
0.508856
0.507352
0.505864
0.504389
0.502928
0.50148
0.500045
0.498623
0.497213
0.495815
0.494428
0.493053
0.491688
0.490334
0.488989
0.487654
0.486328
0.485012
0.483704
0.482404
0.481113
0.479829
0.478553
0.477284
0.476022
0.474766
0.473517
0.472273
0.471035
0.469801
0.468572
0.467346
0.466124
0.464904
0.463686
0.462469
0.461252
0.460033
0.45881
0.457581
0.456342
0.45509
0.453821
0.452527
0.451204
0.449843
0.448436
0.44697
0.445432
0.443808
0.442076
0.440207
0.438149
0.43583
0.433136
0.429881
0.42573
0.420014
0.411155
0.39429
0.343876
0.109132
0.00121592
0.0011
0.0011
0.0011
0.0011
0.0011
0.0011
0.0011
0.0011
0.0011
0.0011
0.0011
0.0011
0.0011
0.0011
0.0011
0.0011
0.0011
0.0011
0.0011
0.0011
0.0011
0.0011
0.0011
0.0011
0.0011
0.0011
0.0011
0.0011
0.0011
0.0011
0.0011
0.0011
0.0011
0.0011
0.0011
0.0011
0.0011
0.0011
0.0011
0.0011
0.0011
0.0011
0.0011
0.0011
0.0011
0.0011
0.0011
0.0011
0.0011
0.0011
0.0011
0.0011
0.0011
0.0011
0.0011
0.0011
0.0011
0.0011
0.0011
0.0011
0.0011
0.0011
0.0011
0.0011
0.0011
0.0011
0.0011
0.0011
0.0011
0.0011
0.0011
0.0011
0.0011
0.0011
0.0011
0.0011
0.0011
0.0011
0.0011
0.0011
0.0011
0.0011
0.56204
0.560141
0.558254
0.55638
0.554518
0.552668
0.55083
0.549005
0.547192
0.545392
0.543604
0.541829
0.540067
0.538319
0.536583
0.534861
0.533153
0.531459
0.529779
0.528113
0.526462
0.524826
0.523204
0.521597
0.520005
0.518429
0.516867
0.515321
0.51379
0.512274
0.510773
0.509287
0.507815
0.506359
0.504917
0.503489
0.502075
0.500674
0.499287
0.497912
0.49655
0.4952
0.493862
0.492535
0.491219
0.489914
0.488618
0.487332
0.486055
0.484787
0.483528
0.482277
0.481035
0.4798
0.478572
0.477352
0.47614
0.474934
0.473736
0.472544
0.471359
0.470179
0.469005
0.467836
0.466672
0.465511
0.464354
0.4632
0.46205
0.460901
0.459754
0.458609
0.457463
0.456316
0.455164
0.454005
0.452835
0.451648
0.450438
0.449198
0.447918
0.446591
0.445208
0.443757
0.442219
0.440565
0.438758
0.436744
0.434442
0.431727
0.428385
0.424022
0.417814
0.407712
0.386702
0.308642
0.0451138
0.00110157
0.0011
0.0011
0.0011
0.0011
0.0011
0.0011
0.0011
0.0011
0.0011
0.0011
0.0011
0.0011
0.0011
0.0011
0.0011
0.0011
0.0011
0.0011
0.0011
0.0011
0.0011
0.0011
0.0011
0.0011
0.0011
0.0011
0.0011
0.0011
0.0011
0.0011
0.0011
0.0011
0.0011
0.0011
0.0011
0.0011
0.0011
0.0011
0.0011
0.0011
0.0011
0.0011
0.0011
0.0011
0.0011
0.0011
0.0011
0.0011
0.0011
0.0011
0.0011
0.0011
0.0011
0.0011
0.0011
0.0011
0.0011
0.0011
0.0011
0.0011
0.0011
0.0011
0.0011
0.0011
0.0011
0.0011
0.0011
0.0011
0.0011
0.0011
0.0011
0.0011
0.0011
0.0011
0.0011
0.0011
0.0011
0.0011
0.0011
0.0011
0.0011
0.0011
0.552576
0.550816
0.549066
0.547326
0.545596
0.543876
0.542165
0.540465
0.538775
0.537095
0.535426
0.533767
0.532119
0.530482
0.528857
0.527243
0.525641
0.524051
0.522473
0.520909
0.519357
0.517818
0.516293
0.514782
0.513285
0.511802
0.510332
0.508878
0.507437
0.506012
0.5046
0.503203
0.501821
0.500453
0.499098
0.497758
0.496431
0.495118
0.493817
0.492529
0.491253
0.489988
0.488735
0.487492
0.486259
0.485036
0.483822
0.482616
0.481418
0.480229
0.479046
0.477871
0.476702
0.475541
0.474386
0.473238
0.472097
0.470963
0.469837
0.468717
0.467604
0.466498
0.465398
0.464303
0.463212
0.462125
0.461042
0.459962
0.458886
0.457813
0.456743
0.455677
0.454615
0.453554
0.452495
0.451432
0.450363
0.44928
0.448175
0.447041
0.445874
0.444663
0.443394
0.442049
0.440606
0.439034
0.437294
0.435329
0.43305
0.430318
0.426886
0.42229
0.415515
0.403867
0.376957
0.252366
0.0120163
0.0011
0.0011
0.0011
0.0011
0.0011
0.0011
0.0011
0.0011
0.0011
0.0011
0.0011
0.0011
0.0011
0.0011
0.0011
0.0011
0.0011
0.0011
0.0011
0.0011
0.0011
0.0011
0.0011
0.0011
0.0011
0.0011
0.0011
0.0011
0.0011
0.0011
0.0011
0.0011
0.0011
0.0011
0.0011
0.0011
0.0011
0.0011
0.0011
0.0011
0.0011
0.0011
0.0011
0.0011
0.0011
0.0011
0.0011
0.0011
0.0011
0.0011
0.0011
0.0011
0.0011
0.0011
0.0011
0.0011
0.0011
0.0011
0.0011
0.0011
0.0011
0.0011
0.0011
0.0011
0.0011
0.0011
0.0011
0.0011
0.0011
0.0011
0.0011
0.0011
0.0011
0.0011
0.0011
0.0011
0.0011
0.0011
0.0011
0.0011
0.0011
0.0011
0.0011
0.542911
0.541279
0.539654
0.538036
0.536426
0.534824
0.533229
0.531642
0.530063
0.528492
0.52693
0.525376
0.523832
0.522297
0.520771
0.519256
0.51775
0.516255
0.514771
0.513299
0.511837
0.510388
0.508951
0.507527
0.506116
0.504718
0.503334
0.501964
0.500608
0.499266
0.497939
0.496626
0.495328
0.494044
0.492775
0.49152
0.490279
0.489052
0.487839
0.486638
0.48545
0.484274
0.483109
0.481955
0.48081
0.479674
0.478546
0.477425
0.476312
0.475204
0.474102
0.473005
0.471913
0.470826
0.469744
0.468668
0.467598
0.466535
0.46548
0.464432
0.463393
0.462361
0.461336
0.460316
0.459302
0.458291
0.457284
0.456279
0.455278
0.45428
0.453288
0.452302
0.451324
0.450356
0.449396
0.448443
0.447492
0.446535
0.445566
0.444577
0.443557
0.44249
0.441359
0.440144
0.43882
0.437354
0.435706
0.433811
0.431575
0.428843
0.425334
0.4205
0.41309
0.399515
0.363736
0.177097
0.00251621
0.0011
0.0011
0.0011
0.0011
0.0011
0.0011
0.0011
0.0011
0.0011
0.0011
0.0011
0.0011
0.0011
0.0011
0.0011
0.0011
0.0011
0.0011
0.0011
0.0011
0.0011
0.0011
0.0011
0.0011
0.0011
0.0011
0.0011
0.0011
0.0011
0.0011
0.0011
0.0011
0.0011
0.0011
0.0011
0.0011
0.0011
0.0011
0.0011
0.0011
0.0011
0.0011
0.0011
0.0011
0.0011
0.0011
0.0011
0.0011
0.0011
0.0011
0.0011
0.0011
0.0011
0.0011
0.0011
0.0011
0.0011
0.0011
0.0011
0.0011
0.0011
0.0011
0.0011
0.0011
0.0011
0.0011
0.0011
0.0011
0.0011
0.0011
0.0011
0.0011
0.0011
0.0011
0.0011
0.0011
0.0011
0.0011
0.0011
0.0011
0.0011
0.0011
0.0011
0.53283
0.531314
0.529804
0.528299
0.526799
0.525304
0.523814
0.52233
0.520852
0.51938
0.517915
0.516456
0.515004
0.513559
0.512122
0.510694
0.509274
0.507863
0.506462
0.50507
0.503689
0.502319
0.50096
0.499612
0.498277
0.496955
0.495646
0.494351
0.493069
0.491803
0.490551
0.489315
0.488094
0.486889
0.485701
0.484528
0.483372
0.482232
0.481108
0.479999
0.478905
0.477825
0.476758
0.475703
0.474658
0.473622
0.472594
0.471572
0.470555
0.46954
0.468529
0.467518
0.466509
0.465501
0.464494
0.46349
0.462489
0.461493
0.460504
0.459525
0.458557
0.457597
0.456646
0.455702
0.454763
0.453828
0.452894
0.45196
0.451028
0.450097
0.44917
0.44825
0.447343
0.446454
0.445586
0.444744
0.443925
0.443123
0.442326
0.44152
0.440689
0.439812
0.438868
0.437833
0.436677
0.435365
0.433851
0.432068
0.429912
0.427212
0.423655
0.418597
0.410494
0.394517
0.344842
0.104494
0.0011933
0.0011
0.0011
0.0011
0.0011
0.0011
0.0011
0.0011
0.0011
0.0011
0.0011
0.0011
0.0011
0.0011
0.0011
0.0011
0.0011
0.0011
0.0011
0.0011
0.0011
0.0011
0.0011
0.0011
0.0011
0.0011
0.0011
0.0011
0.0011
0.0011
0.0011
0.0011
0.0011
0.0011
0.0011
0.0011
0.0011
0.0011
0.0011
0.0011
0.0011
0.0011
0.0011
0.0011
0.0011
0.0011
0.0011
0.0011
0.0011
0.0011
0.0011
0.0011
0.0011
0.0011
0.0011
0.0011
0.0011
0.0011
0.0011
0.0011
0.0011
0.0011
0.0011
0.0011
0.0011
0.0011
0.0011
0.0011
0.0011
0.0011
0.0011
0.0011
0.0011
0.0011
0.0011
0.0011
0.0011
0.0011
0.0011
0.0011
0.0011
0.0011
0.0011
0.0011
0.521994
0.520585
0.519178
0.517774
0.516372
0.514974
0.513579
0.512187
0.510799
0.509415
0.508035
0.50666
0.50529
0.503924
0.502565
0.501211
0.499864
0.498524
0.497192
0.495867
0.494551
0.493244
0.491947
0.49066
0.489384
0.48812
0.486869
0.485631
0.484407
0.483198
0.482006
0.48083
0.479672
0.478533
0.477414
0.476315
0.475237
0.47418
0.473146
0.472134
0.471143
0.470173
0.469224
0.468292
0.467375
0.466472
0.465577
0.464688
0.463801
0.462913
0.46202
0.46112
0.46021
0.459285
0.458348
0.457408
0.456469
0.455537
0.454615
0.453703
0.452801
0.451909
0.451024
0.450144
0.449266
0.44839
0.447513
0.446635
0.445754
0.44487
0.443983
0.443093
0.44221
0.441344
0.440513
0.439731
0.439014
0.438368
0.437784
0.437226
0.436668
0.43608
0.43543
0.434683
0.433802
0.432744
0.431457
0.429867
0.427865
0.425263
0.421712
0.41647
0.407634
0.388625
0.316305
0.0493971
0.00110248
0.0011
0.0011
0.0011
0.0011
0.0011
0.0011
0.0011
0.0011
0.0011
0.0011
0.0011
0.0011
0.0011
0.0011
0.0011
0.0011
0.0011
0.0011
0.0011
0.0011
0.0011
0.0011
0.0011
0.0011
0.0011
0.0011
0.0011
0.0011
0.0011
0.0011
0.0011
0.0011
0.0011
0.0011
0.0011
0.0011
0.0011
0.0011
0.0011
0.0011
0.0011
0.0011
0.0011
0.0011
0.0011
0.0011
0.0011
0.0011
0.0011
0.0011
0.0011
0.0011
0.0011
0.0011
0.0011
0.0011
0.0011
0.0011
0.0011
0.0011
0.0011
0.0011
0.0011
0.0011
0.0011
0.0011
0.0011
0.0011
0.0011
0.0011
0.0011
0.0011
0.0011
0.0011
0.0011
0.0011
0.0011
0.0011
0.0011
0.0011
0.0011
0.0011
0.0011
0.509862
0.508544
0.507227
0.505909
0.504592
0.503275
0.501958
0.500642
0.499326
0.498012
0.496699
0.495387
0.494077
0.49277
0.491465
0.490163
0.488865
0.48757
0.48628
0.484994
0.483714
0.482441
0.481174
0.479915
0.478664
0.477422
0.476191
0.474972
0.473766
0.472573
0.471396
0.470237
0.469097
0.467977
0.466882
0.465812
0.46477
0.463759
0.462782
0.461842
0.46094
0.46008
0.459262
0.458488
0.457755
0.45706
0.456396
0.455753
0.455115
0.454463
0.453775
0.453029
0.45223
0.451404
0.450559
0.449699
0.448827
0.447947
0.447066
0.446189
0.445318
0.444457
0.443604
0.442759
0.441921
0.441086
0.440252
0.439414
0.438568
0.437708
0.436834
0.435941
0.435027
0.43409
0.433149
0.432236
0.431396
0.430682
0.430147
0.42982
0.429655
0.429555
0.429455
0.429284
0.428973
0.428456
0.427661
0.426502
0.424859
0.422531
0.419136
0.413826
0.404271
0.381301
0.269746
0.0162222
0.00110002
0.0011
0.0011
0.0011
0.0011
0.0011
0.0011
0.0011
0.0011
0.0011
0.0011
0.0011
0.0011
0.0011
0.0011
0.0011
0.0011
0.0011
0.0011
0.0011
0.0011
0.0011
0.0011
0.0011
0.0011
0.0011
0.0011
0.0011
0.0011
0.0011
0.0011
0.0011
0.0011
0.0011
0.0011
0.0011
0.0011
0.0011
0.0011
0.0011
0.0011
0.0011
0.0011
0.0011
0.0011
0.0011
0.0011
0.0011
0.0011
0.0011
0.0011
0.0011
0.0011
0.0011
0.0011
0.0011
0.0011
0.0011
0.0011
0.0011
0.0011
0.0011
0.0011
0.0011
0.0011
0.0011
0.0011
0.0011
0.0011
0.0011
0.0011
0.0011
0.0011
0.0011
0.0011
0.0011
0.0011
0.0011
0.0011
0.0011
0.0011
0.0011
0.0011
0.0011
0.495226
0.493975
0.49272
0.491461
0.490197
0.488929
0.487657
0.48638
0.485099
0.483815
0.482526
0.481234
0.479938
0.47864
0.477338
0.476034
0.474728
0.473419
0.47211
0.470799
0.469488
0.468177
0.466867
0.465558
0.464252
0.462948
0.461648
0.460353
0.459064
0.457782
0.456509
0.455246
0.453995
0.452759
0.45154
0.450341
0.449166
0.448019
0.446907
0.445834
0.44481
0.443844
0.442948
0.442137
0.441425
0.440832
0.440375
0.440069
0.43992
0.439916
0.440016
0.440133
0.440104
0.439818
0.439336
0.43871
0.437978
0.437179
0.436349
0.435518
0.434704
0.433913
0.433147
0.432399
0.431662
0.430927
0.430184
0.429419
0.428621
0.427775
0.426869
0.425893
0.424843
0.423719
0.422517
0.421236
0.41989
0.41854
0.417281
0.41624
0.415577
0.415431
0.415772
0.416418
0.417202
0.417945
0.418464
0.418579
0.4181
0.416777
0.41418
0.409349
0.399452
0.37129
0.197577
0.00360174
0.0011
0.0011
0.0011
0.0011
0.0011
0.0011
0.0011
0.0011
0.0011
0.0011
0.0011
0.0011
0.0011
0.0011
0.0011
0.0011
0.0011
0.0011
0.0011
0.0011
0.0011
0.0011
0.0011
0.0011
0.0011
0.0011
0.0011
0.0011
0.0011
0.0011
0.0011
0.0011
0.0011
0.0011
0.0011
0.0011
0.0011
0.0011
0.0011
0.0011
0.0011
0.0011
0.0011
0.0011
0.0011
0.0011
0.0011
0.0011
0.0011
0.0011
0.0011
0.0011
0.0011
0.0011
0.0011
0.0011
0.0011
0.0011
0.0011
0.0011
0.0011
0.0011
0.0011
0.0011
0.0011
0.0011
0.0011
0.0011
0.0011
0.0011
0.0011
0.0011
0.0011
0.0011
0.0011
0.0011
0.0011
0.0011
0.0011
0.0011
0.0011
0.0011
0.0011
0.0011
0.474504
0.473235
0.471953
0.470658
0.469351
0.468032
0.466699
0.465355
0.463999
0.462631
0.461252
0.459861
0.458459
0.457047
0.455625
0.454193
0.452751
0.4513
0.449839
0.448371
0.446894
0.445408
0.443916
0.442416
0.440908
0.439394
0.437873
0.436346
0.434811
0.433271
0.431724
0.43017
0.42861
0.427044
0.42547
0.423889
0.422301
0.420706
0.419102
0.417492
0.415874
0.414251
0.412625
0.411
0.409387
0.407799
0.406261
0.404814
0.403518
0.402465
0.401787
0.401661
0.402306
0.403808
0.405937
0.408374
0.410723
0.412561
0.413609
0.414064
0.414147
0.414003
0.413723
0.413361
0.412945
0.412486
0.411986
0.411437
0.410824
0.410131
0.409338
0.408423
0.407371
0.406173
0.404827
0.403345
0.401742
0.400022
0.398194
0.39629
0.394381
0.392593
0.391148
0.39035
0.390356
0.391186
0.392706
0.39464
0.396591
0.398061
0.39837
0.396284
0.38817
0.353067
0.110129
0.00123907
0.0011
0.0011
0.0011
0.0011
0.0011
0.0011
0.0011
0.0011
0.0011
0.0011
0.0011
0.0011
0.0011
0.0011
0.0011
0.0011
0.0011
0.0011
0.0011
0.0011
0.0011
0.0011
0.0011
0.0011
0.0011
0.0011
0.0011
0.0011
0.0011
0.0011
0.0011
0.0011
0.0011
0.0011
0.0011
0.0011
0.0011
0.0011
0.0011
0.0011
0.0011
0.0011
0.0011
0.0011
0.0011
0.0011
0.0011
0.0011
0.0011
0.0011
0.0011
0.0011
0.0011
0.0011
0.0011
0.0011
0.0011
0.0011
0.0011
0.0011
0.0011
0.0011
0.0011
0.0011
0.0011
0.0011
0.0011
0.0011
0.0011
0.0011
0.0011
0.0011
0.0011
0.0011
0.0011
0.0011
0.0011
0.0011
0.0011
0.0011
0.0011
0.0011
0.0011
0.0011
0.427461
0.426043
0.424623
0.423201
0.421775
0.420347
0.418913
0.417474
0.416029
0.414577
0.413117
0.411649
0.410171
0.408684
0.407185
0.405675
0.404152
0.402616
0.401066
0.3995
0.397919
0.396321
0.394704
0.393068
0.391412
0.389734
0.388033
0.386307
0.384554
0.382774
0.380963
0.379119
0.377239
0.375322
0.373362
0.371357
0.369301
0.367189
0.365015
0.362771
0.360447
0.35803
0.355508
0.352859
0.350062
0.347084
0.343887
0.340421
0.336627
0.332434
0.327766
0.322554
0.316764
0.310437
0.303735
0.29697
0.290568
0.284962
0.280339
0.276289
0.272523
0.268909
0.265395
0.26196
0.258597
0.255309
0.252105
0.249004
0.246036
0.243248
0.240702
0.238476
0.236654
0.235323
0.234562
0.234426
0.234948
0.236131
0.237954
0.24039
0.243432
0.247111
0.251499
0.256708
0.262832
0.269899
0.277814
0.286308
0.294833
0.302381
0.306946
0.303443
0.271956
0.125913
0.00151331
0.0011
0.0011
0.0011
0.0011
0.0011
0.0011
0.0011
0.0011
0.0011
0.0011
0.0011
0.0011
0.0011
0.0011
0.0011
0.0011
0.0011
0.0011
0.0011
0.0011
0.0011
0.0011
0.0011
0.0011
0.0011
0.0011
0.0011
0.0011
0.0011
0.0011
0.0011
0.0011
0.0011
0.0011
0.0011
0.0011
0.0011
0.0011
0.0011
0.0011
0.0011
0.0011
0.0011
0.0011
0.0011
0.0011
0.0011
0.0011
0.0011
0.0011
0.0011
0.0011
0.0011
0.0011
0.0011
0.0011
0.0011
0.0011
0.0011
0.0011
0.0011
0.0011
0.0011
0.0011
0.0011
0.0011
0.0011
0.0011
0.0011
0.0011
0.0011
0.0011
0.0011
0.0011
0.0011
0.0011
0.0011
0.0011
0.0011
0.0011
0.0011
0.0011
0.0011
0.0011
0.0011
0.0011
0.0011
0.0011
0.0011
0.0011
0.0011
0.0011
0.0011
0.0011
0.0011
0.0011
0.0011
0.0011
0.0011
0.0011
0.0011
0.0011
0.0011
0.0011
0.0011
0.0011
0.0011
0.0011
0.0011
0.0011
0.0011
0.0011
0.0011
0.0011
0.0011
0.0011
0.0011
0.0011
0.0011
0.0011
0.0011
0.0011
0.0011
0.0011
0.0011
0.0011
0.0011
0.0011
0.0011
0.0011
0.0011
0.0011
0.0011
0.0011
0.0011
0.0011
0.0011
0.0011
0.0011
0.0011
0.0011
0.0011
0.0011
0.0011
0.0011
0.0011
0.0011
0.0011
0.0011
0.0011
0.0011
0.0011
0.0011
0.0011
0.0011
0.0011
0.0011
0.0011
0.0011
0.0011
0.0011
0.0011
0.0011
0.0011
0.0011
0.0011
0.0011
0.0011
0.0011
0.0011
0.0011
0.0011
0.0011
0.0011
0.0011
0.0011
0.0011
0.0011
0.0011
0.0011
0.0011
0.0011
0.0011
0.0011
0.0011
0.0011
0.0011
0.0011
0.0011
0.0011
0.0011
0.0011
0.0011
0.0011
0.0011
0.0011
0.0011
0.0011
0.0011
0.0011
0.0011
0.0011
0.0011
0.0011
0.0011
0.0011
0.0011
0.0011
0.0011
0.0011
0.0011
0.0011
0.0011
0.0011
0.0011
0.0011
0.0011
0.0011
0.0011
0.0011
0.0011
0.0011
0.0011
0.0011
0.0011
0.0011
0.0011
0.0011
0.0011
0.0011
0.0011
0.0011
0.0011
0.0011
0.0011
0.0011
0.0011
0.0011
0.0011
0.0011
0.0011
0.0011
0.0011
0.0011
0.0011
0.0011
0.0011
0.0011
0.0011
0.0011
0.0011
0.0011
0.0011
0.0011
0.0011
0.0011
0.0011
0.0011
0.0011
0.0011
0.0011
0.0011
0.0011
0.0011
0.0011
0.0011
0.0011
0.0011
0.0011
0.0011
0.0011
0.0011
0.0011
0.0011
0.0011
0.0011
0.0011
0.0011
0.0011
0.0011
0.0011
0.0011
0.0011
0.0011
0.0011
0.0011
0.0011
0.0011
0.0011
0.0011
0.0011
0.0011
0.0011
0.0011
0.0011
0.0011
0.0011
0.0011
0.0011
0.0011
0.0011
0.0011
0.0011
0.0011
0.0011
0.0011
0.0011
0.0011
0.0011
0.0011
0.0011
0.0011
0.0011
0.0011
0.0011
0.0011
0.0011
0.0011
0.0011
0.0011
0.0011
0.0011
0.0011
0.0011
0.0011
0.0011
0.0011
0.0011
0.0011
0.0011
0.0011
0.0011
0.0011
0.0011
0.0011
0.0011
0.0011
0.0011
0.0011
0.0011
0.0011
0.0011
0.0011
0.0011
0.0011
0.0011
0.0011
0.0011
0.0011
0.0011
0.0011
0.0011
0.0011
0.0011
0.0011
0.0011
0.0011
0.0011
0.0011
0.0011
0.0011
0.0011
0.0011
0.0011
0.0011
0.0011
0.0011
0.0011
0.0011
0.0011
0.0011
0.0011
0.0011
0.0011
0.0011
0.0011
0.0011
0.0011
0.0011
0.0011
0.0011
0.0011
0.0011
0.0011
0.0011
0.0011
0.0011
0.0011
0.0011
0.0011
0.0011
0.0011
0.0011
0.0011
0.0011
0.0011
0.0011
0.0011
0.0011
0.0011
0.0011
0.0011
0.0011
0.0011
0.0011
0.0011
0.0011
0.0011
0.0011
0.0011
0.0011
0.0011
0.0011
0.0011
0.0011
0.0011
0.0011
0.0011
0.0011
0.0011
0.0011
0.0011
0.0011
0.0011
0.0011
0.0011
0.0011
0.0011
0.0011
0.0011
0.0011
0.0011
0.0011
0.0011
0.0011
0.0011
0.0011
0.0011
0.0011
0.0011
0.0011
0.0011
0.0011
0.0011
0.0011
0.0011
0.0011
0.0011
0.0011
0.0011
0.0011
0.0011
0.0011
0.0011
0.0011
0.0011
0.0011
0.0011
0.0011
0.0011
0.0011
0.0011
0.0011
0.0011
0.0011
0.0011
0.0011
0.0011
0.0011
0.0011
0.0011
0.0011
0.0011
0.0011
0.0011
0.0011
0.0011
0.0011
0.0011
0.0011
0.0011
0.0011
0.0011
0.0011
0.0011
0.0011
0.0011
0.0011
0.0011
0.0011
0.0011
0.0011
0.0011
0.0011
0.0011
0.0011
0.0011
0.0011
0.0011
0.0011
0.0011
0.0011
0.0011
0.0011
0.0011
0.0011
0.0011
0.0011
0.0011
0.0011
0.0011
0.0011
0.0011
0.0011
0.0011
0.0011
0.0011
0.0011
0.0011
0.0011
0.0011
0.0011
0.0011
0.0011
0.0011
0.0011
0.0011
0.0011
0.0011
0.0011
0.0011
0.0011
0.0011
0.0011
0.0011
0.0011
0.0011
0.0011
0.0011
0.0011
0.0011
0.0011
0.0011
0.0011
0.0011
0.0011
0.0011
0.0011
0.0011
0.0011
0.0011
0.0011
0.0011
0.0011
0.0011
0.0011
0.0011
0.0011
0.0011
0.0011
0.0011
0.0011
0.0011
0.0011
0.0011
0.0011
0.0011
0.0011
0.0011
0.0011
0.0011
0.0011
0.0011
0.0011
0.0011
0.0011
0.0011
0.0011
0.0011
0.0011
0.0011
0.0011
0.0011
0.0011
0.0011
0.0011
0.0011
0.0011
0.0011
0.0011
0.0011
0.0011
0.0011
0.0011
0.0011
0.0011
0.0011
0.0011
0.0011
0.0011
0.0011
0.0011
0.0011
0.0011
0.0011
0.0011
0.0011
0.0011
0.0011
0.0011
0.0011
0.0011
0.0011
0.0011
0.0011
0.0011
0.0011
0.0011
0.0011
0.0011
0.0011
0.0011
0.0011
0.0011
0.0011
0.0011
0.0011
0.0011
0.0011
0.0011
0.0011
0.0011
0.0011
0.0011
0.0011
0.0011
0.0011
0.0011
0.0011
0.0011
0.0011
0.0011
0.0011
0.0011
0.0011
0.0011
0.0011
0.0011
0.0011
0.0011
0.0011
0.0011
0.0011
0.0011
0.0011
0.0011
0.0011
0.0011
0.0011
0.0011
0.0011
0.0011
0.0011
0.0011
0.0011
0.0011
0.0011
0.0011
0.0011
0.0011
0.0011
0.0011
0.0011
0.0011
0.0011
0.0011
0.0011
0.0011
0.0011
0.0011
0.0011
0.0011
0.0011
0.0011
0.0011
0.0011
0.0011
0.0011
0.0011
0.0011
0.0011
0.0011
0.0011
0.0011
0.0011
0.0011
0.0011
0.0011
0.0011
0.0011
0.0011
0.0011
0.0011
0.0011
0.0011
0.0011
0.0011
0.0011
0.0011
0.0011
0.0011
0.0011
0.0011
0.0011
0.0011
0.0011
0.0011
0.0011
0.0011
0.0011
0.0011
0.0011
0.0011
0.0011
0.0011
0.0011
0.0011
0.0011
0.0011
0.0011
0.0011
0.0011
0.0011
0.0011
0.0011
0.0011
0.0011
0.0011
0.0011
0.0011
0.0011
0.0011
0.0011
0.0011
0.0011
0.0011
0.0011
0.0011
0.0011
0.0011
0.0011
0.0011
0.0011
0.0011
0.0011
0.0011
0.0011
0.0011
0.0011
0.0011
0.0011
0.0011
0.0011
0.0011
0.0011
0.0011
0.0011
0.0011
0.0011
0.0011
0.0011
0.0011
0.0011
0.0011
0.0011
0.0011
0.0011
0.0011
0.0011
0.0011
0.0011
0.0011
0.0011
0.0011
0.0011
0.0011
0.0011
0.0011
0.0011
0.0011
0.0011
0.0011
0.0011
0.0011
0.0011
0.0011
0.0011
0.0011
0.0011
0.0011
0.0011
0.0011
0.0011
0.0011
0.0011
0.0011
0.0011
0.0011
0.0011
0.0011
0.0011
0.0011
0.0011
0.0011
0.0011
0.0011
0.0011
0.0011
0.0011
0.0011
0.0011
0.0011
0.0011
0.0011
0.0011
0.0011
0.0011
0.0011
0.0011
0.0011
0.0011
0.0011
0.0011
0.0011
0.0011
0.0011
0.0011
0.0011
0.0011
0.0011
0.0011
0.0011
0.0011
0.0011
0.0011
0.0011
0.0011
0.0011
0.0011
0.0011
0.0011
0.0011
0.0011
0.0011
0.0011
0.0011
0.0011
0.0011
0.0011
0.0011
0.0011
0.0011
0.0011
0.0011
0.0011
0.0011
0.0011
0.0011
0.0011
0.0011
0.0011
0.0011
0.0011
0.0011
0.0011
0.0011
0.0011
0.0011
0.0011
0.0011
0.0011
0.0011
0.0011
0.0011
0.0011
0.0011
0.0011
0.0011
0.0011
0.0011
0.0011
0.0011
0.0011
0.0011
0.0011
0.0011
0.0011
0.0011
0.0011
0.0011
0.0011
0.0011
0.0011
0.0011
0.0011
0.0011
0.0011
0.0011
0.0011
0.0011
0.0011
0.0011
0.0011
0.0011
0.0011
0.0011
0.0011
0.0011
0.0011
0.0011
0.0011
0.0011
0.0011
0.0011
0.0011
0.0011
0.0011
0.0011
0.0011
0.0011
0.0011
0.0011
0.0011
0.0011
0.0011
0.0011
0.0011
0.0011
0.0011
0.0011
0.0011
0.0011
0.0011
0.0011
0.0011
0.0011
0.0011
0.0011
0.0011
0.0011
0.0011
0.0011
0.0011
0.0011
0.0011
0.0011
0.0011
0.0011
0.0011
0.0011
0.0011
0.0011
0.0011
0.0011
0.0011
0.0011
0.0011
0.0011
0.0011
0.0011
0.0011
0.0011
0.0011
0.0011
0.0011
0.0011
0.0011
0.0011
0.0011
0.0011
0.0011
0.0011
0.0011
0.0011
0.0011
0.0011
0.0011
0.0011
0.0011
0.0011
0.0011
0.0011
0.0011
0.0011
0.0011
0.0011
0.0011
0.0011
0.0011
0.0011
0.0011
0.0011
0.0011
0.0011
0.0011
0.0011
0.0011
0.0011
0.0011
0.0011
0.0011
0.0011
0.0011
0.0011
0.0011
0.0011
0.0011
0.0011
0.0011
0.0011
0.0011
0.0011
0.0011
0.0011
0.0011
0.0011
0.0011
0.0011
0.0011
0.0011
0.0011
0.0011
0.0011
0.0011
0.0011
0.0011
0.0011
0.0011
0.0011
0.0011
0.0011
0.0011
0.0011
0.0011
0.0011
0.0011
0.0011
0.0011
0.0011
0.0011
0.0011
0.0011
0.0011
0.0011
0.0011
0.0011
0.0011
0.0011
0.0011
0.0011
0.0011
0.0011
0.0011
0.0011
0.0011
0.0011
0.0011
0.0011
0.0011
0.0011
0.0011
0.0011
0.0011
0.0011
0.0011
0.0011
0.0011
0.0011
0.0011
0.0011
0.0011
0.0011
0.0011
0.0011
0.0011
0.0011
0.0011
0.0011
0.0011
0.0011
0.0011
0.0011
0.0011
0.0011
0.0011
0.0011
0.0011
0.0011
0.0011
0.0011
0.0011
0.0011
0.0011
0.0011
0.0011
0.0011
0.0011
0.0011
0.0011
0.0011
0.0011
0.0011
0.0011
0.0011
0.0011
0.0011
0.0011
0.0011
0.0011
0.0011
0.0011
0.0011
0.0011
0.0011
0.0011
0.0011
0.0011
0.0011
0.0011
0.0011
0.0011
0.0011
0.0011
0.0011
0.0011
0.0011
0.0011
0.0011
0.0011
0.0011
0.0011
0.0011
0.0011
0.0011
0.0011
0.0011
0.0011
0.0011
0.0011
0.0011
0.0011
0.0011
0.0011
0.0011
0.0011
0.0011
0.0011
0.0011
0.0011
0.0011
0.0011
0.0011
0.0011
0.0011
0.0011
0.0011
0.0011
0.0011
0.0011
0.0011
0.0011
0.0011
0.0011
0.0011
0.0011
0.0011
0.0011
0.0011
0.0011
0.0011
0.0011
0.0011
0.0011
0.0011
0.0011
0.0011
0.0011
0.0011
0.0011
0.0011
0.0011
0.0011
0.0011
0.0011
0.0011
0.0011
0.0011
0.0011
0.0011
0.0011
0.0011
0.0011
0.0011
0.0011
0.0011
0.0011
0.0011
0.0011
0.0011
0.0011
0.0011
0.0011
0.0011
0.0011
0.0011
0.0011
0.0011
0.0011
0.0011
0.0011
0.0011
0.0011
0.0011
0.0011
0.0011
0.0011
0.0011
0.0011
0.0011
0.0011
0.0011
0.0011
0.0011
0.0011
0.0011
0.0011
0.0011
0.0011
0.0011
0.0011
0.0011
0.0011
0.0011
0.0011
0.0011
0.0011
0.0011
0.0011
0.0011
0.0011
0.0011
0.0011
0.0011
0.0011
0.0011
0.0011
0.0011
0.0011
0.0011
0.0011
0.0011
0.0011
0.0011
0.0011
0.0011
0.0011
0.0011
0.0011
0.0011
0.0011
0.0011
0.0011
0.0011
0.0011
0.0011
0.0011
0.0011
0.0011
0.0011
0.0011
0.0011
0.0011
0.0011
0.0011
0.0011
0.0011
0.0011
0.0011
0.0011
0.0011
0.0011
0.0011
0.0011
0.0011
0.0011
0.0011
0.0011
0.0011
0.0011
0.0011
0.0011
0.0011
0.0011
0.0011
0.0011
0.0011
0.0011
0.0011
0.0011
0.0011
0.0011
0.0011
0.0011
0.0011
0.0011
0.0011
0.0011
0.0011
0.0011
0.0011
0.0011
0.0011
0.0011
0.0011
0.0011
0.0011
0.0011
0.0011
0.0011
0.0011
0.0011
0.0011
0.0011
0.0011
0.0011
0.0011
0.0011
0.0011
0.0011
0.0011
0.0011
0.0011
0.0011
0.0011
0.0011
0.0011
0.0011
0.0011
0.0011
0.0011
0.0011
0.0011
0.0011
0.0011
0.0011
0.0011
0.0011
0.0011
0.0011
0.0011
0.0011
0.0011
0.0011
0.0011
0.0011
0.0011
0.0011
0.0011
0.0011
0.0011
0.0011
0.0011
0.0011
0.0011
0.0011
0.0011
0.0011
0.0011
0.0011
0.0011
0.0011
0.0011
0.0011
0.0011
0.0011
0.0011
0.0011
0.0011
0.0011
0.0011
0.0011
0.0011
0.0011
0.0011
0.0011
0.0011
0.0011
0.0011
0.0011
0.0011
0.0011
0.0011
0.0011
0.0011
0.0011
0.0011
0.0011
0.0011
0.0011
0.0011
0.0011
0.0011
0.0011
0.0011
0.0011
0.0011
0.0011
0.0011
0.0011
0.0011
0.0011
0.0011
0.0011
0.0011
0.0011
0.0011
0.0011
0.0011
0.0011
0.0011
0.0011
0.0011
0.0011
0.0011
0.0011
0.0011
0.0011
0.0011
0.0011
0.0011
0.0011
0.0011
0.0011
0.0011
0.0011
0.0011
0.0011
0.0011
0.0011
0.0011
0.0011
0.0011
0.0011
0.0011
0.0011
0.0011
0.0011
0.0011
0.0011
0.0011
0.0011
0.0011
0.0011
0.0011
0.0011
0.0011
0.0011
0.0011
0.0011
0.0011
0.0011
0.0011
0.0011
0.0011
0.0011
0.0011
0.0011
0.0011
0.0011
0.0011
0.0011
0.0011
0.0011
0.0011
0.0011
0.0011
0.0011
0.0011
0.0011
0.0011
0.0011
0.0011
0.0011
0.0011
0.0011
0.0011
0.0011
0.0011
0.0011
0.0011
0.0011
0.0011
0.0011
0.0011
0.0011
0.0011
0.0011
0.0011
0.0011
0.0011
)
;

boundaryField
{
    inlet
    {
        type            zeroGradient;
    }
    outlet
    {
        type            zeroGradient;
    }
    upperWall
    {
        type            zeroGradient;
    }
    lowerWall
    {
        type            zeroGradient;
    }
    frontAndBack
    {
        type            empty;
    }
}


// ************************************************************************* //
