/*--------------------------------*- C++ -*----------------------------------*\
  =========                 |
  \\      /  F ield         | OpenFOAM: The Open Source CFD Toolbox
   \\    /   O peration     | Website:  https://openfoam.org
    \\  /    A nd           | Version:  10
     \\/     M anipulation  |
\*---------------------------------------------------------------------------*/
FoamFile
{
    format      ascii;
    class       volScalarField;
    location    "17000";
    object      p;
}
// * * * * * * * * * * * * * * * * * * * * * * * * * * * * * * * * * * * * * //

dimensions      [1 -1 -2 0 0 0 0];

internalField   nonuniform List<scalar> 
6400
(
111.553
111.576
111.621
111.69
111.786
111.911
112.072
112.277
112.541
112.886
123.593
386.584
632.23
858.71
1066.2
1268.52
1463.94
1656.14
1844.21
2029
2207.72
2384.94
2566.5
2748.23
2928.18
3104.79
3278.75
3450.97
3621.83
3790.9
3957.27
4118.55
4227.52
4291.21
4350.47
4403.92
4449.89
4486.57
4512.22
4525.44
4525.44
4512.22
4486.57
4449.89
4403.92
4350.47
4291.21
4227.52
4118.55
3957.27
3790.9
3621.83
3450.97
3278.75
3104.79
2928.18
2748.23
2566.5
2384.94
2207.72
2029
1844.21
1656.14
1463.94
1268.52
1066.2
858.71
632.23
386.584
123.593
112.886
112.541
112.277
112.072
111.911
111.786
111.69
111.621
111.576
111.553
111.258
111.281
111.326
111.395
111.491
111.616
111.776
111.98
112.244
112.599
113.313
114.086
338.997
565.492
772.373
974.791
1170.05
1362.3
1550.34
1735.26
1913.78
2090.75
2272.49
2454.3
2634.33
2810.91
2984.83
3157.03
3327.91
3497.02
3663.5
3825.02
3934.28
3998.21
4057.78
4111.6
4157.98
4195.06
4221.02
4234.41
4234.41
4221.02
4195.06
4157.98
4111.6
4057.78
3998.21
3934.28
3825.02
3663.5
3497.02
3327.91
3157.03
2984.83
2810.91
2634.33
2454.3
2272.49
2090.75
1913.78
1735.26
1550.34
1362.3
1170.05
974.791
772.373
565.492
338.997
114.086
113.313
112.599
112.244
111.98
111.776
111.616
111.491
111.395
111.326
111.281
111.258
110.934
110.956
111.001
111.07
111.165
111.29
111.449
111.652
111.913
112.265
112.857
113.132
113.161
245.541
450.229
652.938
847.82
1040.2
1228.15
1413.4
1591.45
1767.8
1949.99
2132.01
2312.2
2488.71
2662.53
2834.7
3005.63
3174.83
3341.55
3503.62
3613.55
3678.03
3738.32
3793.01
3840.35
3878.34
3905.05
3918.85
3918.85
3905.05
3878.34
3840.35
3793.01
3738.32
3678.03
3613.55
3503.62
3341.55
3174.83
3005.63
2834.7
2662.53
2488.71
2312.2
2132.01
1949.99
1767.8
1591.45
1413.4
1228.15
1040.2
847.82
652.938
450.229
245.541
113.161
113.132
112.857
112.265
111.913
111.652
111.449
111.29
111.165
111.07
111.001
110.956
110.934
110.576
110.598
110.643
110.712
110.806
110.93
111.088
111.288
111.544
111.883
112.377
112.642
112.702
112.776
113.179
300.492
494.455
687.14
874.894
1060.81
1237.98
1413.17
1596.25
1778.6
1959.1
2135.48
2309.13
2481.24
2652.25
2821.59
2988.73
3151.74
3262.8
3328.24
3389.78
3446
3495.04
3534.69
3562.74
3577.3
3577.3
3562.74
3534.69
3495.04
3446
3389.78
3328.24
3262.8
3151.74
2988.73
2821.59
2652.25
2481.24
2309.13
2135.48
1959.1
1778.6
1596.25
1413.17
1237.98
1060.81
874.894
687.14
494.455
300.492
113.179
112.776
112.702
112.642
112.377
111.883
111.544
111.288
111.088
110.93
110.806
110.712
110.643
110.598
110.576
110.182
110.204
110.249
110.317
110.411
110.533
110.689
110.885
111.133
111.453
111.868
112.12
112.213
112.304
112.478
112.364
112.965
300.305
487.5
674.742
850.383
1023.55
1208.28
1391.1
1572.12
1748.24
1921.61
2093.62
2264.77
2434.33
2602.06
2766.52
2879.27
2946.14
3009.62
3068.28
3120.06
3162.42
3192.67
3208.49
3208.49
3192.67
3162.42
3120.06
3068.28
3009.62
2946.14
2879.27
2766.52
2602.06
2434.33
2264.77
2093.62
1921.61
1748.24
1572.12
1391.1
1208.28
1023.55
850.383
674.742
487.5
300.305
112.965
112.364
112.478
112.304
112.213
112.12
111.868
111.453
111.133
110.885
110.689
110.533
110.411
110.317
110.249
110.204
110.182
109.748
109.77
109.814
109.881
109.974
110.095
110.247
110.438
110.676
110.973
111.325
111.561
111.678
111.778
111.911
111.878
112.063
111.888
112.15
253.357
425.426
595.038
782.861
966.2
1148.1
1323.74
1496.68
1668.54
1839.91
2009.73
2178.28
2344.79
2459.83
2528.71
2595.01
2657.32
2713.34
2759.95
2793.75
2811.61
2811.61
2793.75
2759.95
2713.34
2657.32
2595.01
2528.71
2459.83
2344.79
2178.28
2009.73
1839.91
1668.54
1496.68
1323.74
1148.1
966.2
782.861
595.038
425.426
253.357
112.15
111.888
112.063
111.878
111.911
111.778
111.678
111.561
111.325
110.973
110.676
110.438
110.247
110.095
109.974
109.881
109.814
109.77
109.748
109.27
109.292
109.335
109.401
109.492
109.61
109.759
109.943
110.168
110.44
110.742
110.962
111.092
111.198
111.308
111.322
111.438
111.358
111.454
111.347
111.403
122.523
316.639
500.271
683.723
858.423
1030.7
1202.34
1374.08
1544.16
1713.69
1883.09
2000.92
2072.42
2142.63
2210.3
2272.77
2326
2365.51
2386.7
2386.7
2365.51
2326
2272.77
2210.3
2142.63
2072.42
2000.92
1883.09
1713.69
1544.16
1374.08
1202.34
1030.7
858.423
683.723
500.271
316.639
122.523
111.403
111.347
111.454
111.358
111.438
111.322
111.308
111.198
111.092
110.962
110.742
110.44
110.168
109.943
109.759
109.61
109.492
109.401
109.335
109.292
109.27
108.743
108.764
108.806
108.871
108.96
109.075
109.218
109.394
109.605
109.852
110.113
110.316
110.453
110.562
110.659
110.699
110.778
110.752
110.807
110.765
110.837
111.182
110.783
110.778
179.45
348.518
519.67
690.946
863.344
1033.59
1204.16
1377.57
1498.35
1572.98
1648.36
1723.79
1796.12
1859.74
1908.67
1935.5
1935.5
1908.67
1859.74
1796.12
1723.79
1648.36
1572.98
1498.35
1377.57
1204.16
1033.59
863.344
690.946
519.67
348.518
179.45
110.778
110.783
111.182
110.837
110.765
110.807
110.752
110.778
110.699
110.659
110.562
110.453
110.316
110.113
109.852
109.605
109.394
109.218
109.075
108.96
108.871
108.806
108.764
108.743
108.161
108.181
108.223
108.286
108.372
108.483
108.62
108.786
108.982
109.204
109.432
109.619
109.756
109.865
109.956
110.01
110.071
110.075
110.112
110.107
110.175
110.352
110.142
110.104
110.112
109.893
109.923
129.493
303.658
473.561
644.897
824.264
947.065
1024.8
1106.5
1193.08
1280.95
1360.91
1426.32
1463.28
1463.28
1426.32
1360.91
1280.95
1193.08
1106.5
1024.8
947.065
824.264
644.897
473.561
303.658
129.493
109.923
109.893
110.112
110.104
110.142
110.352
110.175
110.107
110.112
110.075
110.071
110.01
109.956
109.865
109.756
109.619
109.432
109.204
108.982
108.786
108.62
108.483
108.372
108.286
108.223
108.181
108.161
107.519
107.539
107.579
107.64
107.723
107.828
107.959
108.114
108.294
108.492
108.692
108.864
108.998
109.105
109.192
109.252
109.305
109.327
109.358
109.373
109.427
109.515
109.407
109.363
109.338
109.215
109.232
109.403
109.06
108.986
109.51
223.64
341.63
420.887
508.831
611.52
725.283
829.425
926.54
983.07
983.07
926.54
829.425
725.283
611.52
508.831
420.887
341.63
223.64
109.51
108.986
109.06
109.403
109.232
109.215
109.338
109.363
109.407
109.515
109.427
109.373
109.358
109.327
109.305
109.252
109.192
109.105
108.998
108.864
108.692
108.492
108.294
108.114
107.959
107.828
107.723
107.64
107.579
107.539
107.519
106.81
106.829
106.868
106.926
107.005
107.105
107.227
107.371
107.535
107.712
107.888
108.044
108.171
108.276
108.36
108.423
108.473
108.504
108.534
108.558
108.598
108.642
108.587
108.547
108.512
108.439
108.438
108.489
108.305
108.236
108.278
108.065
108.015
108.024
108.085
111.907
160.949
269.653
433.89
528.353
528.353
433.89
269.653
160.949
111.907
108.085
108.024
108.015
108.065
108.278
108.236
108.305
108.489
108.438
108.439
108.512
108.547
108.587
108.642
108.598
108.558
108.534
108.504
108.473
108.423
108.36
108.276
108.171
108.044
107.888
107.712
107.535
107.371
107.227
107.105
107.005
106.926
106.868
106.829
106.81
106.027
106.046
106.082
106.138
106.212
106.306
106.419
106.551
106.699
106.856
107.011
107.152
107.272
107.371
107.453
107.516
107.566
107.602
107.633
107.659
107.689
107.711
107.682
107.65
107.615
107.568
107.553
107.551
107.445
107.383
107.363
107.242
107.206
107.201
107.21
107.205
107.178
107.398
128.906
202.654
202.654
128.906
107.398
107.178
107.205
107.21
107.201
107.206
107.242
107.363
107.383
107.445
107.551
107.553
107.568
107.615
107.65
107.682
107.711
107.689
107.659
107.633
107.602
107.566
107.516
107.453
107.371
107.272
107.152
107.011
106.856
106.699
106.551
106.419
106.306
106.212
106.138
106.082
106.046
106.027
105.163
105.18
105.215
105.267
105.336
105.423
105.527
105.646
105.778
105.917
106.054
106.181
106.292
106.386
106.464
106.526
106.576
106.615
106.646
106.672
106.695
106.707
106.691
106.666
106.637
106.602
106.579
106.556
106.488
106.433
106.393
106.318
106.287
106.277
106.272
106.266
106.259
106.268
106.852
118.581
118.581
106.852
106.268
106.259
106.266
106.272
106.277
106.287
106.318
106.393
106.433
106.488
106.556
106.579
106.602
106.637
106.666
106.691
106.707
106.695
106.672
106.646
106.615
106.576
106.526
106.464
106.386
106.292
106.181
106.054
105.917
105.778
105.646
105.527
105.423
105.336
105.267
105.215
105.18
105.163
104.208
104.224
104.256
104.304
104.368
104.448
104.542
104.649
104.766
104.888
105.009
105.122
105.224
105.311
105.385
105.446
105.495
105.534
105.565
105.59
105.609
105.617
105.608
105.589
105.565
105.537
105.512
105.482
105.432
105.385
105.342
105.29
105.264
105.253
105.244
105.237
105.232
105.23
105.241
109.171
109.171
105.241
105.23
105.232
105.237
105.244
105.253
105.264
105.29
105.342
105.385
105.432
105.482
105.512
105.537
105.565
105.589
105.608
105.617
105.609
105.59
105.565
105.534
105.495
105.446
105.385
105.311
105.224
105.122
105.009
104.888
104.766
104.649
104.542
104.448
104.368
104.304
104.256
104.224
104.208
103.153
103.168
103.197
103.241
103.299
103.371
103.455
103.551
103.654
103.761
103.867
103.967
104.059
104.139
104.208
104.266
104.314
104.352
104.383
104.407
104.423
104.43
104.425
104.411
104.391
104.368
104.343
104.313
104.274
104.234
104.195
104.155
104.133
104.121
104.112
104.104
104.098
104.093
104.082
106.444
106.444
104.082
104.093
104.098
104.104
104.112
104.121
104.133
104.155
104.195
104.234
104.274
104.313
104.343
104.368
104.391
104.411
104.425
104.43
104.423
104.407
104.383
104.352
104.314
104.266
104.208
104.139
104.059
103.967
103.867
103.761
103.654
103.551
103.455
103.371
103.299
103.241
103.197
103.168
103.153
101.987
102
102.027
102.067
102.119
102.183
102.257
102.341
102.431
102.524
102.617
102.705
102.787
102.86
102.924
102.978
103.024
103.061
103.09
103.113
103.128
103.134
103.132
103.122
103.106
103.087
103.064
103.036
103.004
102.97
102.937
102.904
102.885
102.875
102.866
102.858
102.851
102.845
102.833
104.848
104.848
102.833
102.845
102.851
102.858
102.866
102.875
102.885
102.904
102.937
102.97
103.004
103.036
103.064
103.087
103.106
103.122
103.132
103.134
103.128
103.113
103.09
103.061
103.024
102.978
102.924
102.86
102.787
102.705
102.617
102.524
102.431
102.341
102.257
102.183
102.119
102.067
102.027
102
101.987
100.617
100.629
100.653
100.688
100.733
100.789
100.854
100.925
101.002
101.082
101.162
101.238
101.31
101.375
101.433
101.483
101.525
101.56
101.588
101.609
101.623
101.63
101.63
101.623
101.611
101.594
101.574
101.551
101.524
101.496
101.468
101.442
101.425
101.416
101.407
101.4
101.393
101.387
101.375
103.35
103.35
101.375
101.387
101.393
101.4
101.407
101.416
101.425
101.442
101.468
101.496
101.524
101.551
101.574
101.594
101.611
101.623
101.63
101.63
101.623
101.609
101.588
101.56
101.525
101.483
101.433
101.375
101.31
101.238
101.162
101.082
101.002
100.925
100.854
100.789
100.733
100.688
100.653
100.629
100.617
99.0946
99.1049
99.1253
99.1554
99.1948
99.2426
99.2978
99.3589
99.4241
99.4916
99.5592
99.6249
99.687
99.7441
99.7955
99.8405
99.8791
99.9113
99.9372
99.9568
99.9702
99.9774
99.9786
99.9743
99.9651
99.9519
99.9352
99.9155
99.8935
99.8703
99.8469
99.8245
99.81
99.8017
99.7939
99.7868
99.7803
99.7744
99.7621
101.781
101.781
99.7621
99.7744
99.7803
99.7868
99.7939
99.8017
99.81
99.8245
99.8469
99.8703
99.8935
99.9155
99.9352
99.9519
99.9651
99.9743
99.9786
99.9774
99.9702
99.9568
99.9372
99.9113
99.8791
99.8405
99.7955
99.7441
99.687
99.6249
99.5592
99.4916
99.4241
99.3589
99.2978
99.2426
99.1948
99.1554
99.1253
99.1049
99.0946
97.5617
97.5705
97.5881
97.6141
97.6479
97.6889
97.736
97.788
97.8436
97.9011
97.9588
98.0153
98.0691
98.1192
98.1646
98.2049
98.2397
98.2691
98.2928
98.3111
98.3238
98.3311
98.3332
98.3305
98.3235
98.3128
98.299
98.2825
98.264
98.2443
98.2244
98.2051
98.1922
98.1846
98.1774
98.1706
98.1643
98.1584
98.1462
100.225
100.225
98.1462
98.1584
98.1643
98.1706
98.1774
98.1846
98.1922
98.2051
98.2244
98.2443
98.264
98.2825
98.299
98.3128
98.3235
98.3305
98.3332
98.3311
98.3238
98.3111
98.2928
98.2691
98.2397
98.2049
98.1646
98.1192
98.0691
98.0153
97.9588
97.9011
97.8436
97.788
97.736
97.6889
97.6479
97.6141
97.5881
97.5705
97.5617
96.0198
96.0274
96.0426
96.0649
96.0939
96.129
96.1693
96.2137
96.2611
96.3102
96.3598
96.4084
96.4551
96.4988
96.5388
96.5746
96.6058
96.6323
96.654
96.6708
96.6827
96.6899
96.6926
96.6911
96.6857
96.677
96.6654
96.6514
96.6356
96.6187
96.6014
96.5843
96.5725
96.5655
96.5587
96.5522
96.546
96.5402
96.528
98.6746
98.6746
96.528
96.5402
96.546
96.5522
96.5587
96.5655
96.5725
96.5843
96.6014
96.6187
96.6356
96.6514
96.6654
96.677
96.6857
96.6911
96.6926
96.6899
96.6827
96.6708
96.654
96.6323
96.6058
96.5746
96.5388
96.4988
96.4551
96.4084
96.3598
96.3102
96.2611
96.2137
96.1693
96.129
96.0939
96.0649
96.0426
96.0274
96.0198
94.4703
94.4768
94.4899
94.509
94.5339
94.5639
94.5984
94.6364
94.6769
94.719
94.7615
94.8035
94.8439
94.8821
94.9172
94.9489
94.9767
95.0005
95.02
95.0354
95.0464
95.0533
95.0563
95.0554
95.0512
95.044
95.0341
95.0221
95.0084
94.9935
94.9781
94.9626
94.9517
94.9451
94.9386
94.9323
94.9262
94.9203
94.9082
97.1283
97.1283
94.9082
94.9203
94.9262
94.9323
94.9386
94.9451
94.9517
94.9626
94.9781
94.9935
95.0084
95.0221
95.0341
95.044
95.0512
95.0554
95.0563
95.0533
95.0464
95.0354
95.02
95.0005
94.9767
94.9489
94.9172
94.8821
94.8439
94.8035
94.7615
94.719
94.6769
94.6364
94.5984
94.5639
94.5339
94.509
94.4899
94.4768
94.4703
92.9142
92.9198
92.931
92.9474
92.9688
92.9945
93.024
93.0565
93.0912
93.1273
93.1639
93.2001
93.2351
93.2684
93.2991
93.327
93.3517
93.3728
93.3903
93.4042
93.4143
93.4207
93.4236
93.4232
93.4198
93.4136
93.405
93.3944
93.3823
93.3689
93.3549
93.3405
93.3302
93.3239
93.3177
93.3115
93.3055
93.2995
93.2875
95.5877
95.5877
93.2875
93.2995
93.3055
93.3115
93.3177
93.3239
93.3302
93.3405
93.3549
93.3689
93.3823
93.3944
93.405
93.4136
93.4198
93.4232
93.4236
93.4207
93.4143
93.4042
93.3903
93.3728
93.3517
93.327
93.2991
93.2684
93.2351
93.2001
93.1639
93.1273
93.0912
93.0565
93.024
92.9945
92.9688
92.9474
92.931
92.9198
92.9142
91.3524
91.3573
91.3668
91.3809
91.3992
91.4212
91.4465
91.4743
91.5041
91.5351
91.5666
91.5978
91.6282
91.6571
91.6839
91.7084
91.7301
91.7488
91.7644
91.7767
91.7858
91.7916
91.7943
91.7941
91.7911
91.7856
91.7779
91.7684
91.7573
91.7451
91.732
91.7184
91.7085
91.7024
91.6963
91.6902
91.6842
91.6781
91.6662
94.054
94.054
91.6662
91.6781
91.6842
91.6902
91.6963
91.7024
91.7085
91.7184
91.732
91.7451
91.7573
91.7684
91.7779
91.7856
91.7911
91.7941
91.7943
91.7916
91.7858
91.7767
91.7644
91.7488
91.7301
91.7084
91.6839
91.6571
91.6282
91.5978
91.5666
91.5351
91.5041
91.4743
91.4465
91.4212
91.3992
91.3809
91.3668
91.3573
91.3524
89.7858
89.79
89.7982
89.8103
89.8259
89.8448
89.8664
89.8903
89.9158
89.9425
89.9695
89.9965
90.0227
90.0478
90.0712
90.0925
90.1115
90.1279
90.1416
90.1525
90.1605
90.1656
90.168
90.1677
90.1649
90.1598
90.1527
90.1439
90.1335
90.122
90.1096
90.0966
90.0869
90.0808
90.0748
90.0687
90.0627
90.0566
90.0447
92.5289
92.5289
90.0447
90.0566
90.0627
90.0687
90.0748
90.0808
90.0869
90.0966
90.1096
90.122
90.1335
90.1439
90.1527
90.1598
90.1649
90.1677
90.168
90.1656
90.1605
90.1525
90.1416
90.1279
90.1115
90.0925
90.0712
90.0478
90.0227
89.9965
89.9695
89.9425
89.9158
89.8903
89.8664
89.8448
89.8259
89.8103
89.7982
89.79
89.7858
88.2151
88.2186
88.2256
88.236
88.2494
88.2656
88.2841
88.3046
88.3265
88.3493
88.3726
88.3958
88.4185
88.4402
88.4604
88.479
88.4955
88.5098
88.5217
88.5311
88.538
88.5424
88.5443
88.5437
88.5409
88.5361
88.5293
88.5208
88.5109
88.4999
88.4878
88.475
88.4654
88.4595
88.4534
88.4473
88.4412
88.435
88.4231
91.0138
91.0138
88.4231
88.435
88.4412
88.4473
88.4534
88.4595
88.4654
88.475
88.4878
88.4999
88.5109
88.5208
88.5293
88.5361
88.5409
88.5437
88.5443
88.5424
88.538
88.5311
88.5217
88.5098
88.4955
88.479
88.4604
88.4402
88.4185
88.3958
88.3726
88.3493
88.3265
88.3046
88.2841
88.2656
88.2494
88.236
88.2256
88.2186
88.2151
86.6407
86.6438
86.6498
86.6587
86.6701
86.684
86.6998
86.7174
86.7362
86.7558
86.7758
86.7957
86.8152
86.8339
86.8514
86.8674
86.8817
86.894
86.9043
86.9123
86.9181
86.9217
86.923
86.9221
86.9191
86.9142
86.9075
86.8992
86.8895
86.8786
86.8667
86.854
86.8444
86.8384
86.8323
86.8261
86.8199
86.8136
86.8017
89.5108
89.5108
86.8017
86.8136
86.8199
86.8261
86.8323
86.8384
86.8444
86.854
86.8667
86.8786
86.8895
86.8992
86.9075
86.9142
86.9191
86.9221
86.923
86.9217
86.9181
86.9123
86.9043
86.894
86.8817
86.8674
86.8514
86.8339
86.8152
86.7957
86.7758
86.7558
86.7362
86.7174
86.6998
86.684
86.6701
86.6587
86.6498
86.6438
86.6407
85.0634
85.066
85.0711
85.0787
85.0885
85.1004
85.1139
85.1289
85.145
85.1618
85.179
85.1961
85.2128
85.2289
85.2439
85.2576
85.2698
85.2804
85.2891
85.2958
85.3005
85.3032
85.3038
85.3025
85.2992
85.2941
85.2874
85.2791
85.2694
85.2584
85.2465
85.2337
85.2239
85.2178
85.2116
85.2052
85.1989
85.1924
85.1805
88.0222
88.0222
85.1805
85.1924
85.1989
85.2052
85.2116
85.2178
85.2239
85.2337
85.2465
85.2584
85.2694
85.2791
85.2874
85.2941
85.2992
85.3025
85.3038
85.3032
85.3005
85.2958
85.2891
85.2804
85.2698
85.2576
85.2439
85.2289
85.2128
85.1961
85.179
85.1618
85.145
85.1289
85.1139
85.1004
85.0885
85.0787
85.0711
85.066
85.0634
83.4834
83.4856
83.49
83.4965
83.5049
83.515
83.5266
83.5394
83.5532
83.5675
83.5822
83.5968
83.6111
83.6248
83.6376
83.6493
83.6597
83.6686
83.6758
83.6813
83.6849
83.6867
83.6867
83.6848
83.6811
83.6758
83.6688
83.6603
83.6504
83.6393
83.6271
83.614
83.604
83.5977
83.5913
83.5848
83.5782
83.5715
83.5595
86.5508
86.5508
83.5595
83.5715
83.5782
83.5848
83.5913
83.5977
83.604
83.614
83.6271
83.6393
83.6504
83.6603
83.6688
83.6758
83.6811
83.6848
83.6867
83.6867
83.6849
83.6813
83.6758
83.6686
83.6597
83.6493
83.6376
83.6248
83.6111
83.5968
83.5822
83.5675
83.5532
83.5394
83.5266
83.515
83.5049
83.4965
83.49
83.4856
83.4834
81.9012
81.9031
81.9069
81.9124
81.9195
81.9282
81.9381
81.949
81.9607
81.9729
81.9854
81.9979
82.01
82.0217
82.0325
82.0424
82.051
82.0584
82.0642
82.0685
82.0712
82.0721
82.0714
82.0689
82.0648
82.059
82.0516
82.0428
82.0326
82.0212
82.0086
81.995
81.9846
81.9781
81.9715
81.9647
81.9579
81.951
81.9388
85.1002
85.1002
81.9388
81.951
81.9579
81.9647
81.9715
81.9781
81.9846
81.995
82.0086
82.0212
82.0326
82.0428
82.0516
82.059
82.0648
82.0689
82.0714
82.0721
82.0712
82.0685
82.0642
82.0584
82.051
82.0424
82.0325
82.0217
82.01
81.9979
81.9854
81.9729
81.9607
81.949
81.9381
81.9282
81.9195
81.9124
81.9069
81.9031
81.9012
80.3172
80.3188
80.322
80.3266
80.3327
80.3401
80.3485
80.3577
80.3677
80.3781
80.3887
80.3992
80.4095
80.4193
80.4284
80.4366
80.4437
80.4497
80.4543
80.4575
80.4591
80.4593
80.4578
80.4547
80.45
80.4438
80.436
80.4268
80.4162
80.4042
80.3911
80.3769
80.366
80.3592
80.3522
80.3451
80.3379
80.3307
80.3182
83.675
83.675
80.3182
80.3307
80.3379
80.3451
80.3522
80.3592
80.366
80.3769
80.3911
80.4042
80.4162
80.4268
80.436
80.4438
80.45
80.4547
80.4578
80.4593
80.4591
80.4575
80.4543
80.4497
80.4437
80.4366
80.4284
80.4193
80.4095
80.3992
80.3887
80.3781
80.3677
80.3577
80.3485
80.3401
80.3327
80.3266
80.322
80.3188
80.3172
78.7315
78.7328
78.7355
78.7395
78.7447
78.7509
78.758
78.7658
78.7743
78.783
78.7919
78.8008
78.8094
78.8176
78.8251
78.8319
78.8376
78.8423
78.8458
78.8479
78.8487
78.848
78.8458
78.8421
78.8368
78.8301
78.8219
78.8121
78.801
78.7885
78.7747
78.7597
78.7482
78.7409
78.7335
78.726
78.7183
78.7106
78.6978
82.2807
82.2807
78.6978
78.7106
78.7183
78.726
78.7335
78.7409
78.7482
78.7597
78.7747
78.7885
78.801
78.8121
78.8219
78.8301
78.8368
78.8421
78.8458
78.848
78.8487
78.8479
78.8458
78.8423
78.8376
78.8319
78.8251
78.8176
78.8094
78.8008
78.7919
78.783
78.7743
78.7658
78.758
78.7509
78.7447
78.7395
78.7355
78.7328
78.7315
77.1444
77.1455
77.1478
77.1512
77.1555
77.1608
77.1668
77.1734
77.1805
77.1878
77.1953
77.2027
77.2098
77.2166
77.2227
77.2281
77.2326
77.2361
77.2385
77.2397
77.2396
77.2382
77.2353
77.231
77.2252
77.2179
77.2092
77.1989
77.1872
77.174
77.1594
77.1435
77.1311
77.1234
77.1154
77.1073
77.0991
77.0908
77.0772
80.9249
80.9249
77.0772
77.0908
77.0991
77.1073
77.1154
77.1234
77.1311
77.1435
77.1594
77.174
77.1872
77.1989
77.2092
77.2179
77.2252
77.231
77.2353
77.2382
77.2396
77.2397
77.2385
77.2361
77.2326
77.2281
77.2227
77.2166
77.2098
77.2027
77.1953
77.1878
77.1805
77.1734
77.1668
77.1608
77.1555
77.1512
77.1478
77.1455
77.1444
75.5562
75.5571
75.5591
75.5619
75.5655
75.5699
75.575
75.5805
75.5864
75.5925
75.5987
75.6048
75.6106
75.6161
75.621
75.6252
75.6286
75.6311
75.6325
75.6328
75.6319
75.6298
75.6263
75.6214
75.615
75.6072
75.598
75.5872
75.5748
75.5609
75.5454
75.5284
75.5151
75.5067
75.498
75.4892
75.4802
75.4711
75.4566
79.6161
79.6161
75.4566
75.4711
75.4802
75.4892
75.498
75.5067
75.5151
75.5284
75.5454
75.5609
75.5748
75.5872
75.598
75.6072
75.615
75.6214
75.6263
75.6298
75.6319
75.6328
75.6325
75.6311
75.6286
75.6252
75.621
75.6161
75.6106
75.6048
75.5987
75.5925
75.5864
75.5805
75.575
75.5699
75.5655
75.5619
75.5591
75.5571
75.5562
73.967
73.9678
73.9694
73.9717
73.9748
73.9784
73.9826
73.9872
73.9921
73.9971
74.0022
74.0072
74.0119
74.0162
74.02
74.0232
74.0256
74.0271
74.0277
74.0272
74.0256
74.0227
74.0186
74.0132
74.0063
73.9981
73.9883
73.977
73.964
73.9494
73.933
73.9148
73.9004
73.8912
73.8816
73.8718
73.8618
73.8516
73.8358
78.3593
78.3593
73.8358
73.8516
73.8618
73.8718
73.8816
73.8912
73.9004
73.9148
73.933
73.9494
73.964
73.977
73.9883
73.9981
74.0063
74.0132
74.0186
74.0227
74.0256
74.0272
74.0277
74.0271
74.0256
74.0232
74.02
74.0162
74.0119
74.0072
74.0022
73.9971
73.9921
73.9872
73.9826
73.9784
73.9748
73.9717
73.9694
73.9678
73.967
72.3769
72.3776
72.3789
72.3809
72.3834
72.3864
72.3899
72.3937
72.3976
72.4017
72.4058
72.4098
72.4135
72.4168
72.4196
72.4218
72.4234
72.4241
72.4238
72.4226
72.4204
72.4169
72.4123
72.4064
72.3991
72.3904
72.3802
72.3684
72.3549
72.3396
72.3223
72.303
72.2873
72.2772
72.2666
72.2556
72.2442
72.2325
72.2149
77.1389
77.1389
72.2149
72.2325
72.2442
72.2556
72.2666
72.2772
72.2873
72.303
72.3223
72.3396
72.3549
72.3684
72.3802
72.3904
72.3991
72.4064
72.4123
72.4169
72.4204
72.4226
72.4238
72.4241
72.4234
72.4218
72.4196
72.4168
72.4135
72.4098
72.4058
72.4017
72.3976
72.3937
72.3899
72.3864
72.3834
72.3809
72.3789
72.3776
72.3769
70.7862
70.7868
70.7879
70.7895
70.7916
70.794
70.7968
70.7999
70.8031
70.8063
70.8096
70.8126
70.8154
70.8179
70.8199
70.8212
70.822
70.8219
70.821
70.8192
70.8163
70.8124
70.8073
70.8009
70.7932
70.7842
70.7736
70.7615
70.7476
70.7318
70.7138
70.6934
70.6766
70.6656
70.6539
70.6415
70.6284
70.6145
70.5942
75.8344
75.8344
70.5942
70.6145
70.6284
70.6415
70.6539
70.6656
70.6766
70.6934
70.7138
70.7318
70.7476
70.7615
70.7736
70.7842
70.7932
70.8009
70.8073
70.8124
70.8163
70.8192
70.821
70.8219
70.822
70.8212
70.8199
70.8179
70.8154
70.8126
70.8096
70.8063
70.8031
70.7999
70.7968
70.794
70.7916
70.7895
70.7879
70.7868
70.7862
69.195
69.1955
69.1963
69.1976
69.1993
69.2013
69.2035
69.2059
69.2085
69.211
69.2135
69.2158
69.2178
69.2195
69.2207
69.2213
69.2214
69.2206
69.2191
69.2167
69.2134
69.209
69.2035
69.1968
69.1888
69.1795
69.1687
69.1563
69.1422
69.1261
69.1078
69.0868
69.0691
69.0575
69.0449
69.0311
69.0161
68.9995
68.9756
73.8879
73.8879
68.9756
68.9995
69.0161
69.0311
69.0449
69.0575
69.0691
69.0868
69.1078
69.1261
69.1422
69.1563
69.1687
69.1795
69.1888
69.1968
69.2035
69.209
69.2134
69.2167
69.2191
69.2206
69.2214
69.2213
69.2207
69.2195
69.2178
69.2158
69.2135
69.211
69.2085
69.2059
69.2035
69.2013
69.1993
69.1976
69.1963
69.1955
69.195
67.6033
67.6037
67.6044
67.6054
67.6067
67.6083
67.61
67.6119
67.6138
67.6157
67.6175
67.6191
67.6205
67.6215
67.622
67.622
67.6215
67.6202
67.6181
67.6153
67.6115
67.6067
67.6009
67.5939
67.5857
67.5762
67.5653
67.5529
67.5388
67.5227
67.5044
67.4835
67.4658
67.4542
67.4414
67.4274
67.4117
67.3935
67.3673
69.5916
69.5916
67.3673
67.3935
67.4117
67.4274
67.4414
67.4542
67.4658
67.4835
67.5044
67.5227
67.5388
67.5529
67.5653
67.5762
67.5857
67.5939
67.6009
67.6067
67.6115
67.6153
67.6181
67.6202
67.6215
67.622
67.622
67.6215
67.6205
67.6191
67.6175
67.6157
67.6138
67.6119
67.61
67.6083
67.6067
67.6054
67.6044
67.6037
67.6033
66.0113
66.0115
66.0121
66.0129
66.0139
66.0151
66.0164
66.0178
66.0192
66.0205
66.0218
66.0228
66.0235
66.0239
66.0239
66.0234
66.0223
66.0205
66.018
66.0147
66.0105
66.0055
65.9994
65.9922
65.9839
65.9744
65.9635
65.9512
65.9373
65.9216
65.9038
65.8836
65.8669
65.856
65.8445
65.8324
65.8198
65.8069
65.7942
65.7887
65.7887
65.7942
65.8069
65.8198
65.8324
65.8445
65.856
65.8669
65.8836
65.9038
65.9216
65.9373
65.9512
65.9635
65.9744
65.9839
65.9922
65.9994
66.0055
66.0105
66.0147
66.018
66.0205
66.0223
66.0234
66.0239
66.0239
66.0235
66.0228
66.0218
66.0205
66.0192
66.0178
66.0164
66.0151
66.0139
66.0129
66.0121
66.0115
66.0113
64.4189
64.4191
64.4195
64.4201
64.4209
64.4218
64.4227
64.4237
64.4246
64.4255
64.4262
64.4267
64.427
64.4268
64.4263
64.4253
64.4237
64.4215
64.4186
64.415
64.4105
64.4052
64.399
64.3917
64.3834
64.3739
64.3632
64.3511
64.3376
64.3225
64.3055
64.2865
64.2711
64.2611
64.2507
64.2399
64.229
64.2185
64.2118
64.2074
64.2074
64.2118
64.2185
64.229
64.2399
64.2507
64.2611
64.2711
64.2865
64.3055
64.3225
64.3376
64.3511
64.3632
64.3739
64.3834
64.3917
64.399
64.4052
64.4105
64.415
64.4186
64.4215
64.4237
64.4253
64.4263
64.4268
64.427
64.4267
64.4262
64.4255
64.4246
64.4237
64.4227
64.4218
64.4209
64.4201
64.4195
64.4191
64.4189
62.8264
62.8265
62.8268
62.8272
62.8278
62.8283
62.829
62.8296
62.8301
62.8306
62.8309
62.8309
62.8307
62.8302
62.8292
62.8277
62.8258
62.8232
62.82
62.8161
62.8114
62.8059
62.7996
62.7923
62.784
62.7746
62.7642
62.7525
62.7395
62.7252
62.7093
62.6918
62.6777
62.6685
62.6588
62.6482
62.6363
62.6221
62.6091
62.6064
62.6064
62.6091
62.6221
62.6363
62.6482
62.6588
62.6685
62.6777
62.6918
62.7093
62.7252
62.7395
62.7525
62.7642
62.7746
62.784
62.7923
62.7996
62.8059
62.8114
62.8161
62.82
62.8232
62.8258
62.8277
62.8292
62.8302
62.8307
62.8309
62.8309
62.8306
62.8301
62.8296
62.829
62.8283
62.8278
62.8272
62.8268
62.8265
62.8264
61.2339
61.234
61.2342
61.2345
61.2348
61.2351
61.2355
61.2358
61.236
61.2361
61.236
61.2357
61.235
61.2341
61.2327
61.231
61.2287
61.2258
61.2223
61.2182
61.2133
61.2077
61.2013
61.194
61.1858
61.1767
61.1666
61.1554
61.1431
61.1296
61.115
61.0992
61.087
61.0792
61.0713
61.0634
61.0555
61.0482
61.0424
61.0399
61.0399
61.0424
61.0482
61.0555
61.0634
61.0713
61.0792
61.087
61.0992
61.115
61.1296
61.1431
61.1554
61.1666
61.1767
61.1858
61.194
61.2013
61.2077
61.2133
61.2182
61.2223
61.2258
61.2287
61.231
61.2327
61.2341
61.235
61.2357
61.236
61.2361
61.236
61.2358
61.2355
61.2351
61.2348
61.2345
61.2342
61.234
61.2339
59.6413
59.6414
59.6415
59.6416
59.6418
59.6419
59.642
59.642
59.642
59.6417
59.6413
59.6407
59.6397
59.6384
59.6368
59.6347
59.6321
59.629
59.6253
59.621
59.616
59.6103
59.6039
59.5967
59.5887
59.5798
59.57
59.5593
59.5477
59.5352
59.5219
59.5078
59.4972
59.4907
59.4843
59.4779
59.4719
59.4664
59.4616
59.4592
59.4592
59.4616
59.4664
59.4719
59.4779
59.4843
59.4907
59.4972
59.5078
59.5219
59.5352
59.5477
59.5593
59.57
59.5798
59.5887
59.5967
59.6039
59.6103
59.616
59.621
59.6253
59.629
59.6321
59.6347
59.6368
59.6384
59.6397
59.6407
59.6413
59.6417
59.642
59.642
59.642
59.6419
59.6418
59.6416
59.6415
59.6414
59.6413
58.0487
58.0487
58.0488
58.0488
58.0488
58.0487
58.0486
58.0484
58.0481
58.0476
58.0469
58.0459
58.0447
58.0431
58.0412
58.0389
58.0361
58.0327
58.0289
58.0245
58.0194
58.0137
58.0073
58.0002
57.9923
57.9837
57.9744
57.9642
57.9533
57.9417
57.9295
57.9168
57.9076
57.9019
57.8964
57.891
57.8858
57.881
57.8765
57.8741
57.8741
57.8765
57.881
57.8858
57.891
57.8964
57.9019
57.9076
57.9168
57.9295
57.9417
57.9533
57.9642
57.9744
57.9837
57.9923
58.0002
58.0073
58.0137
58.0194
58.0245
58.0289
58.0327
58.0361
58.0389
58.0412
58.0431
58.0447
58.0459
58.0469
58.0476
58.0481
58.0484
58.0486
58.0487
58.0488
58.0488
58.0488
58.0487
58.0487
56.4561
56.4561
56.456
56.4559
56.4558
56.4556
56.4553
56.4549
56.4544
56.4536
56.4527
56.4515
56.45
56.4482
56.4461
56.4435
56.4405
56.4371
56.4331
56.4285
56.4234
56.4177
56.4114
56.4044
56.3968
56.3885
56.3795
56.3699
56.3596
56.3488
56.3376
56.3261
56.3178
56.3127
56.3077
56.3028
56.2981
56.2936
56.2893
56.2869
56.2869
56.2893
56.2936
56.2981
56.3028
56.3077
56.3127
56.3178
56.3261
56.3376
56.3488
56.3596
56.3699
56.3795
56.3885
56.3968
56.4044
56.4114
56.4177
56.4234
56.4285
56.4331
56.4371
56.4405
56.4435
56.4461
56.4482
56.45
56.4515
56.4527
56.4536
56.4544
56.4549
56.4553
56.4556
56.4558
56.4559
56.456
56.4561
56.4561
54.8635
54.8634
54.8633
54.8632
54.8629
54.8626
54.8621
54.8616
54.8608
54.8599
54.8588
54.8574
54.8557
54.8537
54.8513
54.8486
54.8455
54.8419
54.8378
54.8332
54.8281
54.8224
54.8162
54.8093
54.8019
54.7939
54.7853
54.7761
54.7665
54.7563
54.7459
54.7353
54.7277
54.723
54.7184
54.7139
54.7095
54.7052
54.7009
54.6986
54.6986
54.7009
54.7052
54.7095
54.7139
54.7184
54.723
54.7277
54.7353
54.7459
54.7563
54.7665
54.7761
54.7853
54.7939
54.8019
54.8093
54.8162
54.8224
54.8281
54.8332
54.8378
54.8419
54.8455
54.8486
54.8513
54.8537
54.8557
54.8574
54.8588
54.8599
54.8608
54.8616
54.8621
54.8626
54.8629
54.8632
54.8633
54.8634
54.8635
53.2709
53.2708
53.2707
53.2705
53.2701
53.2697
53.2691
53.2684
53.2675
53.2664
53.2651
53.2635
53.2616
53.2595
53.257
53.2541
53.2509
53.2472
53.243
53.2384
53.2333
53.2277
53.2215
53.2148
53.2076
53.1999
53.1916
53.1829
53.1737
53.1642
53.1544
53.1445
53.1374
53.133
53.1287
53.1244
53.1202
53.116
53.1119
53.1097
53.1097
53.1119
53.116
53.1202
53.1244
53.1287
53.133
53.1374
53.1445
53.1544
53.1642
53.1737
53.1829
53.1916
53.1999
53.2076
53.2148
53.2215
53.2277
53.2333
53.2384
53.243
53.2472
53.2509
53.2541
53.257
53.2595
53.2616
53.2635
53.2651
53.2664
53.2675
53.2684
53.2691
53.2697
53.2701
53.2705
53.2707
53.2708
53.2709
51.6784
51.6783
51.6781
51.6778
51.6774
51.6769
51.6762
51.6753
51.6743
51.6731
51.6716
51.6699
51.6679
51.6656
51.663
51.66
51.6567
51.6529
51.6487
51.6441
51.639
51.6334
51.6274
51.6209
51.6138
51.6064
51.5984
51.5901
51.5814
51.5723
51.5631
51.5537
51.547
51.5428
51.5387
51.5346
51.5305
51.5265
51.5225
51.5203
51.5203
51.5225
51.5265
51.5305
51.5346
51.5387
51.5428
51.547
51.5537
51.5631
51.5723
51.5814
51.5901
51.5984
51.6064
51.6138
51.6209
51.6274
51.6334
51.639
51.6441
51.6487
51.6529
51.6567
51.66
51.663
51.6656
51.6679
51.6699
51.6716
51.6731
51.6743
51.6753
51.6762
51.6769
51.6774
51.6778
51.6781
51.6783
51.6784
50.086
50.0859
50.0857
50.0853
50.0849
50.0842
50.0835
50.0825
50.0814
50.08
50.0784
50.0766
50.0745
50.0721
50.0694
50.0663
50.0629
50.0591
50.0549
50.0503
50.0452
50.0397
50.0338
50.0274
50.0205
50.0133
50.0056
49.9976
49.9893
49.9807
49.9719
49.9629
49.9565
49.9525
49.9485
49.9446
49.9406
49.9367
49.9328
49.9306
49.9306
49.9328
49.9367
49.9406
49.9446
49.9485
49.9525
49.9565
49.9629
49.9719
49.9807
49.9893
49.9976
50.0056
50.0133
50.0205
50.0274
50.0338
50.0397
50.0452
50.0503
50.0549
50.0591
50.0629
50.0663
50.0694
50.0721
50.0745
50.0766
50.0784
50.08
50.0814
50.0825
50.0835
50.0842
50.0849
50.0853
50.0857
50.0859
50.086
48.4938
48.4936
48.4934
48.493
48.4924
48.4917
48.4909
48.4899
48.4886
48.4872
48.4855
48.4836
48.4814
48.4789
48.4761
48.473
48.4695
48.4657
48.4614
48.4568
48.4518
48.4464
48.4406
48.4343
48.4277
48.4206
48.4132
48.4055
48.3975
48.3892
48.3808
48.3722
48.366
48.3621
48.3583
48.3544
48.3506
48.3468
48.3429
48.3408
48.3408
48.3429
48.3468
48.3506
48.3544
48.3583
48.3621
48.366
48.3722
48.3808
48.3892
48.3975
48.4055
48.4132
48.4206
48.4277
48.4343
48.4406
48.4464
48.4518
48.4568
48.4614
48.4657
48.4695
48.473
48.4761
48.4789
48.4814
48.4836
48.4855
48.4872
48.4886
48.4899
48.4909
48.4917
48.4924
48.493
48.4934
48.4936
48.4938
46.9016
46.9015
46.9012
46.9008
46.9002
46.8994
46.8985
46.8974
46.8961
46.8946
46.8928
46.8908
46.8886
46.886
46.8832
46.88
46.8765
46.8726
46.8684
46.8638
46.8589
46.8535
46.8478
46.8417
46.8352
46.8283
46.8212
46.8137
46.8059
46.798
46.7898
46.7815
46.7755
46.7718
46.768
46.7643
46.7605
46.7568
46.753
46.7509
46.7509
46.753
46.7568
46.7605
46.7643
46.768
46.7718
46.7755
46.7815
46.7898
46.798
46.8059
46.8137
46.8212
46.8283
46.8352
46.8417
46.8478
46.8535
46.8589
46.8638
46.8684
46.8726
46.8765
46.88
46.8832
46.886
46.8886
46.8908
46.8928
46.8946
46.8961
46.8974
46.8985
46.8994
46.9002
46.9008
46.9012
46.9015
46.9016
45.3096
45.3095
45.3091
45.3087
45.3081
45.3073
45.3063
45.3051
45.3038
45.3022
45.3004
45.2983
45.296
45.2934
45.2905
45.2873
45.2838
45.2799
45.2757
45.2712
45.2663
45.261
45.2554
45.2494
45.243
45.2364
45.2294
45.2221
45.2146
45.2069
45.199
45.1909
45.185
45.1814
45.1778
45.1741
45.1705
45.1668
45.1631
45.161
45.161
45.1631
45.1668
45.1705
45.1741
45.1778
45.1814
45.185
45.1909
45.199
45.2069
45.2146
45.2221
45.2294
45.2364
45.243
45.2494
45.2554
45.261
45.2663
45.2712
45.2757
45.2799
45.2838
45.2873
45.2905
45.2934
45.296
45.2983
45.3004
45.3022
45.3038
45.3051
45.3063
45.3073
45.3081
45.3087
45.3091
45.3095
45.3096
43.7177
43.7176
43.7173
43.7168
43.7161
43.7153
43.7143
43.7131
43.7117
43.7101
43.7082
43.7061
43.7037
43.7011
43.6982
43.695
43.6915
43.6876
43.6834
43.6789
43.6741
43.6689
43.6633
43.6574
43.6512
43.6447
43.6379
43.6308
43.6235
43.616
43.6083
43.6004
43.5947
43.5911
43.5876
43.584
43.5804
43.5768
43.5732
43.5712
43.5712
43.5732
43.5768
43.5804
43.584
43.5876
43.5911
43.5947
43.6004
43.6083
43.616
43.6235
43.6308
43.6379
43.6447
43.6512
43.6574
43.6633
43.6689
43.6741
43.6789
43.6834
43.6876
43.6915
43.695
43.6982
43.7011
43.7037
43.7061
43.7082
43.7101
43.7117
43.7131
43.7143
43.7153
43.7161
43.7168
43.7173
43.7176
43.7177
42.126
42.1259
42.1255
42.125
42.1244
42.1235
42.1225
42.1212
42.1198
42.1181
42.1162
42.1141
42.1117
42.1091
42.1062
42.1029
42.0994
42.0956
42.0915
42.087
42.0822
42.0771
42.0716
42.0658
42.0597
42.0534
42.0467
42.0398
42.0326
42.0252
42.0177
42.01
42.0044
42.0009
41.9974
41.9939
41.9904
41.9869
41.9833
41.9813
41.9813
41.9833
41.9869
41.9904
41.9939
41.9974
42.0009
42.0044
42.01
42.0177
42.0252
42.0326
42.0398
42.0467
42.0534
42.0597
42.0658
42.0716
42.0771
42.0822
42.087
42.0915
42.0956
42.0994
42.1029
42.1062
42.1091
42.1117
42.1141
42.1162
42.1181
42.1198
42.1212
42.1225
42.1235
42.1244
42.125
42.1255
42.1259
42.126
40.5345
40.5343
40.534
40.5335
40.5328
40.5319
40.5309
40.5296
40.5281
40.5265
40.5245
40.5224
40.52
40.5173
40.5144
40.5112
40.5077
40.5039
40.4998
40.4954
40.4906
40.4856
40.4802
40.4745
40.4686
40.4623
40.4557
40.4489
40.4419
40.4347
40.4273
40.4197
40.4142
40.4108
40.4074
40.4039
40.4005
40.397
40.3935
40.3915
40.3915
40.3935
40.397
40.4005
40.4039
40.4074
40.4108
40.4142
40.4197
40.4273
40.4347
40.4419
40.4489
40.4557
40.4623
40.4686
40.4745
40.4802
40.4856
40.4906
40.4954
40.4998
40.5039
40.5077
40.5112
40.5144
40.5173
40.52
40.5224
40.5245
40.5265
40.5281
40.5296
40.5309
40.5319
40.5328
40.5335
40.534
40.5343
40.5345
38.9431
38.943
38.9426
38.9421
38.9414
38.9405
38.9394
38.9382
38.9367
38.935
38.9331
38.9309
38.9285
38.9259
38.923
38.9198
38.9163
38.9125
38.9085
38.9041
38.8994
38.8944
38.8891
38.8835
38.8777
38.8715
38.865
38.8583
38.8514
38.8443
38.837
38.8296
38.8241
38.8207
38.8174
38.814
38.8106
38.8071
38.8037
38.8018
38.8018
38.8037
38.8071
38.8106
38.814
38.8174
38.8207
38.8241
38.8296
38.837
38.8443
38.8514
38.8583
38.865
38.8715
38.8777
38.8835
38.8891
38.8944
38.8994
38.9041
38.9085
38.9125
38.9163
38.9198
38.923
38.9259
38.9285
38.9309
38.9331
38.935
38.9367
38.9382
38.9394
38.9405
38.9414
38.9421
38.9426
38.943
38.9431
37.3519
37.3518
37.3514
37.3509
37.3502
37.3493
37.3482
37.3469
37.3455
37.3438
37.3418
37.3397
37.3373
37.3347
37.3318
37.3286
37.3252
37.3214
37.3174
37.3131
37.3085
37.3036
37.2984
37.2928
37.287
37.2809
37.2746
37.268
37.2611
37.2541
37.2468
37.2395
37.2341
37.2308
37.2274
37.2241
37.2207
37.2173
37.2139
37.2121
37.2121
37.2139
37.2173
37.2207
37.2241
37.2274
37.2308
37.2341
37.2395
37.2468
37.2541
37.2611
37.268
37.2746
37.2809
37.287
37.2928
37.2984
37.3036
37.3085
37.3131
37.3174
37.3214
37.3252
37.3286
37.3318
37.3347
37.3373
37.3397
37.3418
37.3438
37.3455
37.3469
37.3482
37.3493
37.3502
37.3509
37.3514
37.3518
37.3519
35.7609
35.7607
35.7604
35.7599
35.7592
35.7583
35.7572
35.7559
35.7544
35.7527
35.7508
35.7487
35.7463
35.7437
35.7409
35.7377
35.7343
35.7307
35.7267
35.7224
35.7179
35.713
35.7079
35.7024
35.6967
35.6907
35.6844
35.6778
35.671
35.664
35.6568
35.6495
35.6442
35.6409
35.6375
35.6342
35.6309
35.6276
35.6242
35.6224
35.6224
35.6242
35.6276
35.6309
35.6342
35.6375
35.6409
35.6442
35.6495
35.6568
35.664
35.671
35.6778
35.6844
35.6907
35.6967
35.7024
35.7079
35.713
35.7179
35.7224
35.7267
35.7307
35.7343
35.7377
35.7409
35.7437
35.7463
35.7487
35.7508
35.7527
35.7544
35.7559
35.7572
35.7583
35.7592
35.7599
35.7604
35.7607
35.7609
34.1701
34.1699
34.1695
34.169
34.1683
34.1674
34.1664
34.1651
34.1636
34.162
34.1601
34.158
34.1556
34.153
34.1502
34.1471
34.1438
34.1402
34.1363
34.1321
34.1276
34.1228
34.1177
34.1123
34.1067
34.1007
34.0944
34.0879
34.0811
34.0741
34.0669
34.0596
34.0543
34.051
34.0477
34.0444
34.0411
34.0378
34.0345
34.0327
34.0327
34.0345
34.0378
34.0411
34.0444
34.0477
34.051
34.0543
34.0596
34.0669
34.0741
34.0811
34.0879
34.0944
34.1007
34.1067
34.1123
34.1177
34.1228
34.1276
34.1321
34.1363
34.1402
34.1438
34.1471
34.1502
34.153
34.1556
34.158
34.1601
34.162
34.1636
34.1651
34.1664
34.1674
34.1683
34.169
34.1695
34.1699
34.1701
32.5794
32.5792
32.5789
32.5784
32.5777
32.5768
32.5757
32.5745
32.573
32.5714
32.5695
32.5674
32.5651
32.5626
32.5598
32.5568
32.5535
32.5499
32.5461
32.542
32.5376
32.5329
32.5278
32.5225
32.5169
32.511
32.5047
32.4982
32.4914
32.4844
32.4772
32.4698
32.4645
32.4612
32.4579
32.4545
32.4513
32.448
32.4447
32.443
32.443
32.4447
32.448
32.4513
32.4545
32.4579
32.4612
32.4645
32.4698
32.4772
32.4844
32.4914
32.4982
32.5047
32.511
32.5169
32.5225
32.5278
32.5329
32.5376
32.542
32.5461
32.5499
32.5535
32.5568
32.5598
32.5626
32.5651
32.5674
32.5695
32.5714
32.573
32.5745
32.5757
32.5768
32.5777
32.5784
32.5789
32.5792
32.5794
30.9889
30.9887
30.9884
30.9879
30.9872
30.9863
30.9853
30.984
30.9826
30.981
30.9792
30.9771
30.9749
30.9724
30.9697
30.9667
30.9635
30.96
30.9562
30.9522
30.9478
30.9432
30.9383
30.933
30.9275
30.9216
30.9154
30.9088
30.902
30.8949
30.8876
30.8801
30.8747
30.8713
30.868
30.8646
30.8613
30.8581
30.8548
30.8531
30.8531
30.8548
30.8581
30.8613
30.8646
30.868
30.8713
30.8747
30.8801
30.8876
30.8949
30.902
30.9088
30.9154
30.9216
30.9275
30.933
30.9383
30.9432
30.9478
30.9522
30.9562
30.96
30.9635
30.9667
30.9697
30.9724
30.9749
30.9771
30.9792
30.981
30.9826
30.984
30.9853
30.9863
30.9872
30.9879
30.9884
30.9887
30.9889
29.3985
29.3984
29.3981
29.3976
29.3969
29.396
29.395
29.3938
29.3924
29.3908
29.3891
29.3871
29.3849
29.3824
29.3798
29.3769
29.3737
29.3703
29.3666
29.3627
29.3584
29.3539
29.349
29.3438
29.3383
29.3325
29.3263
29.3197
29.3128
29.3056
29.2982
29.2905
29.2849
29.2814
29.278
29.2746
29.2713
29.268
29.2648
29.2631
29.2631
29.2648
29.268
29.2713
29.2746
29.278
29.2814
29.2849
29.2905
29.2982
29.3056
29.3128
29.3197
29.3263
29.3325
29.3383
29.3438
29.349
29.3539
29.3584
29.3627
29.3666
29.3703
29.3737
29.3769
29.3798
29.3824
29.3849
29.3871
29.3891
29.3908
29.3924
29.3938
29.395
29.396
29.3969
29.3976
29.3981
29.3984
29.3985
27.8084
27.8082
27.8079
27.8074
27.8068
27.8059
27.8049
27.8038
27.8024
27.8009
27.7991
27.7972
27.7951
27.7927
27.7901
27.7873
27.7842
27.7809
27.7773
27.7735
27.7693
27.7649
27.7601
27.755
27.7495
27.7437
27.7375
27.731
27.724
27.7166
27.7089
27.701
27.6951
27.6915
27.6879
27.6844
27.6809
27.6775
27.6743
27.6727
27.6727
27.6743
27.6775
27.6809
27.6844
27.6879
27.6915
27.6951
27.701
27.7089
27.7166
27.724
27.731
27.7375
27.7437
27.7495
27.755
27.7601
27.7649
27.7693
27.7735
27.7773
27.7809
27.7842
27.7873
27.7901
27.7927
27.7951
27.7972
27.7991
27.8009
27.8024
27.8038
27.8049
27.8059
27.8068
27.8074
27.8079
27.8082
27.8084
26.2184
26.2182
26.2179
26.2174
26.2168
26.216
26.215
26.2139
26.2126
26.2111
26.2094
26.2075
26.2055
26.2032
26.2007
26.1979
26.195
26.1918
26.1883
26.1845
26.1805
26.1761
26.1715
26.1665
26.1611
26.1554
26.1492
26.1426
26.1355
26.128
26.12
26.1115
26.1053
26.1014
26.0975
26.0937
26.09
26.0865
26.0832
26.0816
26.0816
26.0832
26.0865
26.09
26.0937
26.0975
26.1014
26.1053
26.1115
26.12
26.128
26.1355
26.1426
26.1492
26.1554
26.1611
26.1665
26.1715
26.1761
26.1805
26.1845
26.1883
26.1918
26.195
26.1979
26.2007
26.2032
26.2055
26.2075
26.2094
26.2111
26.2126
26.2139
26.215
26.216
26.2168
26.2174
26.2179
26.2182
26.2184
24.6285
24.6284
24.6281
24.6276
24.627
24.6262
24.6253
24.6242
24.6229
24.6215
24.6199
24.6181
24.6161
24.6139
24.6115
24.6088
24.606
24.6029
24.5995
24.5959
24.592
24.5878
24.5832
24.5783
24.5731
24.5674
24.5613
24.5547
24.5476
24.5398
24.5314
24.5224
24.5155
24.5112
24.5068
24.5025
24.4984
24.4945
24.491
24.4895
24.4895
24.491
24.4945
24.4984
24.5025
24.5068
24.5112
24.5155
24.5224
24.5314
24.5398
24.5476
24.5547
24.5613
24.5674
24.5731
24.5783
24.5832
24.5878
24.592
24.5959
24.5995
24.6029
24.606
24.6088
24.6115
24.6139
24.6161
24.6181
24.6199
24.6215
24.6229
24.6242
24.6253
24.6262
24.627
24.6276
24.6281
24.6284
24.6285
23.0388
23.0387
23.0384
23.0379
23.0374
23.0366
23.0357
23.0347
23.0335
23.0321
23.0306
23.0288
23.0269
23.0248
23.0225
23.02
23.0172
23.0143
23.011
23.0075
23.0038
22.9997
22.9953
22.9906
22.9854
22.9799
22.9739
22.9673
22.9602
22.9523
22.9436
22.9338
22.926
22.921
22.9159
22.9106
22.9055
22.9007
22.8966
22.8951
22.8951
22.8966
22.9007
22.9055
22.9106
22.9159
22.921
22.926
22.9338
22.9436
22.9523
22.9602
22.9673
22.9739
22.9799
22.9854
22.9906
22.9953
22.9997
23.0038
23.0075
23.011
23.0143
23.0172
23.02
23.0225
23.0248
23.0269
23.0288
23.0306
23.0321
23.0335
23.0347
23.0357
23.0366
23.0374
23.0379
23.0384
23.0387
23.0388
21.4493
21.4491
21.4488
21.4484
21.4479
21.4472
21.4463
21.4453
21.4442
21.4429
21.4414
21.4398
21.4379
21.4359
21.4337
21.4313
21.4287
21.4259
21.4228
21.4195
21.4158
21.4119
21.4077
21.4032
21.3982
21.3929
21.387
21.3806
21.3735
21.3656
21.3567
21.3464
21.3376
21.3317
21.3253
21.3183
21.3109
21.3034
21.2969
21.2958
21.2958
21.2969
21.3034
21.3109
21.3183
21.3253
21.3317
21.3376
21.3464
21.3567
21.3656
21.3735
21.3806
21.387
21.3929
21.3982
21.4032
21.4077
21.4119
21.4158
21.4195
21.4228
21.4259
21.4287
21.4313
21.4337
21.4359
21.4379
21.4398
21.4414
21.4429
21.4442
21.4453
21.4463
21.4472
21.4479
21.4484
21.4488
21.4491
21.4493
19.8598
19.8597
19.8594
19.8591
19.8585
19.8579
19.8571
19.8561
19.855
19.8538
19.8524
19.8509
19.8491
19.8473
19.8452
19.8429
19.8404
19.8377
19.8348
19.8316
19.8282
19.8245
19.8205
19.8162
19.8114
19.8063
19.8007
19.7945
19.7877
19.78
19.7711
19.7608
19.7515
19.745
19.7374
19.7283
19.7168
19.7013
19.6787
19.6494
19.6494
19.6787
19.7013
19.7168
19.7283
19.7374
19.745
19.7515
19.7608
19.7711
19.78
19.7877
19.7945
19.8007
19.8063
19.8114
19.8162
19.8205
19.8245
19.8282
19.8316
19.8348
19.8377
19.8404
19.8429
19.8452
19.8473
19.8491
19.8509
19.8524
19.8538
19.855
19.8561
19.8571
19.8579
19.8585
19.8591
19.8594
19.8597
19.8598
18.2705
18.2704
18.2702
18.2698
18.2693
18.2687
18.268
18.2671
18.2661
18.2649
18.2636
18.2621
18.2605
18.2588
18.2568
18.2547
18.2523
18.2498
18.2471
18.2441
18.2409
18.2374
18.2336
18.2295
18.2251
18.2202
18.2149
18.2091
18.2027
18.1954
18.1872
18.1776
18.1693
18.1637
18.1575
18.1506
18.143
18.1349
18.1269
18.121
18.121
18.1269
18.1349
18.143
18.1506
18.1575
18.1637
18.1693
18.1776
18.1872
18.1954
18.2027
18.2091
18.2149
18.2202
18.2251
18.2295
18.2336
18.2374
18.2409
18.2441
18.2471
18.2498
18.2523
18.2547
18.2568
18.2588
18.2605
18.2621
18.2636
18.2649
18.2661
18.2671
18.268
18.2687
18.2693
18.2698
18.2702
18.2704
18.2705
16.6814
16.6813
16.681
16.6807
16.6802
16.6797
16.679
16.6782
16.6772
16.6761
16.6749
16.6736
16.6721
16.6704
16.6686
16.6666
16.6645
16.6621
16.6596
16.6568
16.6538
16.6506
16.6471
16.6432
16.6391
16.6346
16.6297
16.6243
16.6184
16.6119
16.6046
16.5964
16.5897
16.5854
16.581
16.5764
16.572
16.5679
16.5645
16.5626
16.5626
16.5645
16.5679
16.572
16.5764
16.581
16.5854
16.5897
16.5964
16.6046
16.6119
16.6184
16.6243
16.6297
16.6346
16.6391
16.6432
16.6471
16.6506
16.6538
16.6568
16.6596
16.6621
16.6645
16.6666
16.6686
16.6704
16.6721
16.6736
16.6749
16.6761
16.6772
16.6782
16.679
16.6797
16.6802
16.6807
16.681
16.6813
16.6814
15.0923
15.0922
15.092
15.0917
15.0913
15.0908
15.0901
15.0894
15.0885
15.0875
15.0864
15.0852
15.0838
15.0823
15.0806
15.0788
15.0768
15.0746
15.0723
15.0697
15.067
15.064
15.0608
15.0573
15.0535
15.0494
15.045
15.0401
15.0349
15.0291
15.0229
15.0162
15.0111
15.0079
15.0048
15.0019
14.9992
14.9969
14.9952
14.9943
14.9943
14.9952
14.9969
14.9992
15.0019
15.0048
15.0079
15.0111
15.0162
15.0229
15.0291
15.0349
15.0401
15.045
15.0494
15.0535
15.0573
15.0608
15.064
15.067
15.0697
15.0723
15.0746
15.0768
15.0788
15.0806
15.0823
15.0838
15.0852
15.0864
15.0875
15.0885
15.0894
15.0901
15.0908
15.0913
15.0917
15.092
15.0922
15.0923
13.5034
13.5033
13.5031
13.5028
13.5024
13.5019
13.5014
13.5007
13.4999
13.499
13.498
13.4969
13.4956
13.4942
13.4927
13.4911
13.4893
13.4873
13.4852
13.4829
13.4804
13.4777
13.4748
13.4716
13.4682
13.4645
13.4606
13.4563
13.4517
13.4468
13.4417
13.4363
13.4325
13.4302
13.428
13.426
13.4243
13.4229
13.4219
13.4214
13.4214
13.4219
13.4229
13.4243
13.426
13.428
13.4302
13.4325
13.4363
13.4417
13.4468
13.4517
13.4563
13.4606
13.4645
13.4682
13.4716
13.4748
13.4777
13.4804
13.4829
13.4852
13.4873
13.4893
13.4911
13.4927
13.4942
13.4956
13.4969
13.498
13.499
13.4999
13.5007
13.5014
13.5019
13.5024
13.5028
13.5031
13.5033
13.5034
11.9145
11.9144
11.9143
11.914
11.9137
11.9132
11.9127
11.9121
11.9114
11.9106
11.9097
11.9087
11.9076
11.9064
11.905
11.9035
11.9019
11.9002
11.8983
11.8962
11.894
11.8916
11.889
11.8862
11.8832
11.88
11.8765
11.8728
11.8689
11.8648
11.8606
11.8564
11.8535
11.8519
11.8503
11.8489
11.8478
11.8468
11.8462
11.8458
11.8458
11.8462
11.8468
11.8478
11.8489
11.8503
11.8519
11.8535
11.8564
11.8606
11.8648
11.8689
11.8728
11.8765
11.88
11.8832
11.8862
11.889
11.8916
11.894
11.8962
11.8983
11.9002
11.9019
11.9035
11.905
11.9064
11.9076
11.9087
11.9097
11.9106
11.9114
11.9121
11.9127
11.9132
11.9137
11.914
11.9143
11.9144
11.9145
10.3257
10.3257
10.3255
10.3253
10.325
10.3246
10.3242
10.3236
10.323
10.3223
10.3215
10.3207
10.3197
10.3186
10.3174
10.3161
10.3147
10.3132
10.3115
10.3097
10.3078
10.3057
10.3034
10.301
10.2984
10.2956
10.2927
10.2896
10.2863
10.2829
10.2796
10.2763
10.2741
10.2729
10.2718
10.2708
10.27
10.2693
10.2689
10.2686
10.2686
10.2689
10.2693
10.27
10.2708
10.2718
10.2729
10.2741
10.2763
10.2796
10.2829
10.2863
10.2896
10.2927
10.2956
10.2984
10.301
10.3034
10.3057
10.3078
10.3097
10.3115
10.3132
10.3147
10.3161
10.3174
10.3186
10.3197
10.3207
10.3215
10.3223
10.323
10.3236
10.3242
10.3246
10.325
10.3253
10.3255
10.3257
10.3257
8.73704
8.73697
8.73685
8.73666
8.7364
8.73609
8.7357
8.73524
8.73472
8.73412
8.73345
8.7327
8.73186
8.73094
8.72993
8.72883
8.72763
8.72632
8.7249
8.72337
8.72172
8.71993
8.71802
8.71597
8.71378
8.71145
8.709
8.70643
8.70377
8.70108
8.69843
8.69591
8.69428
8.69336
8.69253
8.69181
8.69122
8.69075
8.69044
8.69028
8.69028
8.69044
8.69075
8.69122
8.69181
8.69253
8.69336
8.69428
8.69591
8.69843
8.70108
8.70377
8.70643
8.709
8.71145
8.71378
8.71597
8.71802
8.71993
8.72172
8.72337
8.7249
8.72632
8.72763
8.72883
8.72993
8.73094
8.73186
8.7327
8.73345
8.73412
8.73472
8.73524
8.7357
8.73609
8.7364
8.73666
8.73685
8.73697
8.73704
7.1484
7.14835
7.14824
7.14809
7.14788
7.14761
7.1473
7.14692
7.14649
7.146
7.14544
7.14482
7.14413
7.14337
7.14254
7.14163
7.14064
7.13957
7.1384
7.13714
7.13578
7.13432
7.13275
7.13108
7.12929
7.12741
7.12543
7.12338
7.12129
7.11919
7.11714
7.11523
7.11403
7.11335
7.11274
7.11222
7.11179
7.11146
7.11124
7.11112
7.11112
7.11124
7.11146
7.11179
7.11222
7.11274
7.11335
7.11403
7.11523
7.11714
7.11919
7.12129
7.12338
7.12543
7.12741
7.12929
7.13108
7.13275
7.13432
7.13578
7.13714
7.1384
7.13957
7.14064
7.14163
7.14254
7.14337
7.14413
7.14482
7.14544
7.146
7.14649
7.14692
7.1473
7.14761
7.14788
7.14809
7.14824
7.14835
7.1484
5.55981
5.55977
5.55969
5.55957
5.5594
5.5592
5.55895
5.55866
5.55832
5.55793
5.5575
5.55701
5.55647
5.55588
5.55523
5.55452
5.55374
5.5529
5.55199
5.55101
5.54995
5.54881
5.54759
5.54629
5.54491
5.54346
5.54195
5.54039
5.5388
5.53723
5.53572
5.53432
5.53346
5.53297
5.53254
5.53217
5.53186
5.53163
5.53147
5.53139
5.53139
5.53147
5.53163
5.53186
5.53217
5.53254
5.53297
5.53346
5.53432
5.53572
5.53723
5.5388
5.54039
5.54195
5.54346
5.54491
5.54629
5.54759
5.54881
5.54995
5.55101
5.55199
5.5529
5.55374
5.55452
5.55523
5.55588
5.55647
5.55701
5.5575
5.55793
5.55832
5.55866
5.55895
5.5592
5.5594
5.55957
5.55969
5.55977
5.55981
3.97126
3.97124
3.97118
3.97109
3.97097
3.97082
3.97065
3.97044
3.97019
3.96992
3.9696
3.96926
3.96887
3.96845
3.96798
3.96747
3.96691
3.96631
3.96566
3.96495
3.96419
3.96338
3.96251
3.96158
3.9606
3.95958
3.95851
3.95741
3.9563
3.95522
3.95418
3.95323
3.95264
3.95231
3.95202
3.95177
3.95157
3.95142
3.95131
3.95126
3.95126
3.95131
3.95142
3.95157
3.95177
3.95202
3.95231
3.95264
3.95323
3.95418
3.95522
3.9563
3.95741
3.95851
3.95958
3.9606
3.96158
3.96251
3.96338
3.96419
3.96495
3.96566
3.96631
3.96691
3.96747
3.96798
3.96845
3.96887
3.96926
3.9696
3.96992
3.97019
3.97044
3.97065
3.97082
3.97097
3.97109
3.97118
3.97124
3.97126
2.38275
2.38273
2.38269
2.38264
2.38257
2.38248
2.38237
2.38225
2.3821
2.38194
2.38175
2.38154
2.38131
2.38105
2.38077
2.38046
2.38013
2.37977
2.37937
2.37895
2.37849
2.37801
2.37748
2.37693
2.37634
2.37573
2.37509
2.37444
2.37379
2.37315
2.37254
2.37199
2.37165
2.37146
2.37129
2.37115
2.37104
2.37095
2.37089
2.37086
2.37086
2.37089
2.37095
2.37104
2.37115
2.37129
2.37146
2.37165
2.37199
2.37254
2.37315
2.37379
2.37444
2.37509
2.37573
2.37634
2.37693
2.37748
2.37801
2.37849
2.37895
2.37937
2.37977
2.38013
2.38046
2.38077
2.38105
2.38131
2.38154
2.38175
2.38194
2.3821
2.38225
2.38237
2.38248
2.38257
2.38264
2.38269
2.38273
2.38275
0.794247
0.794241
0.794229
0.794212
0.794188
0.794159
0.794123
0.794081
0.794032
0.793976
0.793914
0.793844
0.793766
0.793681
0.793587
0.793485
0.793373
0.793252
0.793121
0.79298
0.792828
0.792665
0.792491
0.792306
0.792112
0.791908
0.791697
0.791481
0.791265
0.791054
0.790854
0.790672
0.790561
0.790499
0.790445
0.790398
0.79036
0.790331
0.790312
0.790302
0.790302
0.790312
0.790331
0.79036
0.790398
0.790445
0.790499
0.790561
0.790672
0.790854
0.791054
0.791265
0.791481
0.791697
0.791908
0.792112
0.792306
0.792491
0.792665
0.792828
0.79298
0.793121
0.793252
0.793373
0.793485
0.793587
0.793681
0.793766
0.793844
0.793914
0.793976
0.794032
0.794081
0.794123
0.794159
0.794188
0.794212
0.794229
0.794241
0.794247
)
;

boundaryField
{
    top
    {
        type            fixedValue;
        value           uniform 0;
    }
    inlet
    {
        type            darcyGradPressure;
        gradient        nonuniform List<scalar> 
80
(
9.81
9.81
9.81
9.81
9.81
9.81
9.81
9.81
9.81
9.81
1752.66
9798.93
9807.08
9808.47
9809
9809.27
9809.43
9809.54
9809.61
9809.67
9809.71
9809.74
9809.76
9809.78
9809.8
9809.82
9809.83
9809.84
9809.85
9809.85
9809.86
9809.87
9809.87
9809.87
9809.87
9809.87
9809.88
9809.88
9809.88
9809.88
9809.88
9809.88
9809.88
9809.88
9809.87
9809.87
9809.87
9809.87
9809.87
9809.86
9809.85
9809.85
9809.84
9809.83
9809.82
9809.8
9809.78
9809.76
9809.74
9809.71
9809.67
9809.61
9809.54
9809.43
9809.27
9809
9808.47
9807.08
9798.93
1752.66
9.81
9.81
9.81
9.81
9.81
9.81
9.81
9.81
9.81
9.81
)
;
        value           nonuniform List<scalar> 
80
(
111.693
111.716
111.761
111.83
111.926
112.052
112.212
112.417
112.681
113.026
148.643
526.634
772.397
998.896
1206.39
1408.72
1604.14
1796.34
1984.41
2169.2
2347.93
2525.14
2706.7
2888.43
3068.38
3245
3418.95
3591.18
3762.04
3931.1
4097.47
4258.76
4367.73
4431.42
4490.68
4544.12
4590.1
4626.78
4652.43
4665.64
4665.64
4652.43
4626.78
4590.1
4544.12
4490.68
4431.42
4367.73
4258.76
4097.47
3931.1
3762.04
3591.18
3418.95
3245
3068.38
2888.43
2706.7
2525.14
2347.93
2169.2
1984.41
1796.34
1604.14
1408.72
1206.39
998.896
772.397
526.634
148.643
113.026
112.681
112.417
112.212
112.052
111.926
111.83
111.761
111.716
111.693
)
;
    }
    axis
    {
        type            darcyGradPressure;
        gradient        uniform -0;
        value           nonuniform List<scalar> 
160
(
111.553
111.258
110.934
110.576
110.182
109.748
109.27
108.743
108.161
107.519
106.81
106.027
105.163
104.208
103.153
101.987
100.617
99.0946
97.5617
96.0198
94.4703
92.9142
91.3524
89.7858
88.2151
86.6407
85.0634
83.4834
81.9012
80.3172
78.7315
77.1444
75.5562
73.967
72.3769
70.7862
69.195
67.6033
66.0113
64.4189
62.8264
61.2339
59.6413
58.0487
56.4561
54.8635
53.2709
51.6784
50.086
48.4938
46.9016
45.3096
43.7177
42.126
40.5345
38.9431
37.3519
35.7609
34.1701
32.5794
30.9889
29.3985
27.8084
26.2184
24.6285
23.0388
21.4493
19.8598
18.2705
16.6814
15.0923
13.5034
11.9145
10.3257
8.73704
7.1484
5.55981
3.97126
2.38275
0.794247
111.553
111.258
110.934
110.576
110.182
109.748
109.27
108.743
108.161
107.519
106.81
106.027
105.163
104.208
103.153
101.987
100.617
99.0946
97.5617
96.0198
94.4703
92.9142
91.3524
89.7858
88.2151
86.6407
85.0634
83.4834
81.9012
80.3172
78.7315
77.1444
75.5562
73.967
72.3769
70.7862
69.195
67.6033
66.0113
64.4189
62.8264
61.2339
59.6413
58.0487
56.4561
54.8635
53.2709
51.6784
50.086
48.4938
46.9016
45.3096
43.7177
42.126
40.5345
38.9431
37.3519
35.7609
34.1701
32.5794
30.9889
29.3985
27.8084
26.2184
24.6285
23.0388
21.4493
19.8598
18.2705
16.6814
15.0923
13.5034
11.9145
10.3257
8.73704
7.1484
5.55981
3.97126
2.38275
0.794247
)
;
    }
    frontAndBack
    {
        type            empty;
    }
}


// ************************************************************************* //
